103,.161,.168,.147,-.381
205,164,440,.065,401.5,-7.42,84.4,.065,401.5,-7.42,84.4,.065,401.5,-7.42,84.4,143.7
103,.161,.17,.149,-.346
205,164,441,.068,401.5,-7.41,84.5,.071,401.5,-7.39,84.6,.065,401.5,-7.42,84.5,141.9
103,.164,.174,.152,-.329
205,164,442,.072,401.6,-7.4,84.8,.077,401.6,-7.4,85,.067,401.6,-7.4,84.6,142.8
103,.168,.177,.155,-.32
205,164,443,.071,401.6,-7.4,85.2,.075,401.6,-7.39,85.3,.067,401.6,-7.41,85.1,144.9
103,.17,.18,.158,-.381
205,164,444,.068,401.6,-7.39,85.6,.072,401.6,-7.38,85.7,.063,401.6,-7.4,85.5,143.4
103,.175,.186,.162,-.502
205,164,445,.065,401.6,-7.4,85.9,.068,401.6,-7.39,86,.064,401.6,-7.41,85.8,142.5
103,.18,.19,.166,-.615
205,164,446,.068,401.6,-7.41,86.2,.071,401.6,-7.4,86.3,.063,401.5,-7.41,86.1,141.8
103,.185,.196,.17,-.727
205,164,447,.068,401.5,-7.41,86.4,.07,401.6,-7.4,86.5,.066,401.5,-7.42,86.3,142.1
