112,164,150,-6.317,-9.96,-80.5,-49.26,-45.13,-50.53,-2.263,-6999,80
112,164,1240,-83.2,4.065,-84.5,29.95,-46.51,-52.1,-8.79,-6999,68.03
112,164,1250,-95.3,3.996,-96.7,29.46,-56.41,-62.19,-10.86,-6999,67.93
112,164,1300,-95.3,4.594,-96.8,28.98,-56.44,-62.17,-10.76,-6999,67.9
112,164,1310,-95.3,5.142,-96.8,28.77,-56.45,-62.17,-10.69,-6999,67.94
112,164,1320,-95.3,5.372,-96.9,28.67,-56.44,-59.09,-21.05,-6999,67.73
112,164,1340,3.813,8.31,8.97,29.83,30.35,30.93,-73.8,-6999,77.7
112,164,1350,3.793,9.06,9.45,31.34,30.26,30.98,-29.45,-6999,67.95
112,164,1840,-9.9,-10.46,-11.25,70.4,71.2,75.1,4.228,-6999,66.78
112,164,1850,-10.93,-10.77,-11.43,74.7,72.3,75.6,6.062,-6999,66.77
112,164,1900,-11.25,-10.95,-11.64,76.4,73.2,76.6,6.355,-6999,66.76
112,164,1910,-11.19,-11.06,-11.51,75.6,73.2,75.3,5.884,-6999,66.76
112,164,1920,-11.19,-11.09,-11.53,75.2,72.7,74.7,5.43,-6999,66.75
112,164,1930,-10.7,-11.08,-11.25,72.2,71.1,71.9,-11.53,1.757,66.74
112,164,1940,-10.42,-10.8,-11.07,69.92,69.22,70.1,-11.43,2.69,66.74
112,164,1950,-9.7,-9.95,-11.06,67.08,64.32,68.65,-12,2.692,66.73
112,164,2000,-8.23,-9.28,-10.58,61.48,60.03,64.52,-11.27,2.693,66.73
112,164,2010,-8.73,-9.06,-11.17,62.5,57.83,65.71,-11.94,2.694,66.72
112,164,2020,-10.45,-10.55,-12.2,65.92,62.57,69.86,-12.83,2.696,66.73
112,164,2030,-12.35,-12.4,-13.43,70.2,67.61,72,-14.02,2.701,66.72
112,164,2040,-14.13,-13.87,-14.84,71.9,68.07,71.3,-13.79,2.706,66.72
112,164,2050,-14.09,-13.69,-14.67,79.7,75.8,79.5,-12.35,2.702,66.7
112,164,2100,-12.81,-12.36,-13.4,76.4,73.1,76.6,-12.71,2.699,66.7
112,164,2110,-12.72,-12.14,-13.48,73.6,69.31,73.9,-13.02,2.699,66.69
112,164,2120,-12.05,-11.16,-13.11,72,64.44,70.9,-13.19,2.699,66.68
112,164,2130,-11.5,-10.85,-12.78,67.92,60.46,67.17,-13.67,2.7,66.68
112,164,2140,-11.84,-11.72,-13.13,66.11,61.27,66.22,-14.1,2.703,66.67
112,164,2150,-12.45,-12.42,-13.63,66.63,62.07,66.12,-14.64,2.705,66.66
112,164,2200,-13.23,-13.28,-14.14,67.19,63.05,65.61,-15.12,2.708,66.65
112,164,2210,-14.28,-14.3,-14.96,67.7,64.06,65.72,-15.69,2.712,66.65
112,164,2220,-16.35,-16.4,-16.71,71.1,68.69,68.84,-16.67,2.717,66.64
112,164,2230,-17.99,-18.06,-18.55,75.1,72.9,73.1,-17.4,2.722,66.63
112,164,2240,-19.23,-19.26,-19.82,79.5,77.8,79,-16.99,2.723,66.63
112,164,2250,-18.8,-18.88,-19.33,81.2,80,80.4,-17.53,2.715,66.61
112,164,2300,-19.07,-19.18,-19.7,77.5,76,76.3,-18.76,2.719,66.61
112,164,2310,-20.47,-20.56,-21.02,75.8,74.3,74.6,-19.5,2.725,66.6
112,164,2320,-20.66,-20.77,-21.03,81.2,80.7,81,-19.32,2.723,66.59
112,164,2330,-20.13,-20.32,-20.56,79.1,78.4,77.8,-19.46,2.722,66.59
112,164,2340,-19.9,-20.06,-20.49,78.1,76.8,76.8,-19.5,2.722,66.57
112,164,2350,-20.42,-20.51,-20.88,77.7,76.5,77,-19.93,2.724,66.57
112,165,0,-21.04,-21.07,-21.44,78.6,77.7,78.1,-20.25,2.726,66.56
112,165,10,-21.83,-21.86,-22.17,78.9,78.2,78.7,-20.68,2.729,66.55
112,165,20,-22.09,-22.1,-22.43,81.9,81.4,82.2,-20.44,2.728,66.55
112,165,30,-21.67,-21.69,-21.92,83.1,82.9,83.3,-20.08,2.727,66.53
112,165,40,-21.35,-21.39,-21.59,83,82.9,83,-19.57,2.725,66.52
112,165,50,-20.85,-20.89,-21,86.1,86.2,86.3,-18.84,2.72,66.52
112,165,100,-19.05,-19.12,-19.15,89.8,90.5,89.6,-17.61,2.707,66.51
112,165,110,-17.78,-17.84,-17.91,86.8,87.3,86.2,-17.41,2.702,66.5
112,165,120,-17.48,-17.54,-17.64,85.4,85.7,84.8,-17.41,2.701,66.5
112,165,130,-17.73,-17.77,-17.89,84.8,85,84.3,-17.37,2.703,66.48
112,165,140,-17.93,-17.96,-18.13,83.6,83.7,83.1,-18.07,2.704,66.48
112,165,150,-18.64,-18.66,-18.81,83.5,83.6,83.2,-17.98,2.707,66.47
112,165,200,-18.71,-18.75,-18.89,84.3,84.5,83.8,-18.18,2.707,66.46
112,165,210,-19.05,-19.08,-19.25,83.2,83.2,82.7,-18.64,2.71,66.45
112,165,220,-19.42,-19.46,-19.61,83.7,83.8,83.3,-18.34,2.711,66.44
112,165,230,-19.18,-19.23,-19.32,85.2,85.5,84.7,-18,2.709,66.43
112,165,240,-18.68,-18.74,-18.81,86.2,86.5,85.6,-17.46,2.706,66.42
112,165,250,-18.08,-18.14,-18.2,86.3,86.7,85.7,-17.1,2.704,66.42
112,165,300,-17.53,-17.61,-17.66,86.6,87,86,-17,2.703,66.4
112,165,310,-17.23,-17.33,-17.35,86.4,87,85.8,-16.73,2.703,66.39
112,165,320,-17.24,-17.34,-17.38,85.8,86.3,85.1,-16.63,2.705,66.39
112,165,330,-17.21,-17.33,-17.35,85.9,86.4,85.3,-16.67,2.711,66.38
112,165,340,-17.24,-17.36,-17.35,85.8,86.4,85.2,-16.67,2.713,66.38
112,165,350,-17.25,-17.36,-17.37,85.9,86.5,85.3,-16.43,2.713,66.37
112,165,400,-17.09,-17.19,-17.21,86.2,86.7,85.5,-16.26,2.707,66.36
112,165,410,-16.98,-17.08,-17.09,86.2,86.7,85.6,-16.17,2.702,66.36
112,165,420,-16.79,-16.9,-16.9,86.4,86.9,85.8,-15.93,2.698,66.34
112,165,430,-16.54,-16.64,-16.65,86.2,86.7,85.6,-15.83,2.699,66.34
112,165,440,-16.56,-16.64,-16.66,86.2,86.5,85.4,-15.74,2.702,66.34
112,165,450,-16.7,-16.76,-16.78,86.1,86.4,85.3,-15.8,2.698,66.33
112,165,500,-16.85,-16.92,-16.94,86.2,86.3,85.2,-15.9,2.699,66.32
112,165,510,-16.98,-17.06,-17.07,85.9,86,84.9,-16.04,2.7,66.32
112,165,520,-17.3,-17.38,-17.4,85.3,85.5,84.4,-16.35,2.7,66.32
112,165,530,-17.56,-17.64,-17.67,85,85,84.1,-16.47,2.701,66.31
112,165,540,-17.69,-17.75,-17.79,85.1,85.1,84.1,-16.53,2.701,66.3
112,165,550,-17.87,-17.94,-17.97,84.9,84.8,83.8,-16.87,2.702,66.3
112,165,600,-18.09,-18.17,-18.19,84.8,84.8,83.8,-17,2.703,66.3
112,165,610,-18.09,-18.14,-18.18,85,84.9,84,-16.94,2.703,66.3
112,165,620,-17.99,-18.05,-18.1,84.9,84.8,83.9,-16.92,2.702,66.3
112,165,630,-18.19,-18.25,-18.3,83.6,83.1,82.5,-17.53,2.705,66.3
112,165,640,-18.32,-18.43,-18.43,83.8,83.2,82.6,-17.28,2.705,66.29
112,165,650,-18.17,-18.24,-18.29,84,83.5,82.8,-16.99,2.705,66.29
112,165,700,-18.41,-18.48,-18.52,83.5,83.2,82.5,-17.28,2.706,66.29
112,165,710,-18.69,-18.77,-18.81,83.7,83.5,82.7,-17.35,2.707,66.29
112,165,720,-18.98,-19.1,-19.11,82.8,82.4,81.6,-17.91,2.71,66.29
112,165,730,-19.37,-19.5,-19.5,82.4,82,81.2,-18.3,2.712,66.29
112,165,740,-19.44,-19.57,-19.56,82.2,81.1,80.8,-18.57,2.712,66.29
112,165,750,-19.49,-19.65,-19.58,80.9,78.9,79.1,-19.41,2.715,66.29
112,165,800,-19,-19.31,-19.24,80.2,77,77.8,-19.1,2.716,66.29
112,165,810,-18.53,-18.79,-18.74,79.8,77.6,77.9,-17.54,2.713,66.29
112,165,820,-18.83,-18.89,-19.01,81,79.9,79.9,-17.09,2.711,66.28
112,165,830,-19.11,-19.12,-19.32,81.3,80.3,80.5,-17.31,2.711,66.28
112,165,840,-19.48,-19.54,-19.64,81.9,81.3,81.1,-18.22,2.712,66.28
112,165,850,-19.58,-19.59,-19.78,81.5,80.5,80.5,-18.19,2.712,66.27
112,165,900,-19.34,-19.35,-19.55,80.6,79.2,79.6,-17.53,2.713,66.27
112,165,910,-19.63,-19.64,-19.84,80.5,79.4,79.7,-18,2.714,66.27
112,165,920,-19.84,-19.86,-20.05,81,80.2,80.3,-18.2,2.714,66.27
112,165,930,-19.95,-20.03,-20.15,79.4,77.8,78,-18.75,2.718,66.27
112,165,940,-20.04,-20.08,-20.25,80.1,78.8,79.1,-18.07,2.717,66.26
112,165,950,-19.66,-19.76,-19.84,80.6,79.8,79.6,-17.62,2.715,66.26
112,165,1000,-19.53,-19.65,-19.71,80.1,79.3,79,-17.61,2.715,66.26
112,165,1010,-19.72,-19.83,-19.9,80.1,79.3,79,-17.55,2.715,66.26
112,165,1020,-19.47,-19.59,-19.64,80.4,79.7,79.3,-17.34,2.714,66.26
112,165,1030,-19.52,-19.57,-19.72,80.2,79.5,79.3,-17.21,2.714,66.25
112,165,1040,-19.22,-19.34,-19.38,81.1,80.5,80.1,-16.87,2.712,66.25
112,165,1050,-18.85,-18.96,-18.99,81,80.7,80.1,-16.55,2.711,66.25
112,165,1100,-18.53,-18.63,-18.7,81.1,80.6,80.1,-16.19,2.71,66.25
112,165,1110,-17.99,-18.15,-18.15,80.5,79.6,79.2,-15.67,2.708,66.25
112,165,1120,-17.77,-17.9,-17.93,80.4,79.5,79.1,-15.26,2.707,66.25
112,165,1130,-17.47,-17.57,-17.67,80.4,79.2,79,-14.95,2.706,66.26
112,165,1140,-17.41,-17.44,-17.6,80.1,78.9,78.9,-14.65,2.706,66.26
112,165,1150,-17.87,-17.91,-18.01,79.8,78.5,78.7,-15.04,2.712,66.27
112,165,1200,-18.03,-18.08,-18.15,80.5,79.3,79.4,-15.36,2.713,66.27
112,165,1210,-17.91,-17.94,-18.02,80.6,79.3,79.5,-15.34,2.711,66.27
112,165,1220,-18.07,-18.03,-18.16,80.4,78.8,79.2,-15.63,2.712,66.28
112,165,1230,-17.69,-17.95,-17.87,79.8,78.4,78.2,-15.4,2.713,66.28
112,165,1240,-17.22,-17.44,-17.63,78.6,77.1,78.2,-15.19,2.713,66.28
112,165,1250,-17.47,-17.54,-17.6,79.4,78,78.5,-15.04,2.712,66.28
112,165,1300,-17.35,-17.43,-17.48,79.1,77.7,78.2,-14.93,2.711,66.28
112,165,1310,-17.29,-17.34,-17.44,78.8,77.4,78,-14.65,2.711,66.29
112,165,1320,-17.14,-17.29,-17.18,78.7,77.2,77.1,-14.86,2.711,66.29
112,165,1330,-16.56,-16.86,-16.92,76.6,75,75.9,-14.73,2.711,66.3
112,165,1340,-16.86,-16.94,-16.98,78,76.8,77.4,-13.74,2.71,66.3
112,165,1350,-16.9,-16.96,-17.07,78.2,77,77.6,-14.18,2.711,66.3
112,165,1400,-17.13,-17.18,-17.3,78.8,77.8,78.3,-14.59,2.71,66.3
112,165,1410,-16.97,-17.01,-17.15,79,78,78.5,-14.23,2.707,66.31
112,165,1420,-16.77,-16.8,-16.93,78.2,77.2,77.7,-14.11,2.708,66.3
112,165,1430,-16.67,-16.72,-16.85,78.6,77.5,78,-14.14,2.712,66.31
112,165,1440,-16.47,-16.5,-16.64,78,76.9,77.4,-14.16,2.708,66.31
112,165,1450,-16.69,-16.73,-16.85,78.3,77.3,77.7,-14.57,2.71,66.31
112,165,1500,-16.58,-16.62,-16.73,78.3,77.4,77.8,-14.24,2.708,66.31
112,165,1510,-16.59,-16.63,-16.74,78.2,77.3,77.7,-14.56,2.708,66.32
112,165,1520,-16.77,-16.82,-16.92,78.6,77.7,78.1,-14.86,2.706,66.32
112,165,1530,-16.78,-16.8,-16.93,78.2,77.4,77.7,-15.27,2.705,66.32
112,165,1540,-16.76,-16.79,-16.92,78.3,77.5,77.8,-15.12,2.704,66.32
112,165,1550,-16.52,-16.53,-16.69,78,77.1,77.5,-14.8,2.701,66.33
112,165,1600,-16.48,-16.5,-16.66,77.9,77.1,77.5,-14.5,2.7,66.32
112,165,1610,-16.28,-16.32,-16.48,77.6,76.7,77.2,-14.14,2.701,66.32
112,165,1620,-16.32,-16.35,-16.49,77.8,77.1,77.4,-14.14,2.704,66.34
112,165,1630,-16.47,-16.53,-16.63,78.1,77.6,77.6,-14.82,2.704,66.33
112,165,1640,-16.58,-16.62,-16.75,78.6,78,78.1,-14.83,2.703,66.33
112,165,1650,-16.7,-16.73,-16.85,78.2,77.6,77.6,-15.12,2.704,66.34
112,165,1700,-17.06,-17.11,-17.19,78.9,78.4,78.3,-15.91,2.706,66.34
112,165,1710,-16.83,-16.88,-16.98,79.3,78.8,78.7,-15.13,2.707,66.34
112,165,1720,-16.34,-16.38,-16.52,78.1,77.5,77.6,-14.26,2.706,66.35
112,165,1730,-16.32,-16.37,-16.5,78.3,77.7,77.8,-14.48,2.702,66.35
112,165,1740,-16.46,-16.53,-16.64,78.1,77.5,77.5,-14.92,2.703,66.35
112,165,1750,-16.83,-16.88,-16.99,77.6,77.2,77,-15.52,2.7,66.35
112,165,1800,-17.21,-17.27,-17.37,78.6,78.4,78,-16.24,2.699,66.36
112,165,1810,-17.22,-17.29,-17.38,79.1,79,78.7,-16.33,2.7,66.37
112,165,1820,-16.69,-16.77,-16.9,78,78,77.7,-15.24,2.703,66.37
112,165,1830,-16.55,-16.61,-16.76,77.2,77.2,77,-15.06,2.702,66.38
112,165,1840,-16.38,-16.42,-16.59,77.6,77.5,77.3,-14.76,2.701,66.39
112,165,1850,-16.54,-16.54,-16.76,77.8,77.4,77.6,-14.92,2.703,66.39
112,165,1900,-16.7,-16.67,-16.92,78.6,78,78.4,-15.06,2.706,66.39
112,165,1910,-16.88,-16.88,-17.06,78.8,78.3,78.4,-15.66,2.705,66.4
112,165,1920,-17.34,-17.33,-17.51,79,78.7,78.6,-16.45,2.705,66.4
112,165,1930,-17.35,-17.33,-17.55,79.6,79.4,79.3,-16.31,2.704,66.4
112,165,1940,-17.24,-17.24,-17.51,79.1,78.9,79.2,-16.26,2.702,66.41
112,165,1950,-17.23,-17.24,-17.54,78.7,78.6,79,-16.34,2.704,66.42
112,165,2000,-17.33,-17.32,-17.74,77.8,77.6,78.7,-16.86,2.705,66.42
112,165,2010,-17.28,-17.21,-17.74,78,77.6,79.2,-16.65,2.703,66.43
112,165,2020,-17.37,-17.25,-17.76,77.8,77.2,78.8,-16.91,2.703,66.43
112,165,2030,-17.74,-17.4,-18.08,77.5,75.9,78.1,-17.56,2.705,66.43
112,165,2040,-18.23,-17.77,-18.53,77.6,75.3,77.9,-18.12,2.707,66.43
112,165,2050,-18.48,-17.92,-18.83,77.5,74.6,77.9,-18.44,2.708,66.44
112,165,2100,-18.65,-17.92,-19.02,75,71.3,75.5,-19.02,2.712,66.44
112,165,2110,-18.58,-17.97,-18.85,71.9,68.32,71.9,-19.48,2.714,66.45
112,165,2120,-18.86,-18.66,-19.16,70.4,68.72,70.8,-19.91,2.717,66.45
112,165,2130,-18.3,-18.34,-18.77,68.49,67.88,69.56,-19.26,2.716,66.45
112,165,2140,-17.58,-17.85,-18.15,66.54,67.15,68.18,-19.55,2.715,66.46
112,165,2150,-17.41,-18.08,-18.15,61.79,64.18,64.07,-20.57,2.718,66.46
112,165,2200,-18.56,-19.13,-19.42,61.3,63.87,63.73,-21.41,2.721,66.46
112,165,2210,-19.72,-19.8,-20.53,62.54,63.17,64.34,-22,2.724,66.47
112,165,2220,-20.34,-20.42,-21.14,64.53,64.88,66.26,-22.26,2.727,66.47
112,165,2230,-20.94,-20.99,-21.7,65.33,65.68,66.84,-21.95,2.731,66.48
112,165,2240,-21.67,-21.71,-22.39,71.9,72,73.8,-21.36,2.728,66.48
112,165,2250,-21.77,-21.78,-22.2,77.3,77.5,78.2,-21.02,2.726,66.48
112,165,2300,-21.41,-21.46,-21.85,78,78.4,78.5,-21.17,2.724,66.49
112,165,2310,-21.25,-21.4,-21.79,74.1,75,74.8,-22.18,2.726,66.49
112,165,2320,-22.27,-22.41,-22.75,73.4,74.3,74.2,-22.8,2.731,66.49
112,165,2330,-23.32,-23.43,-23.73,73.7,74.5,74.2,-23.54,2.735,66.5
112,165,2340,-24.16,-24.26,-24.62,74.7,75.4,75.3,-24.07,2.738,66.5
112,165,2350,-24.39,-24.45,-24.86,75.2,75.9,75.8,-24.47,2.739,66.5
112,166,0,-24.58,-24.59,-25.05,74.5,75,75,-24.82,2.741,66.5
112,166,10,-25.07,-24.95,-25.55,74.1,73.9,74.6,-25,2.744,66.5
112,166,20,-25.64,-25.5,-26.03,76.4,75.7,76.6,-25.37,2.745,66.5
112,166,30,-26,-25.85,-26.34,78.5,77.9,78.6,-25.47,2.746,66.5
112,166,40,-26.37,-26.19,-26.69,77.9,77.1,77.9,-26.04,2.748,66.5
112,166,50,-26.79,-26.54,-27.14,77.2,76.3,77.4,-26.54,2.751,66.51
112,166,100,-27.25,-27.1,-27.56,77.6,76.9,77.9,-26.71,2.752,66.51
112,166,110,-27.48,-27.45,-27.7,79.1,79,79.1,-26.6,2.751,66.51
112,166,120,-27.03,-26.96,-27.28,79.2,79.3,79.1,-26.14,2.749,66.52
112,166,130,-26.57,-26.51,-26.82,79.1,79.1,79,-25.47,2.747,66.52
112,166,140,-26.13,-26.13,-26.35,78.7,78.8,78.5,-25.4,2.746,66.53
112,166,150,-26.88,-26.87,-27.14,76.3,76.6,76.1,-26.49,2.751,66.53
112,166,200,-27.33,-27.33,-27.55,77.7,77.9,77.5,-26.57,2.752,66.53
112,166,210,-27.08,-27.05,-27.32,77.9,78.2,77.7,-26.47,2.751,66.53
112,166,220,-27.31,-27.32,-27.55,77.3,77.7,77,-26.83,2.753,66.53
112,166,230,-27.44,-27.44,-27.68,78.4,78.9,78,-26.46,2.754,66.53
112,166,240,-26.32,-26.31,-26.47,80.7,81.2,80.2,-24.8,2.745,66.53
112,166,250,-24.68,-24.71,-24.81,80.7,81.3,80.1,-24.3,2.737,66.53
112,166,300,-24.88,-24.9,-25.08,77.9,78.4,77.3,-25.2,2.741,66.53
112,166,310,-25.95,-25.97,-26.2,76,76.4,75.5,-26.45,2.747,66.54
112,166,320,-26.55,-26.51,-26.88,76,76.2,75.7,-26.5,2.75,66.55
112,166,330,-26.63,-26.58,-26.99,75.5,75.6,75.3,-26.86,2.751,66.55
112,166,340,-26.57,-26.52,-26.88,76.2,76.3,76.1,-26.36,2.75,66.55
112,166,350,-26.5,-26.45,-26.83,75.8,75.8,75.7,-26.31,2.751,66.55
112,166,400,-26.19,-26.14,-26.48,76.6,76.7,76.5,-25.82,2.75,66.55
112,166,410,-25.99,-25.94,-26.35,75.7,75.6,75.8,-25.96,2.752,66.56
112,166,420,-26.04,-26,-26.39,75.5,75.5,75.8,-25.73,2.753,66.56
112,166,430,-25.77,-25.76,-26.12,76.5,76.5,76.7,-25.26,2.751,66.57
112,166,440,-25.46,-25.48,-25.75,76.5,76.7,76.5,-25.41,2.75,66.57
112,166,450,-25.96,-25.99,-26.25,75,75.2,75.2,-25.79,2.753,66.57
112,166,500,-26.35,-26.35,-26.55,76.2,76.6,75.8,-26.12,2.753,66.58
112,166,510,-26.96,-26.98,-27.16,75.1,75.3,74.9,-26.51,2.756,66.58
112,166,520,-26.67,-26.65,-26.83,75.4,75.7,75.1,-26.25,2.756,66.58
112,166,530,-27.02,-26.97,-27.2,74.8,75,74.5,-26.64,2.757,66.58
112,166,540,-26.66,-26.56,-26.85,75.9,75.9,75.7,-25.8,2.755,66.59
112,166,550,-26.13,-26.06,-26.39,75.3,75.4,75.3,-25.79,2.754,66.6
112,166,600,-26.42,-26.38,-26.72,74.5,74.6,74.5,-26.34,2.756,66.6
112,166,610,-26.71,-26.73,-27.08,73.8,74.1,74.1,-26.84,2.759,66.6
112,166,620,-26.79,-26.92,-27.18,73.7,74.3,74.1,-26.59,2.759,66.61
112,166,630,-26.68,-26.85,-27.08,73.6,74.5,74.1,-26.07,2.758,66.61
112,166,640,-26.13,-26.42,-26.61,73.8,75,74.7,-25.41,2.756,66.62
112,166,650,-25.49,-25.65,-25.89,74.8,75.8,75.4,-25.66,2.752,66.62
112,166,700,-26.28,-26.3,-26.68,73.5,74,73.8,-26.91,2.757,66.63
112,166,710,-26.59,-26.54,-27.03,72.8,73,73.6,-26.96,2.758,66.64
112,166,720,-26.21,-26.15,-26.7,72.7,72.9,73.6,-27.45,2.757,66.65
112,166,730,-26.03,-25.98,-26.54,72.6,72.8,73.6,-27.87,2.757,66.65
112,166,740,-25.87,-25.85,-26.34,73,73.3,73.7,-27.9,2.756,66.65
112,166,750,-25.78,-25.73,-26.29,72.6,72.9,73.4,-27.59,2.756,66.65
112,166,800,-25.35,-25.27,-25.9,73.2,73.4,74,-27.38,2.754,66.65
112,166,810,-25.24,-25.11,-25.79,72.8,72.8,73.8,-26.21,2.754,66.66
112,166,820,-25.06,-24.94,-25.61,73.2,73.1,74.3,-25.41,2.752,66.66
112,166,830,-24.66,-24.55,-25.24,73.1,73.1,74.2,-24.84,2.751,66.67
112,166,840,-24.18,-24.07,-24.78,73.8,73.7,74.9,-24.27,2.748,66.67
112,166,850,-24.26,-24.16,-24.8,73.8,73.7,74.8,-24.23,2.748,66.67
112,166,900,-24.16,-24.08,-24.74,73.7,73.7,74.7,-24.06,2.748,66.68
112,166,910,-23.63,-23.55,-24.27,73.5,73.6,74.8,-23.27,2.745,66.68
112,166,920,-22.98,-22.9,-23.66,73.6,73.5,75,-22.48,2.742,66.68
112,166,930,-22.73,-22.65,-23.32,74.4,74.2,75.6,-22.32,2.738,66.69
112,166,940,-22.48,-22.41,-23.06,75.1,74.9,76.2,-22.08,2.736,66.69
112,166,950,-22.43,-22.34,-23.02,74.8,74.4,75.9,-22.22,2.736,66.7
112,166,1000,-22.2,-22.11,-22.87,74,73.6,75.4,-21.79,2.733,66.7
112,166,1010,-22.23,-22.13,-22.9,73.7,73.3,75.1,-21.85,2.733,66.7
112,166,1020,-22.07,-21.97,-22.77,73.3,72.9,74.8,-21.57,2.732,66.71
112,166,1030,-21.77,-21.67,-22.51,73.5,72.8,75,-21.09,2.731,66.72
112,166,1040,-21.52,-21.4,-22.25,73.4,72.7,75.1,-20.74,2.73,66.72
112,166,1050,-21.41,-21.29,-22.1,74,73.2,75.5,-20.53,2.728,66.73
112,166,1100,-21.24,-21.13,-21.94,74.2,73.4,75.7,-20.21,2.728,66.74
112,166,1110,-20.99,-20.9,-21.68,74.6,73.9,76,-19.84,2.724,66.74
112,166,1120,-20.6,-20.48,-21.26,74.7,74,76,-19.29,2.722,66.75
112,166,1130,-20.28,-20.15,-20.96,74.5,73.8,75.9,-19.07,2.722,66.75
112,166,1140,-20.02,-19.89,-20.67,74.6,74,76.1,-18.88,2.72,66.75
112,166,1150,-19.94,-19.84,-20.53,75.2,74.8,76.5,-18.63,2.719,66.76
112,166,1200,-19.75,-19.68,-20.37,75.4,75.1,76.6,-18.44,2.719,66.77
112,166,1210,-19.8,-19.73,-20.43,74.8,74.4,76,-18.35,2.725,66.77
112,166,1220,-19.75,-19.66,-20.36,75,74.7,76.2,-18.07,2.719,66.78
112,166,1230,-19.6,-19.54,-20.24,74.6,74.4,76,-17.74,2.719,66.79
112,166,1240,-19.28,-19.2,-19.94,75.1,75,76.6,-16.96,2.717,66.79
112,166,1250,-19.16,-19.1,-19.79,75.5,75.4,76.9,-17.19,2.716,66.79
112,166,1300,-19.04,-18.98,-19.64,75.7,75.6,77.1,-17.2,2.714,66.8
112,166,1310,-18.75,-18.69,-19.37,75.5,75.3,77,-16.83,2.713,66.8