112,166,1320,-18.35,-18.34,-18.91,76.2,76,77.3,-16.47,2.696,66.81
112,166,1330,-17.94,-17.52,-18.4,76.1,76.5,76.8,-16.3,2.705,66.81
112,166,1340,-17.87,-17.59,-18.43,76.7,75.6,77.7,-16.49,2.695,66.81
112,166,1350,-17.91,-17.91,-18.61,77.5,77.9,78.3,-15.64,2.527,66.81
112,166,1400,-17.59,-17.62,-18.59,76.5,77.2,78.3,-15.6,2.133,66.82
112,166,1410,-17.39,-17.65,-18.57,75.9,76.9,78.1,-15.56,2.112,66.82
112,166,1420,-17.56,-17.7,-18.49,76.5,77.3,78,-15.16,2.131,66.82
112,166,1430,-17.43,-17.52,-18.3,77.1,77.4,78.2,-15.15,2.128,66.82
112,166,1440,-17.28,-17.33,-18.28,75.2,76.3,77.6,-15.35,2.13,66.83
112,166,1450,-17.31,-17.15,-18.09,75.8,75.6,77.2,-15.12,2.092,66.83
112,166,1500,-16.77,-16.78,-17.98,74.2,75,76.9,-15.38,2.124,66.84
112,166,1510,-16.08,-15.69,-17.65,72.1,71.7,76.9,-15.13,2.113,66.84
112,166,1520,-16.89,-16.61,-17.48,74.5,73.9,75.8,-15.07,2.109,66.84
112,166,1530,-16.91,-16.66,-17.45,75.2,74.9,75.8,-14.91,2.109,66.84
112,166,1540,-17,-16.79,-17.49,75.7,75.5,76.5,-15.28,2.11,66.84
112,166,1550,-16.27,-16.39,-17.47,73.5,74.6,77,-14.96,2.108,66.83
112,166,1600,-15.92,-16.22,-17.51,71.8,73.8,77,-14.44,2.103,66.84
112,166,1610,-16.03,-16.26,-17.47,71.2,73.4,76.6,-14.17,2.102,66.84
112,166,1620,-17.01,-16.83,-17.53,75.5,75.6,76.6,-14.59,2.103,66.84
112,166,1630,-16.85,-16.74,-17.49,75.2,75.3,76.4,-14.77,2.104,66.84
112,166,1640,-16.8,-17.13,-17.77,73.3,75.5,76.7,-15.67,2.107,66.86
112,166,1650,-17.37,-17.31,-17.79,77,77.5,77.8,-15.8,2.108,66.86
112,166,1700,-17.05,-16.83,-17.4,76,75.9,76.1,-15.27,2.107,66.86
112,166,1710,-16.65,-16.37,-17.03,74.2,74,74.3,-14.88,2.107,66.86
112,166,1720,-16.85,-16.6,-17.19,74.8,74.4,74.9,-15.61,2.108,66.87
112,166,1730,-17.08,-16.69,-17.26,75.7,74.6,75,-15.77,2.108,66.88
112,166,1740,-16.91,-16.67,-17.21,74.7,74.3,74.5,-15.64,2.108,66.88
112,166,1750,-16.95,-16.76,-17.26,74.9,74.6,75,-15.96,2.108,66.89
112,166,1800,-17.08,-16.87,-17.36,75,74.6,74.9,-16.15,2.108,66.89
112,166,1810,-17.16,-17,-17.45,75,74.8,74.8,-16.19,2.108,66.9
112,166,1820,-17.04,-16.93,-17.4,75.4,76,75.1,-15.34,2.108,66.9
112,166,1830,-16.86,-16.68,-17.26,74.1,74.6,74,-14.98,2.107,66.9
112,166,1840,-16.7,-16.68,-17.21,73.8,74.8,74.2,-15.06,2.107,66.9
112,166,1850,-16.86,-16.81,-17.24,74.2,75.1,74.1,-15.24,2.107,66.91
112,166,1900,-16.98,-16.8,-17.29,73.7,74.2,73.1,-15.15,2.107,66.91
112,166,1910,-16.72,-16.66,-17.15,72.6,73.7,72.4,-15.24,2.107,66.92
112,166,1920,-17,-16.99,-17.33,71.8,72.6,71.6,-16.35,2.106,66.92
112,166,1930,-17.06,-17.17,-17.41,72.6,73.8,72.5,-16.52,2.106,66.91
112,166,1940,-16.84,-16.91,-17.2,72.8,73.9,72.7,-16.16,2.105,66.92
112,166,1950,-17.21,-17.25,-17.4,73.9,74.4,73.3,-17.1,2.107,66.94
112,166,2000,-17.44,-17.18,-17.43,76.1,75.3,74.9,-17.26,2.107,66.94
112,166,2010,-17.45,-17.18,-17.61,74.4,73.4,74.1,-17.63,2.108,66.94
112,166,2020,-17.9,-17.63,-18.1,74.7,73.3,74.8,-18.57,2.11,66.95
112,166,2030,-17.99,-17.8,-18.44,73.1,71.9,74.7,-19.64,2.111,66.96
112,166,2040,-18.12,-17.79,-18.5,73.1,71.5,74.6,-20.23,2.112,66.96
112,166,2050,-18.08,-17.7,-18.34,70.5,68.14,71.9,-20.38,2.114,66.96
112,166,2100,-17.41,-17.36,-18.16,65.53,64.17,69.86,-20.08,2.115,66.97
112,166,2110,-17.53,-17.59,-18.27,64.05,62.75,68.99,-20.14,2.117,66.98
112,166,2120,-17.93,-17.7,-18.38,63.26,60.55,67.06,-20.36,2.12,66.98
112,166,2130,-18.55,-17.93,-18.73,64.97,59.5,67.72,-20.41,2.121,66.98
112,166,2140,-18.37,-17.8,-18.75,64.44,59.38,67.99,-20.97,2.121,66.98
112,166,2150,-19.54,-19.38,-19.4,68.5,62.15,72.6,-21.52,2.122,66.98
112,166,2200,-19.13,-19.46,-18.41,68.75,65.28,69.6,-21.34,2.12,66.98
112,166,2210,-20.41,-20.87,-19.72,71,66.63,71.9,-21.95,2.124,66.99
112,166,2220,-21.78,-22.02,-21.12,74.2,71,78,-22.32,2.128,67
112,166,2230,-21.52,-21.37,-21.56,74.1,71.7,75.9,-20.64,2.126,67
112,166,2240,-21.27,-21.1,-21.53,76.4,74.5,77.9,-20.73,2.124,67
112,166,2250,-21.43,-21.22,-21.54,78,75.9,78.9,-20.55,2.123,67.01
112,166,2300,-21.15,-20.88,-21.26,77.5,75.4,78.2,-20.36,2.122,67.01
112,166,2310,-20.59,-20.23,-20.88,75.7,73,77,-19.8,2.121,67.01
112,166,2320,-20.85,-20.62,-21.01,79.4,77.6,79.5,-19.64,2.12,67.02
112,166,2330,-20.71,-20.57,-20.86,80.2,79.2,80.2,-19.76,2.119,67.02
112,166,2340,-20.64,-20.49,-20.78,79.3,77.8,79.6,-19.97,2.119,67.02
112,166,2350,-20.92,-20.85,-21,80.5,79.4,80.3,-20.26,2.12,67.02
112,167,0,-20.86,-20.83,-20.86,78.6,76.7,80.3,-21.15,2.121,67.02
112,167,10,-21.42,-21.39,-21.28,78.2,76.2,79,-21.61,2.124,67.02
112,167,20,-21.76,-21.73,-21.63,77.4,74.6,79,-22.42,2.127,67.03
112,167,30,-22.5,-22.44,-22.25,76.9,74.2,78.7,-23.06,2.13,67.04
112,167,40,-22.9,-22.82,-22.2,76.6,72.2,79.8,-23.6,2.133,67.04
112,167,50,-23.35,-23.39,-22.46,75.4,70.5,79.1,-24.37,2.136,67.04
112,167,100,-24.23,-24.24,-23.64,75.3,71.9,76.9,-24.88,2.14,67.04
112,167,110,-24.86,-24.84,-23.64,75.5,70.3,80.3,-25.22,2.141,67.05
112,167,120,-25.07,-25.3,-24.16,76.1,72.7,77,-25.12,2.142,67.05
112,167,130,-24.97,-24.92,-24.33,77.2,74.6,77.8,-24.51,2.141,67.05
112,167,140,-24.54,-24.38,-24.15,76.9,74.3,78.2,-23.79,2.139,67.05
112,167,150,-23.75,-23.57,-23.26,77.7,74.8,78.7,-23.11,2.135,67.05
112,167,200,-23.35,-23.16,-23.23,75.5,72.7,76.5,-23.06,2.136,67.06
112,167,210,-23.67,-23.48,-23.53,75.8,73,77.3,-23.09,2.136,67.06
112,167,220,-23.69,-23.57,-23.57,77.6,75.5,77.9,-23.17,2.135,67.07
112,167,230,-23.95,-23.95,-23.88,78.1,76.8,78.4,-23.38,2.137,67.07
112,167,240,-24.11,-24.15,-23.98,78.1,77.1,78.6,-23.28,2.139,67.07
112,167,250,-24.22,-24.29,-24.04,78,76.7,78.7,-23.65,2.14,67.07
112,167,300,-24.51,-24.63,-24.24,76.8,74.9,78.3,-24.44,2.143,67.07
112,167,310,-24.85,-25.13,-24.41,78.3,77.1,78.6,-25.23,2.146,67.06
112,167,320,-25.56,-25.82,-25.23,77.4,76.6,77.9,-26.02,2.15,67.07
112,167,330,-26.23,-26.42,-25.77,75.8,74.3,77,-26.28,2.154,67.07
112,167,340,-26.39,-26.36,-25.93,74.8,72.5,76.5,-26.01,2.156,67.07
112,167,350,-26.28,-26.18,-25.91,75.2,72.5,76.6,-25.69,2.155,67.07
112,167,400,-25.99,-26.05,-25.68,77,75.5,77.6,-25.41,2.154,67.07
112,167,410,-25.91,-25.97,-25.74,76.5,75.2,77.1,-25.45,2.154,67.08
112,167,420,-26.12,-26.19,-25.95,75.9,74.7,76.6,-25.85,2.154,67.08
112,167,430,-25.88,-25.85,-25.8,75.3,73.5,76.7,-25.78,2.151,67.08
112,167,440,-25.58,-25.54,-25.34,74.1,71.5,76.3,-26.26,2.15,67.08
112,167,450,-25.76,-25.61,-25.53,73.2,69.85,75.8,-26.83,2.151,67.08
112,167,500,-26.01,-25.89,-25.52,72,67.96,76,-27.04,2.151,67.08
112,167,510,-26,-25.83,-25.23,71.4,66.44,75.9,-26.83,2.151,67.09
112,167,520,-26.28,-26.14,-25.72,71.3,67.01,74.7,-27,2.151,67.09
112,167,530,-26.74,-26.66,-26.21,71.2,67.28,75.6,-28.03,2.153,67.1
112,167,540,-27.15,-26.96,-26.58,69.8,65.81,74.4,-28.33,2.156,67.1
112,167,550,-27.56,-27.32,-26.51,69.68,64.58,75.8,-28.55,2.156,67.11
112,167,600,-27.95,-27.64,-26.23,68.98,63.25,75.6,-28.42,2.156,67.12
112,167,610,-27.44,-27.45,-25.88,70.2,63.89,72.4,-28.18,2.156,67.13
112,167,620,-27.89,-27.68,-27.24,69.77,65.61,72.4,-28.07,2.157,67.13
112,167,630,-27.53,-27.55,-26.89,73.3,70.2,75.8,-27.93,2.154,67.14
112,167,640,-27.19,-26.81,-27.06,68.34,64.8,71.9,-27.91,2.157,67.15
112,167,650,-27.15,-26.66,-27.16,68.06,63.35,72.1,-27.87,2.157,67.15
112,167,700,-27.29,-26.79,-27.3,69.07,64.27,72.6,-27.84,2.156,67.17
112,167,710,-27.4,-26.98,-27.25,70.4,65.48,72.9,-28.4,2.156,67.18
112,167,720,-27.58,-27.37,-27.32,71.9,68.06,72.6,-29.4,2.156,67.18
112,167,730,-27.31,-27.19,-27.32,74.8,72.1,74.9,-28.15,2.152,67.19
112,167,740,-26.13,-26.19,-26.2,77.2,76.3,78.1,-28.1,2.148,67.19
112,167,750,-26.15,-26.1,-26.22,76,75.3,75.9,-26.78,2.148,67.2
112,167,800,-25.79,-25.76,-26.07,77.7,76.5,76.8,-26.06,2.148,67.2
112,167,810,-25.38,-25.41,-25.75,80.1,79.6,79,-24.01,2.144,67.22
112,167,820,-24.57,-24.45,-24.77,78.8,78.2,78,-23.24,2.14,67.22
112,167,830,-23.91,-23.77,-24.08,77.5,76.2,77,-23.06,2.138,67.22
112,167,840,-23.33,-23.2,-23.53,77.4,76,76.8,-22.78,2.136,67.23
112,167,850,-23.02,-22.86,-23.22,76.4,74.7,76,-22.78,2.136,67.23
112,167,900,-22.85,-22.66,-23,75.8,73.8,75.3,-22.65,2.136,67.24
112,167,910,-22.5,-22.4,-22.86,75.2,72.4,74.6,-22.71,2.136,67.25
112,167,920,-21.99,-21.79,-22.43,73.8,70.7,73.9,-22.82,2.137,67.26
112,167,930,-21.49,-20.88,-21.83,72.7,67.92,72.8,-22.53,2.137,67.26
112,167,940,-21,-20.67,-21.62,71.1,65.88,71.9,-22.03,2.136,67.27
112,167,950,-20.92,-20.75,-21.56,71.7,66.34,72.4,-21.72,2.135,67.28
112,167,1000,-20.91,-20.61,-21.35,71.6,66.92,72.5,-21.37,2.134,67.29
112,167,1010,-20.18,-19.76,-20.54,71.7,65.72,72.4,-20.91,2.133,67.29
112,167,1020,-20.36,-20.04,-20.49,71.8,66.52,71.8,-20.66,2.132,67.3
112,167,1030,-20.18,-20.01,-20.38,71.7,67.48,71.7,-20.34,2.131,67.31
112,167,1040,-20.73,-20.41,-20.68,72.5,68.76,71.9,-20.17,2.13,67.32
112,167,1050,-20.64,-20.29,-20.55,73.1,69.34,72.4,-19.9,2.13,67.33
112,167,1200,-18.95,-18.81,-19.08,70.3,68.28,70.8,-18.01,-6999,67.38
112,167,1210,-18.43,-18.56,-18.94,69.08,68.24,70.9,-17.88,-6999,67.38
112,167,1220,-18.73,-18.46,-18.73,70.9,69.25,71.7,-17.49,-6999,67.4
112,167,1230,-18.75,-18.4,-18.68,72,70.3,72.2,-17.36,-6999,67.4
112,167,1240,-18.8,-18.51,-18.75,72.9,71.5,72.9,-17.28,-6999,67.41
112,167,1250,-18.75,-18.43,-18.72,73.4,72.3,73.2,-17.1,-6999,67.42
112,167,1300,-18.67,-18.37,-18.73,73.9,72.9,73.8,-16.71,-6999,67.42
112,167,1310,-18.66,-18.39,-18.69,74.7,73.7,74.4,-16.71,-6999,67.42
112,167,1320,-18.56,-18.29,-18.59,75.1,74.2,74.6,-16.64,-6999,67.43
112,167,1330,-18.27,-17.99,-18.36,74.6,73.6,74.2,-16.48,-6999,67.44
112,167,1340,-18.31,-18.1,-18.44,75.4,74.5,74.7,-16.46,-6999,67.45
112,167,1350,-18.15,-18.13,-18.36,74.9,74.8,74.5,-16.41,-6999,67.46
112,167,1400,-18.11,-18.06,-18.34,75.3,75.2,75.2,-16.31,-6999,67.46
112,167,1410,-17.92,-17.87,-18.2,74.7,74.6,74.9,-16.15,-6999,67.46
112,167,1420,-17.99,-17.83,-18.29,75.2,74.8,75.5,-16.07,-6999,67.46
112,167,1430,-17.91,-17.57,-18.16,74.6,73.7,75.1,-15.82,-6999,67.47
112,167,1440,-17.85,-17.55,-18.11,74.7,73.6,75,-15.74,-6999,67.48
112,167,1450,-17.82,-17.48,-18.03,74.7,73.8,75.1,-15.66,-6999,67.48
112,167,1500,-17.85,-17.53,-18.12,75.2,74.4,75.7,-15.69,-6999,67.49
112,167,1510,-17.64,-17.31,-18.02,74.8,73.7,75.7,-15.61,-6999,67.5
112,167,1520,-17.48,-17.19,-17.93,74.1,73.4,75.5,-15.52,-6999,67.5
112,167,1530,-17.42,-17.08,-17.85,74,73,75.3,-15.47,-6999,67.51
112,167,1540,-17.44,-17.14,-17.91,74.3,73.6,75.6,-15.52,-6999,67.52
112,167,1550,-17.38,-17.11,-17.83,73.8,73.4,75.2,-15.56,-6999,67.52
112,167,1600,-17.46,-17.19,-17.88,72.5,72.4,73.7,-15.68,-6999,67.52
112,167,1610,-17.45,-17.13,-17.77,72.5,72.1,73,-15.64,-6999,67.53
112,167,1620,-17.34,-17.15,-17.78,72.2,72,73.1,-15.73,-6999,67.53
112,167,1630,-17.34,-17.14,-17.79,72.4,72.2,73.4,-15.75,-6999,67.54
112,167,1640,-17.39,-17.17,-17.82,72.3,72,73.2,-15.83,-6999,67.54
112,167,1650,-17.5,-17.25,-17.84,72.6,72,73.1,-16.03,-6999,67.54
112,167,1700,-17.4,-17.03,-17.65,72,71.1,72,-15.79,-6999,67.54
112,167,1710,-17.52,-17.18,-17.76,72.5,71.5,72.5,-16.16,-6999,67.55
112,167,1720,-17.63,-17.31,-17.84,73.1,72,73,-16.59,-6999,67.55
112,167,1730,-17.79,-17.29,-17.82,73.4,71.5,72.6,-16.88,-6999,67.56
112,167,1740,-17.19,-16.61,-17.46,71.5,69.39,71.4,-16.25,-6999,67.57
112,167,1750,-16.83,-16.21,-17.29,69.67,67.26,70.8,-16.21,-6999,67.57
112,167,1800,-16.83,-16.3,-17.24,70.3,68.35,71.1,-16.09,-6999,67.57
112,167,1810,-16.86,-16.38,-17.15,70.8,68.73,71,-16.15,-6999,67.58
112,167,1820,-17.18,-16.83,-17.4,72.3,71,72,-16.36,-6999,67.59
112,167,1830,-16.8,-16.58,-17.12,71.3,70.4,71.4,-16.35,-6999,67.6
112,167,1840,-16.68,-16.53,-16.99,70.6,70.3,71,-16.42,-6999,67.61
112,167,1850,-16.66,-16.5,-17.07,70.8,70.5,71.4,-16.5,-6999,67.61
112,167,1900,-16.55,-16.14,-17.2,70.5,68.82,72.4,-16.57,-6999,67.62
112,167,1910,-16.63,-16.63,-17.16,70.1,69.39,71.1,-16.41,-6999,67.63
112,167,1920,-17.71,-17.54,-17.21,74.3,72.6,69.82,-16.76,2.113,67.63
112,167,1930,-17.83,-17.48,-17.15,73.4,71.7,69.36,-17.05,2.113,67.64
112,167,1940,-17.78,-17.11,-16.72,72.2,68.77,66.64,-17.13,2.114,67.64
112,167,1950,-17.61,-16.67,-16.33,70.4,65.26,64.15,-17.25,2.114,67.65
112,167,2000,-17.96,-16.23,-16.96,71.2,62.79,66.36,-17.72,2.114,67.66
112,167,2010,-18.08,-16.11,-17.42,72.3,62.09,68.34,-18.17,2.115,67.67
112,167,2020,-18.27,-16.38,-17.87,71.4,60.66,69.43,-19.09,2.117,67.68
112,167,2030,-18.06,-16.5,-18.29,68.69,58.92,70.7,-20.47,2.118,67.68
112,167,2040,-17.52,-15.54,-18.17,66.54,54.47,71.3,-21.19,2.119,67.68
112,167,2050,-16.91,-15.11,-17.57,62.33,51.66,67.11,-20.5,2.119,67.69
112,167,2100,-15.86,-14.12,-16.99,57.27,47.78,63.88,-20.02,2.118,67.69
112,167,2110,-15.72,-14.94,-16.71,58.43,52.81,63.54,-20.21,2.117,67.7
112,167,2120,-14.9,-14.44,-16.21,55.09,50.8,61.84,-20.45,2.117,67.7
112,167,2130,-14.6,-13.69,-16.36,53.19,45.96,63.15,-21.01,2.119,67.7
112,167,2140,-14.99,-11.51,-16.54,55.48,36.56,64.38,-21.9,2.12,67.71
112,167,2150,-15.36,-12.82,-16.68,56.44,36.74,64.99,-22.48,2.121,67.72
112,167,2200,-14.59,-12.84,-16.53,51.06,36.62,62.6,-22.91,2.124,67.72
112,167,2210,-13.65,-16.43,-15.45,46.88,47.89,57.64,-23.31,2.124,67.72
112,167,2220,-15.83,-18.44,-17.8,52.53,60.08,68.36,-23.6,2.125,67.72
112,167,2230,-18.16,-18.25,-19.19,65.79,60.86,78,-23.97,2.124,67.72
112,167,2240,-19.4,-20.15,-19.84,68.85,62.21,79,-24.06,2.129,67.73
112,167,2250,-19.77,-20.34,-19.53,65.85,53.23,75.4,-24.06,2.131,67.73
112,167,2300,-20.76,-21.16,-19.65,62.37,57.78,73.4,-24.44,2.134,67.74
112,167,2310,-22.15,-21.79,-20.56,64.72,57.6,77.5,-24.91,2.136,67.74
112,167,2320,-22.15,-21.76,-20.22,72.5,58.47,75.4,-24.72,2.136,67.74
112,167,2330,-22.5,-22.52,-20.36,74.6,62.33,76.9,-25.02,2.138,67.75
112,167,2340,-23.01,-23.65,-20.6,75,64.39,77.6,-25.25,2.14,67.75
112,167,2350,-25.23,-25.19,-21.79,72.4,65.62,80.2,-25.46,2.143,67.75
112,168,0,-26.17,-25.99,-22.28,72.3,66.34,79.7,-25.87,2.148,67.76
112,168,10,-26.54,-26.14,-22.48,73.7,66.24,81.6,-26.22,2.146,67.76
112,168,20,-26.34,-26.12,-22.42,72.6,66.19,78.9,-26.47,2.148,67.76
112,168,30,-26.43,-25.89,-22.94,70.5,65.34,78.2,-26.78,2.151,67.77
112,168,40,-27.11,-26.18,-24.14,70.5,63.92,79.5,-27.1,2.154,67.77
112,168,50,-28,-27.59,-25.58,72.6,66.77,72.5,-27.32,2.158,67.78
112,168,100,-28.24,-27.9,-25.86,70.5,65.72,79.6,-27.72,2.157,67.77
112,168,110,-28.06,-27.95,-24.27,71.6,65.87,79.1,-27.96,2.154,67.78
112,168,120,-28.42,-28.13,-25,68,64.45,75.9,-28.32,2.16,67.78
112,168,130,-29.41,-29.07,-25.56,69.43,65.32,75.5,-28.7,2.162,67.78
112,168,140,-30.34,-30.21,-27.36,70.8,67.28,76.6,-28.98,2.165,67.78
112,168,150,-30.3,-30.43,-26,71.7,68.56,78.3,-29.39,2.163,67.79
112,168,200,-31.35,-31.63,-28.9,71.2,69.58,71.7,-30.27,2.169,67.79
112,168,210,-31.8,-32.42,-28.27,74.8,72.4,79.6,-30.51,2.164,67.79
112,168,220,-31.64,-32.49,-26.76,74,72.2,79.1,-29.83,2.164,67.78
112,168,230,-31.54,-32.05,-27.76,74.2,73.4,74.5,-28.19,2.163,67.78
112,168,240,-30.12,-30.3,-28.63,77,77,75.9,-27.01,2.156,67.78
112,168,250,-28.69,-28.74,-28.14,77,76.9,76,-26.7,2.153,67.78
112,168,300,-27.88,-27.94,-27.43,76.8,76.5,77.1,-26.34,2.15,67.79
112,168,310,-27.37,-27.42,-26.46,76.8,76.5,78.3,-25.78,2.147,67.79
112,168,320,-26.76,-26.85,-26.26,78,77.9,77.5,-25.27,2.144,67.78
112,168,330,-26.14,-26.26,-25.91,77.8,77.8,77.6,-25.14,2.143,67.79
112,168,340,-25.78,-25.84,-25.74,77.6,77.7,77.7,-24.97,2.142,67.78
112,168,350,-25.26,-25.43,-24.77,79,78.4,80.4,-24.66,2.138,67.79
112,168,400,-24.58,-24.89,-23.87,79.1,78.9,79.6,-24.27,2.138,67.79
112,168,410,-24.06,-24.23,-23.65,79.4,79.5,79.6,-23.56,2.135,67.79
112,168,420,-23.57,-23.69,-23.4,79.9,79.9,80,-23.01,2.133,67.79
112,168,430,-23.04,-23.16,-22.93,80.7,80.5,80.8,-22.8,2.131,67.78
112,168,440,-22.44,-22.74,-22.11,81,80.1,82,-22.62,2.128,67.78
112,168,450,-21.66,-22.06,-21.16,84,83.2,83.7,-22.38,2.124,67.79
112,168,500,-20.91,-21.24,-20.57,83.8,83.3,83.2,-22.33,2.123,67.79
112,168,510,-20.72,-20.96,-20.42,84.5,84,83.9,-22,2.121,67.8
112,168,520,-20.62,-20.95,-20.4,84.6,84.6,83.9,-21.42,2.121,67.8
112,168,530,-20.76,-20.94,-20.6,82.4,82.8,81.4,-21.22,2.124,67.8
112,168,540,-20.91,-20.9,-20.96,83,83,82.5,-20.99,2.124,67.8
112,168,550,-20.35,-20.43,-20.35,85.2,85.2,84.1,-20.46,2.12,67.81
112,168,600,-20.07,-20.12,-20.1,84.4,84.7,83.4,-20.18,2.12,67.81
112,168,610,-19.97,-20.03,-20.05,84,84.3,82.9,-19.9,2.121,67.81
112,168,620,-19.86,-19.87,-19.99,84.1,84.5,83.1,-19.67,2.121,67.82
112,168,630,-20,-19.98,-20.12,83.7,84,82.7,-19.43,2.121,67.82
112,168,640,-19.8,-19.72,-19.98,84,84.3,83.1,-19.3,2.121,67.82
112,168,650,-19.95,-19.87,-20.09,83.2,83.3,82.2,-19.54,2.122,67.83
112,168,700,-20.39,-20.31,-20.49,83.3,83.4,82.1,-19.78,2.123,67.84
112,168,710,-20.18,-20.06,-20.33,83.5,83.4,82.3,-19.49,2.123,67.84
112,168,720,-20.07,-19.85,-20.24,82.8,82.8,82,-19.52,2.124,67.84
112,168,730,-20.44,-20.23,-20.57,82.9,82.6,81.7,-19.65,2.124,67.84
112,168,740,-20.41,-20.22,-20.63,82.4,81.9,81.2,-19.67,2.126,67.84
112,168,750,-19.77,-19.53,-20.04,83.6,82,83,-19.83,2.128,67.84
112,168,800,-18.49,-18.54,-18.4,85.9,83.3,84.9,-20.03,2.128,67.85
112,168,810,-17.87,-18.22,-17.77,82.8,79.9,83.3,-20.2,2.129,67.85
112,168,820,-18.41,-18.35,-18.29,80.2,77.4,81.3,-20.36,2.131,67.85
112,168,830,-18.88,-18.46,-19.02,80.2,76.3,80.2,-20.53,2.132,67.85
112,168,840,-19.48,-19.05,-19.63,77.3,73.6,78.3,-20.37,2.133,67.85
112,168,850,-20.03,-19.7,-20.06,83.1,80,82,-20.56,2.133,67.86
112,168,900,-17.99,-17.86,-18.08,78.3,73.3,81,-20.79,2.135,67.86
112,168,910,-17.71,-17.82,-17.92,78.9,73.3,80.5,-20.67,2.136,67.86
112,168,920,-16.98,-17.08,-17.49,77.8,71.9,78.6,-20.81,2.136,67.86
112,168,930,-18.17,-17.74,-18.14,75.9,69.95,75.5,-20.84,2.136,67.86
112,168,940,-19.5,-19.1,-19.68,71.7,67.95,72.4,-20.82,2.136,67.86
112,168,950,-21.51,-21.3,-21.7,74.1,72,75.1,-20.71,2.136,67.87
112,168,1000,-21.89,-21.75,-22.11,73.8,71.9,74.6,-20.58,2.134,67.88
112,168,1010,-22.63,-22.5,-22.89,76.1,74.7,76.6,-20.41,2.134,67.88
112,168,1020,-22.26,-22.11,-22.54,75.4,73.8,76.2,-20.07,2.133,67.88
112,168,1030,-21.84,-21.6,-22.08,74.1,72.2,75,-19.81,2.132,67.88
112,168,1040,-22.11,-21.98,-22.38,75.2,73.8,75.7,-19.62,2.131,67.88
112,168,1050,-21.87,-21.67,-22.23,75.4,73.9,76.3,-19.29,2.13,67.88
112,168,1100,-21.12,-20.83,-21.37,74.5,72.3,75.4,-18.97,2.128,67.88
112,168,1110,-20.26,-19.81,-20.57,72.6,70.3,73.9,-18.54,2.127,67.89
112,168,1120,-19.31,-18.8,-20.06,71.5,68.41,73.5,-18.09,2.125,67.89
112,168,1130,-18.9,-18.55,-19.98,70.3,67.38,73.3,-17.74,2.124,67.89
112,168,1140,-18.27,-17.91,-19.32,69.19,66.5,72.6,-17.43,2.123,67.9
112,168,1150,-17.96,-17.69,-19.11,67.83,65.45,70.9,-17.1,2.122,67.9
112,168,1200,-17.96,-17.71,-19.02,67.57,65.82,70.7,-16.94,2.121,67.9
112,168,1210,-18.21,-17.74,-18.95,68.43,66.67,71.6,-16.78,2.119,67.9
112,168,1220,-18.45,-17.76,-18.73,69.62,67.29,71.6,-16.59,2.118,67.9
112,168,1230,-18.53,-17.92,-18.71,71,68.93,72.3,-16.43,2.117,67.89
112,168,1240,-18.41,-18.02,-18.62,71.9,70,72.9,-16.25,2.116,67.9
112,168,1250,-18.32,-18,-18.6,72.8,71.6,73.7,-16.18,2.114,67.89
112,168,1300,-17.83,-17.27,-18.2,71.8,70.2,73.4,-15.9,2.113,67.9
112,168,1310,-17.6,-17,-18,70.8,69.09,72.6,-15.68,2.113,67.9
112,168,1320,-17.44,-16.88,-17.99,70.6,68.92,72.3,-15.54,2.112,67.89
112,168,1330,-17,-16.57,-17.73,69.31,67.89,71.2,-15.23,2.111,67.89
112,168,1340,-16.2,-15.86,-17.31,66.98,65.68,69.76,-15.05,2.11,67.9
112,168,1350,-16.18,-15.93,-17.34,66.54,65.69,69.67,-14.96,2.11,67.9
112,168,1400,-16.48,-16.1,-17.33,68.03,66.93,69.79,-14.87,2.109,67.89
112,168,1410,-16.04,-15.76,-16.99,67.2,66.69,69.05,-14.64,2.108,67.89
112,168,1420,-15.85,-15.61,-16.86,66.42,66.16,68.56,-14.49,2.108,67.9
112,168,1430,-15.78,-15.47,-16.73,66.46,66.11,68.23,-14.37,2.107,67.9
112,168,1440,-15.99,-15.59,-16.81,67.16,66.53,68.58,-14.38,2.107,67.9
112,168,1450,-15.81,-15.43,-16.68,67.47,66.8,68.79,-14.25,2.107,67.9
112,168,1500,-15.66,-15.41,-16.62,67.11,66.98,68.75,-14.24,2.106,67.9
112,168,1510,-15.73,-15.56,-16.73,67.78,67.94,69.78,-14.28,2.106,67.9
112,168,1520,-15.73,-15.55,-16.7,68,68.19,69.93,-14.23,2.106,67.91
112,168,1530,-15.6,-15.4,-16.57,67.87,68.1,69.71,-14.16,2.105,67.9
112,168,1540,-15.51,-15.31,-16.49,68.08,68.14,69.86,-14.11,2.105,67.9
112,168,1550,-15.5,-15.33,-16.44,68.45,68.58,70.2,-14.09,2.104,67.89
112,168,1600,-15.57,-15.37,-16.43,68.8,68.81,70.2,-14.12,2.104,67.89
112,168,1610,-15.47,-15.28,-16.34,68.92,68.84,70.3,-14.1,2.104,67.89
112,168,1620,-15.35,-15.21,-16.24,67.94,68.21,69.45,-14.12,2.103,67.89
112,168,1630,-15.16,-15.03,-16.08,67.82,68.01,69.48,-13.98,2.103,67.89
112,168,1640,-15.17,-14.97,-16,67.68,67.61,68.76,-14.03,2.103,67.89
112,168,1650,-15.33,-15.05,-16,67.76,67.39,68.23,-14.16,2.103,67.9
112,168,1700,-15.4,-15.05,-15.93,68.64,67.87,68.59,-14.19,2.103,67.9
112,168,1710,-15.37,-15.05,-15.93,68.44,67.72,68.39,-14.23,2.103,67.9
112,168,1720,-15.37,-15.06,-15.9,68.72,67.98,68.76,-14.27,2.103,67.9
112,168,1730,-15.47,-14.98,-15.83,69.38,67.82,68.56,-14.3,2.103,67.91
112,168,1740,-15.39,-14.97,-15.82,69,67.6,68.4,-14.37,2.103,67.9
112,168,1750,-15.49,-15.16,-15.97,69.01,68.15,68.76,-14.6,2.103,67.9
112,168,1800,-15.54,-15.19,-16,69.56,68.53,69.33,-14.71,2.103,67.89
112,168,1810,-15.6,-15.31,-16.06,70.1,69.16,69.95,-14.83,2.103,67.89
112,168,1820,-15.54,-15.24,-16.04,69.66,68.71,69.57,-14.89,2.103,67.89
112,168,1830,-15.62,-15.43,-16.08,69.92,69.4,69.81,-15.03,2.103,67.89
112,168,1840,-15.64,-15.51,-16.08,70.4,70.2,70.2,-15.14,2.104,67.89
112,168,1850,-15.73,-15.62,-16.19,70.6,70.4,70.6,-15.26,2.104,67.89
112,168,1900,-15.98,-15.81,-16.39,71.3,71,71.5,-15.48,2.105,67.89
112,168,1910,-16.24,-16.03,-16.53,72.1,71.5,71.6,-15.7,2.105,67.88
112,168,1920,-16.46,-16.24,-16.56,72.9,72,71.2,-15.83,2.106,67.89
112,168,1930,-16.72,-16.42,-16.71,73.5,72.1,71.2,-16.03,2.107,67.9
112,168,1940,-16.86,-16.55,-16.85,73.7,72.2,71.5,-16.21,2.107,67.9
112,168,1950,-17.1,-16.73,-17.08,74,72,71.8,-16.5,2.109,67.9
112,168,2000,-17.36,-16.65,-17.36,74.2,70.6,72.2,-16.79,2.11,67.89
112,168,2010,-17.66,-16.86,-17.74,74.7,70.3,73.2,-17.15,2.111,67.9
112,168,2020,-17.8,-17.06,-18.03,74.6,70.3,74,-17.8,2.112,67.89
112,168,2030,-17.96,-17.32,-18.36,74,70.2,74.7,-19.07,2.113,67.9
112,168,2040,-18.21,-17.65,-18.71,73.3,69.82,74.7,-19.84,2.115,67.9
112,168,2050,-18.42,-17.98,-18.93,72.8,69.77,74.3,-19.74,2.116,67.91
112,168,2100,-18.6,-18.37,-19.13,72.4,70.3,74.1,-19.49,2.118,67.91
112,168,2110,-18.89,-18.88,-19.6,71.6,70.3,74.2,-19.64,2.12,67.91
112,168,2120,-19.34,-19.41,-20.03,71.9,71.1,74.6,-19.91,2.121,67.91
112,168,2130,-19.83,-19.94,-20.35,73.6,73,75.8,-20.22,2.122,67.91
112,168,2140,-20.09,-20.25,-20.52,75.1,74.8,76.7,-20.47,2.122,67.9
112,168,2150,-20.38,-20.64,-20.89,74.1,74.2,76.1,-20.84,2.124,67.9
112,168,2200,-20.84,-21.18,-21.39,74.3,74.8,76.7,-21.22,2.126,67.89
112,168,2210,-21.26,-21.64,-21.8,75,75.8,77.7,-21.56,2.127,67.88
112,168,2220,-21.64,-21.97,-22.15,75.4,76.2,78,-21.85,2.129,67.88
112,168,2230,-22.09,-22.41,-22.61,74.8,75.5,77.6,-22.23,2.131,67.88
112,168,2240,-22.52,-22.8,-22.97,74.8,75.4,77.3,-22.59,2.132,67.88
112,168,2250,-22.9,-23.14,-23.26,74.7,75,76.6,-22.95,2.134,67.88
112,168,2300,-23.24,-23.46,-23.54,74.6,74.6,76.5,-23.27,2.135,67.88
112,168,2310,-23.37,-23.53,-23.57,75.8,75.4,77.4,-23.5,2.135,67.88
112,168,2320,-23.48,-23.59,-23.63,76.1,75.3,77.6,-23.71,2.136,67.88
112,168,2330,-23.83,-23.88,-24.11,74.1,73.2,76,-24,2.139,67.88
112,168,2340,-24.54,-24.52,-24.77,74.6,73.2,76.6,-24.43,2.14,67.87
112,168,2350,-24.7,-24.68,-24.78,77.5,75.8,78.9,-24.67,2.14,67.87
112,169,0,-24.86,-24.86,-25.01,76.9,75.4,78.3,-24.96,2.141,67.87
112,169,10,-25.2,-25.18,-25.35,77.2,75.6,78.8,-25.24,2.143,67.87
112,169,20,-25.63,-25.61,-25.78,76.4,74.8,77.9,-25.58,2.145,67.87
112,169,30,-26.08,-26.03,-26.18,76.7,74.9,78.2,-25.9,2.146,67.86
112,169,40,-26.18,-26.17,-26.19,78.5,76.6,80,-26.11,2.146,67.86
112,169,50,-25.86,-25.91,-25.86,80.1,78.3,81.6,-26.1,2.144,67.86
112,169,100,-25.58,-25.67,-25.52,81.5,79.7,82.7,-26.03,2.143,67.85
112,169,110,-25.29,-25.37,-25.26,81.5,80.2,82.3,-25.71,2.142,67.85
112,169,120,-25.68,-25.72,-25.7,80.6,79.1,81.4,-25.93,2.144,67.85
112,169,130,-25.89,-25.95,-25.9,81.7,80.1,82.4,-25.95,2.144,67.85
112,169,140,-26.1,-26.14,-26.11,81.3,79.6,81.9,-26.13,2.146,67.85
112,169,150,-26.25,-26.31,-26.22,82,80.1,82.5,-26.21,2.146,67.84
112,169,200,-26.06,-26.13,-26.01,82.4,80.7,82.8,-26.19,2.145,67.84
112,169,210,-26.05,-26.13,-26.01,82,80.3,82.1,-26.28,2.145,67.84
112,169,220,-26.26,-26.33,-26.25,81.2,79.5,81,-26.46,2.147,67.84
112,169,230,-26.78,-26.82,-26.77,79.5,77.7,79.6,-26.77,2.149,67.84
112,169,240,-26.83,-26.92,-26.8,79.2,77.4,79.5,-26.88,2.149,67.83
112,169,250,-26.99,-27.09,-27.01,79.1,77.5,79.4,-27.01,2.15,67.82
112,169,300,-27.26,-27.36,-27.31,78.9,77.3,79.1,-27.19,2.151,67.82
112,169,310,-27.59,-27.67,-27.61,78.7,77,78.9,-27.42,2.153,67.82
112,169,320,-27.71,-27.82,-27.73,79.7,78,79.7,-27.51,2.152,67.81
112,169,330,-27.5,-27.63,-27.44,80.5,78.9,80.3,-27.51,2.151,67.81
112,169,340,-27.22,-27.36,-27.13,80.7,79.1,80.4,-27.43,2.149,67.8
112,169,350,-26.54,-26.69,-26.47,80.1,79,79.8,-27.09,2.147,67.79
112,169,400,-26.38,-26.48,-26.32,79.3,78.1,79.1,-26.89,2.147,67.79
112,169,410,-26.49,-26.57,-26.54,77.7,76.5,77.6,-26.81,2.148,67.78
112,169,420,-26.64,-26.68,-26.69,77.2,76,77.3,-26.8,2.149,67.78
112,169,430,-26.74,-26.78,-26.81,76.8,75.6,76.9,-26.84,2.149,67.78
112,169,440,-26.95,-26.98,-27.04,76.6,75.3,76.8,-26.89,2.15,67.78
112,169,450,-26.81,-26.82,-26.87,76.5,75.3,76.6,-26.78,2.15,67.78
112,169,500,-26.98,-27.01,-27.05,76,74.7,76.4,-26.81,2.15,67.78
112,169,510,-26.77,-26.78,-26.87,75.6,74.6,76,-26.65,2.15,67.78
112,169,520,-26.6,-26.58,-26.76,75.2,73.9,75.9,-26.38,2.149,67.77
112,169,530,-26.2,-26.18,-26.37,75.3,74.1,76,-26.1,2.147,67.76
112,169,540,-26.2,-26.18,-26.36,74.6,73.5,75.3,-26.15,2.148,67.76
112,169,550,-26.46,-26.49,-26.55,75,74.1,75.6,-26.32,2.148,67.76
112,169,600,-26.57,-26.57,-26.72,73.9,72.9,74.7,-26.5,2.149,67.76
112,169,610,-26.28,-26.26,-26.44,74.4,73.3,75.2,-25.88,2.147,67.76
112,169,620,-26.14,-26.14,-26.28,74.4,73.6,75,-25.57,2.147,67.76
112,169,630,-26.05,-26.07,-26.17,75.9,75.4,76.2,-25.08,2.145,67.76
112,169,640,-25.7,-25.69,-25.89,76.1,75.7,76.2,-24.82,2.144,67.76
112,169,650,-25.22,-25.14,-25.51,74.5,74,75.2,-24.37,2.143,67.76
112,169,700,-24.78,-24.66,-25.02,74.2,73.3,75.1,-24.67,2.141,67.76
112,169,710,-24.11,-23.96,-24.27,73.7,72.7,74.7,-25,2.139,67.76
112,169,720,-23.99,-23.87,-24.17,73.2,72.3,74,-25.27,2.139,67.76
112,169,730,-23.83,-23.68,-24.02,73.5,72.7,74.3,-25.27,2.138,67.75
112,169,740,-23.54,-23.35,-23.78,72.7,71.7,73.7,-25.4,2.138,67.75
112,169,750,-23.06,-22.86,-23.28,73.1,72.2,74,-24.1,2.135,67.75
112,169,800,-22.99,-22.76,-23.24,72.6,71.6,73.5,-23.36,2.135,67.74
112,169,810,-22.59,-22.35,-22.87,73.3,72.4,74.1,-22.28,2.133,67.74
112,169,820,-22.18,-21.96,-22.42,73,72.2,73.7,-21.93,2.132,67.74
112,169,830,-22.07,-21.8,-22.35,72.4,71.5,73,-21.83,2.132,67.73
112,169,840,-22.1,-21.86,-22.36,72.7,71.8,73.2,-21.78,2.132,67.73
112,169,850,-21.9,-21.65,-22.17,72.8,71.9,73.3,-21.46,2.131,67.74
112,169,900,-21.64,-21.41,-21.95,72.4,71.7,73,-21.14,2.13,67.74
112,169,910,-21.47,-21.22,-21.77,72.3,71.5,72.9,-20.92,2.129,67.73
112,169,920,-21.16,-20.9,-21.48,71.9,71,72.5,-20.54,2.128,67.73
112,169,930,-20.88,-20.58,-21.18,71.4,70.5,71.9,-20.21,2.127,67.72
112,169,940,-20.61,-20.32,-20.88,71.1,70.3,71.4,-19.91,2.125,67.73
112,169,950,-20.35,-20.03,-20.67,70.8,69.82,71.1,-19.56,2.125,67.72
112,169,1000,-20.07,-19.74,-20.36,70.7,69.65,70.9,-19.24,2.124,67.71
112,169,1010,-19.76,-19.41,-20.05,70.1,68.91,70.3,-18.94,2.123,67.71
112,169,1020,-19.54,-19.17,-19.81,70,68.79,70.1,-18.67,2.122,67.71
112,169,1030,-19.28,-18.89,-19.52,69.74,68.33,69.47,-18.35,2.121,67.7
112,169,1040,-18.97,-18.57,-19.21,69.04,67.58,68.65,-18.01,2.119,67.7
112,169,1050,-18.68,-18.3,-18.92,68.41,67.06,67.81,-17.71,2.118,67.7
112,169,1100,-18.38,-17.97,-18.61,68.24,66.86,67.51,-17.37,2.117,67.69
112,169,1110,-18.11,-17.72,-18.36,67.44,66.2,66.61,-17.16,2.116,67.68
112,169,1120,-18.03,-17.63,-18.27,67.53,66.45,66.68,-16.97,2.115,67.68
112,169,1130,-17.8,-17.39,-18.04,67.31,66.2,66.38,-16.71,2.115,67.69
112,169,1140,-17.57,-17.16,-17.79,66.48,65.34,65.53,-16.45,2.114,67.68
112,169,1150,-17.37,-16.93,-17.61,66.48,65.28,65.42,-16.21,2.113,67.69
112,169,1200,-17.04,-16.58,-17.3,66.64,65.23,65.66,-15.9,2.112,67.69
112,169,1210,-16.88,-16.41,-17.14,65.57,64.3,64.57,-15.74,2.111,67.68
112,169,1220,-16.75,-16.29,-17.02,65.47,64.33,64.33,-15.52,2.111,67.68
112,169,1230,-16.43,-15.96,-16.7,64.47,63.4,63.33,-15.22,2.11,67.67
112,169,1240,-16.19,-15.69,-16.45,64.56,63.37,63.39,-14.9,2.109,67.66
112,169,1250,-15.96,-15.45,-16.22,64.41,63.23,63.25,-14.71,2.108,67.66
112,169,1300,-15.63,-15.15,-15.94,65.16,63.96,63.94,-14.38,2.107,67.66
112,169,1310,-15.52,-15.04,-15.84,64.36,63.29,63.13,-14.24,2.106,67.66
112,169,1320,-15.3,-14.81,-15.62,64.45,63.43,63.23,-13.99,2.105,67.67
112,169,1330,-15.11,-14.63,-15.42,64.66,63.62,63.47,-13.79,2.105,67.66
112,169,1340,-14.95,-14.47,-15.26,64.75,63.71,63.59,-13.63,2.104,67.66
112,169,1350,-14.76,-14.27,-15.08,64.83,63.73,63.65,-13.41,2.103,67.65
112,169,1400,-14.64,-14.12,-14.96,64.69,63.61,63.38,-13.25,2.103,67.65
112,169,1410,-14.4,-13.87,-14.73,65.16,64.04,63.91,-13.08,2.102,67.64
112,169,1420,-14.24,-13.72,-14.56,64.72,63.5,63.61,-12.92,2.101,67.64
112,169,1430,-14.09,-13.57,-14.42,65.36,64.05,64.33,-12.78,2.1,67.63
112,169,1440,-13.95,-13.44,-14.31,64.99,63.75,64.08,-12.69,2.1,67.63
112,169,1450,-13.87,-13.4,-14.27,65.21,64.22,64.34,-12.66,2.099,67.63
112,169,1500,-13.74,-13.28,-14.14,65.68,64.67,64.97,-12.51,2.099,67.63
112,169,1510,-13.62,-13.15,-14.03,65.52,64.6,64.84,-12.4,2.098,67.62
112,169,1520,-13.49,-13.05,-13.92,66.75,65.8,66.24,-12.28,2.098,67.63
112,169,1530,-13.31,-12.89,-13.73,66.81,65.87,66.33,-12.15,2.097,67.62
112,169,1540,-13.15,-12.73,-13.6,66.69,65.68,66.18,-12.03,2.097,67.63
112,169,1550,-13.09,-12.68,-13.51,66.53,65.57,66.07,-11.99,2.096,67.62
112,169,1600,-13.02,-12.58,-13.43,66.14,65.15,65.65,-11.96,2.096,67.61
112,169,1610,-12.91,-12.46,-13.35,66.37,65.2,65.77,-11.91,2.095,67.61
112,169,1620,-12.7,-12.27,-13.13,67.14,66.04,66.66,-11.8,2.095,67.6
112,169,1630,-12.61,-12.18,-13.04,67.42,66.16,67,-11.78,2.094,67.6
112,169,1640,-12.63,-12.22,-13.05,67.93,66.71,67.51,-11.81,2.094,67.6
112,169,1650,-12.41,-11.96,-12.86,68.26,66.77,67.91,-11.66,2.094,67.6
112,169,1700,-12.33,-11.81,-12.71,68.29,66.47,67.93,-11.64,2.093,67.6
112,169,1710,-12.21,-11.67,-12.58,68.87,66.79,68.36,-11.74,2.093,67.59
112,169,1720,-12.25,-11.73,-12.65,68.93,66.91,68.56,-11.85,2.093,67.58
112,169,1730,-12.47,-11.69,-12.61,70.5,67.34,68.93,-11.93,2.093,67.58
112,169,1740,-12.36,-11.72,-12.59,69.88,67.14,68.7,-12.02,2.093,67.58
112,169,1750,-12.16,-11.58,-12.48,68.54,66.25,67.91,-12.1,2.093,67.58
112,169,1800,-11.84,-11.18,-12.11,67.92,65.16,67.31,-12.07,2.093,67.59
112,169,1810,-11.85,-11.19,-12.12,68.25,65.28,67.62,-12.23,2.093,67.59
112,169,1820,-12.08,-11.45,-12.37,69.83,66.91,69.18,-12.43,2.093,67.58
112,169,1830,-12.37,-11.93,-12.65,71.2,69.16,70.6,-12.63,2.094,67.57
112,169,1840,-12.51,-12.28,-12.77,72,70.9,71.4,-12.84,2.095,67.58
112,169,1850,-12.3,-12.13,-12.5,70.5,69.88,70.3,-12.91,2.095,67.58
112,169,1900,-12.04,-11.92,-12.51,69.06,68.41,70.2,-13.01,2.095,67.57
112,169,1910,-12.46,-12.22,-12.85,70.1,68.84,71.1,-13.28,2.096,67.58
112,169,1920,-13.06,-12.5,-12.57,72,69.23,69.17,-13.48,2.097,67.58
112,169,1930,-13.36,-12.61,-12.58,72.5,68.65,68.31,-13.67,2.099,67.58
112,169,1940,-13.79,-13.02,-13.02,73.9,69.69,69.62,-13.96,2.1,67.58
112,169,1950,-13.85,-12.93,-12.87,73,67.89,68.33,-14.16,2.101,67.57
112,169,2000,-13.85,-12.28,-13.03,71.9,64.04,68.04,-14.47,2.102,67.57
112,169,2010,-13.86,-11.13,-13.11,71.1,57.4,68.02,-14.85,2.102,67.58
112,169,2020,-14.22,-11.18,-13.63,71.3,55.54,69.84,-15.89,2.104,67.58
112,169,2030,-14.14,-11.5,-14.24,69.04,54.91,71.4,-17.74,2.105,67.57
112,169,2040,-14.03,-11.64,-14.64,66.78,53.98,72.2,-18.84,2.107,67.57
112,169,2050,-14.18,-12.27,-14.76,66.65,55.62,72.7,-18.49,2.109,67.57
112,169,2100,-14.22,-12.82,-14.83,66.4,57.7,71.5,-18.05,2.11,67.57
112,169,2110,-14.24,-13.25,-14.87,65.71,58.07,72,-17.96,2.111,67.57
112,169,2120,-14.19,-13.31,-14.94,66.03,59.4,72.8,-18.42,2.111,67.57
112,169,2130,-14.65,-14,-15.32,67.9,62.03,74.8,-19.22,2.112,67.57
112,169,2140,-14.39,-14.01,-15.19,67.37,60.77,73.7,-19.15,2.113,67.57
112,169,2150,-14.08,-14.08,-14.75,67.01,62.58,72.5,-19.58,2.112,67.56
112,169,2200,-14.31,-15,-14.36,66.04,62.55,69.57,-20.42,2.114,67.55
112,169,2210,-15.55,-16.47,-15.25,68.82,62.8,71.6,-20.84,2.118,67.56
112,169,2220,-16.08,-17.25,-15.51,71.8,68.4,74.4,-20.79,2.117,67.55
112,169,2230,-15.91,-17.06,-14.93,67.75,65.16,69.68,-20.46,2.12,67.55
112,169,2240,-17.38,-17.97,-16.02,73.4,61.64,76.1,-20.74,2.121,67.55
112,169,2250,-17.79,-18.15,-16.09,71.5,62.99,76.8,-20.97,2.123,67.54
112,169,2300,-18.56,-18.65,-16.52,74.2,67.54,77.5,-21.33,2.124,67.54
112,169,2310,-18.88,-18.61,-16.96,73.2,68.62,77.9,-21.26,2.127,67.54
112,169,2320,-18.29,-16.95,-17.06,67.1,59.69,78.3,-21.41,2.128,67.53
112,169,2330,-19.01,-18.03,-16.59,73.8,62.85,75.1,-21.42,2.126,67.54
112,169,2340,-19.45,-19.01,-17.3,68.4,63.83,74.1,-21.74,2.132,67.54
112,169,2350,-20.68,-19.55,-18.22,70.3,63.05,79.2,-22.24,2.133,67.53
112,170,0,-21.51,-19.76,-18.63,73.3,63.94,80.4,-22.42,2.134,67.53
112,170,10,-21.78,-19.77,-18.67,73.4,60.97,79.8,-22.56,2.134,67.51
112,170,20,-20.58,-17.72,-18.53,71.6,57.42,77.5,-22.69,2.135,67.51
112,170,30,-20.096,-18.174,-17.809,69.482,55.127,73.459,-23.053,2.133,67.505
112,170,40,-21.213,-20.296,-18.278,70.013,61.46,70.629,-23.213,2.1368,67.504
112,170,50,-22.719,-21.834,-19.754,71.411,63.344,77.226,-23.546,2.1395,67.507
112,170,100,-23.615,-22.275,-20.257,73.048,62.183,80.562,-23.691,2.1417,67.502
112,170,110,-24.095,-22.973,-20.929,76.941,66.787,80.981,-23.924,2.1433,67.505
112,170,120,-24.682,-23.998,-22.067,76.562,68.14,79.273,-24.159,2.1454,67.505
112,170,130,-24.521,-24.041,-22.419,76.067,69.862,79.578,-24.364,2.1444,67.5
112,170,140,-24.203,-24.005,-22.33,76.784,71.709,79.619,-24.544,2.1435,67.495
112,170,150,-24.325,-23.83,-22.537,72.746,67.571,79.117,-24.77,2.1472,67.493
112,170,200,-25.122,-24.477,-22.859,72.068,66.532,81.05,-25.147,2.148,67.489
112,170,210,-26.181,-26.007,-22.581,75.172,70.188,82.378,-25.568,2.1484,67.484
112,170,220,-27.107,-27.282,-23.268,76.608,73.43,81.679,-26.125,2.1509,67.478
112,170,230,-27.287,-28.113,-23.389,78.114,75.048,83.34,-26.655,2.1506,67.469
112,170,240,-28.098,-28.522,-25.506,73.948,73.768,73.813,-27.081,2.1594,67.468
112,170,250,-28.239,-27.926,-27.151,72.908,71.971,78.414,-27.242,2.1585,67.458
112,170,300,-28.384,-28.425,-25.524,74.767,72.853,84.142,-27.537,2.1558,67.449
112,170,310,-28.53,-28.861,-24.716,75.025,73.632,81.525,-27.738,2.1554,67.447
112,170,320,-28.67,-29.402,-24.519,75.847,73.766,80.408,-27.97,2.1557,67.441
112,170,330,-29.457,-29.821,-27.422,72.232,72.164,70.71,-28.062,2.1656,67.444
112,170,340,-29.807,-30.163,-27.65,75.259,72.822,81.826,-28.156,2.1584,67.435
112,170,350,-29.207,-30.016,-25.258,75.805,74.806,78.731,-28.267,2.1598,67.425
112,170,400,-29.232,-29.749,-26.138,75.551,74.514,79.419,-28.352,2.1581,67.416
112,170,410,-29.17,-30.068,-24.696,78.052,76.3,81.454,-28.556,2.1555,67.407
112,170,420,-29.007,-29.871,-25.398,77.431,76.544,77.543,-28.628,2.1587,67.402
112,170,430,-29.039,-29.595,-27.59,74.244,74.702,74.296,-28.709,2.1618,67.398
112,170,440,-28.521,-28.773,-27.888,74.801,74.631,75.833,-28.464,2.16,67.397
112,170,450,-27.638,-28.014,-27.174,75.644,75.12,76.845,-28.098,2.1602,67.396
112,170,500,-27.092,-27.363,-26.796,75.475,75.641,76.576,-27.636,2.1577,67.395
112,170,510,-26.431,-26.603,-26.366,74.908,73.814,77.568,-27.194,2.1566,67.395
112,170,520,-26.219,-26.53,-25.733,73.909,72.093,78.262,-26.715,2.1556,67.395
112,170,530,-26.482,-26.896,-25.471,73.767,72.076,77.557,-26.043,2.1551,67.395
112,170,540,-26.108,-26.277,-25.492,74.341,72.812,77.536,-25.406,2.1537,67.389
112,170,550,-25.296,-25.247,-24.881,74.691,72.968,78.458,-24.838,2.1522,67.389
112,170,600,-24.419,-24.274,-24.29,75.002,72.519,78.131,-24.501,2.1495,67.386
112,170,610,-24.813,-24.891,-23.784,74.905,72.422,77.319,-24.241,2.1476,67.382
112,170,620,-24.347,-24.305,-24.052,75.028,72.922,76.193,-24.016,2.1468,67.375
112,170,630,-24.233,-24.277,-23.644,75.959,74.433,77.306,-24.125,2.1455,67.376
112,170,640,-23.651,-23.662,-23.145,75.91,73.788,77.029,-24.462,2.1448,67.381
112,170,650,-23.836,-24.093,-22.809,75.087,73.875,76.815,-24.834,2.1452,67.386
112,170,700,-23.706,-23.813,-22.636,74.788,72.699,76.598,-24.624,2.1456,67.382
112,170,710,-22.782,-22.671,-21.773,74.173,71.235,76.8,-24.421,2.1449,67.386
112,170,720,-21.896,-21.698,-21.328,72.869,69.258,75.564,-24.745,2.1434,67.378
112,170,730,-20.438,-20.432,-20.34,72.492,68.495,76.317,-24.454,2.1407,67.383
112,170,740,-20.017,-19.836,-19.375,70.767,68.393,74.839,-23.765,2.1371,67.385
112,170,750,-19.508,-19.209,-18.804,72.174,69.499,75.627,-22.666,2.1332,67.385
112,170,800,-18.179,-17.889,-17.921,72.312,68.181,74.985,-21.867,2.1315,67.382
112,170,810,-18.21,-17.773,-17.732,69.456,66.002,72.976,-21.434,2.131,67.383
112,170,820,-17.706,-17.284,-17.761,67.784,63.358,72.406,-21.157,2.1312,67.377
112,170,830,-16.647,-16.419,-17.289,66.868,60.697,72.003,-20.847,2.1313,67.377
112,170,840,-15.69,-15.621,-17.145,62.378,57.278,68.614,-20.501,2.1313,67.378
112,170,850,-17.358,-16.844,-18.655,61.198,57.213,67.384,-20.202,2.1315,67.37
112,170,900,-17.672,-17.594,-18.947,63.888,61.701,70.174,-19.845,2.1306,67.367
112,170,910,-17.268,-16.992,-18.334,63.861,60.799,69.867,-19.485,2.13,67.368
112,170,920,-18.049,-17.52,-18.273,63.725,61.008,68.538,-19.309,2.1293,67.365
112,170,930,-19.227,-18.808,-18.969,68.787,66.262,70.41,-19.216,2.1284,67.358
112,170,940,-18.624,-18.103,-18.714,69.204,66.501,71.02,-18.889,2.1275,67.358
112,170,950,-18.3,-17.723,-18.468,67.731,64.837,69.865,-18.572,2.1265,67.358
112,170,1000,-17.732,-17.154,-18.128,67.36,64.468,69.836,-18.274,2.1253,67.351
112,170,1010,-17.298,-16.644,-17.424,66.829,63.734,69.69,-17.776,2.124,67.343
112,170,1020,-16.833,-16.201,-16.644,64.906,61.601,67.214,-17.371,2.1227,67.34
112,170,1030,-16.844,-16.251,-16.487,66.027,63.24,67.224,-17.028,2.1213,67.337
112,170,1040,-16.435,-15.835,-16.274,65.758,63.111,67.654,-16.64,2.1197,67.338
112,170,1050,-16.293,-15.624,-15.903,66.417,63.588,67.728,-16.313,2.1179,67.334
112,170,1100,-16.355,-15.824,-15.981,67.819,65.165,68.173,-16.026,2.1165,67.331
112,170,1110,-16.268,-15.711,-16.238,69.69,67.328,70.942,-15.733,2.1147,67.331
112,170,1120,-16.03,-15.501,-16.116,69.389,67.288,70.965,-15.43,2.113,67.337
112,170,1130,-15.624,-15.105,-15.72,68.083,66.108,70.068,-15.041,2.1113,67.337
112,170,1140,-15.222,-14.741,-15.222,66.475,64.675,68.061,-14.672,2.1102,67.334
112,170,1150,-15.137,-14.646,-15.205,66.315,64.709,67.715,-14.472,2.1089,67.334
112,170,1200,-14.96,-14.474,-15.203,66.454,64.957,68.284,-14.211,2.1076,67.33
112,170,1210,-14.171,-13.636,-14.562,63.443,61.963,65.569,-13.609,2.1065,67.318
112,170,1220,-13.5,-12.781,-13.965,61.166,59.421,63.391,-13.244,2.1055,67.32
112,170,1230,-13.291,-12.413,-13.781,60.158,57.791,62.223,-12.814,2.1046,67.317
112,170,1240,-13.205,-12.289,-13.731,59.977,57.606,61.816,-12.823,2.1035,67.322
112,170,1250,-13.412,-12.7,-13.932,61.497,59.466,62.877,-12.809,2.1025,67.322
112,170,1300,-13.242,-12.549,-13.814,60.819,59.13,61.946,-12.646,2.1019,67.323
112,170,1310,-13.381,-12.932,-13.867,61.586,60.563,62.226,-12.595,2.101,67.327
112,170,1320,-13.598,-13.351,-14.024,62.45,62.538,62.453,-12.635,2.1006,67.319
112,170,1330,-13.48,-13.258,-13.896,64.253,64.344,64.095,-12.499,2.1,67.319
112,170,1340,-13.411,-13.21,-13.806,66.096,66.137,66.03,-12.354,2.0994,67.323
112,170,1350,-13.265,-13.008,-13.658,67.095,67.031,67.051,-12.204,2.0988,67.323
112,170,1400,-13.296,-13.093,-13.685,68.174,68.099,68.074,-12.14,2.0986,67.323
112,170,1410,-13.099,-12.819,-13.515,67.814,67.68,67.631,-11.978,2.098,67.323
112,170,1420,-12.832,-12.35,-13.366,66.29,65.524,66.493,-11.898,2.0976,67.319
112,170,1430,-12.876,-12.42,-13.382,66.407,65.765,66.496,-11.873,2.0974,67.319
112,170,1440,-12.802,-12.264,-13.349,66.193,65.389,66.199,-11.842,2.0971,67.318
112,170,1450,-12.706,-12.265,-13.198,66.629,66.122,66.529,-11.679,2.0964,67.311
112,170,1500,-12.517,-11.972,-13.067,65.887,65.037,65.931,-11.655,2.096,67.311
112,170,1510,-12.41,-11.898,-12.923,64.621,64.043,64.573,-11.602,2.0957,67.307
112,170,1520,-12.262,-11.778,-12.782,65.019,64.372,65.07,-11.454,2.0951,67.311
112,170,1530,-12.131,-11.669,-12.651,63.125,62.699,62.911,-11.36,2.0948,67.303
112,170,1540,-11.908,-11.46,-12.589,62.198,61.767,62.221,-11.158,2.0941,67.298
112,170,1550,-11.756,-11.306,-12.417,62.605,62.26,62.632,-11.132,2.0938,67.294
112,170,1600,-11.522,-11.142,-12.283,61.529,61.525,61.536,-11.056,2.0936,67.29
112,170,1610,-11.111,-10.886,-12.031,60.427,60.907,60.96,-10.921,2.0932,67.29
112,170,1620,-11.086,-10.877,-12.014,61.483,62.025,62.231,-10.956,2.0927,67.286
112,170,1630,-11.166,-10.843,-11.994,62.605,62.671,62.965,-10.942,2.0927,67.29
112,170,1640,-11.214,-10.868,-11.954,62.835,62.793,62.991,-11.014,2.0926,67.295
112,170,1650,-11.494,-11.077,-12.077,63.396,62.998,63.216,-11.164,2.0927,67.291
112,170,1700,-11.205,-10.807,-11.903,62.404,62.024,62.371,-11.085,2.0926,67.295
112,170,1710,-11.539,-11.084,-12.063,64.08,63.372,63.792,-11.325,2.0929,67.303
112,170,1720,-11.616,-11.153,-12.135,63.784,63.125,63.417,-11.449,2.093,67.308
112,170,1730,-11.598,-10.905,-11.954,64.713,62.817,63.65,-11.385,2.093,67.308
112,170,1740,-11.481,-10.896,-12.009,63.689,62.322,63.085,-11.474,2.0932,67.307
112,170,1750,-11.516,-11.037,-12.166,63.794,62.917,63.586,-11.639,2.0936,67.312
112,170,1800,-11.539,-11.057,-12.158,63.703,62.738,63.685,-11.782,2.0938,67.315
112,170,1810,-11.79,-11.244,-12.254,65.751,64.424,65.585,-11.968,2.0942,67.316
112,170,1820,-11.664,-11.081,-12.263,66.842,65.303,67.136,-12.015,2.0946,67.316
112,170,1830,-11.261,-10.997,-12.08,66.112,65.204,66.752,-12.078,2.0948,67.312
112,170,1840,-11.05,-11.028,-11.961,65.399,65.735,66.421,-12.265,2.0944,67.311
112,170,1850,-11.264,-11.356,-12.281,66.595,67.198,68.395,-12.504,2.0952,67.311
112,170,1900,-11.875,-11.851,-12.766,67.884,68.359,69.94,-12.829,2.0966,67.32
112,170,1910,-12.174,-12.075,-12.887,68.955,68.644,69.943,-13.064,2.098,67.323
112,170,1920,-12.399,-11.715,-12.341,68.359,65.914,66.682,-13.186,2.0983,67.319
112,170,1930,-12.884,-11.909,-12.564,68.333,63.933,65.837,-13.587,2.0991,67.323
112,170,1940,-13.432,-12.447,-13.136,69.924,65.403,67.376,-14.015,2.1012,67.319
112,170,1950,-13.984,-12.971,-13.572,71.285,66.252,69.321,-14.46,2.1025,67.323
112,170,2000,-14.537,-13.108,-14.058,71.863,64.179,70.888,-15.01,2.1041,67.323
112,170,2010,-14.843,-13.01,-14.531,72.598,63.457,71.09,-15.432,2.1059,67.319
112,170,2020,-15.317,-13.657,-15.063,72.476,62.882,72.189,-16.529,2.1072,67.323
112,170,2030,-15.346,-13.948,-15.539,72.297,64.596,73.991,-18.17,2.1082,67.327
112,170,2040,-15.425,-14.217,-15.849,71.257,64.719,74.184,-18.825,2.1099,67.323
112,170,2050,-15.681,-14.725,-16.151,70.158,64.715,73.501,-18.314,2.112,67.327
112,170,2100,-15.931,-15.28,-16.604,68.758,64.495,72.167,-17.92,2.1142,67.327
112,170,2110,-16.437,-15.837,-16.998,67.732,64.019,72.004,-17.884,2.1158,67.322
112,170,2120,-16.625,-16.475,-17.274,68.692,65.671,72.428,-18.186,2.1166,67.321
112,170,2130,-16.81,-16.933,-17.545,66.863,64.503,71.345,-18.533,2.1192,67.325
112,170,2140,-17.184,-17.262,-17.938,66.032,63.417,71.374,-18.847,2.1211,67.332
112,170,2150,-17.955,-17.817,-18.516,66.868,64.212,72.418,-19.171,2.1232,67.327
112,170,2200,-18.49,-18.538,-19.032,67.367,64.546,74.573,-19.553,2.1247,67.327
112,170,2210,-19.544,-19.639,-19.761,73.6,72.109,78.83,-19.903,2.1246,67.33
112,170,2220,-19.66,-19.893,-20.074,75.326,74.262,80.673,-20.25,2.1257,67.322
112,170,2230,-19.47,-20.118,-20.299,72.154,71.28,79.419,-20.767,2.1281,67.322
112,170,2240,-19.857,-20.553,-20.59,69.401,68.258,77.714,-21.215,2.131,67.322
112,170,2250,-20.771,-20.972,-21.1,67.824,65.757,75.478,-21.468,2.1338,67.316
112,170,2300,-21.991,-21.959,-21.919,70.958,68.052,76.345,-22.015,2.1359,67.316
112,170,2310,-22.325,-22.371,-22.353,73.056,70.463,77.01,-22.465,2.1372,67.319
112,170,2320,-22.453,-22.726,-22.494,73.387,71.06,77.786,-22.866,2.1377,67.315
112,170,2330,-22.724,-22.934,-22.763,73.738,70.927,77.554,-23.217,2.1392,67.314
112,170,2340,-23.024,-23.172,-23.147,72.726,68.834,78.077,-23.606,2.1413,67.325
112,170,2350,-23.896,-23.821,-23.732,73.488,69.262,77.963,-23.973,2.1436,67.324
112,171,0,-24.254,-24.239,-24.164,76.616,72.36,80.786,-24.338,2.1442,67.327
112,171,10,-24.541,-24.621,-24.615,75.279,71.625,79.288,-24.705,2.1465,67.323
112,171,20,-24.857,-24.984,-24.809,78.562,75.081,82.289,-24.946,2.146,67.326
112,171,30,-25.037,-25.115,-24.887,79.945,76.386,82.64,-25.156,2.1465,67.316
112,171,40,-25.087,-25.289,-25.025,80.716,77.09,83.633,-25.44,2.1472,67.319
112,171,50,-25.335,-25.53,-25.287,80.932,77.746,83.33,-25.701,2.1481,67.318
112,171,100,-26.056,-26.115,-25.966,78.379,75.034,80.067,-26.022,2.1514,67.314
112,171,110,-26.328,-26.434,-26.166,79.141,75.361,80.494,-26.292,2.1519,67.309
112,171,120,-26.677,-26.719,-26.394,79.19,75.215,80.337,-26.511,2.1533,67.312
112,171,130,-26.931,-27.011,-26.691,79.895,76.121,80.126,-26.782,2.1541,67.306
112,171,140,-27.134,-27.309,-27.101,78.798,75.428,79.363,-27.043,2.1561,67.302
112,171,150,-27.474,-27.649,-27.336,77.571,74.188,78.791,-27.294,2.1569,67.302
112,171,200,-27.563,-27.742,-27.397,77.619,74.713,78.139,-27.462,2.1573,67.3
112,171,210,-27.778,-27.942,-27.525,77.685,74.324,78.772,-27.689,2.1581,67.299
112,171,220,-27.923,-28.137,-27.689,76.685,73.495,78.066,-27.872,2.1596,67.306
112,171,230,-28.294,-28.449,-28.202,74.577,71.223,76.13,-28.126,2.162,67.31
112,171,240,-28.682,-28.846,-28.586,76.374,72.897,77.258,-28.293,2.1629,67.318
112,171,250,-28.848,-29.036,-28.59,78.635,75.71,78.283,-28.412,2.1624,67.314
112,171,300,-28.839,-29.126,-28.751,76.038,74.885,76.262,-28.445,2.1638,67.313
112,171,310,-28.85,-29.144,-28.665,76.754,75.483,76.942,-28.317,2.163,67.316
112,171,320,-29.046,-29.231,-28.962,74.855,73.427,75.003,-28.424,2.1652,67.32
112,171,330,-29.225,-29.502,-29.275,73.281,72.364,74.195,-28.513,2.1665,67.327
112,171,340,-29.373,-29.642,-29.53,72.779,72.154,73.838,-28.555,2.1665,67.326
112,171,350,-29.354,-29.599,-29.494,72.692,71.823,73.776,-28.588,2.1666,67.318
112,171,400,-29.142,-29.439,-29.125,73.336,72.374,74.33,-28.56,2.1655,67.317
112,171,410,-29.027,-29.341,-29.104,72.287,71.672,73.26,-28.565,2.1662,67.317
112,171,420,-28.923,-29.215,-29.039,71.541,70.911,73.153,-28.546,2.1662,67.325
112,171,430,-28.93,-29.142,-28.928,71.108,70.31,73.081,-28.524,2.1661,67.325
112,171,440,-28.717,-28.857,-28.414,72.529,71.374,73.985,-28.411,2.1645,67.325
112,171,450,-28.553,-28.672,-28.127,71.732,70.774,73.209,-28.494,2.1643,67.325
112,171,500,-28.5,-28.589,-28.118,71.324,70.602,72.378,-28.622,2.1648,67.325
112,171,510,-28.444,-28.516,-28.111,70.474,69.748,72.28,-28.571,2.1652,67.333
112,171,520,-28.237,-28.32,-27.692,71.644,70.932,73.225,-28.419,2.163,67.333
112,171,530,-27.797,-27.96,-27.207,71.673,71.156,73.101,-28.204,2.1616,67.333
112,171,540,-27.443,-27.626,-27.116,70.534,70.297,72.141,-27.998,2.1616,67.342
112,171,550,-27.403,-27.53,-27.207,69.314,69.192,71.28,-27.836,2.1628,67.342
112,171,600,-27.533,-27.548,-27.293,69.006,69.277,70.618,-27.662,2.163,67.342
112,171,610,-27.227,-27.271,-26.845,71.07,71.225,71.979,-27.369,2.1596,67.342
112,171,620,-26.4,-26.502,-26.182,70.671,70.762,71.767,-27.022,2.1582,67.342
112,171,630,-26.041,-26.112,-25.97,69.536,69.585,70.697,-26.718,2.1581,67.343
112,171,640,-25.259,-25.255,-25.743,69.525,69.576,70.133,-26.385,2.1596,67.343
112,171,650,-24.697,-24.719,-25.539,67.981,67.521,69.596,-26.223,2.1592,67.344
112,171,700,-24.521,-24.838,-25.288,68.601,68.024,70.471,-26.095,2.1587,67.345
112,171,710,-24.048,-24.512,-25.029,67.868,67.86,69.91,-26.585,2.1585,67.345
112,171,720,-23.297,-23.711,-24.472,68.998,68.774,70.615,-27.786,2.1581,67.35
112,171,730,-23.047,-23.505,-24.269,66.989,66.402,69.224,-28.138,2.157,67.358
112,171,740,-22.685,-23.209,-23.902,67.358,67.091,69.678,-28.095,2.1556,67.362
112,171,750,-22.9,-23.306,-23.883,66.856,66.424,69.503,-27.036,2.1533,67.366
112,171,800,-22.458,-22.837,-23.402,68.422,67.703,70.61,-26.014,2.1512,67.37
112,171,810,-21.219,-21.699,-22.3,69.004,68.43,71.302,-24.808,2.1494,67.374
112,171,820,-21.014,-21.128,-21.914,65.311,65.343,68.524,-24.066,2.1486,67.37
112,171,830,-21.328,-21.184,-22.093,65.425,64.736,68.53,-23.464,2.1469,67.378
112,171,840,-21.043,-20.946,-21.784,65.946,65.115,68.962,-22.884,2.1451,67.379
112,171,850,-19.976,-19.979,-20.94,69.084,67.406,70.884,-22.242,2.1432,67.381
112,171,900,-18.767,-18.768,-19.875,67.32,65.536,70.199,-21.647,2.1414,67.386
112,171,910,-17.822,-18.263,-18.861,68.517,65.366,71.101,-21.157,2.1398,67.394
112,171,920,-17.086,-17.864,-17.901,66.686,64.616,70.593,-20.692,2.1383,67.391
112,171,930,-17.055,-17.72,-17.581,65.11,63.759,68.859,-20.261,2.1369,67.393
112,171,940,-16.691,-17.259,-17.02,65.676,63.829,69.285,-19.792,2.1352,67.398
112,171,950,-16.188,-16.618,-16.72,65.544,63.487,68.675,-19.329,2.1332,67.403
112,171,1000,-15.546,-15.786,-16.307,62.887,61.46,66.52,-18.948,2.1309,67.405
112,171,1010,-16.094,-15.753,-16.979,62.191,59.733,66.036,-18.664,2.1286,67.41
112,171,1020,-16.535,-15.878,-17.234,63.629,60.155,67.537,-18.343,2.1263,67.415
112,171,1030,-16.724,-15.894,-17.308,65.869,61.675,69.261,-17.875,2.1239,67.418
112,171,1040,-16.811,-15.875,-17.155,66.916,62.586,69.301,-17.535,2.1223,67.423
112,171,1050,-17.196,-16.314,-17.386,68.895,65.275,70.695,-17.154,2.1212,67.424
112,171,1100,-17.006,-16.211,-17.167,68.868,66.078,70.299,-16.77,2.1197,67.425
112,171,1110,-16.965,-16.203,-17.091,68.626,66.251,70.061,-16.49,2.1187,67.431
112,171,1120,-16.708,-16.019,-16.83,68.373,66.287,69.719,-16.154,2.1173,67.431
112,171,1130,-16.397,-15.643,-16.409,67.585,64.813,68.756,-15.795,2.1159,67.431
112,171,1140,-16.184,-15.512,-16.3,67.175,64.852,68.111,-15.476,2.1147,67.432
112,171,1150,-15.576,-14.871,-15.844,65.04,62.933,66.106,-15.063,2.1132,67.432
112,171,1200,-15.183,-14.505,-15.523,63.647,61.402,64.717,-14.762,2.1123,67.432
112,171,1210,-14.181,-13.901,-14.841,60.534,58.256,62.303,-14.382,2.1114,67.432
112,171,1220,-13.943,-13.797,-14.68,57.77,56.596,60.676,-14.178,2.1106,67.436
112,171,1230,-12.939,-12.831,-13.691,54.594,53.656,57.794,-13.744,2.1097,67.441
112,171,1240,-12.647,-12.194,-13.231,53.671,52.737,56.703,-13.434,2.1087,67.446
112,171,1250,-12.656,-11.892,-12.984,54.078,52.15,56.602,-13.112,2.1076,67.451
112,171,1300,-11.22,-10.851,-11.421,48.823,47.279,50.911,-12.712,2.1061,67.452
112,171,1310,-10.613,-10.814,-11.349,46.517,47.068,49.815,-12.52,2.1049,67.452
112,171,1320,-11.22,-11.233,-11.735,48.321,48.911,50.467,-12.838,2.1043,67.462
112,171,1330,-11.249,-11.185,-11.691,48.389,49.091,49.954,-12.558,2.1041,67.463
112,171,1340,-10.193,-9.9902,-10.352,44.954,45.381,45.701,-12.156,2.103,67.472
112,171,1350,-8.7892,-8.3465,-8.7656,40.891,40.548,40.765,-11.739,2.1024,67.476
112,171,1400,-7.185,-6.5055,-7.582,36.711,35.033,38.397,-11.599,2.1012,67.481
112,171,1410,-5.143,-4.5997,-6.1048,31.371,30.261,32.638,-11.816,2.0999,67.49
112,171,1420,-6.751,-5.8264,-7.3236,35.553,33.189,35.934,-12.283,2.0992,67.496
112,171,1430,-10.709,-9.8628,-10.792,49.099,46.85,48.688,-12.68,2.0988,67.505
112,171,1440,-11.175,-10.609,-11.335,50.72,49.724,50.401,-12.095,2.099,67.501
112,171,1450,-10.198,-10.001,-10.459,47.095,47.401,47.299,-11.54,2.0984,67.509
112,171,1500,-10.711,-10.446,-11.066,51.013,51.473,51.23,-11.635,2.0985,67.514
112,171,1510,-11.115,-11,-11.668,53.207,54.412,53.85,-11.483,2.0984,67.517
112,171,1520,-10.976,-10.863,-11.545,53.825,54.981,54.524,-11.183,2.0979,67.526
112,171,1530,-10.948,-10.98,-11.666,54.193,56.122,55.599,-11.217,2.0976,67.529
112,171,1540,-10.834,-10.845,-11.515,52.912,54.719,54.056,-11.115,2.0971,67.532
112,171,1550,-10.746,-10.526,-11.235,52.656,53.608,53.084,-10.959,2.0964,67.531
112,171,1600,-10.686,-10.33,-11.069,51.385,51.767,51.199,-10.821,2.096,67.534
112,171,1610,-10.447,-10.125,-10.804,49.746,50.456,49.489,-10.811,2.0955,67.538
112,171,1620,-10.34,-10.401,-11.03,50.641,52.629,51.289,-11.002,2.0952,67.546
112,171,1630,-10.165,-10.288,-10.905,49.704,52.068,50.573,-10.954,2.095,67.554
112,171,1640,-10.17,-10.271,-10.915,51.145,53.315,52.119,-10.959,2.0947,67.553
112,171,1650,-10.183,-10.455,-11.112,53.605,56.395,55.362,-11.037,2.0945,67.562
112,171,1700,-10.583,-10.839,-11.45,57.37,60.074,59.192,-11.25,2.0946,67.566
112,171,1710,-10.5,-10.655,-11.252,58.032,60.182,59.546,-11.302,2.0946,67.57
112,171,1720,-10.502,-10.82,-11.453,58.831,61.677,61.113,-11.352,2.0945,67.578
112,171,1730,-10.825,-10.834,-11.428,61.328,62.737,62.414,-11.359,2.0944,67.578
112,171,1740,-10.916,-10.987,-11.593,63.366,64.901,64.711,-11.482,2.0943,67.59
112,171,1750,-11.284,-11.179,-11.839,65.961,66.972,66.819,-11.643,2.0946,67.594
112,171,1800,-11.869,-11.244,-12.139,69.656,68.146,68.979,-11.832,2.0949,67.602
112,171,1810,-12.131,-11.436,-12.312,71.671,69.596,70.681,-11.942,2.0952,67.618
112,171,1820,-12.173,-11.516,-12.332,71.822,69.877,70.804,-12.014,2.0956,67.618
112,171,1830,-12.265,-11.69,-12.395,72.262,70.572,71.244,-12.145,2.096,67.622
112,171,1840,-12.25,-11.917,-12.398,72.356,71.666,71.447,-12.273,2.0964,67.63
112,171,1850,-12.391,-12.019,-12.55,73.171,72.261,72.463,-12.429,2.0968,67.634
112,171,1900,-12.501,-12.066,-12.754,73.386,72.092,73.391,-12.559,2.0973,67.629
112,171,1910,-12.659,-12.073,-12.545,73.87,71.604,72.292,-12.758,2.0979,67.633
112,171,1920,-12.663,-12.53,-12.334,73.312,72.786,70.803,-12.873,2.0987,67.636
112,171,1930,-13.147,-12.75,-12.498,75.123,73.529,71.08,-13.099,2.0993,67.648
112,171,1940,-13.267,-12.88,-12.537,75.195,73.414,70.838,-13.26,2.0999,67.652
112,171,1950,-13.388,-13.151,-12.888,75.317,74.154,72.049,-13.576,2.1007,67.665
112,171,2000,-13.366,-12.933,-13.038,74.289,72.381,72.258,-13.841,2.1015,67.673
112,171,2010,-13.596,-12.795,-13.429,74.534,70.654,73.421,-14.19,2.1026,67.672
112,171,2020,-13.837,-12.808,-13.711,74.664,69.145,73.835,-14.896,2.1037,67.68
112,171,2030,-13.376,-12.576,-13.913,71.135,66.625,74.035,-16.392,2.1048,67.676
112,171,2040,-12.94,-12.137,-13.892,67.934,62.9,73.748,-17.279,2.1057,67.676
112,171,2050,-12.962,-12.047,-13.501,66.893,60.42,71.191,-16.956,2.1067,67.676
112,171,2100,-12.562,-12.035,-13.447,63.751,58.743,70.827,-16.506,2.1077,67.68
112,171,2110,-13.51,-12.991,-13.714,66.934,60.976,70.706,-16.622,2.1094,67.688
112,171,2120,-14.504,-14.483,-14.629,70.442,67.881,72.902,-16.792,2.1106,67.692
112,171,2130,-14.829,-14.935,-15.155,69.887,68.149,73.304,-17.088,2.1126,67.696
112,171,2140,-15.235,-15.768,-15.844,69.437,69.947,74.885,-17.431,2.1144,67.696
112,171,2150,-15.988,-16.522,-16.451,70.91,71.153,76.525,-17.815,2.1163,67.7
112,171,2200,-16.576,-17.373,-17.107,72.318,73.56,79.052,-18.534,2.1177,67.707
112,171,2210,-17.353,-18.107,-17.591,76.558,77.337,81.662,-19.05,2.1186,67.706
112,171,2220,-17.374,-18.492,-18.091,74.36,77.067,82.352,-19.131,2.1205,67.709
112,171,2230,-17.682,-18.761,-18.585,73.986,76.914,83.086,-19.576,2.1223,67.709
112,171,2240,-18.46,-19.545,-19.032,76.767,79.708,84.746,-20.205,2.1238,67.712
112,171,2250,-19.119,-20.124,-19.33,79.335,81.53,86.065,-20.821,2.1255,67.704
112,171,2300,-19.54,-20.409,-19.433,81.328,82.098,86.519,-20.767,2.1262,67.707
112,171,2310,-19.631,-20.275,-19.482,85.089,85.228,87.507,-19.932,2.125,67.705
112,171,2320,-19.427,-19.711,-19.353,90.648,89.791,87.719,-19.103,2.123,67.708
112,171,2330,-19.58,-19.565,-19.518,86.061,85.255,84.321,-19.413,2.1253,67.712
112,171,2340,-19.989,-19.77,-19.949,83.616,82.506,82.868,-20.375,2.1282,67.711
112,171,2350,-20.724,-20.603,-20.565,81.916,80.252,81.9,-21.674,2.1314,67.714
112,172,0,-21.364,-21.555,-21.056,82.377,81.077,82.364,-22.656,2.1328,67.714
112,172,10,-21.699,-22.202,-21.369,82.602,81.618,82.5,-23.071,2.1344,67.725
112,172,20,-22.418,-22.955,-21.794,81.682,80.965,81.775,-23.599,2.137,67.724
112,172,30,-23.116,-23.576,-22.328,81.042,80.366,81.067,-23.634,2.1392,67.731
112,172,40,-23.333,-23.7,-22.758,81.869,81.814,80.978,-23.507,2.1392,67.733
112,172,50,-23.508,-23.778,-23.032,81.226,81.079,80.673,-23.397,2.14,67.741
112,172,100,-23.534,-23.805,-23.087,81.19,81.231,80.702,-23.295,2.1403,67.74
112,172,110,-23.622,-23.952,-23.254,80.455,80.712,79.979,-23.424,2.1416,67.743
112,172,120,-23.8,-24.146,-23.411,80.562,80.747,80.166,-23.584,2.1419,67.749
112,172,130,-23.922,-24.256,-23.459,80.554,80.38,80.062,-23.859,2.1419,67.748
112,172,140,-23.927,-24.317,-23.428,80.562,80.527,80.089,-24.181,2.1422,67.748
112,172,150,-23.77,-24.229,-23.317,80.958,81,80.359,-24.478,2.1419,67.756
112,172,200,-23.799,-24.323,-23.296,80.314,80.44,79.853,-24.706,2.1427,67.752
112,172,210,-23.662,-24.276,-23.127,81.071,81.132,80.741,-24.586,2.141,67.75
112,172,220,-23.414,-24.192,-22.875,80.857,80.592,80.437,-24.411,2.1412,67.745
112,172,230,-23.425,-24.35,-22.805,80.634,80.329,80.422,-24.169,2.1408,67.744
112,172,240,-23.45,-24.348,-22.831,80.185,80.647,79.867,-24.141,2.1413,67.744
112,172,250,-23.289,-23.964,-22.852,80.57,80.839,79.988,-24.054,2.1409,67.744
112,172,300,-23.046,-23.699,-22.616,80.309,80.016,79.994,-24.068,2.1408,67.744
112,172,310,-23.302,-23.978,-22.782,79.68,79.418,79.113,-24.26,2.142,67.74
112,172,320,-23.393,-24.027,-22.871,79.69,79.24,79.233,-24.512,2.143,67.744
112,172,330,-23.621,-24.305,-23.061,79.134,78.849,78.792,-24.694,2.1442,67.744
112,172,340,-23.598,-24.287,-23.16,79.673,78.98,78.877,-24.778,2.1442,67.748
112,172,350,-23.622,-24.335,-23.175,79.36,78.219,78.761,-24.78,2.1449,67.752
112,172,400,-23.608,-24.296,-23.172,79.568,78.654,78.824,-24.478,2.1439,67.752
112,172,410,-23.715,-24.039,-23.329,80.17,79.171,78.861,-24.024,2.143,67.752
112,172,420,-23.558,-23.662,-23.258,81.839,80.531,80.073,-23.447,2.1408,67.756
112,172,430,-23.344,-23.35,-23.119,81.357,80.32,80.128,-23.465,2.1407,67.756
112,172,440,-23.39,-23.467,-23.122,80.59,80.378,79.967,-23.638,2.1413,67.764
112,172,450,-23.598,-23.857,-23.293,80.094,80.785,79.816,-23.83,2.142,67.768
112,172,500,-23.654,-24.002,-23.328,80.241,80.832,79.673,-23.824,2.1422,67.768
112,172,510,-23.716,-24.106,-23.371,79.992,81.033,79.574,-23.889,2.1425,67.776
112,172,520,-23.422,-23.827,-23.093,81.219,82.482,80.544,-23.631,2.1406,67.784
112,172,530,-23.438,-23.695,-23.233,81.451,82.083,80.558,-23.26,2.1422,67.784
112,172,540,-23.315,-23.476,-23.195,81.243,81.511,80.216,-23.094,2.1433,67.784
112,172,550,-23.336,-23.367,-23.417,80.821,80.885,79.83,-23.011,2.145,67.788
112,172,600,-23.014,-22.948,-23.15,80.803,80.676,80.172,-22.474,2.1446,67.793
112,172,610,-22.965,-22.867,-22.948,80.734,80.394,80.226,-22.336,2.1434,67.797
112,172,620,-22.544,-22.642,-22.456,81.969,81.215,81.003,-22.052,2.1403,67.801
112,172,630,-21.564,-21.869,-21.677,82.796,81.655,81.233,-22.126,2.1399,67.805
112,172,640,-20.937,-21.246,-21.202,82.685,81.064,80.776,-22.109,2.1395,67.81
112,172,650,-20.801,-21.095,-21.101,82.446,80.758,80.427,-21.98,2.14,67.808
112,172,700,-20.164,-20.566,-20.56,83.24,80.465,80.915,-22.156,2.1403,67.816
112,172,710,-19.943,-20.485,-20.391,82.26,79.409,79.911,-22.419,2.1414,67.817
112,172,720,-19.864,-20.219,-20.344,81.827,80.022,80.122,-22.695,2.1423,67.817
112,172,730,-19.494,-19.124,-19.967,80.733,79.335,79.132,-23.265,2.1456,67.814
112,172,740,-18.622,-17.728,-19.611,80.047,77.573,78.036,-23.686,2.1445,67.815
112,172,750,-19.355,-18.377,-20.244,77.189,75.603,77.178,-23.371,2.144,67.82
112,172,800,-19.662,-18.812,-20.458,78.582,76.515,77.987,-22.398,2.1441,67.825
112,172,810,-19.212,-18.385,-20.056,76.995,74.865,77.937,-21.051,2.1423,67.829
112,172,820,-19.699,-18.911,-20.106,77.72,75.538,78.181,-20.672,2.1401,67.837
112,172,830,-19.542,-19.085,-19.908,78.716,76.095,78.425,-20.15,2.1397,67.837
112,172,840,-19.023,-18.942,-19.4,78.985,75.699,78.609,-19.58,2.1396,67.838
112,172,850,-19.021,-19.286,-19.331,77.522,75.407,77.805,-18.948,2.1397,67.838
112,172,900,-18.763,-19.021,-19.039,79.269,77.65,79.481,-18.452,2.1398,67.843
112,172,910,-17.821,-18.086,-18.125,79.583,77.403,79.736,-18.038,2.1395,67.844
112,172,920,-17.468,-17.85,-17.826,78.939,77.076,79.305,-17.703,2.1404,67.844
112,172,930,-16.914,-17.299,-17.23,79.214,77.757,79.996,-17.072,2.1382,67.845
112,172,940,-16.553,-16.901,-16.831,78.398,77.351,79.584,-16.589,2.1375,67.845
112,172,950,-15.951,-16.291,-16.303,78.304,76.982,79.461,-16.113,2.1369,67.846
112,172,1000,-15.523,-15.838,-15.936,78.218,77.461,79.387,-15.675,2.135,67.848
112,172,1010,-15.204,-15.487,-15.562,78.213,78.045,79.58,-15.362,2.1333,67.849
112,172,1020,-14.816,-15.1,-15.182,78.181,78.329,79.491,-15.083,2.1306,67.853
112,172,1030,-14.728,-14.964,-15.085,78.41,78.833,79.77,-14.84,2.1293,67.854
112,172,1040,-14.993,-14.95,-15.159,79.112,79.266,79.776,-14.527,2.1276,67.856
112,172,1050,-15.267,-15.018,-15.427,80.629,80.086,80.698,-14.057,2.126,67.865
112,172,1100,-15.271,-15.05,-15.422,81.079,80.365,80.955,-14.015,2.1136,67.865
112,172,1110,-15.183,-14.991,-15.355,80.986,80.441,80.93,-14.01,2.0854,67.865
113,172,1800,-12.575,-12.292,-13.017,74.789,74.146,75.455,-11.681,2.1078,67.906,-17.214
113,172,1810,-12.635,-12.239,-13.05,75.06,73.807,75.671,-11.787,2.1082,67.911,-17.162
113,172,1820,-12.647,-12.268,-13.093,75.17,74.008,75.725,-11.771,2.1085,67.908,-17.138
113,172,1830,-12.741,-12.413,-13.184,75.249,74.342,75.809,-11.891,2.1088,67.912,-17.228
113,172,1840,-12.846,-12.579,-13.27,75.804,75.472,76.279,-11.975,2.109,67.912,-17.345
113,172,1850,-12.797,-12.543,-13.283,76.028,75.807,76.742,-11.956,2.109,67.911,-17.551
113,172,1900,-12.991,-12.71,-13.517,76.914,76.455,77.772,-12.217,2.1091,67.911,-17.888
113,172,1910,-13.049,-12.668,-13.557,77.513,76.249,77.854,-12.388,2.1095,67.915,-17.875
113,172,1920,-13.064,-12.762,-13.414,77.558,76.396,77.008,-12.538,2.1098,67.918,-17.597
113,172,1930,-13.097,-12.818,-13.369,77.316,76.228,76.325,-12.751,2.1101,67.923,-17.527
113,172,1940,-13.271,-13.112,-13.586,77.459,76.685,76.83,-13.145,2.1109,67.927,-17.956
113,172,1950,-13.252,-13.058,-13.61,78.117,77.433,77.491,-12.642,2.1104,67.923,-17.946
113,172,2000,-13.293,-12.98,-13.674,78.932,77.563,78.513,-12.681,2.1106,67.927,-18.142
113,172,2010,-13.162,-12.793,-13.616,79.429,77.696,79.308,-12.566,2.1099,67.931,-18.051
113,172,2020,-13.051,-12.729,-13.534,79.974,78.397,80.193,-12.726,2.1094,67.931,-17.872
113,172,2030,-12.742,-12.392,-13.259,80.224,78.699,80.451,-12.358,2.1084,67.935,-17.361
113,172,2040,-12.482,-12.087,-13.062,79.683,78.226,80.15,-11.906,2.1082,67.943,-17.291
113,172,2050,-13,-12.826,-13.425,81.802,81.166,81.893,-12.254,2.1091,67.947,-18.043
113,172,2100,-13.209,-13.099,-13.58,83.015,82.701,82.995,-12.363,2.1098,67.951,-18.057
113,172,2110,-13.182,-13.057,-13.528,83.66,83.361,83.539,-12.247,2.1098,67.959,-17.612
113,172,2120,-13.166,-13.065,-13.502,83.511,83.107,83.357,-12.396,2.11,67.959,-17.332
113,172,2130,-13.036,-12.927,-13.415,83.602,83.228,83.454,-12.113,2.1096,67.963,-16.952
113,172,2140,-13.063,-12.956,-13.4,84.014,83.703,83.849,-12.266,2.1088,67.959,-16.805
113,172,2150,-12.996,-12.891,-13.337,84.098,83.854,83.941,-12.176,2.1082,67.955,-16.563
113,172,2200,-12.706,-12.607,-13.171,83.29,83.155,83.439,-11.809,2.1075,67.955,-16.271
113,172,2210,-12.514,-12.393,-13.029,82.781,82.649,83.1,-11.533,2.1063,67.955,-16.443
113,172,2220,-12.91,-12.795,-13.323,83.976,83.761,84.006,-11.949,2.1065,67.955,-17.15
113,172,2230,-13.356,-13.292,-13.677,84.792,84.692,84.627,-12.478,2.1061,67.955,-17.678
113,172,2240,-13.724,-13.7,-14.026,84.625,84.523,84.483,-13.196,2.1055,67.955,-18.061
113,172,2250,-14.304,-14.313,-14.519,84.255,83.946,84.298,-14.411,2.1073,67.963,-18.709
113,172,2300,-14.657,-14.672,-14.904,83.743,83.558,83.709,-14.38,2.1086,67.963,-19.148
113,172,2310,-14.849,-14.803,-15.124,84.437,84.174,84.368,-14.097,2.1074,67.962,-19.258
113,172,2320,-14.898,-14.819,-15.188,84.795,84.509,84.68,-13.975,2.1068,67.961,-19.118
113,172,2330,-15.204,-15.133,-15.468,84.235,83.924,84.048,-14.473,2.1081,67.96,-19.523
113,172,2340,-16.125,-16.116,-16.281,83.555,82.979,83.636,-16.321,2.1121,67.959,-20.854
113,172,2350,-17.55,-17.611,-17.544,82.894,82.082,83.213,-18.287,2.1186,67.955,-22.877
113,173,0,-18.523,-18.619,-18.437,83.777,82.943,84.225,-19.055,2.1219,67.963,-23.866
113,173,10,-19.512,-19.696,-19.319,83.903,83.311,84.521,-19.847,2.1254,67.962,-24.743
113,173,20,-20.193,-20.388,-19.941,83.982,83.525,84.544,-20.385,2.1279,67.952,-25.105
113,173,30,-20.698,-20.897,-20.47,83.596,83.129,84.338,-20.937,2.1305,67.952,-25.352
113,173,40,-21.197,-21.399,-20.909,83.827,83.234,84.681,-21.467,2.1324,67.959,-25.506
113,173,50,-21.424,-21.574,-21.207,82.368,81.427,83.444,-21.631,2.1344,67.953,-25.727
113,173,100,-21.703,-21.818,-21.489,81.804,80.72,82.854,-21.76,2.1354,67.956,-26.051
113,173,110,-21.703,-21.737,-21.514,81.356,80.216,82.038,-21.652,2.1354,67.955,-25.81
113,173,120,-21.714,-21.758,-21.598,81.225,80.011,81.921,-21.52,2.135,67.958,-25.751
113,173,130,-20.998,-20.994,-20.919,83.737,82.91,83.845,-20.473,2.1305,67.953,-24.094
113,173,140,-19.743,-19.672,-19.831,84.167,83.495,84.029,-19.03,2.1258,67.943,-22.114
113,173,150,-19.229,-19.166,-19.352,84.61,84.056,84.359,-18.325,2.1233,67.947,-21.501
113,173,200,-19.005,-19.028,-19.089,85.744,85.638,85.229,-18.007,2.1216,67.947,-20.959
113,173,210,-18.52,-18.582,-18.594,86.554,86.547,86.052,-17.818,2.119,67.947,-19.801
113,173,220,-18.161,-18.227,-18.192,86.062,86.018,85.618,-18.007,2.1182,67.948,-19.1
113,173,230,-18.016,-18.078,-18.07,85.965,85.922,85.494,-17.929,2.1179,67.952,-18.99
113,173,240,-18.102,-18.174,-18.162,85.714,85.684,85.19,-17.83,2.1177,67.953,-19.251
113,173,250,-17.805,-17.863,-17.869,86.104,86.033,85.634,-17.593,2.1159,67.958,-18.703
113,173,300,-17.597,-17.691,-17.598,86.077,86.09,85.578,-17.779,2.1148,67.966,-18.299
113,173,310,-17.812,-17.902,-17.842,85.727,85.849,85.182,-17.971,2.117,67.963,-18.905
113,173,320,-18.505,-18.569,-18.59,85.215,85.417,84.758,-18.456,2.12,67.963,-20.417
113,173,330,-19.205,-19.267,-19.308,84.747,84.993,84.244,-18.977,2.1224,67.971,-21.691
113,173,340,-19.936,-19.98,-20.079,83.778,84.054,83.22,-19.471,2.1268,67.975,-23.004
113,173,350,-20.296,-20.316,-20.433,84.146,84.446,83.544,-19.409,2.1276,67.974,-23.253
113,173,400,-19.809,-19.779,-19.999,84.046,84.212,83.548,-18.85,2.1251,67.977,-22.338
113,173,410,-19.625,-19.661,-19.745,84.419,84.724,83.765,-18.803,2.1234,67.976,-21.799
113,173,420,-19.591,-19.611,-19.729,84.276,84.62,83.563,-18.614,2.1227,67.976,-21.6
113,173,430,-19.606,-19.611,-19.733,84.345,84.677,83.643,-18.602,2.1235,67.975,-21.475
113,173,440,-19.647,-19.653,-19.782,84.549,84.886,83.853,-18.56,2.1214,67.979,-21.434
113,173,450,-19.598,-19.611,-19.739,84.302,84.724,83.59,-18.578,2.1213,67.975,-21.349
113,173,500,-19.812,-19.843,-19.962,84.103,84.598,83.37,-18.771,2.1235,67.975,-21.736
113,173,510,-20.144,-20.163,-20.259,83.773,84.261,83.072,-19.291,2.1271,67.983,-22.22
113,173,520,-20.483,-20.513,-20.594,83.677,84.104,82.983,-19.66,2.1265,67.987,-22.657
113,173,530,-20.594,-20.631,-20.707,82.817,83.343,82.101,-19.832,2.1275,67.991,-22.851
113,173,540,-21.201,-21.243,-21.286,82.499,82.882,81.897,-20.759,2.1289,67.995,-23.737
113,173,550,-21.29,-21.353,-21.334,82.746,83.184,82.186,-21.015,2.129,67.991,-23.52
113,173,600,-21.3,-21.326,-21.4,82.384,82.932,81.775,-20.747,2.1291,67.987,-23.547
113,173,610,-21.567,-21.58,-21.656,82.089,82.572,81.458,-20.922,2.1302,67.995,-24
113,173,620,-21.884,-21.897,-21.988,82.038,82.617,81.37,-21.012,2.1318,68.003,-24.436
113,173,630,-21.677,-21.659,-21.823,82.692,83.285,82.173,-20.696,2.1308,67.998,-23.867
113,173,640,-21.498,-21.485,-21.629,82.121,82.754,81.767,-21.082,2.131,67.994,-23.621
113,173,650,-21.487,-21.402,-21.631,81.491,82.099,81.287,-21.274,2.1326,68.002,-23.966
113,173,700,-21.754,-21.642,-21.869,80.929,81.542,80.703,-21.606,2.1338,68.006,-24.732
113,173,710,-22.201,-22.068,-22.305,81.025,81.577,80.599,-21.771,2.1356,68.01,-25.555
113,173,720,-22.239,-22.082,-22.359,81.047,81.617,80.683,-21.904,2.1355,68.01,-25.536
113,173,730,-22.178,-22.019,-22.301,81.775,82.239,81.384,-21.813,2.1348,68.006,-25.154
113,173,740,-21.406,-21.139,-21.625,82.612,82.809,82.26,-21.565,2.1335,68.005,-23.954
113,173,750,-20.841,-20.472,-21.077,82.106,81.693,81.815,-20.922,2.1324,68.014,-23.364
113,173,800,-20.623,-20.283,-20.842,82.447,81.391,82.01,-20.453,2.1308,68.014,-23.104
113,173,810,-20.057,-19.665,-20.324,82.634,80.701,82.176,-19.533,2.1294,68.018,-22.428
113,173,820,-19.798,-19.373,-20.079,82.554,80.026,81.979,-19.012,2.1284,68.019,-22.235
113,173,830,-19.823,-19.562,-20.049,82.666,80.802,82.132,-19.329,2.1269,68.023,-22.192
113,173,840,-19.626,-19.451,-19.85,83.08,81.452,82.542,-19.469,2.1259,68.032,-21.724
113,173,850,-19.183,-19.003,-19.505,82.83,80.858,82.691,-19.229,2.1255,68.032,-21.186
113,173,900,-18.511,-18.254,-18.953,82.408,79.749,82.378,-18.77,2.1247,68.036,-20.527
113,173,910,-18.096,-17.859,-18.634,81.808,79.024,81.96,-18.596,2.1242,68.036,-20.43
113,173,920,-18.344,-18.159,-18.754,81.338,79.045,81.213,-19.004,2.1245,68.036,-21.085
113,173,930,-18.166,-17.966,-18.594,81.133,78.982,80.946,-18.892,2.1248,68.036,-21.013
113,173,940,-17.381,-17.103,-17.932,80.123,78.284,79.977,-17.864,2.1238,68.037,-20.209
113,173,950,-17.223,-16.934,-17.764,78.95,77.286,78.119,-17.617,2.1233,68.039,-20.595
113,173,1000,-17.168,-16.897,-17.687,79.446,78.011,78.386,-17.32,2.1221,68.043,-20.736
113,173,1010,-17.008,-16.774,-17.497,79.424,78.246,78.544,-17.192,2.1212,68.052,-20.595
113,173,1020,-16.699,-16.475,-17.29,79.385,78.491,78.457,-16.329,2.1198,68.052,-20.354
113,173,1030,-16.646,-16.474,-17.154,79.537,78.995,79.175,-16.642,2.1182,68.053,-20.185
113,173,1040,-16.498,-16.38,-16.986,79.864,79.421,79.511,-16.61,2.1176,68.054,-19.834
113,173,1050,-15.985,-15.829,-16.507,80.527,79.806,80.395,-16.191,2.1156,68.058,-18.841
113,173,1100,-15.487,-15.332,-16.031,80.16,78.97,80.012,-16.07,2.1151,68.059,-18.27
113,173,1110,-15.069,-14.971,-15.621,80.434,79.387,81.68,-15.59,2.114,68.068,-17.9
113,173,1120,-14.107,-13.786,-14.492,79.831,78.22,82.736,-14.414,2.1122,68.072,-15.871
113,173,1130,-13.538,-13.267,-14.016,78.962,76.765,81.744,-13.993,2.1115,68.068,-15.376
113,173,1140,-13.381,-13.192,-13.962,79.2,77.281,82.038,-14.29,2.1104,68.072,-15.713
113,173,1150,-13.42,-13.262,-14.033,79.7,77.338,82.098,-14.648,2.1097,68.077,-16.188
113,173,1200,-12.966,-12.797,-13.725,80.08,76.805,82.257,-14.38,2.1089,68.082,-15.879
113,173,1210,-12.797,-12.607,-13.428,78.759,76.214,82.291,-14.18,2.1085,68.092,-15.29
113,173,1220,-12.647,-12.571,-13.023,78.175,76.8,82.471,-13.967,2.1077,68.096,-14.392
113,173,1230,-12.333,-12.178,-12.625,78.88,77.135,82.942,-13.858,2.1066,68.1,-13.572
113,173,1240,-12.615,-12.179,-13.027,77.698,75.822,80.546,-13.483,2.1053,68.101,-14.988
113,173,1250,-13.3,-12.548,-14.328,79.92,77.673,82.248,-13.168,2.104,68.105,-17.688
113,173,1300,-13.33,-12.53,-14.31,80.637,78.206,82.862,-13.014,2.1035,68.105,-17.766
113,173,1310,-13.183,-12.35,-14.251,80.019,77.323,82.464,-12.853,2.1033,68.106,-17.852
113,173,1320,-13.09,-12.28,-14.098,80.544,77.867,82.784,-12.664,2.103,68.114,-17.59
113,173,1330,-12.89,-12.141,-13.792,81.8,78.766,83.305,-12.443,2.1022,68.119,-16.925
113,173,1340,-12.701,-11.955,-13.547,81.996,78.83,83.237,-12.262,2.1017,68.127,-16.566
113,173,1350,-12.642,-11.924,-13.472,82.004,78.612,83.174,-12.265,2.1014,68.132,-16.543
113,173,1400,-12.642,-11.987,-13.473,82.242,78.692,83.231,-12.197,2.1015,68.132,-16.614
113,173,1410,-12.364,-11.719,-13.124,82.73,78.126,82.987,-11.724,2.1012,68.137,-15.943
113,173,1420,-12.297,-11.692,-13.038,82.653,77.259,82.544,-11.804,2.1022,68.141,-15.866
113,173,1430,-12.21,-11.81,-12.917,83.618,78.952,83.586,-10.897,2.1023,68.145,-15.668
113,173,1440,-11.935,-11.545,-12.561,83.444,78.873,83.63,-10.808,2.1011,68.145,-16.066
113,173,1450,-11.741,-11.612,-12.338,82.967,79.119,83.472,-10.937,2.1009,68.149,-15.389
113,173,1500,-11.421,-11.46,-12.068,82.123,77.952,83.378,-10.971,2.1005,68.149,-14.603
113,173,1510,-11.124,-11.293,-11.978,81.311,77.927,82.412,-11.248,2.0993,68.149,-14.256
113,173,1520,-11.019,-11.118,-11.812,80.924,77.474,81.994,-11.334,2.0985,68.149,-13.681
113,173,1530,-10.838,-10.939,-11.646,80.765,77.305,81.985,-11.183,2.0975,68.149,-13.371
113,173,1540,-10.939,-11.031,-11.895,80.905,77.023,82.004,-11.283,2.0968,68.145,-13.896
113,173,1550,-10.987,-10.981,-12.047,80.894,76.733,81.688,-11.156,2.0967,68.153,-14.096
113,173,1600,-11.181,-11.026,-12.108,81.23,76.59,81.621,-11.139,2.0966,68.153,-14.142
113,173,1610,-11.246,-11.007,-12.001,80.24,76.194,81.18,-11.037,2.0965,68.161,-13.989
113,173,1620,-11.643,-11.065,-12.004,80.659,76.21,81.155,-11.105,2.0966,68.161,-14.234
113,173,1630,-11.687,-11.166,-12.029,80.5,76.229,80.732,-11.309,2.0965,68.17,-14.308
113,173,1640,-11.472,-11.361,-11.964,80.043,77.398,80.498,-11.274,2.0962,68.17,-14.1
113,173,1650,-11.589,-11.435,-12.066,79.617,77.384,80.573,-11.311,2.096,68.178,-14.215
113,173,1700,-11.68,-11.639,-12.158,79.782,77.932,80.522,-11.374,2.096,68.182,-14.458
113,173,1710,-11.725,-11.751,-12.284,79.399,78.318,80.37,-11.445,2.0958,68.19,-14.711
113,173,1720,-11.79,-11.682,-12.269,79.284,77.92,80.326,-11.511,2.0958,68.194,-14.684
113,173,1730,-12.152,-11.774,-12.33,80.724,78.341,80.836,-11.505,2.0958,68.194,-14.791
113,173,1740,-11.893,-11.623,-12.164,80.168,78.156,80.708,-11.497,2.0956,68.202,-14.502
113,173,1750,-11.964,-11.692,-12.296,79.861,78.223,80.993,-11.581,2.0956,68.21,-14.809
113,173,1800,-11.804,-11.73,-12.279,78.907,78.057,80.315,-11.791,2.0956,68.214,-14.767
113,173,1810,-11.656,-11.731,-12.249,78.169,78.175,80.219,-11.907,2.0957,68.222,-14.7
113,173,1820,-11.842,-12.046,-12.451,78.599,79.14,80.616,-12.125,2.096,68.23,-15.067
113,173,1830,-11.913,-12.225,-12.557,78.723,79.988,81.1,-12.229,2.0962,68.234,-15.149
113,173,1840,-12.037,-12.422,-12.621,79.001,80.625,81.087,-12.35,2.0965,68.238,-15.243
113,173,1850,-12.062,-12.582,-12.78,78.941,81.299,81.671,-12.44,2.0968,68.243,-15.469
113,173,1900,-12.062,-12.594,-12.913,78.924,81.327,82.49,-12.455,2.097,68.247,-15.646
113,173,1910,-12.289,-12.536,-12.758,79.756,80.902,81.878,-12.526,2.0973,68.247,-15.334
113,173,1920,-12.536,-12.558,-12.445,80.529,80.427,80.132,-12.623,2.0976,68.251,-14.841
113,173,1930,-12.749,-12.624,-12.403,80.801,79.949,79.421,-12.752,2.0983,68.255,-14.868
113,173,1940,-12.755,-12.679,-12.387,80.146,79.331,78.644,-12.913,2.0988,68.259,-14.932
113,173,1950,-12.964,-12.787,-12.556,79.863,78.637,78.329,-13.191,2.0997,68.263,-15.378
113,173,2000,-13.172,-12.723,-12.786,79.809,77.222,78.343,-13.477,2.1005,68.267,-15.877
113,173,2010,-13.418,-12.497,-13.059,79.776,75.041,78.662,-13.751,2.1015,68.271,-16.428
113,173,2020,-13.8,-12.773,-13.617,80.405,74.979,79.953,-14.279,2.1026,68.271,-17.493
113,173,2030,-14.027,-13.159,-14.205,79.609,74.881,81.004,-15.63,2.104,68.279,-18.678
113,173,2040,-14.343,-13.57,-14.628,79.886,75.499,82.039,-16.536,2.1049,68.279,-19.534
113,173,2050,-14.267,-13.902,-14.549,80.768,77.996,82.678,-16.208,2.1044,68.283,-19.286
113,173,2100,-14.325,-14.131,-14.673,78.157,76.197,80.653,-15.914,2.1066,68.283,-19.412
113,173,2110,-14.36,-14.246,-14.622,76.79,74.974,79.226,-15.902,2.1078,68.291,-19.209
113,173,2120,-15.012,-14.88,-15.3,76.848,75.148,79.587,-16.216,2.11,68.295,-20.535
113,173,2130,-15.448,-15.301,-15.755,77.244,75.208,80.456,-16.489,2.1115,68.299,-21.248
113,173,2140,-15.937,-15.685,-16.159,77.731,75.316,80.666,-16.844,2.1129,68.302,-22.088
113,173,2150,-16.259,-16.131,-16.466,78.571,76.201,81.693,-17.135,2.1139,68.298,-22.599
113,173,2200,-16.413,-16.575,-16.639,78.925,77.348,82.153,-17.444,2.1147,68.302,-22.824
113,173,2210,-16.358,-16.855,-16.637,77.012,76.916,80.757,-17.74,2.1161,68.306,-22.628
113,173,2220,-17.025,-17.372,-17.321,77.503,76.604,82.168,-18.15,2.1181,68.305,-23.731
113,173,2230,-17.464,-17.846,-17.79,77.892,76.788,83.437,-18.552,2.1197,68.308,-24.353
113,173,2240,-17.727,-18.116,-17.909,79.348,77.82,84.184,-18.905,2.1203,68.308,-24.376
113,173,2250,-18.287,-18.525,-18.447,75.667,73.66,80.175,-19.372,2.1242,68.308,-25.498
113,173,2300,-18.74,-18.729,-18.867,76.422,73.342,80.698,-19.677,2.1253,68.312,-26.08
113,173,2310,-19.045,-19.078,-19.12,75.64,72.665,79.764,-19.402,2.1272,68.312,-26.427
113,173,2320,-19.56,-19.379,-19.578,76.598,72.494,80.535,-20.353,2.1286,68.315,-27.117
113,173,2330,-20.212,-19.947,-20.002,79.552,74.303,83.319,-20.861,2.1296,68.319,-27.511
113,173,2340,-20.547,-20.315,-20.326,82.394,77.857,84.608,-20.572,2.129,68.323,-27.655
113,173,2350,-20.546,-20.34,-20.369,83.681,79.467,85.918,-20.597,2.1286,68.322,-27.13
113,174,0,-21.047,-20.868,-20.883,83.85,80.678,84.63,-21.191,2.1323,68.321,-27.465
113,174,10,-21.405,-21.124,-21.127,85.156,80.398,85.877,-21.484,2.133,68.324,-27.337
113,174,20,-21.436,-21.412,-21.031,85.256,82.543,84.856,-21.254,2.1334,68.323,-25.901
113,174,30,-21.769,-21.679,-21.447,84.555,81.999,83.413,-21.111,2.1344,68.329,-26.418
113,174,40,-21.271,-21.289,-21.055,84.889,83.234,83.733,-21.074,2.1325,68.333,-25.397
113,174,50,-21.831,-21.878,-21.522,82.801,80.527,81.722,-21.988,2.1356,68.336,-26.123
113,174,100,-22.79,-22.679,-22.396,80.7,78.934,78.888,-22.391,2.1395,68.336,-27.475
113,174,110,-23.56,-23.447,-23.317,81.397,79.933,79.459,-22.391,2.1408,68.343,-28.555
113,174,120,-23.423,-23.442,-23.262,84.992,84.061,82.418,-21.987,2.1377,68.341,-27.547
113,174,130,-22.629,-22.751,-22.572,85.573,85.918,83.122,-21.612,2.135,68.341,-25.557
113,174,140,-22.226,-22.392,-22.134,86.879,86.791,83.623,-21.981,2.1341,68.341,-24.353
113,174,150,-22.341,-22.48,-22.108,84.086,83.327,81.408,-22.762,2.1362,68.34,-24.229
113,174,200,-22.834,-22.884,-22.419,81.206,79.911,79.829,-23.689,2.1399,68.339,-24.87
113,174,210,-23.235,-23.421,-22.68,79.898,77.602,78.478,-24.222,2.1445,68.342,-25.407
113,174,220,-24.09,-24.098,-23.55,78.206,76.05,76.329,-24.554,2.1492,68.341,-27.164
113,174,230,-24.832,-24.862,-24.196,78.461,76.06,77.246,-24.651,2.1489,68.341,-27.99
113,174,240,-25.156,-25.291,-24.587,78.129,76.833,76.687,-24.467,2.1493,68.336,-28.373
113,174,250,-24.937,-25.015,-24.64,78.53,77.369,77.567,-24.841,2.1487,68.332,-27.965
113,174,300,-24.73,-24.95,-24.206,78.785,77.063,78.513,-25.13,2.1478,68.332,-26.775
113,174,310,-24.747,-25.113,-24.047,78.876,77.482,78.457,-24.432,2.1485,68.336,-26.244
113,174,320,-24.338,-24.601,-23.802,78.369,76.382,77.423,-24.789,2.1496,68.33,-25.509
113,174,330,-24.344,-24.591,-23.886,78.14,76.348,77.649,-25.076,2.1474,68.325,-25.82
113,174,340,-24.463,-24.822,-23.996,78.001,76.453,77.617,-25.269,2.1494,68.329,-26.052
113,174,350,-25.089,-25.46,-24.67,76.086,75.273,75.192,-24.967,2.1526,68.329,-27.312
113,174,400,-25.247,-25.375,-24.801,76.78,75.612,76.256,-25.177,2.1522,68.329,-27.197
113,174,410,-25.369,-25.45,-24.839,76.654,75.435,76.358,-25.166,2.1526,68.328,-27.195
113,174,420,-25.062,-25.157,-24.638,76.703,75.084,77.021,-24.904,2.1547,68.328,-26.474
113,174,430,-25.067,-25.257,-24.346,75.621,74.103,75.659,-24.81,2.1538,68.328,-25.862
113,174,440,-24.593,-24.751,-24.141,76.136,74.807,75.743,-24.882,2.1531,68.328,-25.467
113,174,450,-24.623,-24.509,-24.059,74.704,72.601,75.434,-25.184,2.1544,68.328,-25.723
113,174,500,-24.132,-24.048,-23.605,76.402,74.177,75.673,-25.182,2.1536,68.328,-24.971
113,174,510,-22.981,-23.24,-23.253,74.836,72.814,76.156,-25.171,2.1541,68.337,-24.62
113,174,520,-23.468,-23.421,-23.093,76.809,75.155,74.504,-25.041,2.1516,68.337,-24.847
113,174,530,-24.518,-24.245,-24.204,79.663,76.477,76.429,-24.987,2.1487,68.332,-27.351
113,174,540,-24.101,-23.626,-23.999,80.437,77.226,78.423,-24.849,2.1485,68.337,-26.804
113,174,550,-22.531,-22.03,-23.117,78.531,75.271,76.537,-24.799,2.1503,68.341,-25.464
113,174,600,-22.407,-22.441,-23.059,75.178,69.029,74.828,-24.815,2.1542,68.341,-25.833
113,174,610,-23.478,-23.451,-22.871,74.167,71.002,76.307,-24.517,2.1558,68.343,-25.719
113,174,620,-23.567,-23.097,-22.724,76.373,73.106,76.392,-24.229,2.1509,68.34,-26.247
113,174,630,-24.035,-23.67,-24.171,79.652,76.771,78.799,-23.893,2.1503,68.34,-28.922
113,174,640,-24.42,-24.209,-24.713,78.583,77.371,77.75,-23.792,2.1505,68.336,-29.852
113,174,650,-24.891,-24.705,-25.185,78.079,76.939,78.099,-23.685,2.1495,68.344,-30.636
113,174,700,-24.813,-24.642,-25.165,79.074,78.381,78.401,-23.521,2.1499,68.349,-30.321
113,174,710,-24.765,-24.595,-25.137,78.764,77.915,78.238,-23.703,2.1495,68.349,-30.17
113,174,720,-24.699,-24.502,-25.049,78.811,77.784,77.779,-24.183,2.1497,68.349,-29.908
113,174,730,-24.672,-24.463,-25.033,78.473,77.245,77.326,-24.213,2.1496,68.353,-29.894
113,174,740,-24.637,-24.424,-24.976,78.205,76.982,77.038,-24.172,2.1497,68.357,-29.87
113,174,750,-24.819,-24.618,-25.115,79.23,78.1,77.792,-23.963,2.1496,68.357,-30.069
113,174,800,-24.449,-24.265,-24.761,79.82,78.629,78.162,-23.506,2.1486,68.357,-29.339
113,174,810,-24.344,-24.161,-24.625,79.426,78.488,77.899,-22.999,2.1478,68.353,-29.117
113,174,820,-24.236,-24.021,-24.489,79.258,78.453,77.901,-22.688,2.1474,68.357,-28.828
113,174,830,-24.058,-23.78,-24.307,79.462,78.632,78.266,-22.539,2.1468,68.356,-28.436
113,174,840,-23.587,-23.309,-23.824,78.64,77.806,77.615,-22.391,2.1463,68.361,-27.697
113,174,850,-23.164,-22.85,-23.415,77.837,76.805,76.773,-22.244,2.1459,68.357,-27.21
113,174,900,-23.025,-22.605,-23.263,76.873,75.321,75.908,-22.229,2.1458,68.361,-27.307
113,174,910,-22.948,-22.643,-23.172,76.398,74.924,76.171,-21.975,2.1454,68.365,-27.533
113,174,920,-23.105,-22.808,-23.325,76.364,74.97,75.655,-21.828,2.1451,68.37,-28.182
113,174,930,-23.031,-22.767,-23.317,76.928,75.544,76.464,-21.57,2.1446,68.367,-28.348
113,174,940,-22.951,-22.782,-23.226,77.113,76.011,76.624,-21.352,2.1442,68.368,-28.5
113,174,950,-23.027,-22.781,-23.239,78,77.278,77.11,-21.094,2.1441,68.368,-28.682
113,174,1000,-22.905,-22.478,-23.13,78.496,77.619,77.494,-20.483,2.1428,68.365,-28.523
113,174,1010,-22.271,-21.876,-22.499,79.579,78.687,78.82,-19.49,2.1404,68.361,-27.471
113,174,1020,-21.393,-21.078,-21.624,80.589,79.881,79.845,-18.437,2.1377,68.365,-26.118
113,174,1030,-20.627,-20.426,-20.874,80.36,79.892,79.903,-17.612,2.1359,68.369,-25.261