112,166,1320,-18.35,-18.34,-18.91,76.2,76,77.3,-16.47,2.696,66.81
112,166,1330,-17.94,-17.52,-18.4,76.1,76.5,76.8,-16.3,2.705,66.81
112,166,1340,-17.87,-17.59,-18.43,76.7,75.6,77.7,-16.49,2.695,66.81
112,166,1350,-17.91,-17.91,-18.61,77.5,77.9,78.3,-15.64,2.527,66.81
112,166,1400,-17.59,-17.62,-18.59,76.5,77.2,78.3,-15.6,2.133,66.82
112,166,1410,-17.39,-17.65,-18.57,75.9,76.9,78.1,-15.56,2.112,66.82
112,166,1420,-17.56,-17.7,-18.49,76.5,77.3,78,-15.16,2.131,66.82
112,166,1430,-17.43,-17.52,-18.3,77.1,77.4,78.2,-15.15,2.128,66.82
112,166,1440,-17.28,-17.33,-18.28,75.2,76.3,77.6,-15.35,2.13,66.83
112,166,1450,-17.31,-17.15,-18.09,75.8,75.6,77.2,-15.12,2.092,66.83
112,166,1500,-16.77,-16.78,-17.98,74.2,75,76.9,-15.38,2.124,66.84
112,166,1510,-16.08,-15.69,-17.65,72.1,71.7,76.9,-15.13,2.113,66.84
112,166,1520,-16.89,-16.61,-17.48,74.5,73.9,75.8,-15.07,2.109,66.84
112,166,1530,-16.91,-16.66,-17.45,75.2,74.9,75.8,-14.91,2.109,66.84
112,166,1540,-17,-16.79,-17.49,75.7,75.5,76.5,-15.28,2.11,66.84
112,166,1550,-16.27,-16.39,-17.47,73.5,74.6,77,-14.96,2.108,66.83
112,166,1600,-15.92,-16.22,-17.51,71.8,73.8,77,-14.44,2.103,66.84
112,166,1610,-16.03,-16.26,-17.47,71.2,73.4,76.6,-14.17,2.102,66.84
112,166,1620,-17.01,-16.83,-17.53,75.5,75.6,76.6,-14.59,2.103,66.84
112,166,1630,-16.85,-16.74,-17.49,75.2,75.3,76.4,-14.77,2.104,66.84
112,166,1640,-16.8,-17.13,-17.77,73.3,75.5,76.7,-15.67,2.107,66.86
112,166,1650,-17.37,-17.31,-17.79,77,77.5,77.8,-15.8,2.108,66.86
112,166,1700,-17.05,-16.83,-17.4,76,75.9,76.1,-15.27,2.107,66.86
112,166,1710,-16.65,-16.37,-17.03,74.2,74,74.3,-14.88,2.107,66.86
112,166,1720,-16.85,-16.6,-17.19,74.8,74.4,74.9,-15.61,2.108,66.87
112,166,1730,-17.08,-16.69,-17.26,75.7,74.6,75,-15.77,2.108,66.88
112,166,1740,-16.91,-16.67,-17.21,74.7,74.3,74.5,-15.64,2.108,66.88
112,166,1750,-16.95,-16.76,-17.26,74.9,74.6,75,-15.96,2.108,66.89
112,166,1800,-17.08,-16.87,-17.36,75,74.6,74.9,-16.15,2.108,66.89
112,166,1810,-17.16,-17,-17.45,75,74.8,74.8,-16.19,2.108,66.9
112,166,1820,-17.04,-16.93,-17.4,75.4,76,75.1,-15.34,2.108,66.9
112,166,1830,-16.86,-16.68,-17.26,74.1,74.6,74,-14.98,2.107,66.9
112,166,1840,-16.7,-16.68,-17.21,73.8,74.8,74.2,-15.06,2.107,66.9
112,166,1850,-16.86,-16.81,-17.24,74.2,75.1,74.1,-15.24,2.107,66.91
112,166,1900,-16.98,-16.8,-17.29,73.7,74.2,73.1,-15.15,2.107,66.91
112,166,1910,-16.72,-16.66,-17.15,72.6,73.7,72.4,-15.24,2.107,66.92
112,166,1920,-17,-16.99,-17.33,71.8,72.6,71.6,-16.35,2.106,66.92
112,166,1930,-17.06,-17.17,-17.41,72.6,73.8,72.5,-16.52,2.106,66.91
112,166,1940,-16.84,-16.91,-17.2,72.8,73.9,72.7,-16.16,2.105,66.92
112,166,1950,-17.21,-17.25,-17.4,73.9,74.4,73.3,-17.1,2.107,66.94
112,166,2000,-17.44,-17.18,-17.43,76.1,75.3,74.9,-17.26,2.107,66.94
112,166,2010,-17.45,-17.18,-17.61,74.4,73.4,74.1,-17.63,2.108,66.94
112,166,2020,-17.9,-17.63,-18.1,74.7,73.3,74.8,-18.57,2.11,66.95
112,166,2030,-17.99,-17.8,-18.44,73.1,71.9,74.7,-19.64,2.111,66.96
112,166,2040,-18.12,-17.79,-18.5,73.1,71.5,74.6,-20.23,2.112,66.96
112,166,2050,-18.08,-17.7,-18.34,70.5,68.14,71.9,-20.38,2.114,66.96
112,166,2100,-17.41,-17.36,-18.16,65.53,64.17,69.86,-20.08,2.115,66.97
112,166,2110,-17.53,-17.59,-18.27,64.05,62.75,68.99,-20.14,2.117,66.98
112,166,2120,-17.93,-17.7,-18.38,63.26,60.55,67.06,-20.36,2.12,66.98
112,166,2130,-18.55,-17.93,-18.73,64.97,59.5,67.72,-20.41,2.121,66.98
112,166,2140,-18.37,-17.8,-18.75,64.44,59.38,67.99,-20.97,2.121,66.98
112,166,2150,-19.54,-19.38,-19.4,68.5,62.15,72.6,-21.52,2.122,66.98
112,166,2200,-19.13,-19.46,-18.41,68.75,65.28,69.6,-21.34,2.12,66.98
112,166,2210,-20.41,-20.87,-19.72,71,66.63,71.9,-21.95,2.124,66.99
112,166,2220,-21.78,-22.02,-21.12,74.2,71,78,-22.32,2.128,67
112,166,2230,-21.52,-21.37,-21.56,74.1,71.7,75.9,-20.64,2.126,67
112,166,2240,-21.27,-21.1,-21.53,76.4,74.5,77.9,-20.73,2.124,67
112,166,2250,-21.43,-21.22,-21.54,78,75.9,78.9,-20.55,2.123,67.01
112,166,2300,-21.15,-20.88,-21.26,77.5,75.4,78.2,-20.36,2.122,67.01
112,166,2310,-20.59,-20.23,-20.88,75.7,73,77,-19.8,2.121,67.01
112,166,2320,-20.85,-20.62,-21.01,79.4,77.6,79.5,-19.64,2.12,67.02
112,166,2330,-20.71,-20.57,-20.86,80.2,79.2,80.2,-19.76,2.119,67.02
112,166,2340,-20.64,-20.49,-20.78,79.3,77.8,79.6,-19.97,2.119,67.02
112,166,2350,-20.92,-20.85,-21,80.5,79.4,80.3,-20.26,2.12,67.02
112,167,0,-20.86,-20.83,-20.86,78.6,76.7,80.3,-21.15,2.121,67.02
112,167,10,-21.42,-21.39,-21.28,78.2,76.2,79,-21.61,2.124,67.02
112,167,20,-21.76,-21.73,-21.63,77.4,74.6,79,-22.42,2.127,67.03
112,167,30,-22.5,-22.44,-22.25,76.9,74.2,78.7,-23.06,2.13,67.04
112,167,40,-22.9,-22.82,-22.2,76.6,72.2,79.8,-23.6,2.133,67.04
112,167,50,-23.35,-23.39,-22.46,75.4,70.5,79.1,-24.37,2.136,67.04
112,167,100,-24.23,-24.24,-23.64,75.3,71.9,76.9,-24.88,2.14,67.04
112,167,110,-24.86,-24.84,-23.64,75.5,70.3,80.3,-25.22,2.141,67.05
112,167,120,-25.07,-25.3,-24.16,76.1,72.7,77,-25.12,2.142,67.05
112,167,130,-24.97,-24.92,-24.33,77.2,74.6,77.8,-24.51,2.141,67.05
112,167,140,-24.54,-24.38,-24.15,76.9,74.3,78.2,-23.79,2.139,67.05
112,167,150,-23.75,-23.57,-23.26,77.7,74.8,78.7,-23.11,2.135,67.05
112,167,200,-23.35,-23.16,-23.23,75.5,72.7,76.5,-23.06,2.136,67.06
112,167,210,-23.67,-23.48,-23.53,75.8,73,77.3,-23.09,2.136,67.06
112,167,220,-23.69,-23.57,-23.57,77.6,75.5,77.9,-23.17,2.135,67.07
112,167,230,-23.95,-23.95,-23.88,78.1,76.8,78.4,-23.38,2.137,67.07
112,167,240,-24.11,-24.15,-23.98,78.1,77.1,78.6,-23.28,2.139,67.07
112,167,250,-24.22,-24.29,-24.04,78,76.7,78.7,-23.65,2.14,67.07
112,167,300,-24.51,-24.63,-24.24,76.8,74.9,78.3,-24.44,2.143,67.07
112,167,310,-24.85,-25.13,-24.41,78.3,77.1,78.6,-25.23,2.146,67.06
112,167,320,-25.56,-25.82,-25.23,77.4,76.6,77.9,-26.02,2.15,67.07
112,167,330,-26.23,-26.42,-25.77,75.8,74.3,77,-26.28,2.154,67.07
112,167,340,-26.39,-26.36,-25.93,74.8,72.5,76.5,-26.01,2.156,67.07
112,167,350,-26.28,-26.18,-25.91,75.2,72.5,76.6,-25.69,2.155,67.07
112,167,400,-25.99,-26.05,-25.68,77,75.5,77.6,-25.41,2.154,67.07
112,167,410,-25.91,-25.97,-25.74,76.5,75.2,77.1,-25.45,2.154,67.08
112,167,420,-26.12,-26.19,-25.95,75.9,74.7,76.6,-25.85,2.154,67.08
112,167,430,-25.88,-25.85,-25.8,75.3,73.5,76.7,-25.78,2.151,67.08
112,167,440,-25.58,-25.54,-25.34,74.1,71.5,76.3,-26.26,2.15,67.08
112,167,450,-25.76,-25.61,-25.53,73.2,69.85,75.8,-26.83,2.151,67.08
112,167,500,-26.01,-25.89,-25.52,72,67.96,76,-27.04,2.151,67.08
112,167,510,-26,-25.83,-25.23,71.4,66.44,75.9,-26.83,2.151,67.09
112,167,520,-26.28,-26.14,-25.72,71.3,67.01,74.7,-27,2.151,67.09
112,167,530,-26.74,-26.66,-26.21,71.2,67.28,75.6,-28.03,2.153,67.1
112,167,540,-27.15,-26.96,-26.58,69.8,65.81,74.4,-28.33,2.156,67.1
112,167,550,-27.56,-27.32,-26.51,69.68,64.58,75.8,-28.55,2.156,67.11
112,167,600,-27.95,-27.64,-26.23,68.98,63.25,75.6,-28.42,2.156,67.12
112,167,610,-27.44,-27.45,-25.88,70.2,63.89,72.4,-28.18,2.156,67.13
112,167,620,-27.89,-27.68,-27.24,69.77,65.61,72.4,-28.07,2.157,67.13
112,167,630,-27.53,-27.55,-26.89,73.3,70.2,75.8,-27.93,2.154,67.14
112,167,640,-27.19,-26.81,-27.06,68.34,64.8,71.9,-27.91,2.157,67.15
112,167,650,-27.15,-26.66,-27.16,68.06,63.35,72.1,-27.87,2.157,67.15
112,167,700,-27.29,-26.79,-27.3,69.07,64.27,72.6,-27.84,2.156,67.17
112,167,710,-27.4,-26.98,-27.25,70.4,65.48,72.9,-28.4,2.156,67.18
112,167,720,-27.58,-27.37,-27.32,71.9,68.06,72.6,-29.4,2.156,67.18
112,167,730,-27.31,-27.19,-27.32,74.8,72.1,74.9,-28.15,2.152,67.19
112,167,740,-26.13,-26.19,-26.2,77.2,76.3,78.1,-28.1,2.148,67.19
112,167,750,-26.15,-26.1,-26.22,76,75.3,75.9,-26.78,2.148,67.2
112,167,800,-25.79,-25.76,-26.07,77.7,76.5,76.8,-26.06,2.148,67.2
112,167,810,-25.38,-25.41,-25.75,80.1,79.6,79,-24.01,2.144,67.22
112,167,820,-24.57,-24.45,-24.77,78.8,78.2,78,-23.24,2.14,67.22
112,167,830,-23.91,-23.77,-24.08,77.5,76.2,77,-23.06,2.138,67.22
112,167,840,-23.33,-23.2,-23.53,77.4,76,76.8,-22.78,2.136,67.23
112,167,850,-23.02,-22.86,-23.22,76.4,74.7,76,-22.78,2.136,67.23
112,167,900,-22.85,-22.66,-23,75.8,73.8,75.3,-22.65,2.136,67.24
112,167,910,-22.5,-22.4,-22.86,75.2,72.4,74.6,-22.71,2.136,67.25
112,167,920,-21.99,-21.79,-22.43,73.8,70.7,73.9,-22.82,2.137,67.26
112,167,930,-21.49,-20.88,-21.83,72.7,67.92,72.8,-22.53,2.137,67.26
112,167,940,-21,-20.67,-21.62,71.1,65.88,71.9,-22.03,2.136,67.27
112,167,950,-20.92,-20.75,-21.56,71.7,66.34,72.4,-21.72,2.135,67.28
112,167,1000,-20.91,-20.61,-21.35,71.6,66.92,72.5,-21.37,2.134,67.29
112,167,1010,-20.18,-19.76,-20.54,71.7,65.72,72.4,-20.91,2.133,67.29
112,167,1020,-20.36,-20.04,-20.49,71.8,66.52,71.8,-20.66,2.132,67.3
112,167,1030,-20.18,-20.01,-20.38,71.7,67.48,71.7,-20.34,2.131,67.31
112,167,1040,-20.73,-20.41,-20.68,72.5,68.76,71.9,-20.17,2.13,67.32
112,167,1050,-20.64,-20.29,-20.55,73.1,69.34,72.4,-19.9,2.13,67.33