2001 182 182 0 -17.018 -18.777 -15.65 85.812 85.894 86.677 1.597 1.824 2 79.293 -19.068 1.745 677.8 1.138 1.638 2.638 2001.49863013699
2001 182 182.042 100 -20.246 -21.454 -17.266 79.729 80.876 81.672 1.426 1.864 2.333 97.501 -20.903 1.751 677.7 1.144 1.644 2.644 2001.49874520548
2001 182 182.083 200 -22.932 -23.701 -20.75 76.053 77.119 76.851 1.37 1.717 2.263 102.041 -22.572 1.756 677.6 1.15 1.65 2.65 2001.49885753425
2001 182 182.125 300 -24.415 -24.889 -23.282 73.924 73.676 74.396 1.511 1.834 2.307 110.537 -23.703 1.758 677.217 1.152 1.652 2.652 2001.49897260274
2001 182 182.167 400 -25.766 -26.12 -24.151 72.309 71.199 74.364 1.328 1.584 2.101 109.158 -24.428 1.761 676.95 1.155 1.655 2.655 2001.49908767123
2001 182 182.208 500 -26.206 -26.277 -25.566 71.668 70.78 71.969 1.447 1.714 2.084 97.155 -24.593 1.762 676.817 1.155 1.655 2.655 2001.4992
2001 182 182.25 600 -25.845 -25.814 -25.252 71.897 71.053 72.491 1.384 1.648 2.034 105.204 -24.368 1.761 676.7 1.155 1.655 2.655 2001.49931506849
2001 182 182.292 700 -25.222 -25.071 -25.075 72.62 72.093 72.777 1.434 1.668 1.974 108.938 -24.058 1.76 676.683 1.153 1.653 2.653 2001.49943013699
2001 182 182.333 800 -24.081 -23.872 -23.865 73.962 73.65 74.474 1.226 1.425 1.706 115.252 -22.212 1.757 676.633 1.151 1.651 2.651 2001.49954246575
2001 182 182.375 900 -22.622 -22.206 -22.392 76.051 75.973 75.761 1.174 1.356 1.576 115.427 -20.207 1.753 676.733 1.147 1.647 2.647 2001.49965753425
2001 182 182.417 1000 -20.741 -20.265 -20.742 78.783 79.096 77.659 1.373 1.531 1.656 101.349 -18.118 1.748 676.7 1.142 1.642 2.642 2001.49977260274
2001 182 182.458 1100 -18.58 -18.457 -18.788 81.26 82.825 79.825 1.171 1.263 1.273 104.418 -15.843 1.742 676.6 1.136 1.636 2.636 2001.49988493151
2001 182 182.5 1200 -16.847 -16.693 -17.037 83.575 85.519 81.713 0.935 1.044 0.955 98.096 -13.75 1.738 676.6 1.132 1.632 2.632 2001.5
2001 182 182.542 1300 -15.056 -14.92 -15.228 85.917 87.905 83.562 0.519 0.612 0.531 107.843 -12.508 1.733 676.6 1.127 1.627 2.627 2001.50011506849
2001 182 182.583 1400 -13.972 -13.77 -14.118 86.87 89.32 84.439 1.028 0.863 0.906 59.852 -11.402 1.732 676.583 1.126 1.626 2.626 2001.50022739726
2001 182 182.625 1500 -13.181 -13.096 -13.315 86.17 89.646 81.102 1.314 0.817 1.25 61.883 -9.887 1.73 676.433 1.124 1.624 2.624 2001.50034246575
2001 182 182.667 1600 -12.587 -12.533 -12.733 82.827 87.778 78.671 1.382 1.354 1.435 70.481 -9.145 1.728 676.25 1.122 1.622 2.622 2001.50045753425
2001 182 182.708 1700 -12.158 -12.086 -12.3 82.646 85.646 79.798 1.967 2.066 2.083 92.743 -9.25 1.727 676.067 1.12 1.62 2.62 2001.50056986301
2001 182 182.75 1800 -11.935 -11.862 -12.053 82.718 85.392 80.678 1.928 2.035 2.048 102.845 -9.56 1.727 675.883 1.121 1.621 2.621 2001.50068493151
2001 182 182.792 1900 -11.974 -11.902 -12.08 82.891 85.282 80.966 0.693 0.997 0.88 70.481 -10.383 1.727 675.8 1.121 1.621 2.621 2001.5008
2001 182 182.833 2000 -12.247 -12.223 -12.305 83.799 86.272 81.715 0.715 0.955 0.856 103.444 -12.183 1.727 675.8 1.121 1.621 2.621 2001.50091232877
2001 182 182.875 2100 -12.802 -12.905 -12.747 86.124 88.627 83.618 0.93 1.151 1.082 249.535 -13.745 1.729 675.8 1.122 1.622 2.622 2001.50102739726
2001 182 182.917 2200 -14.351 -14.626 -14.062 89.938 91.736 87.631 1.587 1.819 1.922 252.247 -15.573 1.733 675.633 1.127 1.627 2.627 2001.50114246575
2001 182 182.958 2300 -15.837 -16.186 -15.373 86.832 88.697 87.051 1.633 1.694 1.941 30.476 -17.327 1.738 675.4 1.132 1.632 2.632 2001.50125479452
2001 183 183 0 -17.389 -17.897 -16.759 84.144 85.609 82.959 1.581 1.593 1.856 37.746 -19.203 1.744 675.183 1.137 1.637 2.637 2001.50136986301
2001 183 183.042 100 -20.067 -20.817 -18.954 78.954 79.063 79.609 1.349 0.967 1.569 54.106 -21.058 1.751 674.967 1.145 1.645 2.645 2001.50148493151
2001 183 183.083 200 -21.715 -22.38 -20.318 77.482 76.922 78.136 1.535 1.226 1.797 61.34 -22.422 1.754 674.767 1.148 1.648 2.648 2001.50159726027
2001 183 183.125 300 -22.633 -23.023 -21.803 76.054 75.69 76.291 1.454 1.204 1.578 46.822 -23.255 1.756 674.533 1.15 1.65 2.65 2001.50171232877
2001 183 183.167 400 -24.038 -24.233 -23.674 74.136 73.641 74.109 1.461 1.756 1.894 38.151 -23.867 1.758 674.283 1.152 1.652 2.652 2001.50182739726
2001 183 183.208 500 -24.923 -25.043 -24.683 73.68 73.068 73.558 1.413 1.558 1.753 39.796 -23.633 1.758 674.117 1.152 1.652 2.652 2001.50193972603
2001 183 183.25 600 -24.732 -24.854 -24.661 73.882 73.33 73.593 1.457 1.345 1.656 47.055 -23.523 1.757 673.9 1.151 1.651 2.651 2001.50205479452
2001 183 183.292 700 -24.723 -24.74 -24.63 74.018 73.581 73.624 1.609 1.592 1.869 44.202 -23.717 1.757 673.733 1.151 1.651 2.651 2001.50216986301
2001 183 183.333 800 -23.906 -23.837 -23.985 74.922 74.742 74.388 1.78 2.039 2.082 39.808 -22.383 1.756 673.783 1.149 1.649 2.649 2001.50228219178
2001 183 183.375 900 -21.91 -21.897 -21.969 77.643 77.98 76.92 1.969 2.274 2.348 31.655 -20.52 1.751 673.867 1.145 1.645 2.645 2001.50239726027
2001 183 183.417 1000 -19.711 -19.668 -19.961 80.126 81.096 78.998 2.264 2.498 2.525 25.499 -18.373 1.746 674 1.14 1.64 2.64 2001.50251232877
2001 183 183.458 1100 -17.816 -17.646 -18.164 82.207 83.523 80.847 2.483 2.724 2.706 25.622 -16.255 1.742 674.017 1.136 1.636 2.636 2001.50262465753
2001 183 183.5 1200 -16.287 -16.089 -16.63 84.292 85.781 82.523 2.596 2.813 2.783 19.952 -14.405 1.738 674.183 1.132 1.632 2.632 2001.50273972603
2001 183 183.542 1300 -14.868 -14.779 -15.192 83.182 85.898 80.565 2.6 2.824 2.789 22.571 -12.715 1.735 674.333 1.128 1.628 2.628 2001.50285479452
2001 183 183.583 1400 -13.337 -13.314 -13.585 74.226 78.139 72.788 2.816 3.05 3.015 24.327 -11.387 1.732 674.533 1.125 1.625 2.625 2001.50296712329
2001 183 183.625 1500 -12.378 -12.337 -12.649 73.398 75.807 72.761 3.21 3.45 3.477 48.67 -10.712 1.73 674.617 1.124 1.624 2.624 2001.50308219178
2001 183 183.667 1600 -11.677 -11.635 -11.952 74.712 77.271 74.231 3.401 3.661 3.684 36.356 -10.173 1.729 674.683 1.123 1.623 2.623 2001.50319726027
2001 183 183.708 1700 -11.375 -11.328 -11.606 75.833 78.415 75.21 3.659 3.929 3.986 93.203 -10.075 1.729 674.917 1.122 1.622 2.622 2001.50330958904
2001 183 183.75 1800 -11.428 -11.379 -11.579 77.025 79.472 75.939 3.329 3.577 3.634 84.665 -10.273 1.729 675.15 1.122 1.622 2.622 2001.50342465753
2001 183 183.792 1900 -11.695 -11.607 -11.784 79.67 81.926 78.203 2.857 3.066 3.134 206.249 -10.943 1.728 675.483 1.122 1.622 2.622 2001.50353972603
2001 183 183.833 2000 -12.49 -12.416 -12.517 81.774 83.998 79.918 2.093 2.272 2.362 340.288 -12.102 1.729 675.733 1.123 1.623 2.623 2001.50365205479
2001 183 183.875 2100 -13.684 -13.7 -13.655 83.098 85.15 81.171 1.842 2.033 2.167 337.257 -13.717 1.732 676 1.126 1.626 2.626 2001.50376712329
2001 183 183.917 2200 -15.08 -15.183 -14.92 83.978 85.709 82.167 2.052 2.266 2.499 334.615 -15.727 1.736 676.2 1.13 1.63 2.63 2001.50388219178
2001 183 183.958 2300 -16.67 -16.81 -16.452 85.391 86.794 83.74 2.172 2.405 2.652 341.402 -17.575 1.741 676.383 1.135 1.635 2.635 2001.50399452055
2001 184 184 0 -18.435 -18.61 -18.221 85.126 86.151 83.955 2.066 2.317 2.521 342.993 -19.412 1.745 676.583 1.139 1.639 2.639 2001.50410958904
2001 184 184.042 100 -19.514 -19.793 -19.212 84.498 85.462 85.027 2.184 2.47 2.73 350.818 -20.938 1.748 676.85 1.142 1.642 2.642 2001.50422465753
2001 184 184.083 200 -21.018 -21.275 -20.725 80.916 81.473 81.126 2.539 2.844 3.135 348.92 -21.92 1.752 677.05 1.146 1.646 2.646 2001.5043369863
2001 184 184.125 300 -22.064 -22.338 -21.795 78.34 78.494 77.464 2.49 2.801 2.939 172.771 -22.65 1.755 677.083 1.148 1.648 2.648 2001.50445205479
2001 184 184.167 400 -22.582 -22.841 -22.216 76.929 76.751 76.314 2.354 2.675 2.753 58.95 -23.165 1.757 676.983 1.15 1.65 2.65 2001.50456712329
2001 184 184.208 500 -22.651 -22.874 -22.238 76.643 76.536 76.299 2.222 2.566 2.664 51.396 -23.268 1.757 677.1 1.151 1.651 2.651 2001.50467945205
2001 184 184.25 600 -23.595 -23.783 -23.128 75.12 74.779 75.196 1.499 1.776 2.012 29.407 -23.58 1.76 677.3 1.154 1.654 2.654 2001.50479452055
2001 184 184.292 700 -23.233 -23.349 -22.862 75.627 75.491 75.572 1.452 1.542 1.855 32.829 -23.562 1.76 677.483 1.154 1.654 2.654 2001.50490958904
2001 184 184.333 800 -23.408 -23.333 -22.965 74.492 74.124 74.834 0.903 1.015 1.261 56.522 -21.913 1.761 677.667 1.155 1.655 2.655 2001.50502191781
2001 184 184.375 900 -22.679 -22.383 -22.599 75.419 75.73 75.606 0.604 0.73 0.805 73.281 -20.035 1.758 677.867 1.152 1.652 2.652 2001.5051369863
2001 184 184.417 1000 -20.698 -20.478 -20.736 78.177 79.28 77.789 1.107 0.832 1.16 60.944 -18.15 1.752 678.05 1.146 1.646 2.646 2001.50525205479
2001 184 184.458 1100 -18.424 -18.399 -18.585 81.32 83.415 80.561 1.169 1.113 1.195 46.295 -15.993 1.746 678.2 1.14 1.64 2.64 2001.50536438356
2001 184 184.5 1200 -16.444 -16.302 -16.574 84.14 86.233 82.704 1.509 1.587 1.581 36.477 -14.067 1.741 678.283 1.135 1.635 2.635 2001.50547945205
2001 184 184.542 1300 -15.256 -15.031 -15.345 85.022 86.476 80.566 1.812 1.839 1.865 37.205 -12.602 1.738 678.317 1.132 1.632 2.632 2001.50559452055
2001 184 184.583 1400 -13.98 -13.884 -14.125 81.121 81.869 71.37 1.816 0.796 1.848 60.584 -11.317 1.737 678.4 1.131 1.631 2.631 2001.50570684932
2001 184 184.625 1500 -13.056 -12.971 -13.283 79.384 81.076 76.17 2.26 1.666 2.457 72.975 -10.432 1.736 678.5 1.129 1.629 2.629 2001.50582191781
2001 184 184.667 1600 -12.267 -12.192 -12.499 80.6 82.831 78.997 2.76 2.792 3.017 84.27 -9.945 1.734 678.567 1.128 1.628 2.628 2001.5059369863
2001 184 184.708 1700 -11.711 -11.645 -11.88 80.906 83.129 79.505 3.237 3.43 3.531 103.466 -9.847 1.734 678.5 1.128 1.628 2.628 2001.50604931507
2001 184 184.75 1800 -11.577 -11.527 -11.659 78.613 80.718 76.992 2.768 2.904 3.01 120.915 -10.008 1.734 678.5 1.127 1.627 2.627 2001.50616438356
2001 184 184.792 1900 -11.846 -11.78 -11.896 80.266 82.356 78.406 2.028 2.162 2.282 128.937 -10.655 1.734 678.7 1.127 1.627 2.627 2001.50627945205
2001 184 184.833 2000 -12.778 -12.753 -12.761 82.479 84.593 80.45 1.618 1.791 1.977 134.077 -11.983 1.736 678.7 1.13 1.63 2.63 2001.50639178082
2001 184 184.875 2100 -14.453 -14.511 -14.351 83.255 85.066 81.464 1.78 1.998 2.228 120.392 -13.83 1.743 678.55 1.136 1.636 2.636 2001.50650684932
2001 184 184.917 2200 -16.479 -16.594 -16.297 82.3 83.654 80.909 1.832 2.059 2.35 131.257 -16.078 1.749 678.45 1.143 1.643 2.643 2001.50662191781
2001 184 184.958 2300 -18.43 -18.621 -18.144 82.318 83.335 81.013 2.052 2.299 2.642 129.542 -18.38 1.752 678.133 1.145 1.645 2.645 2001.50673424658
2001 185 185 0 -20.375 -20.601 -20.136 81.638 82.333 80.48 2.242 2.486 2.853 139.237 -20.495 1.754 677.967 1.148 1.648 2.648 2001.50684931507
2001 185 185.042 100 -21.828 -22.016 -21.653 84.041 84.86 82.277 2.733 2.983 3.37 139.142 -22.078 1.756 677.783 1.15 1.65 2.65 2001.50696438356
2001 185 185.083 200 -23.471 -23.656 -23.311 82.865 84.099 81.192 2.568 2.808 3.184 138.267 -23.51 1.76 677.617 1.153 1.653 2.653 2001.50707671233
2001 185 185.125 300 -24.286 -24.434 -24.193 78.691 79.413 77.118 2.967 3.191 3.503 146.598 -24.045 1.762 677.4 1.156 1.656 2.656 2001.50719178082
2001 185 185.167 400 -24.843 -24.909 -24.828 75.215 74.972 74.042 3.102 3.298 3.361 147.768 -24.462 1.764 676.983 1.158 1.658 2.658 2001.50730684932
2001 185 185.208 500 -24.526 -24.584 -24.554 75.219 75.053 74.168 3.312 3.48 3.542 157.605 -24.303 1.764 676.733 1.158 1.658 2.658 2001.50741917808
2001 185 185.25 600 -24.352 -24.353 -24.328 74.89 74.792 74.14 3.284 3.473 3.633 153.53 -23.962 1.764 676.283 1.157 1.657 2.657 2001.50753424658
2001 185 185.292 700 -23.877 -23.854 -23.86 75.436 75.542 74.692 3.317 3.518 3.783 146.823 -23.582 1.762 675.95 1.156 1.656 2.656 2001.50764931507
2001 185 185.333 800 -23.036 -22.975 -23.042 76.392 76.757 75.565 2.987 3.167 3.451 150.937 -22.257 1.76 675.917 1.153 1.653 2.653 2001.50776164384
2001 185 185.375 900 -21.564 -21.531 -21.642 78.477 79.242 77.306 3.223 3.368 3.691 165.387 -20.487 1.757 675.95 1.151 1.651 2.651 2001.50787671233
2001 185 185.417 1000 -19.902 -19.856 -19.899 80.389 81.428 78.917 3.344 3.454 3.768 173.827 -18.508 1.754 675.85 1.148 1.648 2.648 2001.50799178082
2001 185 185.458 1100 -18.304 -18.172 -18.305 81.054 81.159 77.942 3.235 3.327 3.594 171.533 -16.4 1.752 675.65 1.146 1.646 2.646 2001.50810410959
2001 185 185.5 1200 -16.39 -16.247 -16.018 72.975 71.355 68.71 3.345 3.415 3.678 182.445 -14.558 1.753 675.55 1.146 1.646 2.646 2001.50821917808
2001 185 185.542 1300 -14.641 -14.58 -14.332 65.987 67.075 62.684 3.519 3.589 3.865 192.723 -12.975 1.752 675.4 1.146 1.646 2.646 2001.50833424658
2001 185 185.583 1400 -13.609 -13.559 -13.514 65.196 66.584 63.07 3.698 3.759 4.049 200.133 -11.82 1.752 675.317 1.145 1.645 2.645 2001.50844657534
2001 185 185.625 1500 -12.916 -12.961 -13.142 66.973 68.931 66.271 3.338 3.413 3.676 211.798 -10.928 1.75 675.217 1.143 1.643 2.643 2001.50856164384
2001 185 185.667 1600 -12.573 -12.555 -12.698 68.317 70.083 67.241 3.16 3.226 3.457 208.235 -10.433 1.749 675.05 1.142 1.642 2.642 2001.50867671233
2001 185 185.708 1700 -11.988 -12.198 -12.368 68.863 71.803 68.996 2.884 2.947 3.15 215.477 -10.153 1.749 674.817 1.143 1.643 2.643 2001.5087890411
2001 185 185.75 1800 -12.234 -12.228 -12.245 73.953 75.906 72.238 2.853 2.914 3.14 208.255 -10.4 1.747 674.783 1.141 1.641 2.641 2001.50890410959
2001 185 185.792 1900 -11.762 -12.292 -12.503 74.046 79.261 76.263 1.923 2 2.147 223.308 -10.958 1.741 674.617 1.135 1.635 2.635 2001.50901917808
2001 185 185.833 2000 -12.308 -13.326 -13.293 75.061 83.068 79.994 1.271 1.438 1.681 236.2 -12.53 1.731 674.683 1.125 1.625 2.625 2001.50913150685
2001 185 185.875 2100 -13.221 -14.318 -14.271 75.218 82.781 82.118 1.131 1.338 1.655 234.397 -13.915 1.75 674.6 1.144 1.644 2.644 2001.50924657534
2001 185 185.917 2200 -14.777 -15.735 -14.923 82.653 88.426 85.515 1.298 1.553 1.955 257.222 -16.265 1.75 674.45 1.144 1.644 2.644 2001.50936164384
2001 185 185.958 2300 -16.06 -16.345 -15.779 89.7 92.735 87.66 1.243 1.429 1.759 297.137 -18.72 1.709 674.383 1.103 1.603 2.603 2001.5094739726
2001 186 186 0 -16.963 -17.177 -16.781 84.556 86.569 82.665 2.475 2.693 2.898 331.172 -18.088 1.73 674.25 1.123 1.623 2.623 2001.5095890411
2001 186 186.042 100 -16.315 -16.302 -16.461 84.727 86.66 82.814 4.274 4.422 4.38 251.89 -15.4 1.757 674.217 1.15 1.65 2.65 2001.50970410959
2001 186 186.083 200 -15.864 -15.842 -16 85.413 87.426 83.483 4.056 4.268 4.186 124.864 -15.057 1.757 674.2 1.151 1.651 2.651 2001.50981643836
2001 186 186.125 300 -15.189 -15.189 -15.312 86.35 88.476 84.333 3.44 3.749 3.442 32.189 -14.618 1.754 674.067 1.148 1.648 2.648 2001.50993150685
2001 186 186.167 400 -14.802 -14.83 -14.864 86.649 88.733 84.602 1.78 1.97 1.814 65.166 -14.505 1.751 674.033 1.144 1.644 2.644 2001.51004657534
2001 186 186.208 500 -14.442 -14.455 -14.528 87.15 89.327 84.952 3.154 3.402 3.235 162.749 -14.077 1.753 673.967 1.147 1.647 2.647 2001.51015890411
2001 186 186.25 600 -14.067 -14.049 -14.159 87.605 89.84 85.286 3.809 4.113 4.156 173.092 -13.623 1.754 673.733 1.148 1.648 2.648 2001.5102739726
2001 186 186.292 700 -13.818 -13.796 -13.918 87.901 90.113 85.428 4.212 4.554 4.653 115.668 -13.212 1.753 673.667 1.147 1.647 2.647 2001.5103890411
2001 186 186.333 800 -13.319 -13.257 -13.436 87.391 88.937 83.843 4.945 5.331 5.456 129.427 -12.555 1.754 673.65 1.148 1.648 2.648 2001.51050136986
2001 186 186.375 900 -12.831 -12.811 -13.032 80.18 82.244 78.396 5.66 6.132 6.198 45.194 -12.02 1.752 673.583 1.146 1.646 2.646 2001.51061643836
2001 186 186.417 1000 -12.984 -12.953 -13.273 80.096 82.484 79.446 5.614 6.102 6.127 38.842 -11.527 1.747 673.583 1.141 1.641 2.641 2001.51073150685
2001 186 186.458 1100 -12.938 -12.858 -13.334 79.856 82.213 79.816 6.086 6.56 6.63 47.209 -11.045 1.739 673.55 1.132 1.632 2.632 2001.51084383562
2001 186 186.5 1200 -13.09 -12.959 -13.511 78.479 80.473 78.829 6.549 7.102 7.087 28.607 -11.348 1.745 673.633 1.139 1.639 2.639 2001.51095890411
2001 186 186.542 1300 -13.104 -13.018 -13.59 77.695 79.874 78.501 6.407 6.889 6.867 16.848 -11.59 1.739 673.717 1.133 1.633 2.633 2001.5110739726
2001 186 186.583 1400 -13.08 -12.993 -13.581 76.083 78.237 77.048 6.697 7.214 7.186 16.652 -11.467 1.744 673.867 1.138 1.638 2.638 2001.51118630137
2001 186 186.625 1500 -12.856 -12.755 -13.395 76.335 78.462 77.498 6.834 7.388 7.326 19.62 -11.257 1.734 674.083 1.128 1.628 2.628 2001.51130136986
2001 186 186.667 1600 -12.854 -12.743 -13.385 77.051 79.194 78.171 6.505 7.063 6.987 23.622 -11.273 1.742 674.2 1.136 1.636 2.636 2001.51141643836
2001 186 186.708 1700 -12.879 -12.779 -13.234 79.549 81.811 79.464 5.875 6.427 6.344 27.802 -11.338 1.736 674.467 1.129 1.629 2.629 2001.51152876712
2001 186 186.75 1800 -13.127 -13.04 -13.354 80.358 82.537 79.496 5.551 6.137 5.994 29.45 -11.702 1.74 674.717 1.133 1.633 2.633 2001.51164383562
2001 186 186.792 1900 -13.409 -13.224 -13.572 81.204 82.683 80.031 5.596 6.084 6.015 25.189 -12.433 1.739 674.95 1.133 1.633 2.633 2001.51175890411
2001 186 186.833 2000 -13.675 -13.548 -13.882 82.493 84.207 81.578 5.098 5.52 5.49 20.155 -13.23 1.738 675.25 1.132 1.632 2.632 2001.51187123288
2001 186 186.875 2100 -14.381 -14.381 -14.644 83.166 85.524 82.602 4.817 5.153 5.174 15.117 -14.435 1.735 675.417 1.128 1.628 2.628 2001.51198630137
2001 186 186.917 2200 -15.607 -15.609 -15.824 84.441 86.586 83.703 4.676 5.051 5.063 21.7 -16.053 1.716 675.467 1.109 1.609 2.609 2001.51210136986
2001 186 186.958 2300 -17.37 -17.378 -17.491 83.764 85.58 82.589 3.602 3.919 3.938 21.94 -17.798 1.74 675.65 1.134 1.634 2.634 2001.51221369863
2001 187 187 0 -18.04 -18.03 -18.18 85.816 88.061 84.453 4.353 4.694 4.649 17.711 -17.487 1.749 675.933 1.143 1.643 2.643 2001.51232876712
2001 187 187.042 100 -19.361 -19.426 -19.368 81.884 83.484 80.256 2.74 2.979 2.934 20.669 -19.385 1.742 675.867 1.136 1.636 2.636 2001.51244383562
2001 187 187.083 200 -18.435 -18.581 -18.399 83.359 85.11 81.536 3.12 3.365 3.321 114.301 -18.595 1.748 676.2 1.142 1.642 2.642 2001.51255616438
2001 187 187.125 300 -14.11 -14.165 -14.224 88.355 90.831 85.924 4.067 4.343 4.204 55.486 -13.917 1.739 676.483 1.132 1.632 2.632 2001.51267123288
2001 187 187.167 400 -12.757 -12.795 -12.848 89.598 92.216 87.053 3.547 3.818 3.698 21.968 -12.507 1.735 676.583 1.129 1.629 2.629 2001.51278630137
2001 187 187.208 500 -11.741 -11.78 -11.837 91.028 93.872 88.298 4.928 5.301 5.159 26.212 -11.428 1.735 676.683 1.129 1.629 2.629 2001.51289863014
2001 187 187.25 600 -11.499 -11.522 -11.595 91.252 94.123 88.473 4.226 4.532 4.467 34.633 -10.91 1.734 676.783 1.128 1.628 2.628 2001.51301369863
2001 187 187.292 700 -11.257 -11.269 -11.378 91.51 94.398 88.675 5.531 5.888 5.984 316.565 -10.505 1.734 677 1.128 1.628 2.628 2001.51312876712
2001 187 187.333 800 -11.253 -11.227 -11.402 91.267 94.088 88.504 6.378 6.796 6.937 284.525 -10.253 1.735 677.317 1.128 1.628 2.628 2001.51324109589
2001 187 187.375 900 -11.558 -11.511 -11.784 90.829 93.47 88.183 5.583 5.943 6.036 288.827 -10.058 1.726 677.5 1.12 1.62 2.62 2001.51335616438
2001 187 187.417 1000 -11.175 -11.106 -11.447 90.522 92.866 88.439 5.291 5.63 5.737 318.218 -9.63 1.733 677.75 1.127 1.627 2.627 2001.51347123288
2001 187 187.458 1100 -10.935 -10.888 -11.307 88.578 91.161 87.745 5.549 5.917 6.044 267.743 -9.738 1.727 678 1.121 1.621 2.621 2001.51358356164
2001 187 187.5 1200 -9.656 -9.611 -10.068 87.045 90.413 86.942 5.719 6.058 6.203 343.67 -8.317 1.732 678.083 1.125 1.625 2.625 2001.51369863014
2001 187 187.542 1300 -9.172 -9.086 -9.477 87.495 90.913 86.589 5.458 5.706 5.908 336.785 -7.593 1.716 678.217 1.109 1.609 2.609 2001.51381369863
2001 187 187.583 1400 -8.021 -7.902 -8.198 86.418 89.807 84.884 5.672 5.917 6.166 329.44 -5.907 1.722 678.3 1.115 1.615 2.615 2001.5139260274
2001 187 187.625 1500 -6.742 -6.583 -6.802 84.228 87.32 82.707 7.351 7.694 8.045 334.553 -5.215 1.732 678.467 1.126 1.626 2.626 2001.51404109589
2001 187 187.667 1600 -6.186 -6.023 -6.276 83.479 86.58 82.383 7.254 7.622 7.952 337.267 -4.693 1.731 678.467 1.125 1.625 2.625 2001.51415616438
2001 187 187.708 1700 -6.2 -6.066 -6.234 84.943 88.052 83.382 7.432 7.821 8.183 337.242 -4.951 1.727 678.65 1.121 1.621 2.621 2001.51426849315
2001 187 187.75 1800 -6.142 -6.018 -6.259 82.915 86.076 82.05 7.919 8.423 8.715 345.208 -5.026 1.731 678.983 1.125 1.625 2.625 2001.51438356164
2001 187 187.792 1900 -6.13 -6.051 -6.262 83.831 87.067 82.842 7.531 7.974 8.248 343.943 -5.176 1.731 679.083 1.125 1.625 2.625 2001.51449863014
2001 187 187.833 2000 -6.208 -6.142 -6.386 86.103 89.583 85.145 7.19 7.66 7.9 329.037 -5.214 1.729 679.4 1.122 1.622 2.622 2001.5146109589
2001 187 187.875 2100 -6.516 -6.501 -6.693 90.529 94.273 88.976 6.264 6.651 6.845 343.355 -5.474 1.727 679.683 1.121 1.621 2.621 2001.5147260274
2001 187 187.917 2200 -6.582 -6.581 -6.73 91.891 95.652 89.966 6.155 6.513 6.7 346.12 -5.737 1.727 680 1.12 1.62 2.62 2001.51484109589
2001 187 187.958 2300 -6.682 -6.698 -6.794 93.072 96.845 90.751 5.971 6.259 6.456 341.112 -6.018 1.726 680.2 1.12 1.62 2.62 2001.51495342466
2001 188 188 0 -8.094 -8.121 -8.182 92.502 96.125 90.14 4.97 5.223 5.427 338.29 -8.042 1.731 680.383 1.124 1.624 2.624 2001.51506849315
2001 188 188.042 100 -8.366 -8.408 -8.417 93.693 97.277 90.842 4.717 4.961 5.203 333.742 -8.248 1.731 680.433 1.125 1.625 2.625 2001.51518356164
2001 188 188.083 200 -8.21 -8.259 -8.267 95.259 99.018 92.036 4.502 4.723 4.943 328.907 -7.718 1.73 680.533 1.124 1.624 2.624 2001.51529589041
2001 188 188.125 300 -8.151 -8.185 -8.197 94.948 98.641 91.889 4.616 4.849 5.055 336.033 -7.877 1.73 680.717 1.124 1.624 2.624 2001.5154109589
2001 188 188.167 400 -9.743 -9.766 -9.81 94.979 98.483 91.82 4.663 4.901 5.126 330.352 -9.077 1.734 680.633 1.127 1.627 2.627 2001.5155260274
2001 188 188.208 500 -10.048 -10.085 -10.126 94.056 97.525 90.864 4.585 4.786 4.993 321.328 -9.308 1.734 680.567 1.128 1.628 2.628 2001.51563835616
2001 188 188.25 600 -9.811 -9.848 -9.882 94.118 97.649 90.892 5.3 5.54 5.798 318.725 -9.192 1.734 680.533 1.128 1.628 2.628 2001.51575342466
2001 188 188.292 700 -9.727 -9.754 -9.738 92.376 95.741 89.292 5.655 5.926 6.211 323.542 -9.963 1.735 680.6 1.129 1.629 2.629 2001.51586849315
2001 188 188.333 800 -11.232 -11.246 -11.255 92.702 96.064 89.812 3.958 4.175 4.439 313.483 -11.652 1.738 680.617 1.132 1.632 2.632 2001.51598082192
2001 188 188.375 900 -11.762 -11.802 -11.817 94.186 97.915 91.11 3.802 4.012 4.262 314.227 -11.482 1.738 680.617 1.132 1.632 2.632 2001.51609589041
2001 188 188.417 1000 -8.882 -8.881 -8.921 93.784 97.328 90.425 5.119 5.352 5.609 320.615 -8.53 1.733 680.667 1.126 1.626 2.626 2001.5162109589
2001 188 188.458 1100 -7.383 -7.352 -7.409 91.464 95.524 88.501 5.601 5.855 6.121 320.697 -6.972 1.731 680.667 1.124 1.624 2.624 2001.51632328767
2001 188 188.5 1200 -6.718 -6.635 -6.691 89.572 93.447 86.791 6.267 6.535 6.811 321.743 -5.835 1.731 680.617 1.125 1.625 2.625 2001.51643835616
2001 188 188.542 1300 -6.254 -6.165 -6.275 90.033 93.94 87.225 6.278 6.54 6.849 311.657 -4.565 1.729 680.65 1.123 1.623 2.623 2001.51655342466
2001 188 188.583 1400 -6.025 -5.901 -5.911 86.44 89.919 83.504 6.921 7.213 7.543 313.688 -4.651 1.73 680.633 1.124 1.624 2.624 2001.51666575342
2001 188 188.625 1500 -6.045 -5.971 -5.998 87.817 91.589 85.167 6.521 6.805 7.123 313.238 -5.044 1.729 680.617 1.123 1.623 2.623 2001.51678082192
2001 188 188.667 1600 -5.893 -5.758 -5.798 86.651 90.061 83.839 7.039 7.354 7.749 309.967 -4.896 1.73 680.5 1.124 1.624 2.624 2001.51689589041
2001 188 188.708 1700 -5.419 -5.255 -5.392 82.648 85.996 80.595 7.083 7.4 7.887 298.755 -4.461 1.73 680.367 1.124 1.624 2.623 2001.51700821918
2001 188 188.75 1800 -5.534 -5.422 -5.569 87.112 90.758 85.099 6.483 6.837 7.364 295.937 -4.516 1.73 680.383 1.123 1.623 2.623 2001.51712328767
2001 188 188.792 1900 -5.889 -5.862 -5.994 89.633 93.674 87.576 5.959 6.298 6.8 295.133 -4.875 1.729 680.4 1.123 1.623 2.623 2001.51723835616
2001 188 188.833 2000 -6.101 -6.088 -6.173 90.185 94.219 87.788 6.282 6.546 6.899 303.822 -5.204 1.729 680.333 1.123 1.623 2.623 2001.51735068493
2001 188 188.875 2100 -6.949 -6.972 -7.05 90.764 94.807 88.545 5.35 5.61 6.134 293.673 -7.01 1.731 680.35 1.125 1.625 2.625 2001.51746575342
2001 188 188.917 2200 -6.958 -6.979 -7.044 93.476 97.601 90.647 5.538 5.874 6.474 292 -6.041 1.73 680.25 1.123 1.623 2.623 2001.51758082192
2001 188 188.958 2300 -7.34 -7.344 -7.399 92.956 96.867 90.139 6.086 6.398 6.908 295.552 -6.865 1.731 680.25 1.125 1.625 2.625 2001.51769315068
2001 189 189 0 -8.803 -8.847 -8.849 92.773 96.477 90.025 5.22 5.521 6.071 293.035 -9.952 1.722 680.3 1.116 1.616 2.616 2001.51780821918
2001 189 189.042 100 -9.941 -10.013 -9.984 94.16 97.832 90.839 4.834 4.848 5.445 282.498 -10.355 1.727 680.15 1.12 1.62 2.62 2001.51792328767
2001 189 189.083 200 -9.204 -9.272 -9.264 95.101 98.991 91.674 5.051 5.157 5.753 284.2 -8.773 1.721 679.983 1.115 1.615 2.615 2001.51803561644
2001 189 189.125 300 -8.225 -8.273 -8.289 94.872 98.89 91.601 6.183 6.461 6.903 298.603 -7.717 1.711 679.85 1.105 1.605 2.605 2001.51815068493
2001 189 189.167 400 -8.667 -8.729 -8.727 95.471 99.475 92.083 5.236 5.559 6.128 293.128 -8.323 1.712 679.583 1.105 1.605 2.605 2001.51826575342
2001 189 189.208 500 -8.478 -8.537 -8.539 94.958 98.992 91.633 6.344 6.745 7.369 294.563 -8.11 1.723 679.183 1.117 1.617 2.617 2001.51837808219
2001 189 189.25 600 -8.191 -8.21 -8.254 93.764 97.718 90.53 6.811 7.101 7.528 299.69 -7.438 1.712 679.05 1.105 1.605 2.605 2001.51849315068
2001 189 189.292 700 -8.223 -8.239 -8.29 93.583 97.531 90.449 6.768 7.048 7.462 300.108 -7.535 1.713 678.8 1.107 1.607 2.607 2001.51860821918
2001 189 189.333 800 -8.323 -8.303 -8.37 90.599 94.344 87.736 6.786 7.097 7.524 302.343 -7.828 1.716 678.767 1.109 1.609 2.609 2001.51872054795
2001 189 189.375 900 -9.483 -9.503 -9.575 90.677 94.494 88.197 5.339 5.619 6.062 296.843 -9.887 1.718 678.733 1.112 1.612 2.611 2001.51883561644
2001 189 189.417 1000 -8.684 -8.649 -8.773 89.617 93.28 87.105 6.219 6.589 7.224 292.995 -7.832 1.718 678.617 1.111 1.611 2.611 2001.51895068493
2001 189 189.458 1100 -8.47 -8.329 -8.469 87.842 90.99 85.098 7.19 7.561 8.167 297.188 -7.35 1.719 678.467 1.113 1.613 2.613 2001.5190630137
2001 189 189.5 1200 -8.318 -8.181 -8.364 83.629 86.894 81.628 7.001 7.287 7.654 306.308 -7.707 1.723 678.35 1.116 1.616 2.616 2001.51917808219
2001 189 189.542 1300 -8.271 -8.18 -8.434 85.372 89.025 83.779 6.175 6.474 6.915 298.048 -7.248 1.724 678.283 1.118 1.618 2.618 2001.51929315068
2001 189 189.583 1400 -7.563 -7.337 -7.451 83.983 86.801 81.291 7.066 7.49 8.335 291.505 -6.155 1.727 677.917 1.121 1.621 2.621 2001.51940547945
2001 189 189.625 1500 -7.646 -7.477 -7.622 84.633 87.88 82.24 6.996 7.283 7.637 309.577 -6.417 1.723 677.817 1.117 1.617 2.617 2001.51952054795
2001 189 189.667 1600 -8.051 -7.84 -7.975 81.578 84.508 79.283 7.427 7.74 8.084 317.145 -7.182 1.726 677.817 1.12 1.62 2.62 2001.51963561644
2001 189 189.708 1700 -8.213 -7.998 -8.019 82.143 85.088 79.273 7.462 7.767 8.092 319.147 -6.914 1.731 677.75 1.125 1.625 2.625 2001.51974794521
2001 189 189.75 1800 -8.489 -8.337 -8.356 81.984 85.108 79.294 7.13 7.439 7.749 324.718 -7.053 1.729 677.633 1.123 1.623 2.623 2001.5198630137
2001 189 189.792 1900 -9.113 -8.977 -8.989 82.412 85.382 79.773 6.681 6.964 7.254 324.507 -8.408 1.736 677.6 1.129 1.629 2.629 2001.51997808219
2001 189 189.833 2000 -9.485 -9.391 -9.569 82.451 85.668 80.883 6.944 7.259 7.528 337.61 -8.217 1.737 678.033 1.131 1.631 2.631 2001.52009041096
2001 189 189.875 2100 -10.512 -10.472 -10.748 83.946 87.398 82.82 6.163 6.523 6.666 289.243 -9.123 1.74 678.45 1.133 1.633 2.634 2001.52020547945
2001 189 189.917 2200 -11.293 -11.273 -11.489 83.633 87.018 82.177 5.082 5.434 5.481 76.443 -9.898 1.739 678.667 1.133 1.633 2.633 2001.52032054795
2001 189 189.958 2300 -13.156 -13.147 -13.252 85.74 88.721 83.898 3.671 3.939 4.001 28.974 -12.897 1.743 678.75 1.137 1.637 2.637 2001.52043287671
2001 190 190 0 -15.022 -15.007 -15.148 86.973 89.866 84.72 2.838 3.03 3.049 15.962 -13.862 1.746 678.833 1.139 1.639 2.639 2001.52054794521
2001 190 190.042 100 -15.691 -15.655 -15.827 87.34 90.313 85.247 2.714 2.909 2.888 21.391 -14.475 1.747 678.883 1.141 1.641 2.641 2001.5206630137
2001 190 190.083 200 -18.039 -18.105 -18.023 85.064 87.814 83.624 1.641 1.837 1.928 125.091 -18.502 1.754 678.883 1.148 1.648 2.648 2001.52077534247
2001 190 190.125 300 -21.075 -21.227 -20.847 81.396 84.241 80.528 1.691 1.915 2.077 90.684 -22.368 1.761 678.917 1.155 1.655 2.655 2001.52089041096
2001 190 190.167 400 -22.118 -22.155 -22.232 80.247 83.13 78.584 2.484 1.605 2.487 53.323 -20.417 1.763 678.883 1.156 1.656 2.656 2001.52100547945
2001 190 190.208 500 -21.654 -21.661 -21.841 78.814 80.289 77.217 1.884 1.702 1.719 49.518 -20.688 1.765 678.9 1.158 1.658 2.658 2001.52111780822
2001 190 190.25 600 -24.247 -24.299 -24.196 75.279 75.676 74.468 1.933 2.319 2.126 28.867 -23.532 1.771 678.8 1.165 1.665 2.665 2001.52123287671
2001 190 190.292 700 -25.785 -25.772 -25.674 73.194 73.366 72.852 1.531 1.708 1.628 117.838 -24.967 1.775 678.833 1.169 1.669 2.669 2001.52134794521
2001 190 190.333 800 -26.24 -26.083 -26.344 72.714 73.09 72.284 2.016 1.948 2.112 52.226 -24.022 1.775 679 1.169 1.669 2.669 2001.52146027397
2001 190 190.375 900 -25.762 -25.503 -25.944 73.092 73.552 72.733 1.847 1.757 1.97 167.858 -23.122 1.775 679.1 1.168 1.668 2.668 2001.52157534247
2001 190 190.417 1000 -24.658 -24.325 -24.832 74.498 75.325 74.079 1.73 1.878 1.862 193.314 -21.427 1.772 679.2 1.165 1.665 2.665 2001.52169041096
2001 190 190.458 1100 -22.74 -22.432 -22.912 76.834 78.047 76.116 1.985 1.881 2.102 102.413 -19.507 1.768 679.233 1.161 1.661 2.661 2001.52180273973
2001 190 190.5 1200 -21.262 -21.007 -21.466 78.746 80.35 77.594 1.885 1.906 1.988 93.227 -17.502 1.765 679.433 1.159 1.659 2.659 2001.52191780822
2001 190 190.542 1300 -19.816 -19.708 -19.999 81.479 83.632 79.65 1.47 1.52 1.52 162.675 -15.538 1.76 679.417 1.154 1.654 2.654 2001.52203287671
2001 190 190.583 1400 -18.08 -17.982 -17.844 82.326 84.012 80.553 0.874 0.941 0.912 254.73 -13.682 1.756 679.5 1.15 1.65 2.65 2001.52214520548
2001 190 190.625 1500 -16.651 -16.739 -17.1 75.733 77.801 72.558 1.904 1.964 2.059 276.652 -13.503 1.755 679.6 1.148 1.648 2.648 2001.52226027397
2001 190 190.667 1600 -16.079 -15.948 -16.316 75.056 78.265 73.225 2.952 3.078 3.193 306.193 -13.193 1.755 679.567 1.149 1.649 2.649 2001.52237534247
2001 190 190.708 1700 -15.302 -15.192 -15.508 80.738 84.226 79.326 3.249 3.39 3.514 313.613 -12.89 1.754 679.517 1.148 1.648 2.648 2001.52248767123
2001 190 190.75 1800 -13.974 -13.898 -14.137 83.491 86.891 81.669 2.951 3.088 3.168 335.292 -11.828 1.752 679.467 1.145 1.645 2.645 2001.52260273973
2001 190 190.792 1900 -12.373 -12.309 -12.549 79.439 82.609 77.97 3.904 4.08 4.24 329.658 -10.535 1.75 679.433 1.144 1.644 2.644 2001.52271780822
2001 190 190.833 2000 -12.077 -11.992 -12.207 81.446 84.7 79.895 4.874 5.097 5.349 310.185 -10.425 1.752 679.283 1.146 1.646 2.646 2001.52283013699
2001 190 190.875 2100 -13.049 -12.969 -13.22 84.523 87.752 82.985 3.49 3.622 3.961 286.028 -12.107 1.754 679.433 1.148 1.648 2.648 2001.52294520548
2001 190 190.917 2200 -13.665 -13.65 -13.793 88.26 91.573 85.899 3.317 3.354 3.58 273.077 -11.957 1.753 679.333 1.146 1.646 2.646 2001.52306027397
2001 190 190.958 2300 -12.499 -12.508 -12.618 89.545 92.99 87.014 3.912 3.942 4.274 278.28 -11.398 1.74 679.183 1.134 1.634 2.634 2001.52317260274
2001 191 191 0 -11.584 -11.617 -11.666 91.141 94.785 88.439 3.9 4.093 4.303 321.475 -11.013 1.736 679.117 1.13 1.63 2.63 2001.52328767123
2001 191 191.042 100 -11.864 -11.882 -11.958 90.299 93.833 87.719 4.478 4.722 4.863 341.353 -11.442 1.736 679.283 1.13 1.63 2.63 2001.52340273973
2001 191 191.083 200 -13.911 -13.929 -14.008 86.449 89.467 84.602 5.674 6.048 6.234 347.877 -14.417 1.747 679.567 1.14 1.64 2.64 2001.52351506849
2001 191 191.125 300 -15.904 -15.935 -16 85.753 88.617 83.703 4.587 4.911 5.024 248.998 -15.925 1.748 679.783 1.142 1.642 2.642 2001.52363013699
2001 191 191.167 400 -16.909 -16.942 -16.99 84.445 87.067 82.559 4.296 4.614 4.725 227.86 -17.25 1.748 679.983 1.142 1.642 2.642 2001.52374520548
2001 191 191.208 500 -16.718 -16.749 -16.823 84.426 87.169 82.449 4.428 4.803 4.775 20.035 -16.59 1.747 680.25 1.141 1.641 2.641 2001.52385753425
2001 191 191.25 600 -16.711 -16.703 -16.843 81.697 84.271 80.234 5.017 5.49 5.427 24.279 -16.305 1.742 680.55 1.136 1.636 2.636 2001.52397260274
2001 191 191.292 700 -18.589 -18.586 -18.677 80.572 82.807 79.391 3.581 3.903 3.895 21.75 -19.865 1.748 680.75 1.142 1.642 2.642 2001.52408767123
2001 191 191.333 800 -20.842 -20.862 -20.92 80.998 83.113 79.734 2.897 3.191 3.247 25.93 -21.16 1.752 680.95 1.146 1.646 2.646 2001.5242
2001 191 191.375 900 -19.686 -19.675 -19.89 82.775 85.493 81.649 3.589 3.865 3.878 45.21 -19.38 1.749 681.15 1.142 1.642 2.642 2001.52431506849
2001 191 191.417 1000 -20.261 -20.205 -20.495 80.594 82.982 79.597 3.325 3.559 3.582 38.972 -19.533 1.749 681.533 1.143 1.643 2.643 2001.52443013699
2001 191 191.458 1100 -19.753 -19.683 -20.057 81.205 83.746 80.254 3.865 4.121 4.131 90.521 -18.328 1.748 681.783 1.142 1.642 2.642 2001.52454246575
2001 191 191.5 1200 -18.812 -18.714 -19.205 80.393 82.821 79.859 4.432 4.731 4.724 31.539 -16.938 1.747 681.983 1.141 1.641 2.641 2001.52465753425
2001 191 191.542 1300 -18.42 -18.32 -18.873 77.714 80.02 77.462 4.677 5.009 4.954 15.161 -16.142 1.748 682.183 1.141 1.641 2.641 2001.52477260274
2001 191 191.583 1400 -17.983 -17.863 -18.396 77.259 80.095 76.966 4.078 4.369 4.302 19.724 -15.105 1.746 682.4 1.14 1.64 2.64 2001.52488493151
2001 191 191.625 1500 -17.326 -17.221 -17.737 77.954 80.937 77.841 4.04 4.301 4.276 37.202 -14.675 1.745 682.55 1.139 1.639 2.639 2001.525
2001 191 191.667 1600 999 999 999 999 999 999 999 999 999 999 -14.257 999 682.6 999 999 999 2001.52511506849
2001 191 191.708 1700 999 999 999 999 999 999 999 999 999 999 -14.155 999 682.533 999 999 999 2001.52522739726
2001 191 191.75 1800 999 999 999 999 999 999 999 999 999 999 -14.083 999 682.533 999 999 999 2001.52534246575
2001 191 191.792 1900 999 999 999 999 999 999 999 999 999 999 -15.153 999 682.783 999 999 999 2001.52545753425
2001 191 191.833 2000 999 999 999 999 999 999 999 999 999 999 -16 999 682.9 999 999 999 2001.52556986301
2001 191 191.875 2100 999 999 999 999 999 999 999 999 999 999 -17.267 999 683 999 999 999 2001.52568493151
2001 191 191.917 2200 999 999 999 999 999 999 999 999 999 999 -16.87 999 683.15 999 999 999 2001.5258
2001 191 191.958 2300 999 999 999 999 999 999 999 999 999 999 -17.485 999 683.283 999 999 999 2001.52591232877
2001 192 192 0 999 999 999 999 999 999 999 999 999 999 -17.017 999 683.383 999 999 999 2001.52602739726
2001 192 192.042 100 999 999 999 999 999 999 999 999 999 999 -15.267 999 683.517 999 999 999 2001.52614246575
2001 192 192.083 200 999 999 999 999 999 999 999 999 999 999 -12.982 999 683.433 999 999 999 2001.52625479452
2001 192 192.125 300 999 999 999 999 999 999 999 999 999 999 -13.153 999 683.417 999 999 999 2001.52636986301
2001 192 192.167 400 999 999 999 999 999 999 999 999 999 999 -13.245 999 683.367 999 999 999 2001.52648493151
2001 192 192.208 500 999 999 999 999 999 999 999 999 999 999 -13.178 999 683.317 999 999 999 2001.52659726027
2001 192 192.25 600 999 999 999 999 999 999 999 999 999 999 -13.04 999 683.333 999 999 999 2001.52671232877
2001 192 192.292 700 999 999 999 999 999 999 999 999 999 999 -13.427 999 683.45 999 999 999 2001.52682739726
2001 192 192.333 800 999 999 999 999 999 999 999 999 999 999 -14.427 999 683.767 999 999 999 2001.52693972603
2001 192 192.375 900 999 999 999 999 999 999 999 999 999 999 -12.312 999 684.067 999 999 999 2001.52705479452
2001 192 192.417 1000 999 999 999 999 999 999 999 999 999 999 -11.435 999 684.4 999 999 999 2001.52716986301
2001 192 192.458 1100 999 999 999 999 999 999 999 999 999 999 -11.17 999 684.617 999 999 999 2001.52728219178
2001 192 192.5 1200 999 999 999 999 999 999 999 999 999 999 -10.143 999 684.667 999 999 999 2001.52739726027
2001 192 192.542 1300 999 999 999 999 999 999 999 999 999 999 -9.413 999 684.867 999 999 999 2001.52751232877
2001 192 192.583 1400 999 999 999 999 999 999 999 999 999 999 -9.117 999 684.983 999 999 999 2001.52762465753
2001 192 192.625 1500 999 999 999 999 999 999 999 999 999 999 -9.012 999 685.083 999 999 999 2001.52773972603
2001 192 192.667 1600 999 999 999 999 999 999 999 999 999 999 -8.68 999 685.15 999 999 999 2001.52785479452
2001 192 192.708 1700 999 999 999 999 999 999 999 999 999 999 -8.563 999 685.45 999 999 999 2001.52796712329
2001 192 192.75 1800 999 999 999 999 999 999 999 999 999 999 -8.467 999 685.667 999 999 999 2001.52808219178
2001 192 192.792 1900 999 999 999 999 999 999 999 999 999 999 -8.877 999 685.95 999 999 999 2001.52819726027
2001 192 192.833 2000 999 999 999 999 999 999 999 999 999 999 -9.5 999 686.183 999 999 999 2001.52830958904
2001 192 192.875 2100 999 999 999 999 999 999 999 999 999 999 -10.547 999 686.3 999 999 999 2001.52842465753
2001 192 192.917 2200 999 999 999 999 999 999 999 999 999 999 -10.762 999 686.55 999 999 999 2001.52853972603
2001 192 192.958 2300 999 999 999 999 999 999 999 999 999 999 -11.002 999 686.717 999 999 999 2001.52865205479
2001 193 193 0 999 999 999 999 999 999 999 999 999 999 -11.155 999 686.717 999 999 999 2001.52876712329
2001 193 193.042 100 999 999 999 999 999 999 999 999 999 999 -12.26 999 686.667 999 999 999 2001.52888219178
2001 193 193.083 200 999 999 999 999 999 999 999 999 999 999 -13.335 999 686.733 999 999 999 2001.52899452055
2001 193 193.125 300 999 999 999 999 999 999 999 999 999 999 -13.188 999 686.683 999 999 999 2001.52910958904
2001 193 193.167 400 999 999 999 999 999 999 999 999 999 999 -13.8 999 686.55 999 999 999 2001.52922465753
2001 193 193.208 500 999 999 999 999 999 999 999 999 999 999 -14.273 999 686.417 999 999 999 2001.5293369863
2001 193 193.25 600 999 999 999 999 999 999 999 999 999 999 -15.102 999 686.4 999 999 999 2001.52945205479
2001 193 193.292 700 999 999 999 999 999 999 999 999 999 999 -16.31 999 686.417 999 999 999 2001.52956712329
2001 193 193.333 800 999 999 999 999 999 999 999 999 999 999 -16.8 999 686.333 999 999 999 2001.52967945205
2001 193 193.375 900 999 999 999 999 999 999 999 999 999 999 -15.857 999 686.4 999 999 999 2001.52979452055
2001 193 193.417 1000 999 999 999 999 999 999 999 999 999 999 -14.223 999 686.3 999 999 999 2001.52990958904
2001 193 193.458 1100 999 999 999 999 999 999 999 999 999 999 -12.367 999 686.033 999 999 999 2001.53002191781
2001 193 193.5 1200 999 999 999 999 999 999 999 999 999 999 -11.473 999 685.85 999 999 999 2001.5301369863
2001 193 193.542 1300 999 999 999 999 999 999 999 999 999 999 -11.95 999 685.65 999 999 999 2001.53025205479
2001 193 193.583 1400 999 999 999 999 999 999 999 999 999 999 -11.387 999 685.367 999 999 999 2001.53036438356
2001 193 193.625 1500 999 999 999 999 999 999 999 999 999 999 -11.105 999 685.083 999 999 999 2001.53047945205
2001 193 193.667 1600 999 999 999 999 999 999 999 999 999 999 -10.912 999 684.833 999 999 999 2001.53059452055
2001 193 193.708 1700 999 999 999 999 999 999 999 999 999 999 -9.5 999 684.567 999 999 999 2001.53070684932
2001 193 193.75 1800 999 999 999 999 999 999 999 999 999 999 -10.493 999 684.367 999 999 999 2001.53082191781
2001 193 193.792 1900 999 999 999 999 999 999 999 999 999 999 -10.282 999 684.3 999 999 999 2001.5309369863
2001 193 193.833 2000 999 999 999 999 999 999 999 999 999 999 -11.347 999 684.217 999 999 999 2001.53104931507
2001 193 193.875 2100 999 999 999 999 999 999 999 999 999 999 -11.752 999 684.083 999 999 999 2001.53116438356
2001 193 193.917 2200 999 999 999 999 999 999 999 999 999 999 -10.177 999 683.817 999 999 999 2001.53127945205
2001 193 193.958 2300 999 999 999 999 999 999 999 999 999 999 -9.558 999 683.6 999 999 999 2001.53139178082
2001 194 194 0 999 999 999 999 999 999 999 999 999 999 -9.965 999 683.433 999 999 999 2001.53150684932
2001 194 194.042 100 999 999 999 999 999 999 999 999 999 999 -10.895 999 683.15 999 999 999 2001.53162191781
2001 194 194.083 200 999 999 999 999 999 999 999 999 999 999 -10.935 999 683 999 999 999 2001.53173424658
2001 194 194.125 300 999 999 999 999 999 999 999 999 999 999 -14.692 999 682.8 999 999 999 2001.53184931507
2001 194 194.167 400 999 999 999 999 999 999 999 999 999 999 -15.828 999 682.517 999 999 999 2001.53196438356
2001 194 194.208 500 999 999 999 999 999 999 999 999 999 999 -16.375 999 682.267 999 999 999 2001.53207671233
2001 194 194.25 600 999 999 999 999 999 999 999 999 999 999 -16.408 999 682.117 999 999 999 2001.53219178082
2001 194 194.292 700 999 999 999 999 999 999 999 999 999 999 -14.888 999 681.85 999 999 999 2001.53230684932
2001 194 194.333 800 999 999 999 999 999 999 999 999 999 999 -12.76 999 681.867 999 999 999 2001.53241917808
2001 194 194.375 900 999 999 999 999 999 999 999 999 999 999 -12.02 999 681.833 999 999 999 2001.53253424658
2001 194 194.417 1000 999 999 999 999 999 999 999 999 999 999 -10.002 999 681.767 999 999 999 2001.53264931507
2001 194 194.458 1100 999 999 999 999 999 999 999 999 999 999 -8.978 999 681.567 999 999 999 2001.53276164384
2001 194 194.5 1200 999 999 999 999 999 999 999 999 999 999 -9.117 999 681.75 999 999 999 2001.53287671233
2001 194 194.542 1300 999 999 999 999 999 999 999 999 999 999 -8.378 999 681.817 999 999 999 2001.53299178082
2001 194 194.583 1400 999 999 999 999 999 999 999 999 999 999 -8.068 999 681.75 999 999 999 2001.53310410959
2001 194 194.625 1500 999 999 999 999 999 999 999 999 999 999 -8.65 999 682.05 999 999 999 2001.53321917808
2001 194 194.667 1600 999 999 999 999 999 999 999 999 999 999 -8.57 999 682.217 999 999 999 2001.53333424658
2001 194 194.708 1700 999 999 999 999 999 999 999 999 999 999 -9.013 999 682.083 999 999 999 2001.53344657534
2001 194 194.75 1800 999 999 999 999 999 999 999 999 999 999 -8.615 999 681.867 999 999 999 2001.53356164384
2001 194 194.792 1900 999 999 999 999 999 999 999 999 999 999 -8.382 999 681.883 999 999 999 2001.53367671233
2001 194 194.833 2000 999 999 999 999 999 999 999 999 999 999 -8.343 999 681.383 999 999 999 2001.5337890411
2001 194 194.875 2100 999 999 999 999 999 999 999 999 999 999 -8.487 999 681.367 999 999 999 2001.53390410959
2001 194 194.917 2200 999 999 999 999 999 999 999 999 999 999 -7.797 999 681.2 999 999 999 2001.53401917808
2001 194 194.958 2300 999 999 999 999 999 999 999 999 999 999 -8.25 999 680.967 999 999 999 2001.53413150685
2001 195 195 0 999 999 999 999 999 999 999 999 999 999 -8.873 999 680.883 999 999 999 2001.53424657534
2001 195 195.042 100 999 999 999 999 999 999 999 999 999 999 -8.902 999 680.8 999 999 999 2001.53436164384
2001 195 195.083 200 999 999 999 999 999 999 999 999 999 999 -9.045 999 680.767 999 999 999 2001.5344739726
2001 195 195.125 300 999 999 999 999 999 999 999 999 999 999 -10.407 999 680.217 999 999 999 2001.5345890411
2001 195 195.167 400 999 999 999 999 999 999 999 999 999 999 -11.182 999 679.85 999 999 999 2001.53470410959
2001 195 195.208 500 999 999 999 999 999 999 999 999 999 999 -13.292 999 679.5 999 999 999 2001.53481643836
2001 195 195.25 600 999 999 999 999 999 999 999 999 999 999 -13.97 999 679.117 999 999 999 2001.53493150685
2001 195 195.292 700 999 999 999 999 999 999 999 999 999 999 -13.17 999 678.717 999 999 999 2001.53504657534
2001 195 195.333 800 999 999 999 999 999 999 999 999 999 999 -12.213 999 678.567 999 999 999 2001.53515890411
2001 195 195.375 900 999 999 999 999 999 999 999 999 999 999 -11.205 999 678.467 999 999 999 2001.5352739726
2001 195 195.417 1000 999 999 999 999 999 999 999 999 999 999 -9.182 999 678.45 999 999 999 2001.5353890411
2001 195 195.458 1100 999 999 999 999 999 999 999 999 999 999 -8.34 999 678.2 999 999 999 2001.53550136986
2001 195 195.5 1200 999 999 999 999 999 999 999 999 999 999 -8.093 999 678.233 999 999 999 2001.53561643836
2001 195 195.542 1300 999 999 999 999 999 999 999 999 999 999 -7.615 999 678.1 999 999 999 2001.53573150685
2001 195 195.583 1400 999 999 999 999 999 999 999 999 999 999 -6.97 999 677.917 999 999 999 2001.53584383562
2001 195 195.625 1500 999 999 999 999 999 999 999 999 999 999 -6.809 999 677.7 999 999 999 2001.53595890411
2001 195 195.667 1600 999 999 999 999 999 999 999 999 999 999 -6.957 999 677.633 999 999 999 2001.5360739726
2001 195 195.708 1700 999 999 999 999 999 999 999 999 999 999 -6.952 999 677.55 999 999 999 2001.53618630137
2001 195 195.75 1800 999 999 999 999 999 999 999 999 999 999 -6.715 999 677.483 999 999 999 2001.53630136986
2001 195 195.792 1900 999 999 999 999 999 999 999 999 999 999 -7.44 999 677.567 999 999 999 2001.53641643836
2001 195 195.833 2000 999 999 999 999 999 999 999 999 999 999 -8.42 999 677.65 999 999 999 2001.53652876712
2001 195 195.875 2100 999 999 999 999 999 999 999 999 999 999 -9.318 999 677.683 999 999 999 2001.53664383562
2001 195 195.917 2200 999 999 999 999 999 999 999 999 999 999 -10.622 999 677.517 999 999 999 2001.53675890411
2001 195 195.958 2300 999 999 999 999 999 999 999 999 999 999 -9.96 999 677.467 999 999 999 2001.53687123288
2001 196 196 0 999 999 999 999 999 999 999 999 999 999 -10.815 999 677.517 999 999 999 2001.53698630137
2001 196 196.042 100 999 999 999 999 999 999 999 999 999 999 -11.51 999 677.55 999 999 999 2001.53710136986
2001 196 196.083 200 999 999 999 999 999 999 999 999 999 999 -12.79 999 677.433 999 999 999 2001.53721369863
2001 196 196.125 300 999 999 999 999 999 999 999 999 999 999 -14.005 999 677.367 999 999 999 2001.53732876712
2001 196 196.167 400 999 999 999 999 999 999 999 999 999 999 -15.252 999 677.25 999 999 999 2001.53744383562
2001 196 196.208 500 999 999 999 999 999 999 999 999 999 999 -15.617 999 677.3 999 999 999 2001.53755616438
2001 196 196.25 600 999 999 999 999 999 999 999 999 999 999 -16.467 999 677.35 999 999 999 2001.53767123288
2001 196 196.292 700 999 999 999 999 999 999 999 999 999 999 -16.537 999 677.567 999 999 999 2001.53778630137
2001 196 196.333 800 999 999 999 999 999 999 999 999 999 999 -16.243 999 677.7 999 999 999 2001.53789863014
2001 196 196.375 900 999 999 999 999 999 999 999 999 999 999 -13.133 999 677.833 999 999 999 2001.53801369863
2001 196 196.417 1000 999 999 999 999 999 999 999 999 999 999 -11.322 999 677.9 999 999 999 2001.53812876712
2001 196 196.458 1100 999 999 999 999 999 999 999 999 999 999 -10.045 999 677.95 999 999 999 2001.53824109589
2001 196 196.5 1200 999 999 999 999 999 999 999 999 999 999 -9.572 999 678.017 999 999 999 2001.53835616438
2001 196 196.542 1300 999 999 999 999 999 999 999 999 999 999 -8.832 999 678.1 999 999 999 2001.53847123288
2001 196 196.583 1400 999 999 999 999 999 999 999 999 999 999 -8.378 999 678.117 999 999 999 2001.53858356164
2001 196 196.625 1500 999 999 999 999 999 999 999 999 999 999 -7.477 999 677.983 999 999 999 2001.53869863014
2001 196 196.667 1600 999 999 999 999 999 999 999 999 999 999 -7.111 999 677.917 999 999 999 2001.53881369863
2001 196 196.708 1700 999 999 999 999 999 999 999 999 999 999 -7.01 999 677.833 999 999 999 2001.5389260274
2001 196 196.75 1800 999 999 999 999 999 999 999 999 999 999 -6.842 999 677.8 999 999 999 2001.53904109589
2001 196 196.792 1900 999 999 999 999 999 999 999 999 999 999 -7.41 999 677.8 999 999 999 2001.53915616438
2001 196 196.833 2000 999 999 999 999 999 999 999 999 999 999 -8.045 999 677.8 999 999 999 2001.53926849315
2001 196 196.875 2100 999 999 999 999 999 999 999 999 999 999 -9.8 999 677.767 999 999 999 2001.53938356164
2001 196 196.917 2200 999 999 999 999 999 999 999 999 999 999 -10.295 999 677.767 999 999 999 2001.53949863014
2001 196 196.958 2300 999 999 999 999 999 999 999 999 999 999 -11.048 999 677.783 999 999 999 2001.5396109589
2001 197 197 0 999 999 999 999 999 999 999 999 999 999 -11.423 999 677.717 999 999 999 2001.5397260274
2001 197 197.042 100 999 999 999 999 999 999 999 999 999 999 -14.06 999 677.833 999 999 999 2001.53984109589
2001 197 197.083 200 999 999 999 999 999 999 999 999 999 999 -13.198 999 677.9 999 999 999 2001.53995342466
2001 197 197.125 300 999 999 999 999 999 999 999 999 999 999 -15.39 999 678.017 999 999 999 2001.54006849315
2001 197 197.167 400 999 999 999 999 999 999 999 999 999 999 -15.975 999 678.117 999 999 999 2001.54018356164
2001 197 197.208 500 999 999 999 999 999 999 999 999 999 999 -15.105 999 678.2 999 999 999 2001.54029589041
2001 197 197.25 600 999 999 999 999 999 999 999 999 999 999 -12.8 999 678.5 999 999 999 2001.5404109589
2001 197 197.292 700 999 999 999 999 999 999 999 999 999 999 -12.263 999 678.767 999 999 999 2001.5405260274
2001 197 197.333 800 999 999 999 999 999 999 999 999 999 999 -12.532 999 678.867 999 999 999 2001.54063835616
2001 197 197.375 900 999 999 999 999 999 999 999 999 999 999 -11.77 999 678.717 999 999 999 2001.54075342466
2001 197 197.417 1000 999 999 999 999 999 999 999 999 999 999 -9.99 999 678.683 999 999 999 2001.54086849315
2001 197 197.458 1100 999 999 999 999 999 999 999 999 999 999 -8.858 999 678.833 999 999 999 2001.54098082192
2001 197 197.5 1200 999 999 999 999 999 999 999 999 999 999 -8.448 999 678.633 999 999 999 2001.54109589041
2001 197 197.542 1300 999 999 999 999 999 999 999 999 999 999 -8.15 999 678.517 999 999 999 2001.5412109589
2001 197 197.583 1400 -9.663 -9.569 -10.073 83.99 88.922 84.639 6.152 6.531 6.681 346.917 -7.908 1.761 678.683 1.155 1.655 2.655 2001.54132328767
2001 197 197.625 1500 -9.352 -9.226 -9.808 81.922 86.702 83.073 6.675 7.103 7.271 339.822 -7.583 1.762 678.8 1.155 1.655 2.655 2001.54143835616
2001 197 197.667 1600 -9.403 -9.318 -9.889 81.751 86.795 83.158 6.358 6.768 6.909 304.042 -7.675 1.761 678.767 1.155 1.655 2.655 2001.54155342466
2001 197 197.708 1700 -9.129 -9.08 -9.588 83.302 88.647 84.314 5.959 6.35 6.471 222.103 -7.325 1.759 678.967 1.153 1.653 2.653 2001.54166575342
2001 197 197.75 1800 -8.939 -8.908 -9.247 85.408 90.863 85.482 5.293 5.64 5.736 215.933 -7.83 1.757 679.067 1.151 1.651 2.651 2001.54178082192
2001 197 197.792 1900 -8.873 -8.799 -9.127 83.862 88.878 83.452 3.933 3.688 4.124 76.659 -6.729 1.756 679.317 1.149 1.649 2.649 2001.54189589041
2001 197 197.833 2000 -9.393 -9.339 -9.559 84.557 89.299 83.678 3.145 1.447 3.396 61.719 -7.569 1.757 679.467 1.15 1.65 2.65 2001.54200821918
2001 197 197.875 2100 -10.159 -10.149 -10.262 83.79 88.515 82.863 2.996 2.934 3.318 79.719 -8.68 1.759 679.567 1.152 1.652 2.652 2001.54212328767
2001 197 197.917 2200 -10.998 -11.02 -11.058 84.595 89.427 83.229 1.54 0.858 1.773 61.979 -9.842 1.76 679.817 1.154 1.654 2.654 2001.54223835616
2001 197 197.958 2300 -11.053 -11.073 -11.111 76.148 80.406 75.577 2.764 0.984 2.992 60.756 -10.195 1.762 679.95 1.156 1.656 2.656 2001.54235068493
2001 198 198 0 -14.968 -15.274 -14.434 75.562 79.745 74.756 1.85 1.484 2.308 63.171 -15.59 1.769 680.1 1.163 1.663 2.663 2001.54246575342
2001 198 198.042 100 -13.231 -13.373 -13.122 84.002 88.699 82.819 2.303 2.411 2.714 92.842 -13.33 1.766 680.283 1.159 1.659 2.659 2001.54258082192
2001 198 198.083 200 -14.46 -14.859 -14.053 81.802 86.34 80.368 1.618 1.48 1.941 80.344 -15.96 1.769 680.55 1.163 1.663 2.663 2001.54269315069
2001 198 198.125 300 -14.817 -15.253 -14.387 79.374 84.053 78.059 1.467 1.123 1.801 69.065 -15.682 1.77 680.717 1.163 1.663 2.663 2001.54280821918
2001 198 198.167 400 -13.557 -13.752 -13.495 77.589 81.917 76.849 1.263 1.258 1.456 116.35 -14.773 1.766 680.633 1.16 1.66 2.66 2001.54292328767
2001 198 198.208 500 -14.44 -14.535 -14.385 79.745 84.085 79.031 1.355 1.151 1.512 57.1 -14.43 1.768 680.85 1.162 1.662 2.662 2001.54303561644
2001 198 198.25 600 -14.5 -14.539 -14.558 83.018 87.51 82.075 2.099 1.338 2.287 55.67 -13.823 1.768 681.05 1.162 1.662 2.662 2001.54315068493
2001 198 198.292 700 -14.712 -14.693 -14.846 87.98 92.775 86.529 1.905 1.647 2 65.097 -13.097 1.769 681.3 1.163 1.663 2.663 2001.54326575342
2001 198 198.333 800 -15.192 -15.15 -15.317 89.351 94.536 87.46 1.536 1.525 1.637 81.765 -12.663 1.77 681.533 1.164 1.664 2.664 2001.54337808219
2001 198 198.375 900 -15.507 -15.458 -15.6 86.782 91.724 85.152 1.866 1.84 1.927 71.409 -12.487 1.772 681.633 1.165 1.665 2.665 2001.54349315069
2001 198 198.417 1000 -15.715 -15.653 -15.901 85.2 89.738 83.72 2.313 2.483 2.431 52.914 -12.172 1.774 681.7 1.168 1.668 2.668 2001.54360821918
2001 198 198.458 1100 -15.316 -15.188 -15.59 85.165 89.668 83.622 2.666 2.297 2.732 44.409 -11.265 1.775 681.85 1.168 1.668 2.668 2001.54372054795
2001 198 198.5 1200 -15.822 -15.604 -16.205 84.125 88.624 82.827 3.087 1.601 3.235 59.338 -11.197 1.778 682.083 1.171 1.671 2.671 2001.54383561644
2001 198 198.542 1300 -15.031 -14.858 -15.33 85.475 90.152 84.316 2.781 1.452 2.944 62.879 -10.91 1.775 682.083 1.169 1.669 2.669 2001.54395068493
2001 198 198.583 1400 -14.588 -14.429 -14.842 85.88 90.349 84.493 2.345 1.521 2.492 67.77 -9.972 1.771 682.133 1.165 1.665 2.665 2001.5440630137
2001 198 198.625 1500 -14.113 -13.991 -14.375 85.142 89.418 83.844 2.465 1.91 2.656 73.581 -9.868 1.772 682.15 1.166 1.666 2.666 2001.54417808219
2001 198 198.667 1600 -13.408 -13.294 -13.683 82.773 87.003 81.72 2.826 2.821 3.066 87.259 -9.257 1.772 682.3 1.166 1.666 2.666 2001.54429315069
2001 198 198.708 1700 -13.087 -12.988 -13.281 78.987 83.292 78.305 2.366 2.15 2.557 85.525 -9.513 1.773 682.4 1.167 1.667 2.667 2001.54440547945
2001 198 198.75 1800 -13.145 -13.074 -13.301 79.407 83.75 78.613 2.385 2.188 2.601 82.324 -10.565 1.776 682.467 1.17 1.67 2.67 2001.54452054795
2001 198 198.792 1900 -13.103 -13.002 -13.247 78.167 82.311 77.47 1.566 1.681 1.701 104.558 -9.628 1.775 682.65 1.169 1.669 2.669 2001.54463561644
2001 198 198.833 2000 -12.797 -12.812 -12.96 76.357 80.736 76.28 0.524 0.652 0.563 138.8 -9.627 1.775 682.733 1.168 1.668 2.668 2001.54474794521
2001 198 198.875 2100 -12.81 -12.802 -12.964 77.104 81.419 77.024 0.51 0.743 0.596 212.868 -10.013 1.775 682.783 1.168 1.668 2.668 2001.5448630137
2001 198 198.917 2200 -12.812 -12.785 -12.943 78.249 82.501 77.921 0.877 1.087 1.041 244.408 -10.29 1.776 682.75 1.169 1.669 2.669 2001.54497808219
2001 198 198.958 2300 -12.89 -12.871 -13.01 80.623 85.111 79.951 1.193 1.315 1.329 51.64 -10.952 1.776 682.7 1.17 1.67 2.67 2001.54509041096
2001 199 199 0 -13.278 -13.281 -13.38 83.47 88.18 82.4 0.931 0.919 1.149 49.026 -11.435 1.777 682.767 1.171 1.671 2.671 2001.54520547945
2001 199 199.042 100 -13.561 -13.569 -13.663 83.946 88.613 82.802 1.237 1.201 1.384 54.072 -12.02 1.778 682.667 1.171 1.671 2.671 2001.54532054795
2001 199 199.083 200 -13.868 -13.924 -13.896 81.258 85.997 80.002 1.225 1.277 1.48 100.374 -12.662 1.778 682.6 1.172 1.672 2.672 2001.54543287671
2001 199 199.125 300 -14.336 -14.369 -14.424 81.245 85.826 80.388 0.807 0.939 0.997 125.139 -13.143 1.779 682.6 1.173 1.673 2.673 2001.54554794521
2001 199 199.167 400 -14.391 -14.455 -14.451 80.18 84.712 79.145 1.409 1.531 1.642 130.266 -13.347 1.779 682.567 1.173 1.673 2.673 2001.5456630137
2001 199 199.208 500 -14.396 -14.427 -14.501 75.695 79.898 75.223 2.562 2.706 2.875 133.052 -13.458 1.78 682.5 1.173 1.673 2.673 2001.54577534247
2001 199 199.25 600 -14.479 -14.503 -14.58 74.117 78.204 73.776 2.481 2.621 2.755 131.763 -13.46 1.78 682.667 1.173 1.673 2.673 2001.54589041096
2001 199 199.292 700 -14.698 -14.702 -14.818 73.465 77.45 73.39 2.19 2.308 2.408 134.947 -13.363 1.78 682.867 1.174 1.674 2.674 2001.54600547945
2001 199 199.333 800 -14.997 -14.976 -15.141 75.783 79.861 75.584 2.741 2.891 3.001 121.012 -13.192 1.781 682.9 1.175 1.675 2.675 2001.54611780822
2001 199 199.375 900 -15.272 -15.226 -15.423 75.146 79.08 75.055 2.378 2.405 2.59 99.87 -12.9 1.781 682.9 1.175 1.675 2.675 2001.54623287671
2001 199 199.417 1000 -15.05 -14.996 -15.217 74.49 78.378 74.492 2.496 2.453 2.688 94.096 -12.383 1.782 682.95 1.175 1.675 2.675 2001.54634794521
2001 199 199.458 1100 -14.94 -14.865 -15.133 75.134 79.05 75.167 3.313 3.285 3.603 98.711 -12.11 1.783 683.1 1.176 1.676 2.676 2001.54646027397
2001 199 199.5 1200 -14.851 -14.754 -15.076 75.745 79.646 75.82 3.791 3.776 4.14 91.914 -11.842 1.783 683.083 1.177 1.677 2.677 2001.54657534247
2001 199 199.542 1300 -14.395 -14.269 -14.675 73.626 77.359 73.957 4.165 3.943 4.58 84.771 -11.29 1.783 683.217 1.177 1.677 2.677 2001.54669041096
2001 199 199.583 1400 -14.099 -13.958 -14.396 72.907 76.603 73.352 3.936 3.227 4.326 77.673 -10.685 1.782 683.217 1.176 1.676 2.676 2001.54680273973
2001 199 199.625 1500 -13.41 -13.26 -13.74 73.669 77.446 74.302 4.576 4.113 5.014 81.822 -10.27 1.782 683.217 1.175 1.675 2.675 2001.54691780822
2001 199 199.667 1600 -12.997 -12.85 -13.303 74.038 77.848 74.544 4.354 3.499 4.805 78.031 -9.895 1.781 683.117 1.175 1.675 2.675 2001.54703287671
2001 199 199.708 1700 -12.823 -12.679 -13.134 74.032 77.843 74.608 4.578 3.874 5.032 80.032 -9.672 1.774 683.017 1.168 1.668 2.668 2001.54714520548
2001 199 199.75 1800 -12.637 -12.51 -12.904 75.302 79.251 75.564 4.229 3.763 4.643 81.743 -9.518 1.77 682.95 1.164 1.664 2.664 2001.54726027397
2001 199 199.792 1900 -12.497 -12.405 -12.726 75.222 79.23 75.383 3.828 2.756 4.18 72.309 -9.683 1.767 682.983 1.16 1.66 2.66 2001.54737534247
2001 199 199.833 2000 -12.512 -12.439 -12.715 74.832 78.859 75.052 3.898 2.715 4.258 71.849 -10.003 1.766 683.033 1.16 1.66 2.66 2001.54748767123
2001 199 199.875 2100 -12.766 -12.694 -12.954 77.068 81.203 77.172 3.99 1.846 4.357 65.801 -10.552 1.769 682.95 1.162 1.662 2.662 2001.54760273973
2001 199 199.917 2200 -13.414 -13.359 -13.592 80.126 84.435 79.889 3.937 1.303 4.322 62.473 -11.462 1.776 682.917 1.169 1.669 2.669 2001.54771780822
2001 199 199.958 2300 -13.866 -13.833 -14.024 79.52 83.876 79.232 3.938 2.525 4.356 72.053 -12.093 1.781 683 1.175 1.675 2.675 2001.54783013699
2001 200 200 0 -14.458 -14.43 -14.618 82.704 87.215 82.138 3.237 1.112 3.524 61.847 -12.708 1.785 682.883 1.179 1.679 2.679 2001.54794520548
2001 200 200.042 100 -15.84 -15.815 -15.936 83.362 87.681 82.926 2.673 1.123 2.74 54.645 -14.573 1.778 682.65 1.172 1.672 2.672 2001.54806027397
2001 200 200.083 200 -18.863 -18.872 -18.946 82.017 86.356 81.731 1.652 1.159 1.724 53.858 -17.377 1.783 682.533 1.177 1.677 2.677 2001.54817260274
2001 200 200.125 300 -20.164 -20.208 -20.191 81.831 86.829 81.882 1.845 1.706 2.031 52.152 -18.95 1.784 682.367 1.178 1.678 2.678 2001.54828767123
2001 200 200.167 400 -20.817 -20.918 -20.676 78.876 82.647 79.18 1.55 1.418 1.831 54.327 -20.012 1.784 682.233 1.178 1.678 2.678 2001.54840273973
2001 200 200.208 500 -19.639 -19.652 -19.784 81.045 85.417 80.394 2.284 2.419 2.474 90.306 -18.257 1.781 682.233 1.175 1.675 2.675 2001.54851506849
2001 200 200.25 600 -17.724 -17.704 -17.889 82.757 87.252 81.967 2.036 2.151 2.168 105.144 -16.268 1.784 682.15 1.178 1.678 2.678 2001.54863013699
2001 200 200.292 700 -17.062 -17.111 -17.175 83.413 87.867 82.611 0.991 1.154 1.228 118.911 -15.782 1.783 682.033 1.177 1.677 2.677 2001.54874520548
2001 200 200.333 800 -17.809 -17.791 -17.903 82.09 86.417 81.484 1.803 1.2 1.875 74.687 -16.275 1.782 682 1.176 1.676 2.676 2001.54885753425
2001 200 200.375 900 -18.095 -18.063 -18.249 81.981 86.343 81.286 2.267 1.058 2.417 58.292 -16.145 1.781 681.9 1.174 1.674 2.674 2001.54897260274
2001 200 200.417 1000 -18.028 -17.951 -18.233 81.968 86.345 81.28 2.688 1.704 2.919 72.926 -15.35 1.78 681.917 1.173 1.673 2.673 2001.54908767123
2001 200 200.458 1100 -18.125 -18.037 -18.315 81.632 85.894 80.985 2.073 1.249 2.189 62.816 -15.21 1.779 681.883 1.173 1.673 2.673 2001.5492
2001 200 200.5 1200 -17.333 -17.224 -17.611 82.688 86.894 81.883 2.961 2.35 3.208 75.88 -13.86 1.778 682 1.172 1.672 2.672 2001.54931506849
2001 200 200.542 1300 -16.63 -16.516 -16.897 83.475 87.45 82.68 3.22 3.389 3.439 92.939 -13.408 1.777 681.867 1.171 1.671 2.671 2001.54943013699
2001 200 200.583 1400 -14.937 -14.809 -15.224 85.156 89.401 84.419 3.431 3.368 3.684 82.914 -11.535 1.773 681.867 1.167 1.667 2.667 2001.54954246575
2001 200 200.625 1500 -13.617 -13.492 -13.962 83.919 87.971 84.407 4.475 4.736 4.824 95.116 -10.792 1.773 681.9 1.166 1.666 2.666 2001.54965753425
2001 200 200.667 1600 -13.156 -13.039 -13.44 82.065 85.455 82.878 4.376 4.586 4.717 106.495 -10.268 1.772 681.917 1.165 1.665 2.665 2001.54977260274
2001 200 200.708 1700 -12.681 -12.574 -12.928 79.503 83.513 79.453 4.235 4.425 4.54 109.593 -9.833 1.771 681.817 1.165 1.665 2.665 2001.54988493151
2001 200 200.75 1800 -12.434 -12.356 -12.645 76.977 81.16 76.809 4.849 5.089 5.24 114.562 -9.987 1.771 681.733 1.164 1.664 2.664 2001.55
2001 200 200.792 1900 -12.425 -12.351 -12.651 70.263 74.135 70.459 5.03 5.334 5.486 97.303 -10.16 1.767 681.883 1.16 1.66 2.66 2001.55011506849
2001 200 200.833 2000 -12.909 -12.875 -13.06 73.995 78.153 74.061 5.049 5.307 5.49 113.518 -10.908 1.774 681.883 1.168 1.668 2.668 2001.55022739726
2001 200 200.875 2100 -13.061 -13.044 -13.198 73.492 77.695 73.538 4.515 4.749 4.893 111.485 -11.347 1.776 681.933 1.169 1.669 2.669 2001.55034246575
2001 200 200.917 2200 -13.249 -13.242 -13.362 77.854 82.29 77.72 3.901 4.097 4.231 115.232 -11.755 1.775 681.85 1.169 1.669 2.669 2001.55045753425
2001 200 200.958 2300 -13.691 -13.702 -13.801 79.994 84.518 79.713 4.005 4.244 4.365 96.21 -12.532 1.777 681.917 1.171 1.671 2.671 2001.55056986301
2001 201 201 0 -14.207 -14.23 -14.307 78.635 83.085 78.4 3.889 4.135 4.253 97.326 -13.265 1.77 682 1.163 1.663 2.663 2001.55068493151
2001 201 201.042 100 -16.934 -17.021 -16.906 81.579 85.827 81.51 2.897 3.083 3.31 102.884 -16.358 1.776 682.05 1.169 1.669 2.669 2001.5508
2001 201 201.083 200 -21.079 -21.404 -20.517 83.486 86.771 83.828 2.259 2.56 2.906 115.045 -21.123 1.785 682 1.179 1.679 2.679 2001.55091232877
2001 201 201.125 300 -23.432 -23.895 -22.739 80.685 85.707 81.243 2.066 2.35 2.65 104.172 -22.845 1.79 681.917 1.184 1.684 2.684 2001.55102739726
2001 201 201.167 400 -21.969 -22.171 -21.691 78.235 82.222 78.763 1.708 1.825 2.066 102.695 -21.392 1.786 681.717 1.179 1.679 2.679 2001.55114246575
2001 201 201.208 500 -19.948 -20.07 -19.909 79.989 84.007 79.913 1.12 1.241 1.379 173.66 -19.447 1.781 681.667 1.175 1.675 2.675 2001.55125479452
2001 201 201.25 600 -18.683 -18.903 -18.511 81.44 85.531 81.238 0.718 0.713 0.767 185.073 -18.342 1.779 681.617 1.173 1.673 2.673 2001.55136986301
2001 201 201.292 700 -18.44 -18.668 -18.235 81.764 85.823 81.508 0.975 1.016 0.933 134.901 -17.35 1.778 681.617 1.172 1.672 2.672 2001.55148493151
2001 201 201.333 800 -17.58 -17.622 -17.591 82.775 87.269 82.152 1.242 1.401 1.393 215.082 -16.265 1.776 681.7 1.17 1.67 2.67 2001.55159726027
2001 201 201.375 900 -16.457 -16.465 -16.514 84.253 88.97 83.357 1.76 1.894 1.965 337.205 -15.038 1.774 681.633 1.168 1.668 2.668 2001.55171232877
2001 201 201.417 1000 -15.719 -15.691 -15.774 85.065 89.781 83.993 2.076 2.189 2.266 319.112 -14.025 1.773 681.567 1.166 1.666 2.666 2001.55182739726
2001 201 201.458 1100 -15.397 -15.343 -15.479 85.59 90.403 84.396 2.325 2.436 2.492 316.175 -13.273 1.772 681.4 1.166 1.666 2.666 2001.55193972603
2001 201 201.5 1200 -14.767 -14.673 -14.889 86.364 91.037 85.019 2.893 3.032 3.119 325.762 -12.385 1.772 681.533 1.165 1.665 2.665 2001.55205479452
2001 201 201.542 1300 -14.285 -14.131 -14.439 85.96 90.055 85.19 3.479 3.664 3.753 303.243 -11.393 1.772 681.567 1.165 1.665 2.665 2001.55216986301
2001 201 201.583 1400 -13.861 -13.626 -14.136 82.44 86.72 83.956 3.863 4.073 4.14 306.573 -10.273 1.771 681.517 1.165 1.665 2.665 2001.55228219178
2001 201 201.625 1500 -13.347 -13.192 -13.767 79.177 83.993 81.328 4.298 4.5 4.641 337.58 -10.108 1.772 681.483 1.165 1.665 2.665 2001.55239726027
2001 201 201.667 1600 -13.163 -13.041 -13.535 78.288 83.129 79.946 4.83 5.096 5.208 337.505 -10.245 1.771 681.467 1.165 1.665 2.665 2001.55251232877
2001 201 201.708 1700 -13.116 -13.007 -13.494 79.573 84.556 80.581 4.688 4.946 5.029 340.617 -10.058 1.772 681.417 1.166 1.666 2.666 2001.55262465753
2001 201 201.75 1800 -13.073 -12.962 -13.372 80.207 85.051 80.637 4.636 4.853 4.973 340.633 -10.21 1.772 681.283 1.166 1.666 2.666 2001.55273972603
2001 201 201.792 1900 -12.972 -12.872 -13.232 81.165 86.038 81.368 4.525 4.753 4.852 343.025 -10.467 1.77 681.183 1.164 1.664 2.664 2001.55285479452
2001 201 201.833 2000 -12.967 -12.892 -13.193 81.331 86.115 81.397 4.628 4.863 4.96 343.695 -11.24 1.771 681 1.164 1.664 2.664 2001.55296712329
2001 201 201.875 2100 -13.18 -13.158 -13.388 81.21 86.081 81.183 4.572 4.865 4.927 251.122 -11.807 1.771 681.017 1.164 1.664 2.664 2001.55308219178
2001 201 201.917 2200 -14.228 -14.198 -14.349 84.931 89.766 84.353 3.119 3.341 3.391 118.334 -13.26 1.771 680.967 1.165 1.665 2.665 2001.55319726027
2001 201 201.958 2300 -17.156 -17.257 -17.042 85.096 89.479 84.578 1.966 2.183 2.358 335.833 -17.733 1.777 680.683 1.171 1.671 2.671 2001.55330958904
