170.0 2.956 6.387 1.172 
170.03 7.4 9.02 -5.57 
170.06 8.08 9.19 -3.931 
170.09 9.27 10.66 -4.804 
170.12 9.91 10.69 -1.746 
170.15 7.6 9.18 2.549 
170.18 6.39 7.4 3.118 
170.21 4.612 6.194 0.838 
171.0 1.578 2.617 -0.939 138.1
171.03 3.203 4.566 -6.85 108.2
171.06 4.912 5.721 -15.57 88.4
171.09 5.916 6.555 -6.792 102.3
171.12 6.497 7.4 -2.049 111.2
171.15 6.797 7.73 0.738 134.2
171.18 6.187 7.22 1.741 129.1
171.21 4.969 5.908 0.335 100.6
172.0 5.155 5.639 -6.24 95.6
172.03 4.922 5.473 -8.91 115.3
172.06 6.169 7.09 -9.18 113.6
172.09 7.09 8.32 -6.419 113.5
172.12 8.12 8.91 -0.571 110.8
172.15 7.48 7.85 4.626 146.6
172.18 5.133 6.829 8.8 187.5
172.21 1.831 2.919 5.017 221.4
173.0 2.407 3.249 -1.944 129.1
173.03 3.941 5.207 -5.641 99.2
173.06 6.453 7.33 -4.973 102.5
173.09 7.93 8.96 -3.024 107.1
173.12 9.52 10.53 0.302 106.3
173.15 6.393 9.12 5.831 288.8
173.18 3.82 4.331 3.718 247.6
173.21 3.212 3.788 3.318 220.6
174.0 2.591 3.221 1.744 133.3
174.03 0.995 1.483 1.544 255.5
174.06 1.151 2.402 1.242 425.7
174.09 2.198 3.03 1.845 381.1
174.12 2.737 3.278 3.755 7.87
174.15 2.815 3.581 4.086 416.7
174.18 2.275 3.162 3.482 442.8
174.21 1.73 2.418 3.182 367.8
175.0 1.401 2.119 2.078 41.03
175.03 2.166 3.656 -0.302 79.6
175.06 4.257 7.4 -3.458 119.9
175.09 6.613 9.23 0.672 122.5
175.12 8.49 9.17 5.534 111.7
175.15 6.337 8.12 10.11 209.8
175.18 5.202 5.734 11.03 126.1
175.21 4.305 5.337 9.36 99.8
176.0 5.156 7.28 4.721 97.9
176.03 7.47 8.66 -0.604 97.8
176.06 7.48 8.62 -2.283 101.5
176.09 8.76 9.36 -0.504 112.8
176.12 9.47 10.53 2.148 106.2
176.15 8.69 9.16 6.603 129.5
176.18 8.54 9.01 7.9 131.9
176.21 8.94 9.25 7.4 130.4
177.0 8.74 9.11 5.295 119.4
177.03 8.91 9.31 2.885 122.1
177.06 9.38 9.89 0.302 113.0
177.09 9.52 9.98 1.779 121.1
177.12 9.78 10.7 5.534 130.8
177.15 8.64 8.97 8.64 129.8
177.18 8.28 8.99 10.27 123.5
177.21 7.02 7.37 9.64 120.4
178.0 6.891 8.01 6.666 109.9
178.03 8.15 8.92 2.347 102.1
178.06 8.36 9.02 0.772 108.2
178.09 8.59 9.15 1.846 102.2
178.12 8.97 9.3 5.266 108.8
178.15 7.71 8.15 9.01 120.6
178.18 6.842 7.7 11.24 122.9
178.21 5.144 5.979 10.03 101.5
179.0 4.785 5.629 5.659 110.4
179.03 6.243 6.767 1.845 103.7
179.06 7.54 7.94 0.503 107.3
179.09 8.08 8.43 1.645 105.6
179.12 8.12 8.59 5.534 122.6
179.15 7.72 8.12 8.68 120.7
179.18 6.66 7.34 10.54 126.8
179.21 5.032 5.843 10.07 125.5
180.0 4.035 5.646 5.86 101.6
180.03 5.758 7.07 1.945 102.3
180.06 7.3 8.39 0.436 102.7
180.09 8.47 9.38 2.685 104.4
180.12 9.03 9.74 5.634 106.0
180.15 8.12 8.88 9.85 115.4
180.18 6.798 7.35 11.71 126.2
180.21 5.749 6.593 11.3 119.9
181.0 5.852 7.11 7.9 113.5
181.03 7.31 8.27 3.588 104.7
181.06 8.86 9.35 1.443 106.2
181.09 8.59 9.51 2.349 105.7
181.12 7.95 8.5 6.471 118.1
181.15 6.686 7.51 9.75 142.6
181.18 4.961 5.962 10.58 158.5
181.21 3.03 3.965 10.4 153.0
182.0 2.272 3.12 5.76 135.5
182.03 3.089 3.931 -1.342 98.2
182.06 4.731 5.936 2.45 121.2
182.09 6.889 7.5 2.919 122.0
182.12 6.74 7.43 5.03 132.7
182.15 7.25 7.9 7.44 140.4
182.18 5.139 6.896 9.61 135.9
182.21 3.007 3.929 11.07 124.6
183.0 2.726 4.261 6.495 124.6
183.03 5.455 6.177 2.683 122.0
183.06 6.352 6.833 0.067 107.2
183.09 7.43 8.42 2.081 123.6
183.12 7.06 8.24 5.231 128.6
183.15 5.995 6.557 8.41 145.0
183.18 5.471 6.266 9.61 158.5
183.21 5.26 5.635 9.64 160.6
184.0 3.999 5.139 7.97 143.6
184.03 2.274 3.137 6.27 161.8
184.06 1.957 3.284 7.28 122.4
184.09 2.451 4.088 8.28 158.0
184.12 3.352 4.847 9.38 171.4
184.15 5.872 6.27 10.75 159.2
184.18 5.393 5.938 11.28 153.4
184.21 4.407 5.456 11.21 144.6
185.0 2.692 3.183 8.3 136.2
185.03 3.698 4.057 5.766 136.6
185.06 4.935 6.112 4.528 128.5
185.09 5.686 6.214 7.78 135.7
185.12 5.021 5.542 11.19 148.6
185.15 4.488 5.105 11.15 152.4
185.18 4.435 5.005 11.65 144.3
185.21 3.196 4.04 11.65 141.3
186.0 2.835 3.607 11.22 142.6
186.03 3.281 3.771 10.45 147.9
186.06 3.66 4.282 10.18 156.6
186.09 3.761 4.134 10.05 137.8
186.12 5.068 6.147 10.72 138.5
186.15 5.877 6.754 10.91 129.8
186.18 6.105 6.469 11.47 123.2
186.21 5.269 6.184 11.2 120.3
187.0 5.339 5.76 9.51 122.0
187.03 7.1 8.22 6.367 124.0
187.06 8.93 9.95 3.924 124.1
187.09 10.0 10.52 3.958 127.0
187.12 9.94 10.21 7.41 122.7
187.15 8.97 9.91 10.78 125.9
187.18 7.17 8.42 12.21 127.7
187.21 6.265 6.853 12.24 125.5
188.0 6.531 6.99 10.61 120.4
188.03 7.46 8.45 8.48 130.0
188.06 8.38 9.08 7.44 136.3
188.09 8.0 8.85 9.08 146.5
188.12 6.524 7.01 11.89 147.5
188.15 5.814 6.62 12.65 137.5
188.18 3.567 5.424 12.87 133.9
188.21 3.028 3.576 12.23 141.8
189.0 2.183 2.669 9.3 140.7
189.03 2.065 2.368 9.12 160.1
189.06 1.666 2.333 10.09 105.1
189.09 2.968 3.767 10.52 141.4
189.12 4.11 4.52 11.32 156.0
189.15 4.875 5.445 11.91 136.2
189.18 4.308 4.99 12.24 138.2
189.21 3.866 4.261 11.54 154.7
190.0 3.328 4.62 10.92 137.9
190.03 5.136 5.851 9.92 162.5
190.06 5.325 5.915 9.75 169.5
190.09 4.16 5.169 9.82 171.2
190.12 3.554 4.318 10.35 153.8
190.15 4.334 4.692 10.04 178.6
190.18 3.961 4.56 10.28 177.0
190.21 3.01 3.426 9.04 175.8
191.0 0.0 0.0 8.28 176.6
191.03 0.0 0.0 8.95 174.1
191.06 0.0 0.0 8.55 173.8
191.09 0.0 0.0 9.45 173.4
191.12 0.889 2.418 13.23 175.0
191.15 2.764 3.858 8.91 215.2
191.18 2.489 3.263 9.97 184.0
191.21 2.484 3.045 8.84 182.9
192.0 2.743 3.097 8.51 189.6
192.03 2.063 2.886 7.81 146.3
192.06 1.727 1.909 8.18 135.6
192.09 2.407 2.952 9.58 132.1
192.12 2.543 2.813 12.15 140.1
192.15 1.827 2.453 12.57 153.8
192.18 2.771 3.431 11.27 163.9
192.21 3.625 4.408 10.88 141.7
193.0 3.849 4.823 10.38 144.9
193.03 3.798 4.16 10.65 155.1
193.06 4.648 5.183 10.42 141.4
193.09 4.86 5.452 11.19 141.8
193.12 3.683 5.069 11.86 148.2
193.15 4.639 5.361 11.62 167.3
193.18 4.861 5.821 11.35 162.7
193.21 4.573 5.366 11.45 143.7
194.0 2.627 4.074 11.22 112.3
194.03 3.811 4.734 11.26 115.6
194.06 5.434 6.355 11.96 149.8
194.09 4.993 5.4 12.32 131.1
194.12 5.783 6.339 12.95 143.3
194.15 5.786 6.328 12.82 145.3
194.18 4.397 5.251 12.61 135.3
194.21 4.02 4.445 12.04 121.6
195.0 4.855 5.274 12.05 130.4
195.03 5.1 5.534 12.26 121.7
195.06 5.997 6.483 12.06 125.0
195.09 6.389 7.08 11.65 119.3
195.12 7.11 7.69 12.79 121.6
195.15 5.684 6.31 13.45 132.1
195.18 4.175 4.517 13.13 116.9
195.21 4.076 5.092 12.66 107.2
196.0 4.915 5.428 12.11 108.4
196.03 5.516 5.848 11.59 98.3
196.06 5.892 6.906 10.79 113.6
196.09 7.46 8.09 11.69 125.3
196.12 7.66 8.26 12.82 129.5
196.15 6.67 7.11 13.21 121.6
196.18 5.577 6.411 13.98 126.4
196.21 5.558 6.843 13.03 121.0
197.0 4.657 5.438 12.28 133.2
197.03 5.028 5.395 11.82 129.4
197.06 4.711 5.533 10.99 99.1
197.09 4.764 5.321 12.12 110.7
197.12 6.021 6.449 12.55 140.8
197.15 5.07 6.372 12.71 131.1
197.18 4.155 5.691 12.96 131.9
197.21 2.979 4.228 12.09 114.0
198.0 4.046 4.933 11.84 122.5
198.03 5.265 6.279 10.58 106.5
198.06 7.58 8.87 9.42 109.8
198.09 9.55 10.59 9.18 104.2
198.12 9.96 10.76 11.35 108.5
198.15 8.85 9.54 13.15 135.6
198.18 7.09 8.69 13.34 137.5
198.21 6.314 6.687 13.04 131.6
199.0 6.497 6.82 11.82 129.4
199.03 6.202 6.77 10.68 129.1
199.06 6.481 6.902 9.88 126.1
199.09 7.45 8.54 10.02 122.9
199.12 7.39 7.7 11.92 131.7
199.15 6.467 7.22 12.85 129.7
199.18 5.531 6.299 13.17 138.1
199.21 5.094 5.509 12.83 130.0
200.0 4.184 5.308 11.54 124.2
200.03 4.714 5.37 9.72 100.3
200.06 5.225 5.764 9.72 121.7
200.09 6.696 7.39 9.55 124.2
200.12 6.584 7.14 11.59 124.9
200.15 5.416 6.288 12.58 132.9
200.18 3.917 4.806 13.03 134.2
200.21 3.168 3.675 12.19 136.6
201.0 2.251 2.885 9.03 99.3
201.03 2.71 3.054 6.4 95.9
201.06 3.44 4.012 6.17 95.0
201.09 4.967 5.433 7.81 100.7
201.12 5.758 5.997 10.15 102.0
201.15 4.814 5.549 11.71 99.9
201.18 3.266 3.953 12.02 98.1
201.21 2.81 3.167 11.42 93.5
202.0 3.033 3.721 9.43 93.6
202.03 4.306 5.671 8.28 95.8
202.06 6.376 6.996 6.069 95.1
202.09 7.12 8.07 7.54 105.2
202.12 8.07 8.48 9.88 111.7
202.15 6.856 7.55 11.91 126.8
202.18 5.786 6.335 12.33 131.0
202.21 4.821 5.208 12.27 142.7
203.0 4.252 4.525 10.21 125.6
203.03 4.528 5.038 8.08 111.7
203.06 4.73 5.958 6.94 105.2
203.09 7.41 8.36 7.24 110.3
203.12 7.49 8.12 9.78 110.1
203.15 6.202 7.08 11.95 110.0
203.18 5.23 5.867 12.14 108.5
203.21 5.07 5.493 12.27 93.3
204.0 4.933 5.752 11.58 101.8
204.03 6.411 6.963 10.08 98.6
204.06 8.18 8.81 9.18 106.5
204.09 8.15 9.0 9.92 110.4
204.12 7.72 8.33 11.39 114.5
204.15 7.06 7.85 12.71 117.6
204.18 5.348 7.22 12.9 118.3
204.21 6.035 7.02 13.03 109.6
205.0 6.115 7.26 12.58 97.2
205.03 7.89 9.43 11.25 107.1
205.06 9.13 9.67 10.59 101.0
205.09 9.87 10.64 9.92 106.7
205.12 10.92 12.06 10.95 103.2
205.15 10.39 11.44 12.62 97.0
205.18 8.73 11.3 13.07 108.9
205.21 7.06 8.0 13.0 94.9
206.0 6.337 7.02 11.68 100.6
206.03 5.928 6.717 9.61 112.6
206.06 6.336 6.924 8.14 120.8
206.09 6.528 7.37 7.94 127.8
206.12 6.345 7.01 10.62 169.5
206.15 5.55 6.488 10.21 182.5
206.18 5.45 6.321 10.55 184.5
206.21 4.847 5.533 10.85 164.0
207.0 5.746 6.543 10.42 174.0
207.03 6.211 6.999 8.31 181.8
207.06 5.329 6.65 9.22 170.1
207.09 4.364 4.854 9.72 170.1
207.12 4.476 5.635 10.62 155.9
207.15 5.132 5.842 11.15 174.2
207.18 4.575 5.418 11.52 167.6
207.21 6.583 7.29 10.38 169.8
208.0 7.92 8.78 8.61 201.6
208.03 6.462 7.04 8.68 156.7
208.06 5.962 6.896 7.78 115.3
208.09 4.707 5.725 7.54 127.8
208.12 6.949 8.55 7.14 120.8
208.15 7.35 8.36 10.11 130.3
208.18 6.63 7.4 11.07 134.9
208.21 5.509 6.476 9.9 125.2
209.0 5.85 7.01 8.21 125.3
209.03 7.52 9.06 4.225 109.8
209.06 9.4 10.95 5.636 124.0
209.09 11.65 12.75 5.802 127.8
209.12 12.17 12.89 8.18 137.3
209.15 9.73 11.36 10.75 146.2
209.18 7.56 8.17 11.98 134.3
209.21 6.359 7.37 11.44 129.5
210.0 5.636 6.068 10.48 128.5
210.03 6.806 7.58 9.08 124.3
210.06 5.59 6.28 6.101 108.4
210.09 5.453 5.997 5.5 109.4
210.12 4.389 5.194 8.08 123.6
210.15 3.503 3.988 11.08 137.6
210.18 1.52 2.458 12.29 363.0
210.21 1.037 1.573 9.59 272.7
211.0 1.594 2.355 8.14 283.2
211.03 2.137 2.513 8.24 291.4
211.06 1.183 1.446 8.14 321.5
211.09 1.458 1.998 8.51 10.95
211.12 1.987 2.623 9.78 348.1
211.15 2.826 3.992 9.94 334.5
211.18 4.032 5.297 9.5 339.6
211.21 4.959 5.704 8.54 358.2
212.0 2.469 5.369 7.84 5.065
212.03 2.752 5.266 5.632 34.95
212.06 5.683 8.65 -1.846 99.8
212.09 9.47 10.89 -4.77 107.3
212.12 10.42 10.8 0.369 119.3
212.15 9.96 10.58 4.392 118.2
212.18 8.0 9.85 7.77 142.3
212.21 4.627 7.35 7.66 127.8
213.0 3.339 6.072 5.963 114.3
213.03 6.903 8.63 3.723 113.3
213.06 8.35 9.21 1.074 104.0
213.09 9.43 10.48 0.973 105.4
213.12 10.11 10.9 3.389 115.7
213.15 8.31 9.55 7.44 125.8
213.18 6.734 7.82 9.21 137.5
213.21 4.418 6.746 8.97 138.1
214.0 4.17 4.859 5.092 112.9
214.03 5.641 6.975 2.348 109.7
214.06 7.36 7.95 0.503 106.6
214.09 9.25 9.79 1.511 112.4
214.12 8.6 9.75 6.138 113.0
214.15 5.966 6.544 10.75 124.9
214.18 4.971 5.691 12.07 131.0
214.21 3.782 4.212 11.63 137.5
215.0 4.217 4.811 8.74 127.5
215.03 5.161 6.191 6.402 121.7
215.06 6.872 7.35 5.4 122.8
215.09 7.16 7.52 5.467 123.3
215.12 6.698 7.47 8.35 134.2
215.15 6.204 7.16 10.65 154.6
215.18 4.701 5.408 11.31 150.4
215.21 4.216 4.466 10.95 148.0
216.0 4.557 5.289 10.15 143.1
216.03 5.061 5.428 9.95 121.1
216.06 4.562 5.23 10.22 147.3
216.09 5.666 6.2 10.62 160.6
216.12 5.389 5.632 10.79 174.7
216.15 5.505 5.912 10.82 170.0
216.18 4.74 5.209 11.15 288.0
216.21 3.685 4.04 10.68 184.4
217.0 1.907 3.879 10.18 194.2
217.03 0.0 0.0 9.38 193.7
217.06 0.0 0.0 9.38 193.5
217.09 0.0 0.0 10.32 193.8
217.12 2.365 4.23 10.85 188.3
217.15 4.97 6.168 10.05 194.0
217.18 5.681 6.166 9.55 203.3
217.21 4.759 5.668 8.95 187.7
218.0 5.988 6.706 7.01 174.6
218.03 5.686 6.055 8.38 208.7
218.06 4.428 6.549 7.51 247.7
218.09 3.714 5.226 7.14 200.5
218.12 4.502 5.146 8.01 233.9
218.15 4.805 5.148 9.08 207.3
218.18 3.529 4.146 9.61 198.6
218.21 3.425 3.97 9.01 201.3
219.0 2.626 3.046 7.84 202.6
219.03 2.07 3.02 6.839 202.5
219.06 1.658 2.068 6.237 202.5
219.09 1.385 1.92 8.12 202.7
219.12 2.851 3.867 9.42 155.0
219.15 3.884 4.615 10.48 172.4
219.18 4.533 5.208 9.25 193.5
219.21 3.995 5.068 8.54 151.8
220.0 3.1 3.78 9.79 143.1
220.03 2.699 2.948 9.85 189.7
220.06 2.952 3.48 9.72 158.9
220.09 3.478 4.2 9.88 170.9
220.12 3.14 3.428 10.79 160.8
220.15 3.723 4.425 11.22 176.0
220.18 3.717 4.334 11.32 152.7
220.21 3.944 4.785 11.45 148.0
221.0 3.324 4.205 11.86 125.5
221.03 4.165 4.972 10.99 99.9
221.06 5.398 7.52 12.56 124.8
221.09 8.11 9.88 10.65 125.5
221.12 8.34 9.17 12.66 141.1
221.15 6.649 7.89 12.15 154.1
221.18 4.655 5.712 12.67 141.4
221.21 3.877 4.895 10.24 159.3
222.0 2.963 4.177 9.55 155.0
222.03 0.0 0.0 9.35 135.6
222.06 0.0 0.0 9.92 141.4
222.09 1.886 5.336 10.86 141.8
222.12 6.155 6.859 12.19 133.1
222.15 6.419 7.26 12.75 126.1
222.18 5.014 5.713 13.07 113.4
222.21 4.839 5.361 13.0 102.0
223.0 5.966 8.65 11.41 99.8
223.03 10.06 11.54 6.601 104.2
223.06 11.12 11.82 5.5 100.4
223.09 12.06 12.35 4.763 115.6
223.12 12.04 12.79 8.31 112.4
223.15 11.08 12.48 11.75 142.1
223.18 9.17 9.81 12.98 127.2
223.21 8.45 9.06 13.61 117.0
224.0 10.11 11.34 12.08 128.8
224.03 10.7 11.3 9.72 159.2
224.06 9.17 9.9 7.81 131.5
224.09 8.9 9.71 8.25 144.6
224.12 9.19 9.62 10.42 122.7
224.15 8.23 9.28 12.35 138.9
224.18 6.408 7.09 12.64 130.6
224.21 5.814 6.685 12.21 134.2
225.0 5.254 6.165 10.78 122.0
225.03 6.766 7.24 8.01 115.6
225.06 7.36 9.1 4.561 102.6
225.09 8.54 9.03 4.763 99.7
225.12 7.72 8.11 7.31 104.9
225.15 6.944 8.12 11.35 106.8
225.18 5.016 5.549 12.15 117.5
225.21 4.556 5.343 12.15 115.7
226.0 5.172 6.707 9.91 101.3
226.03 7.21 7.62 6.067 91.9
226.06 7.5 8.07 5.601 106.5
226.09 9.12 10.27 3.891 107.0
226.12 9.67 10.76 7.81 123.9
226.15 9.11 10.46 11.39 149.1
226.18 6.624 7.98 12.15 145.9
226.21 5.108 5.689 12.11 138.8
227.0 4.539 5.308 10.05 143.9
227.03 3.136 3.709 7.84 143.3
227.06 0.9 2.235 7.48 320.5
227.09 0.928 1.816 7.44 211.3
227.12 1.042 1.503 9.01 121.9
227.15 1.14 1.414 11.01 172.9
227.18 0.871 1.269 9.86 282.4
227.21 1.259 1.816 9.07 360.4
228.0 1.398 3.021 8.38 344.2
228.03 2.302 3.806 7.41 357.6
228.06 1.244 2.841 7.21 350.5
228.09 1.932 3.672 7.54 353.6
228.12 2.902 4.455 8.14 359.1
228.15 4.457 5.309 8.51 333.7
228.18 4.47 4.692 8.71 300.4
228.21 4.042 4.84 8.21 268.8
229.0 2.631 3.653 7.61 263.0
229.03 0.516 2.019 6.873 262.9
229.06 0.0 0.0 2.281 89.4
229.09 0.15 2.707 -1.309 81.5
229.12 6.594 7.6 0.805 94.9
229.15 5.273 7.12 6.534 105.5
229.18 3.055 4.173 9.34 149.1
229.21 1.382 2.155 4.886 147.5
230.0 2.598 3.052 -0.168 113.2
230.03 4.185 5.114 -2.787 99.6
230.06 5.769 6.155 -3.729 95.2
230.09 5.827 6.821 -0.302 117.1
230.12 6.544 7.04 3.993 121.0
230.15 6.837 8.13 7.27 127.2
230.18 6.287 8.27 8.37 143.4
230.21 4.92 5.979 6.428 139.2
231.0 4.59 5.555 2.515 122.6
231.03 5.665 6.424 -0.101 112.5
231.06 5.892 7.21 0.034 101.4
231.09 6.686 7.2 1.813 109.9
231.12 6.837 7.68 4.562 115.9
231.15 6.987 7.79 8.17 124.5
231.18 6.71 7.44 9.47 124.8
231.21 5.51 5.89 8.1 124.6
232.0 5.749 6.418 5.362 112.3
232.03 6.486 7.38 2.952 103.1
232.06 8.12 8.83 4.06 110.7
232.09 7.44 8.29 3.825 127.3
232.12 7.32 8.44 5.835 120.4
232.15 7.28 8.07 8.68 143.4
232.18 6.501 7.37 9.48 152.1
232.21 3.45 5.016 7.77 101.0
233.0 4.34 6.055 2.849 105.6
233.03 7.3 8.65 0.604 105.3
233.06 9.08 9.82 -1.511 105.7
233.09 10.2 10.62 -0.772 112.1
233.12 10.07 10.86 3.223 112.8
233.15 8.55 9.45 7.01 113.9
233.18 6.464 7.3 8.2 122.0
233.21 4.9 5.33 6.158 120.4
234.0 5.084 6.269 2.179 112.4
234.03 7.3 8.79 1.409 124.9
234.06 8.33 9.17 0.571 128.0
234.09 9.04 9.77 2.182 129.6
234.12 9.39 9.89 5.367 122.5
234.15 8.19 8.9 8.51 142.6
234.18 7.27 7.58 9.24 140.2
234.21 6.826 7.32 7.73 134.6
235.0 7.22 7.95 4.693 116.8
235.03 8.53 9.95 3.389 124.1
235.06 9.37 9.84 2.719 112.7
235.09 9.83 10.44 4.228 117.6
235.12 9.2 10.06 7.31 128.6
235.15 8.53 9.01 9.55 135.6
235.18 8.82 9.39 10.38 128.8
235.21 8.57 9.01 9.78 133.6
236.0 8.14 8.98 9.28 134.4
236.03 9.38 10.3 8.48 127.2
236.06 9.86 10.24 8.72 130.5
236.09 8.89 9.91 9.22 141.0
236.12 6.882 7.37 10.76 148.3
236.15 5.72 6.47 11.05 153.4
236.18 6.097 7.04 10.92 171.1
236.21 5.165 5.627 10.42 160.1
237.0 4.968 5.62 10.85 141.5
237.03 4.929 6.045 11.12 130.4
237.06 8.5 9.47 6.268 100.6
237.09 10.22 11.74 5.298 131.4
237.12 8.23 10.63 7.75 138.8
237.15 7.51 8.26 8.85 124.2
237.18 7.37 8.11 8.21 121.1
237.21 7.76 8.15 6.97 120.5
238.0 7.52 8.43 4.829 127.6
238.03 8.81 9.94 2.013 120.4
238.06 9.94 10.25 0.974 126.3
238.09 9.4 10.07 2.384 127.0
238.12 9.4 10.12 5.501 121.2
238.15 9.14 9.86 8.51 138.6
238.18 8.55 9.4 9.61 129.1
238.21 7.23 7.9 8.03 130.3
239.0 6.521 6.961 3.62 112.7
239.03 6.945 8.33 0.201 109.9
239.06 8.48 9.01 -1.007 103.5
239.09 9.36 10.41 -1.545 106.1
239.12 9.99 10.59 0.134 108.8
239.15 9.36 10.03 4.561 112.1
239.18 7.69 8.45 6.564 108.4
239.21 6.498 7.1 4.723 115.5
240.0 6.689 7.03 -0.201 100.8
240.03 8.47 9.51 -3.123 98.6
240.06 9.76 10.04 -3.998 116.3
240.09 8.9 9.26 1.545 122.5
240.12 7.35 8.56 5.57 140.4
240.15 5.435 6.183 7.74 146.9
240.18 5.199 5.77 7.64 144.7
240.21 4.949 5.594 7.61 145.7
241.0 2.042 3.03 6.806 155.6
241.03 2.0 2.386 6.506 166.2
241.06 2.373 2.702 5.266 152.7
241.09 3.769 4.456 6.105 141.0
241.12 5.057 5.733 2.717 121.1
241.15 5.922 6.517 5.395 121.9
241.18 6.025 6.367 5.925 125.6
241.21 5.67 6.417 4.891 132.4
242.0 5.413 6.433 2.516 121.8
242.03 5.916 6.779 -0.101 116.7
242.06 6.158 6.537 -2.519 101.2
242.09 5.979 6.252 -3.259 100.8
242.12 5.258 5.859 -1.176 109.3
242.15 4.457 5.094 2.28 114.3
242.18 3.699 4.437 2.009 106.4
242.21 3.16 3.948 -1.875 101.6
243.0 3.75 4.232 -4.968 101.2
243.03 5.061 6.513 -10.35 95.6
243.06 7.18 7.45 -13.86 89.6
243.09 8.0 8.92 -16.46 93.8
243.12 9.43 10.3 -14.63 99.7
243.15 10.06 11.18 -7.63 104.8
243.18 7.05 8.73 -4.562 112.4
243.21 5.865 7.31 -6.341 109.1
244.0 6.127 6.606 -11.7 99.3
244.03 7.04 7.38 -11.77 106.4
244.06 7.76 8.01 -12.14 101.6
244.09 7.99 8.71 -9.92 116.0
244.12 8.18 8.57 -4.808 122.5
244.15 8.08 8.66 0.638 134.1
244.18 6.668 7.53 3.152 153.4
244.21 5.322 5.853 -0.101 141.0
245.0 7.11 7.78 -2.922 136.9
245.03 6.192 6.902 -2.015 143.4
245.06 4.612 5.252 -0.437 141.7
245.09 4.817 6.172 2.25 128.6
245.12 6.19 7.03 3.154 140.5
245.15 5.09 5.957 4.831 162.5
245.18 4.86 5.899 5.366 186.6
245.21 5.454 6.146 4.058 165.4
246.0 5.653 6.378 2.55 149.9
246.03 6.621 6.777 2.819 142.8
246.06 6.011 6.608 3.927 162.1
246.09 5.268 5.864 3.624 152.6
246.12 5.582 6.044 3.254 152.1
246.15 5.723 6.197 5.065 180.5
246.18 4.767 5.564 5.396 195.3
246.21 4.945 6.083 2.482 147.2
247.0 4.444 5.165 3.053 149.9
247.03 5.691 6.208 1.376 140.2
247.06 6.643 7.43 -0.604 122.1
247.09 7.8 8.29 -3.897 128.5
247.12 7.41 8.1 -3.326 111.1
247.15 7.56 8.23 -1.242 125.6
247.18 6.638 7.18 1.476 133.3
247.21 6.198 6.723 -1.677 118.1
248.0 5.141 5.756 -4.267 111.9
248.03 7.51 8.69 -5.142 113.1
248.06 8.44 10.4 -5.782 109.4
248.09 10.14 10.66 -6.959 105.1
248.12 9.88 10.83 -6.755 99.1
248.15 10.24 10.82 -6.382 105.7
248.18 9.15 9.91 -4.328 94.1
248.21 8.95 9.38 -6.343 105.1
249.0 9.56 10.19 -9.21 104.9
249.03 10.44 11.05 -10.12 114.7
249.06 9.9 10.5 -10.93 112.8
249.09 11.23 11.93 -10.46 113.0
249.12 12.07 13.15 -4.673 120.9
249.15 13.14 13.97 -2.116 114.7
249.18 11.52 12.62 0.94 129.9
249.21 9.86 11.46 4.899 134.4
250.0 8.08 8.62 5.804 133.7
250.03 7.17 7.78 7.51 143.3
250.06 6.26 7.36 7.44 147.6
250.09 4.324 4.945 7.44 176.3
250.12 4.444 5.574 7.88 177.9
250.15 5.521 5.856 7.47 154.3
250.18 5.728 6.451 8.51 135.3
250.21 7.79 9.89 5.26 118.2
251.0 9.47 10.32 7.51 142.1
251.03 9.17 9.73 6.809 133.0
251.06 10.36 12.57 2.818 123.0
251.09 13.36 13.84 0.537 110.4
251.12 15.04 16.14 2.719 122.5
251.15 13.67 15.44 6.607 158.2
251.18 10.93 12.41 5.768 158.9
251.21 9.7 10.74 6.272 164.9
252.0 6.487 8.11 5.601 162.4
252.03 5.306 6.257 3.858 182.0
252.06 4.906 5.422 3.557 178.9
252.09 3.304 4.162 3.758 136.2
252.12 2.898 3.127 3.993 129.2
252.15 2.719 3.083 3.887 104.5
252.18 2.543 3.188 -1.239 92.8
252.21 3.532 4.121 -7.65 88.7
253.0 4.662 5.707 -13.51 88.8
253.03 6.319 7.16 -16.79 88.8
253.06 8.3 9.74 -20.16 99.2
253.09 9.61 10.26 -21.45 104.0
253.12 9.28 10.07 -17.37 105.2
253.15 8.58 9.17 -12.17 97.1
253.18 8.16 9.11 -8.3 119.5
253.21 6.905 7.85 -7.22 115.3
254.0 6.324 7.07 -12.98 114.7
254.03 8.05 8.62 -15.95 115.9
254.06 8.45 9.46 -14.54 106.0
254.09 9.55 10.42 -12.75 111.0
254.12 10.43 11.4 -8.48 108.5
254.15 9.17 10.07 -2.989 110.8
254.18 7.67 8.13 -0.671 112.7
254.21 8.29 8.82 -2.047 116.0
255.0 9.07 9.86 -4.3 121.9
255.03 8.21 9.45 -6.723 100.7
255.06 8.76 9.48 -7.03 114.4
255.09 8.49 9.43 -7.46 119.5
255.12 8.28 8.84 -4.773 123.4
255.15 8.87 9.68 -1.41 132.8
255.18 8.28 8.92 1.107 129.9
255.21 8.34 8.95 1.242 123.8
256.0 8.36 9.64 0.436 122.2
256.03 10.03 10.8 0.134 131.1
256.06 11.06 12.11 1.511 133.8
256.09 11.64 12.12 3.122 130.8
256.12 11.54 12.35 3.893 143.3
256.15 11.77 12.31 4.597 145.3
256.18 8.68 11.16 2.952 181.8
256.21 6.259 7.05 2.886 168.5
257.0 5.03 6.088 1.98 157.2
257.03 4.492 5.589 2.987 151.8
257.06 4.666 5.1 3.524 148.8
257.09 4.691 5.244 3.758 146.5
257.12 3.715 4.013 4.127 126.8
257.15 4.219 4.889 5.366 122.7
257.18 2.86 3.369 6.603 148.6
257.21 1.724 2.267 6.034 167.9
258.0 0.656 1.027 5.065 66.48
258.03 1.354 3.05 3.858 128.5
258.06 1.235 2.292 3.423 78.5
258.09 4.408 5.913 -1.712 99.0
258.12 5.447 6.007 -1.813 104.4
258.15 3.931 5.378 1.342 118.5
258.18 1.514 2.439 3.455 133.4
258.21 0.336 0.663 1.576 152.8
259.0 1.246 2.075 -1.343 151.4
259.03 4.286 7.19 -5.979 123.8
259.06 7.75 8.4 -9.24 102.6
259.09 7.19 8.2 -11.27 107.5
259.12 6.856 7.46 -6.725 119.5
259.15 6.214 6.777 -2.72 113.7
259.18 6.179 7.57 -3.119 142.1
259.21 4.872 5.649 -8.49 91.4
260.0 5.884 6.851 -4.604 119.8
260.03 7.39 8.69 -4.504 133.0
260.06 8.66 9.71 -3.092 133.7
260.09 9.89 10.88 -0.672 130.4
260.12 8.8 9.72 2.485 148.8
260.15 8.53 8.87 5.636 144.7
260.18 8.71 9.78 5.329 138.2
260.21 9.4 10.04 3.488 131.0
261.0 10.73 11.62 1.51 140.4
261.03 10.82 11.81 -0.672 154.0
261.06 9.35 10.48 -2.654 145.2
261.09 8.13 8.68 -3.562 147.0
261.12 7.14 7.64 -0.537 135.0
261.15 7.3 7.8 1.912 134.4
261.18 6.766 7.87 2.448 140.4
261.21 6.645 7.15 -0.268 125.9
262.0 8.68 9.67 -4.668 117.7
262.03 9.82 11.38 -8.0 107.0
262.06 10.17 11.3 -8.27 105.7
262.09 10.53 11.49 -7.16 99.1
262.12 8.75 9.37 -1.916 120.2
262.15 7.92 8.67 1.275 122.0
262.18 8.38 9.25 1.04 137.6
262.21 7.11 8.03 -0.57 124.0
263.0 8.54 9.48 -1.075 129.6
263.03 8.4 9.23 -1.445 117.6
263.06 9.34 10.3 -0.974 125.0
263.09 9.2 9.79 -1.646 116.7
263.12 9.42 10.66 -0.739 123.1
263.15 8.72 9.51 2.919 125.2
263.18 7.84 8.9 3.05 125.8
263.21 7.71 8.87 1.107 126.0
264.0 9.54 10.58 0.738 123.0
264.03 11.27 12.22 0.168 112.5
264.06 12.12 13.39 -1.646 106.0
264.09 13.48 14.58 -0.638 106.4
264.12 13.55 14.86 2.351 124.3
264.15 14.91 17.27 9.22 144.3
264.18 15.94 17.87 10.16 167.5
264.21 14.39 16.27 9.69 151.7
265.0 13.0 13.79 8.88 150.8
265.03 13.09 14.0 8.65 142.7
265.06 11.63 13.0 8.11 149.5
265.09 10.09 10.6 7.31 147.8
265.12 8.5 9.21 6.339 142.1
265.15 8.58 9.43 6.908 146.6
265.18 7.43 7.86 6.337 142.3
265.21 7.01 8.42 4.327 148.5
266.0 9.08 10.4 3.154 138.1
266.03 9.63 10.57 1.645 137.2
266.06 10.01 11.1 0.134 130.9
266.09 9.48 9.9 0.369 126.3
266.12 8.89 9.8 1.075 140.7
266.15 8.43 8.99 3.121 149.1
266.18 7.4 8.6 2.65 144.1
266.21 6.64 7.47 1.275 125.2
267.0 6.901 7.68 -2.788 128.0
267.03 7.23 7.72 -0.706 135.6
267.06 7.21 8.0 1.007 126.6
267.09 8.0 9.7 0.067 130.9
267.12 11.72 12.78 0.235 139.5
267.15 12.12 13.2 1.712 128.3
267.18 11.24 12.22 5.133 122.0
267.21 11.16 11.94 7.38 130.5
268.0 12.19 13.34 8.99 128.9
268.03 12.86 15.58 9.05 137.6
268.06 16.23 16.79 9.35 142.0
268.09 15.56 16.93 8.75 150.4
268.12 14.09 15.52 9.28 153.6
268.15 12.69 14.13 10.72 160.6
268.18 7.49 12.1 8.01 206.0
268.21 9.17 10.65 4.829 204.7
269.0 9.48 10.79 4.261 162.0
269.03 8.33 10.02 2.819 161.0
269.06 7.79 8.27 3.457 163.0
269.09 6.853 7.64 1.813 167.3
269.12 5.907 6.547 0.067 135.0
269.15 5.817 6.356 -0.369 136.6
269.18 5.473 5.858 -1.476 127.0
269.21 5.872 6.28 -6.514 127.3
270.0 6.971 7.54 -4.604 139.4
270.03 6.111 7.12 -1.344 144.9
270.06 6.617 8.1 -3.393 225.8
270.09 6.38 7.93 -4.301 226.3
270.12 4.651 6.307 -3.999 171.4
270.15 2.977 3.462 -3.192 157.6
270.18 2.51 3.166 -3.661 141.8
270.21 1.976 2.347 -5.812 113.8
271.0 2.504 4.343 -19.97 79.8
271.03 5.705 7.41 -21.68 75.3
271.06 9.26 13.59 -17.51 90.0
271.09 12.02 13.79 -18.25 103.9
271.12 12.45 13.24 -13.33 89.9
271.15 12.18 12.95 -10.22 83.9
271.18 11.27 12.22 -9.31 82.3
271.21 11.29 11.63 -11.6 96.1
272.0 12.71 13.23 -15.41 94.7
272.03 12.97 13.46 -16.9 96.0
272.06 13.45 14.12 -16.63 87.7
272.09 14.85 15.98 -16.16 96.1
272.12 14.63 15.17 -14.14 102.1
272.15 14.91 15.46 -9.65 101.6
272.18 13.82 14.36 -7.9 102.4
272.21 13.83 14.87 -10.49 105.5
273.0 13.69 14.31 -10.56 113.2
273.03 12.64 13.39 -5.584 111.9
273.06 13.26 14.0 -1.613 122.9
273.09 13.49 14.07 0.034 115.3
273.12 14.24 15.58 0.974 114.5
273.15 14.78 15.64 5.703 119.5
273.18 13.93 15.63 8.24 130.1
273.21 11.68 12.41 8.85 130.5
274.0 12.29 13.15 9.52 131.7
274.03 12.14 12.71 10.29 131.1
274.06 10.36 11.85 11.43 145.9
274.09 11.17 12.98 11.6 127.4
274.12 11.74 13.37 12.3 127.6
274.15 10.85 11.99 13.46 143.7
274.18 9.05 10.89 13.89 146.3
274.21 9.68 10.85 12.09 140.1
275.0 9.0 10.31 10.92 146.9
275.03 7.04 8.48 8.35 115.2
275.06 6.406 7.27 7.58 101.0
275.09 7.33 9.52 10.83 108.5
275.12 9.23 10.91 10.25 137.9
275.15 9.36 10.29 10.95 135.9
275.18 7.71 8.81 9.61 116.1
275.21 7.67 8.7 8.17 138.1
276.0 6.853 7.63 6.707 118.8
276.03 5.597 9.29 8.32 113.6
276.06 8.01 9.61 9.76 123.6
276.09 8.69 10.44 9.02 127.1
276.12 9.1 10.86 10.05 133.9
276.15 10.24 10.97 10.65 146.9
276.18 10.41 11.51 8.61 134.0
276.21 9.84 11.44 8.58 131.0
277.0 8.13 8.9 11.03 146.2
277.03 9.58 11.04 10.52 130.7
277.06 11.86 12.89 10.72 132.0
277.09 12.22 14.16 11.63 137.2
277.12 11.97 14.04 12.93 115.9
277.15 14.87 16.24 12.86 127.9
277.18 13.13 14.76 11.79 135.2
277.21 11.75 13.65 12.16 137.8
278.0 13.07 15.46 12.02 138.6
278.03 12.75 15.04 9.48 141.7
278.06 12.37 14.1 7.24 154.3
278.09 9.96 10.6 6.975 156.9
278.12 10.13 11.4 6.841 157.3
278.15 10.87 11.84 6.908 163.0
278.18 9.29 11.0 6.372 159.9
278.21 8.12 8.82 5.4 153.4
279.0 8.06 9.24 4.428 154.3
279.03 6.559 8.0 4.497 147.0
279.06 6.32 6.746 5.2 146.6
279.09 5.569 6.727 3.993 136.2
279.12 5.89 6.542 1.946 131.2
279.15 5.6 6.216 1.611 131.2
279.18 4.865 5.369 -0.704 112.6
279.21 5.824 7.02 -1.309 106.2
280.0 6.197 7.4 3.291 113.4
280.03 6.647 7.92 3.189 120.2
280.06 6.051 7.52 6.711 146.6
280.09 4.05 4.948 4.763 159.8
280.12 3.654 4.299 2.148 150.7
280.15 3.843 4.695 3.12 144.7
280.18 4.904 5.708 4.965 168.1
280.21 3.764 4.478 3.254 170.7
281.0 2.552 2.945 3.289 162.4
281.03 2.016 2.237 3.221 175.9
281.06 1.135 1.831 4.094 162.4
281.09 1.504 1.75 4.295 142.6
281.12 1.434 1.7 5.469 174.9
281.15 1.569 1.748 4.965 152.7
281.18 1.838 2.136 1.711 131.8
281.21 2.537 2.771 -0.235 116.2
282.0 4.322 5.631 -0.94 116.0
282.03 7.73 9.54 -3.393 116.3
282.06 8.15 9.11 -1.008 124.1
282.09 9.35 11.16 0.672 127.9
282.12 9.75 11.61 2.183 151.1
282.15 6.858 8.61 3.155 145.2
282.18 5.776 6.384 3.758 153.6
282.21 4.189 5.365 2.651 154.1
283.0 2.397 2.986 1.712 168.7
283.03 1.482 2.361 1.746 185.6
283.06 0.992 1.312 0.504 73.1
283.09 0.729 1.132 0.0 160.0
283.12 1.34 2.224 -2.619 55.21
283.15 3.131 4.691 -6.751 86.3
283.18 4.866 5.679 -0.638 97.0
283.21 4.993 6.647 2.116 120.9
284.0 5.868 6.304 -1.511 138.6
284.03 5.684 6.659 1.075 137.9
284.06 4.74 5.497 2.518 140.8
284.09 4.415 4.986 1.141 149.7
284.12 4.155 5.169 2.585 142.1
284.15 4.478 5.98 2.584 160.1
284.18 4.774 5.632 -1.746 180.8
284.21 3.469 4.239 -1.075 205.8
285.0 2.746 3.336 -1.243 185.8
285.03 1.833 2.441 -1.142 170.0
285.06 0.0 0.0 -3.897 179.8
285.09 0.0 0.0 -5.109 179.4
285.12 0.0 0.0 -3.697 179.6
285.15 0.0 0.0 -2.352 179.0
285.18 0.0 0.0 -2.083 180.4
285.21 0.0 0.0 -2.688 180.4
286.0 0.0 0.0 -2.721 179.6
286.03 0.0 0.0 -3.629 179.3
286.06 0.0 0.0 -11.97 178.1
286.09 0.0 0.0 -17.9 98.5
286.12 1.328 5.588 -14.34 102.3
286.15 6.296 7.19 -14.43 108.2
286.18 7.69 8.44 -11.2 116.8
286.21 8.33 8.78 -7.4 117.4
287.0 7.69 8.54 -3.833 123.7
287.03 6.525 7.06 2.016 129.8
287.06 4.61 5.959 3.861 134.1
287.09 4.528 5.244 3.457 123.8
287.12 5.433 6.248 -1.612 98.6
287.15 6.368 7.2 1.577 108.5
287.18 8.23 8.69 4.295 115.3
287.21 7.69 8.71 7.48 133.9
288.0 8.24 8.8 11.53 141.4
288.03 8.74 9.47 11.39 152.1
288.06 7.34 8.04 11.09 166.0
288.09 6.325 7.14 11.16 163.8
288.12 7.17 8.8 11.02 172.5
288.15 6.594 7.12 11.69 156.3
288.18 6.942 7.79 11.79 149.5
288.21 6.047 7.62 11.86 143.4
289.0 6.153 8.55 12.06 141.4
289.03 7.95 9.25 11.93 182.8
289.06 6.124 7.36 11.86 166.1
289.09 7.07 7.82 11.59 157.9
289.12 6.779 8.1 11.22 160.5
289.15 4.623 6.611 11.22 146.3
289.18 4.739 5.586 12.13 101.2
289.21 5.779 6.714 11.59 146.3
290.0 6.834 7.61 8.58 154.0
290.03 5.558 6.708 9.75 137.5
290.06 6.808 7.43 7.91 124.3
290.09 6.625 7.22 7.28 132.8
290.12 6.324 6.758 7.04 124.4
290.15 6.49 6.932 5.364 110.5
290.18 5.757 6.478 6.099 125.6
290.21 6.848 7.44 5.132 118.1
291.0 8.36 9.19 5.066 121.4
291.03 8.63 9.35 5.066 117.5
291.06 8.81 9.33 5.268 128.1
291.09 8.62 9.43 5.2 110.4
291.12 7.69 8.66 6.038 112.1
291.15 8.82 9.65 6.739 110.5
291.18 8.88 9.5 6.034 110.3
291.21 9.17 9.99 4.495 107.2
292.0 9.88 10.54 3.624 114.9
292.03 10.96 11.26 3.39 119.2
292.06 10.84 11.42 3.054 121.7
292.09 9.82 10.6 3.793 116.0
292.12 10.43 12.15 4.665 121.1
292.15 11.82 12.36 6.473 116.0
292.18 11.3 12.61 6.168 112.6
292.21 10.36 11.8 5.199 121.0
293.0 10.83 11.58 2.685 116.0
293.03 11.18 12.36 3.758 117.5
293.06 12.7 13.92 2.987 121.1
293.09 11.32 12.37 4.867 123.8
293.12 10.64 12.32 7.72 144.0
293.15 9.28 10.92 8.82 190.5
293.18 8.14 9.97 2.952 236.2
293.21 3.485 6.502 1.946 232.1
294.0 0.917 2.674 -3.223 165.9
294.03 4.209 4.837 -7.26 123.4
294.06 4.795 5.363 -9.48 123.7
294.09 4.331 5.201 -4.304 130.1
294.12 4.026 4.309 -3.058 131.4
294.15 4.927 5.868 -4.637 135.9
294.18 6.691 7.59 -6.822 128.5
294.21 7.87 9.08 -6.185 128.3
295.0 9.51 10.27 -8.94 122.8
295.03 9.71 12.04 -12.92 99.5
295.06 13.18 14.07 -15.82 99.2
295.09 14.47 14.92 -14.68 102.0
295.12 13.48 14.88 -6.729 116.1
295.15 11.42 12.42 2.016 136.3
295.18 13.17 14.51 2.283 157.5
295.21 11.19 14.46 -4.77 164.0
296.0 7.46 9.06 -0.773 203.8
296.03 8.06 9.03 -0.571 227.7
296.06 8.76 9.84 -0.873 245.4
296.09 8.23 8.91 -1.612 248.2
296.12 5.99 6.918 -1.781 243.0
296.15 4.14 5.231 -2.015 245.7
296.18 3.125 4.757 -2.049 345.0
296.21 0.323 2.128 -7.26 331.3
297.0 0.0 0.0 -2.453 310.2
297.03 1.783 3.703 -5.411 9.58
297.06 0.625 3.015 -8.3 79.8
297.09 0.0 0.0 -8.81 137.2
297.12 0.0 0.0 -12.61 93.4
297.15 0.738 4.444 -11.97 104.5
297.18 3.824 4.137 -14.33 103.3
297.21 5.329 5.791 -26.87 94.0
298.0 5.829 7.12 -25.2 106.3
298.03 5.945 6.867 -19.81 111.5
298.06 6.647 8.55 -10.07 113.9
298.09 8.77 9.43 -12.05 106.8
298.12 8.74 9.56 -11.2 98.5
298.15 8.49 9.1 -5.48 117.6
298.18 8.2 9.48 -9.08 119.3
298.21 7.09 8.37 -8.68 99.8
299.0 7.38 8.67 -10.23 108.8
299.03 7.38 8.43 -12.21 99.5
299.06 7.16 8.07 -12.65 109.8
299.09 7.14 7.55 -11.64 122.6
299.12 7.68 8.87 -17.6 112.9
299.15 7.29 8.35 -16.46 130.0
299.18 7.53 8.2 -17.83 129.5
299.21 6.765 7.17 -21.65 119.3
300.0 7.39 7.78 -21.49 122.9
300.03 8.19 8.71 -14.81 121.5
300.06 7.9 8.68 -12.35 133.7
300.09 8.13 8.88 -12.52 139.6
300.12 8.16 8.86 -10.63 144.0
300.15 8.57 9.3 -8.98 145.0
300.18 7.84 9.1 -6.827 153.9
300.21 7.7 8.19 -6.792 152.6
301.0 7.25 8.1 -6.725 141.4
301.03 5.835 6.812 -5.178 141.5
301.06 5.055 5.639 -5.244 138.0
301.09 5.571 6.522 -5.413 163.7
301.12 5.598 6.788 -5.614 161.4
301.15 6.769 7.36 -5.176 149.4
301.18 5.276 5.966 -4.773 154.0
301.21 5.037 6.395 -4.303 163.7
302.0 4.946 5.718 -2.219 153.7
302.03 5.598 6.296 -1.479 161.6
302.06 5.973 6.436 -0.101 151.5
302.09 5.493 6.143 1.41 172.9
302.12 6.015 6.456 1.578 156.6
302.15 5.972 7.02 1.578 152.7
302.18 7.01 8.04 2.551 177.4
302.21 7.15 7.57 2.954 189.7
303.0 7.01 7.26 3.188 204.9
303.03 7.65 8.26 3.658 214.3
303.06 7.62 8.26 3.054 227.7
303.09 6.228 7.07 1.343 231.7
303.12 2.456 5.202 -0.403 247.6
303.15 0.329 1.237 -0.873 130.1
303.18 1.011 1.312 -2.855 152.9
303.21 1.135 1.958 -2.654 131.2
304.0 2.662 4.258 -10.09 95.9
304.03 4.892 5.778 -18.27 79.9
304.06 5.615 6.215 -19.06 82.5
304.09 4.404 5.323 -15.45 81.6
304.12 3.857 4.47 -30.25 76.9
304.15 4.222 4.694 -31.38 80.2
304.18 4.432 4.824 -36.74 86.6
304.21 3.996 4.243 -35.25 138.8
305.0 3.858 4.22 -23.09 152.0
305.03 4.016 4.491 -19.17 97.7
305.06 3.939 4.507 -17.81 121.0
305.09 4.58 5.465 -19.77 102.2
305.12 4.582 5.68 -17.88 103.4
305.15 4.088 4.644 -17.17 107.1
305.18 3.956 4.295 -16.6 105.9
305.21 3.591 4.315 -15.89 123.6
306.0 4.901 5.367 -20.67 127.6
306.03 5.923 6.361 -25.43 117.7
306.06 5.589 6.147 -27.53 168.9
306.09 6.453 7.25 -48.68 149.7
306.12 6.253 6.97 -51.09 127.8
306.15 6.777 7.48 -48.91 154.4
306.18 7.49 8.54 -49.9 158.4
306.21 6.923 7.4 -50.36 150.9
307.0 6.703 7.15 -50.16 153.5
307.03 6.362 6.716 -51.89 149.3
307.06 6.242 6.698 -46.65 161.4
307.09 6.34 6.841 -43.48 145.6
307.12 5.787 6.292 -45.33 140.9
307.15 5.528 6.36 -49.33 148.1
307.18 5.812 6.412 -43.38 146.8
307.21 6.58 6.816 -43.28 146.5
308.0 6.887 7.39 -47.85 129.4
308.03 6.813 7.47 -49.85 161.2
308.06 7.27 7.71 -38.96 178.0
308.09 7.92 8.81 -43.15 160.2
308.12 8.1 8.6 -42.03 171.4
308.15 8.72 9.46 -40.7 173.2
308.18 8.35 8.81 -40.66 163.0
308.21 7.94 8.48 -42.39 190.7
309.0 7.87 8.25 -40.57 170.4
309.03 8.21 8.8 -41.76 166.0
309.06 8.33 8.98 -46.52 152.3
309.09 8.11 8.51 -43.8 161.4
309.12 8.17 8.55 -40.78 168.4
309.15 8.02 8.61 -36.92 158.1
309.18 7.42 7.94 -32.58 198.1
309.21 6.452 7.46 -30.15 192.5
310.0 6.247 6.638 -25.11 221.9
310.03 6.353 6.825 -24.74 225.5
310.06 6.411 6.917 -25.17 225.4
310.09 7.19 8.15 -23.22 235.6
310.12 7.38 8.03 -22.27 241.2
310.15 8.5 9.24 -23.69 227.0
310.18 8.61 10.29 -18.39 194.2
310.21 9.26 10.37 -13.4 145.3
311.0 8.84 9.52 -12.59 152.0
311.03 8.78 9.76 -14.64 122.6
311.06 8.28 9.18 -13.8 122.0
311.09 7.01 8.12 -9.83 145.3
311.12 7.14 7.55 -6.525 148.2
311.15 7.24 7.63 -2.252 155.3
311.18 8.3 10.19 0.504 162.4
311.21 10.96 11.98 0.638 161.1
312.0 11.63 12.62 1.108 158.5
312.03 11.45 12.6 1.343 160.7
312.06 10.74 12.41 2.317 150.2
312.09 9.5 10.15 2.551 151.1
312.12 10.09 11.01 1.242 143.7
312.15 10.23 11.39 0.873 160.2
312.18 8.82 10.58 -1.646 143.0
312.21 8.57 9.14 -2.856 151.3
313.0 8.22 8.89 -4.639 129.8
313.03 8.43 8.93 -4.942 101.0
313.06 10.01 11.99 -8.81 96.5
313.09 10.27 12.27 -8.61 104.6
313.12 8.65 9.1 -8.61 97.5
313.15 7.43 8.34 -5.783 112.5
313.18 4.989 6.277 -12.41 97.1
313.21 4.017 4.806 -14.91 94.3
314.0 2.427 3.249 -16.44 43.62
314.03 1.425 3.09 -11.62 12.2
314.06 0.908 2.09 -11.95 11.83
314.09 2.156 3.361 -10.97 78.3
314.12 2.144 3.213 -12.65 139.3
314.15 4.262 5.614 -11.04 134.8
314.18 3.915 5.072 -11.54 189.6
314.21 5.597 6.843 -12.38 191.7
315.0 4.989 5.459 -17.5 153.0
315.03 4.869 5.311 -25.02 128.4
315.06 6.034 6.943 -26.11 118.7
315.09 7.54 8.34 -27.26 119.8
315.12 8.68 10.36 -28.18 128.3
315.15 9.78 10.63 -23.53 128.6
315.18 9.76 10.7 -18.29 134.5
315.21 9.43 10.31 -15.56 141.1
316.0 8.87 10.06 -17.34 137.2
316.03 10.32 11.67 -17.74 143.1
316.06 11.24 12.08 -19.0 127.6
316.09 11.04 13.83 -18.49 142.8
316.12 8.21 9.02 -20.17 154.2
316.15 7.01 7.78 -22.07 138.9
316.18 6.54 7.54 -27.94 137.4
316.21 5.762 6.46 -31.32 209.4
317.0 5.524 6.694 -28.62 202.1
317.03 5.503 5.995 -34.09 206.3
317.06 5.714 6.288 -42.42 111.4
317.09 6.926 8.01 -45.4 164.4
317.12 8.36 9.18 -43.28 182.9
317.15 9.77 10.54 -45.78 157.4
317.18 9.22 10.62 -52.01 151.3
317.21 5.467 7.52 -53.72 158.2
318.0 5.163 6.533 -38.57 236.0
318.03 6.802 8.21 -32.74 240.1
318.06 7.85 8.27 -31.67 122.4
318.09 7.26 7.75 -40.39 165.6
318.12 8.4 9.23 -41.49 194.9
318.15 9.7 10.28 -44.77 184.7
318.18 9.7 10.08 -46.52 170.0
318.21 9.39 10.09 -48.97 169.2
319.0 9.61 10.68 -50.84 172.8
319.03 10.82 11.73 -49.15 158.6
319.06 11.48 12.27 -51.01 165.7
319.09 12.54 13.44 -49.73 158.7
319.12 12.12 13.2 -46.11 170.3
319.15 13.32 15.04 -43.05 174.3
38.18 36.1 36.1 -36.35 107.4
38.21 36.1 36.1 -29.76 112.1
39.0 36.1 36.1 -24.99 113.0
39.03 36.1 36.1 -12.9 120.4
39.06 36.1 36.1 -8.51 146.9
39.09 36.1 36.1 -18.48 172.1
39.12 36.1 36.1 -18.21 146.0
39.15 36.1 36.1 -18.05 146.6
39.18 36.1 36.1 -22.3 128.1
39.21 36.1 36.1 -17.92 141.7
40.0 36.1 36.1 -16.6 147.2
40.03 36.1 36.1 -16.7 154.6
40.06 36.1 36.1 -15.59 197.7
40.09 36.1 36.1 -18.72 159.6
40.12 36.1 36.1 -19.57 120.6
40.15 36.1 36.1 -35.97 171.8
40.18 36.1 36.1 -39.74 159.2
40.21 36.1 36.1 -41.31 171.3
41.0 36.1 36.1 -42.4 159.6
41.03 36.1 36.1 -44.77 150.9
41.06 36.1 36.1 -44.63 159.2
41.09 36.1 36.1 -45.35 170.5
41.12 36.1 36.1 -44.5 161.4
41.15 36.1 36.1 -44.5 170.3
41.18 36.1 36.1 -43.48 158.7
41.21 36.1 36.1 -40.45 181.6
42.0 36.1 36.1 -45.06 146.3
42.03 36.1 36.1 -37.5 176.8
42.06 36.1 36.1 -35.98 183.9
42.09 36.1 36.1 -35.06 186.1
42.12 36.1 36.1 -37.56 192.7
42.15 36.1 36.1 -37.42 185.4
42.18 36.1 36.1 -35.26 176.9
42.21 36.1 36.1 -33.78 187.6
43.0 36.1 36.1 -32.79 168.5
43.03 36.1 36.1 -34.89 157.6
43.06 36.1 36.1 -34.92 150.8
43.09 36.1 36.1 -33.81 161.9
43.12 36.1 36.1 -32.82 162.7
43.15 36.1 36.1 -29.65 181.3
43.18 36.1 36.1 -31.61 104.4
43.21 36.1 36.1 -30.46 121.7
44.0 36.1 36.1 -33.7 107.6
44.03 36.1 36.1 -30.26 204.2
44.06 36.1 36.1 -31.2 200.5
44.09 36.1 36.1 -28.29 210.1
44.12 36.1 36.1 -26.9 107.4
44.15 36.1 36.1 -26.26 107.3
44.18 36.1 36.1 -22.24 115.6
44.21 36.1 36.1 -24.84 116.8
45.0 36.1 36.1 -25.82 104.7
45.03 36.1 36.1 -26.69 108.0
45.06 36.1 36.1 -26.22 175.7
45.09 36.1 36.1 -23.39 105.6
45.12 36.1 36.1 -24.43 101.6
45.15 36.1 36.1 -20.01 105.1
45.18 36.1 36.1 -14.69 127.1
45.21 36.1 36.1 -14.91 136.9
46.0 36.1 36.1 -16.43 123.1
46.03 36.1 36.1 -18.08 115.9
46.06 36.1 36.1 -23.95 107.2
46.09 36.1 36.1 -22.98 115.5
46.12 36.1 36.1 -24.46 91.9
46.15 36.1 36.1 -24.43 113.1
46.18 36.1 36.1 -23.08 108.9
46.21 36.1 36.1 -25.88 104.0
47.0 36.1 36.1 -25.82 92.6
47.03 36.1 36.1 -25.55 101.9
47.06 36.1 36.1 -24.81 112.1
47.09 36.1 36.1 -22.21 115.8
47.12 36.1 36.1 -24.5 101.0
47.15 36.1 36.1 -26.76 106.9
47.18 36.1 36.1 -26.56 112.4
47.21 36.1 36.1 -26.8 113.0
48.0 36.1 36.1 -29.02 104.7
48.03 36.1 36.1 -30.32 107.9
48.06 36.1 36.1 -30.99 108.5
48.09 36.1 36.1 -31.23 105.7
48.12 36.1 36.1 -40.82 164.4
48.15 36.1 36.1 -35.26 173.3
48.18 36.1 36.1 -33.67 104.2
48.21 36.1 36.1 -34.99 107.3
49.0 36.1 36.1 -33.91 117.6
49.03 36.1 36.1 -35.29 111.1
49.06 36.1 36.1 -37.72 114.0
49.09 36.1 36.1 -39.15 239.2
49.12 36.1 36.1 -45.94 216.8
49.15 36.1 36.1 -45.28 224.2
49.18 36.1 36.1 -44.27 221.2
49.21 36.1 36.1 -43.82 209.8
50.0 36.1 36.1 -41.93 203.1
50.03 36.1 36.1 -40.72 180.6
50.06 36.1 36.1 -35.64 218.5
50.09 36.1 36.1 -28.61 126.5
50.12 36.1 36.1 -27.96 112.4
50.15 36.1 36.1 -26.61 117.3
50.18 36.1 36.1 -26.13 117.5
50.21 36.1 36.1 -22.11 132.9
51.0 36.1 36.1 -19.81 117.2
51.03 36.1 36.1 -15.56 115.6
51.06 36.1 36.1 -9.02 124.4
51.09 36.1 36.1 -7.4 121.0
51.12 36.1 36.1 -10.4 115.4
51.15 36.1 36.1 -7.94 114.8
51.18 36.1 36.1 -9.39 109.1
51.21 36.1 36.1 -12.72 97.5
52.0 36.1 36.1 -11.21 116.5
52.03 36.1 36.1 -14.77 101.7
52.06 36.1 36.1 -13.87 99.9
52.09 36.1 36.1 -13.67 103.9
52.12 36.1 36.1 -8.85 107.9
52.15 36.1 36.1 -11.31 121.9
52.18 36.1 36.1 -11.54 113.5
52.21 36.1 36.1 -8.04 116.5
53.0 36.1 36.1 -12.79 107.1
53.03 36.1 36.1 -12.62 102.4
53.06 36.1 36.1 -10.87 106.9
53.09 36.1 36.1 -7.54 116.1
53.12 36.1 36.1 -3.8 120.6
53.15 36.1 36.1 -2.387 121.9
53.18 36.1 36.1 -2.42 110.6
53.21 36.1 36.1 -3.227 110.6
54.0 36.1 36.1 -4.437 109.0
54.03 36.1 36.1 -3.697 116.1
54.06 36.1 36.1 -3.832 107.0
54.09 36.1 36.1 -8.61 101.6
54.12 36.1 36.1 -9.49 100.8
54.15 36.1 36.1 -12.72 107.5
54.18 36.1 36.1 -4.071 187.2
54.21 36.1 36.1 -5.482 124.2
55.0 36.1 36.1 -9.01 125.8
55.03 36.1 36.1 -11.4 112.3
55.06 36.1 36.1 -15.38 103.3
55.09 36.1 36.1 -16.73 79.0
55.12 36.1 36.1 -22.39 98.5
55.15 36.1 36.1 -23.52 93.5
55.18 36.1 36.1 -26.25 98.3
55.21 36.1 36.1 -26.42 95.2
56.0 36.1 36.1 -27.77 95.5
56.03 36.1 36.1 -27.14 112.0
56.06 36.1 36.1 -27.41 108.2
56.09 36.1 36.1 -26.93 111.2
56.12 36.1 36.1 -29.16 116.6
56.15 36.1 36.1 -28.63 122.2
56.18 36.1 36.1 -28.22 125.5
56.21 36.1 36.1 -26.6 130.6
57.0 36.1 36.1 -26.15 122.7
57.03 36.1 36.1 -23.22 122.0
57.06 36.1 36.1 -20.15 126.2
57.09 36.1 36.1 -18.93 136.6
57.12 36.1 36.1 -19.94 143.6
57.15 36.1 36.1 -19.13 137.0
57.18 36.1 36.1 -21.15 134.1
57.21 36.1 36.1 -25.34 125.8
58.0 36.1 36.1 -27.94 120.8
58.03 36.1 36.1 -28.24 100.9
58.06 36.1 36.1 -28.22 103.1
58.09 36.1 36.1 -36.01 169.6
58.12 36.1 36.1 -42.62 170.2
58.15 36.1 36.1 -41.71 172.6
58.18 36.1 36.1 -39.8 164.7
58.21 36.1 36.1 -37.33 169.8
59.0 36.1 36.1 -37.19 178.7
59.03 36.1 36.1 -37.02 167.8
59.06 36.1 36.1 -34.52 175.3
59.09 36.1 36.1 -34.68 168.6
59.12 36.1 36.1 -35.73 183.6
59.15 36.1 36.1 -38.77 176.4
59.18 36.1 36.1 -35.94 190.1
59.21 36.1 36.1 -35.94 210.0
60.0 36.1 36.1 -35.6 231.4
60.03 36.1 36.1 -34.86 201.0
60.06 36.1 36.1 -33.97 182.5
60.09 36.1 36.1 -36.77 164.8
60.12 36.1 36.1 -39.65 172.1
60.15 36.1 36.1 -34.86 161.6
60.18 36.1 36.1 -34.95 174.2
60.21 36.1 36.1 -37.29 159.7
61.0 36.1 36.1 -36.65 176.7
61.03 36.1 36.1 -35.49 174.3
61.06 36.1 36.1 -34.52 177.2
61.09 36.1 36.1 -31.28 188.9
61.12 36.1 36.1 -28.84 186.3
61.15 36.1 36.1 -22.93 118.7
61.18 36.1 36.1 -18.06 129.9
61.21 36.1 36.1 -12.43 128.0
62.0 36.1 36.1 -7.13 129.0
62.03 36.1 36.1 -7.47 134.1
62.06 36.1 36.1 -5.28 138.9
62.09 36.1 36.1 -6.356 137.8
62.12 36.1 36.1 -6.289 134.4
62.15 36.1 36.1 -8.51 145.3
62.18 36.1 36.1 -9.08 145.5
62.21 36.1 36.1 -10.8 138.8
63.0 36.1 36.1 -11.37 142.3
63.03 36.1 36.1 -11.78 154.3
63.06 36.1 36.1 -11.51 195.9
63.09 36.1 36.1 -15.11 203.3
63.12 36.1 36.1 -19.49 158.7
63.15 36.1 36.1 -21.62 147.6
63.18 36.1 36.1 -24.53 139.3
63.21 36.1 36.1 -24.46 135.3
64.0 36.1 36.1 -19.57 177.5
64.03 36.1 36.1 -20.82 202.1
64.06 36.1 36.1 -23.14 175.6
64.09 36.1 36.1 -28.92 139.0
64.12 36.1 36.1 -34.86 201.8
64.15 36.1 36.1 -34.4 207.2
64.18 36.1 36.1 -32.15 208.4
64.21 36.1 36.1 -26.03 224.4
65.0 36.1 36.1 -24.0 229.8
65.03 36.1 36.1 -21.4 148.7
65.06 36.1 36.1 -18.87 149.1
65.09 36.1 36.1 -18.52 136.7
65.12 36.1 36.1 -20.99 106.2
65.15 36.1 36.1 -23.18 246.8
65.18 36.1 36.1 -28.58 222.8
65.21 36.1 36.1 -31.18 160.2
66.0 36.1 36.1 -35.64 240.6
66.03 36.1 36.1 -41.13 224.2
66.06 36.1 36.1 -49.9 158.6
66.09 36.1 36.1 -52.93 159.0
66.12 36.1 36.1 -43.4 169.5
66.15 36.1 36.1 -41.73 204.2
66.18 36.1 36.1 -45.37 196.8
66.21 36.1 36.1 -53.67 185.1
67.0 36.1 36.1 -54.84 188.1
67.03 36.1 36.1 -54.03 186.6
67.06 36.1 36.1 -58.67 160.5
67.09 36.1 36.1 -74.8 156.9
67.12 36.1 36.1 -78.7 156.7
67.15 36.1 36.1 -72.6 157.2
67.18 36.1 36.1 -65.27 179.7
67.21 36.1 36.1 -58.37 160.7
68.0 36.1 36.1 -51.59 164.6
68.03 36.1 36.1 -46.77 135.1
68.06 36.1 36.1 -46.44 165.7
68.09 36.1 36.1 -48.61 109.9
68.12 36.1 36.1 -47.46 158.0
68.15 36.1 36.1 -46.78 166.8
68.18 36.1 36.1 -50.81 159.8
68.21 36.1 36.1 -47.66 172.5
69.0 36.1 36.1 -47.8 115.5
69.03 36.1 36.1 -49.89 164.0
69.06 36.1 36.1 -50.43 167.4
69.09 36.1 36.1 -47.46 156.6
69.12 36.1 36.1 -44.62 162.8
69.15 36.1 36.1 -37.31 186.1
69.18 36.1 36.1 -38.34 102.1
69.21 36.1 36.1 -39.86 89.0
70.0 36.1 36.1 -38.45 111.8
70.03 36.1 36.1 -39.66 115.6
70.06 36.1 36.1 -41.69 102.6
70.09 36.1 36.1 -40.81 112.8
70.12 36.1 36.1 -42.23 102.9
70.15 36.1 36.1 -42.0 109.9
70.18 36.1 36.1 -46.52 95.1
70.21 36.1 36.1 -39.61 110.2
71.0 36.1 36.1 -36.89 178.9
71.03 36.1 36.1 -36.38 195.5
71.06 36.1 36.1 -34.65 187.1
71.09 36.1 36.1 -31.44 188.0
71.12 36.1 36.1 -29.81 131.3
71.15 36.1 36.1 -31.5 218.1
71.18 36.1 36.1 -30.66 122.6
71.21 36.1 36.1 -28.8 124.3
72.0 36.1 36.1 -28.8 120.5
72.03 36.1 36.1 -26.47 113.3
72.06 36.1 36.1 -24.01 123.0
72.09 36.1 36.1 -19.58 130.3
72.12 36.1 36.1 -13.91 123.9
72.15 36.1 36.1 -10.43 123.4
72.18 36.1 36.1 -5.718 163.6
72.21 36.1 36.1 -6.962 155.5
73.0 36.1 36.1 -9.28 156.8
73.03 36.1 36.1 -16.55 152.3
73.06 36.1 36.1 -19.56 146.2
73.09 36.1 36.1 -21.56 138.2
73.12 36.1 36.1 -24.39 129.9
73.15 36.1 36.1 -25.35 119.5
73.18 36.1 36.1 -22.58 126.8
73.21 36.1 36.1 -15.77 131.2
74.0 36.1 36.1 -7.67 121.6
74.03 36.1 36.1 -16.96 224.4
74.06 36.1 36.1 -19.39 176.4
74.09 36.1 36.1 -20.82 205.4
74.12 36.1 36.1 -21.86 242.4
74.15 36.1 36.1 -24.39 220.7
74.18 36.1 36.1 -28.04 192.0
74.21 36.1 36.1 -36.45 255.0
75.0 36.1 36.1 -37.72 233.1
75.03 36.1 36.1 -40.61 189.4
75.06 36.1 36.1 -49.29 180.8
75.09 36.1 36.1 -54.28 96.6
75.12 36.1 36.1 -51.31 92.5
75.15 36.1 36.1 -48.88 98.9
75.18 36.1 36.1 -44.96 99.2
75.21 36.1 36.1 -39.2 102.4
76.0 36.1 36.1 -29.32 113.1
76.03 36.1 36.1 -22.02 120.4
76.06 36.1 36.1 -14.96 114.9
76.09 36.1 36.1 -15.42 99.6
76.12 36.1 36.1 -20.55 101.1
76.15 36.1 36.1 -20.96 71.1
76.18 36.1 36.1 -21.56 333.7
76.21 36.1 36.1 -22.81 33.09
77.0 36.1 36.1 -21.7 164.2
77.03 36.1 36.1 -26.82 161.3
77.06 36.1 36.1 -27.85 203.3
77.09 36.1 36.1 -26.8 150.0
77.12 36.1 36.1 -24.95 167.2
77.15 36.1 36.1 -27.95 151.7
77.18 36.1 36.1 -32.97 235.5
77.21 36.1 36.1 -33.29 212.0
78.0 36.1 36.1 -33.5 200.2
78.03 36.1 36.1 -36.19 149.1
78.06 36.1 36.1 -43.23 132.0
78.09 36.1 36.1 -48.21 171.1
78.12 36.1 36.1 -52.19 107.7
78.15 36.1 36.1 -50.95 101.7
78.18 36.1 36.1 -50.23 110.0
78.21 36.1 36.1 -51.04 112.5
79.0 36.1 36.1 -56.24 102.3
79.03 36.1 36.1 -54.86 102.2
79.06 36.1 36.1 -50.04 98.5
79.09 36.1 36.1 -37.99 103.9
79.12 36.1 36.1 -31.93 117.2
79.15 36.1 36.1 -16.79 131.0
79.18 36.1 36.1 -11.82 127.9
79.21 36.1 36.1 -12.79 134.0
80.0 36.1 36.1 -7.81 123.1
80.03 36.1 36.1 -2.22 127.3
80.06 36.1 36.1 -2.622 126.7
80.09 36.1 36.1 -4.975 124.0
80.12 36.1 36.1 -4.773 130.8
80.15 36.1 36.1 -5.413 138.6
80.18 36.1 36.1 -11.4 203.3
80.21 36.1 36.1 -15.07 197.5
81.0 36.1 36.1 -19.02 193.2
81.03 36.1 36.1 -21.35 156.7
81.06 36.1 36.1 -23.95 152.4
81.09 36.1 36.1 -29.97 119.5
81.12 36.1 36.1 -33.42 118.2
81.15 36.1 36.1 -36.46 98.5
81.18 36.1 36.1 -29.41 100.2
81.21 36.1 36.1 -18.61 123.6
82.0 36.1 36.1 -10.37 130.3
82.03 36.1 36.1 -4.507 114.8
82.06 36.1 36.1 -2.992 110.3
82.09 36.1 36.1 -1.042 126.4
82.12 36.1 36.1 -17.56 160.0
82.15 36.1 36.1 -22.69 169.9
82.18 36.1 36.1 -30.03 172.5
82.21 36.1 36.1 -31.42 163.1
83.0 36.1 36.1 -37.71 185.5
83.03 36.1 36.1 -46.84 94.1
83.06 36.1 36.1 -40.18 92.7
83.09 36.1 36.1 -48.32 118.2
83.12 36.1 36.1 -38.76 127.1
83.15 36.1 36.1 -47.4 91.3
83.18 36.1 36.1 -57.59 84.9
83.21 36.1 36.1 -59.93 88.7
84.0 36.1 36.1 -52.6 70.3
84.03 36.1 36.1 -60.11 85.7
84.06 36.1 36.1 -57.0 89.2
84.09 36.1 36.1 -63.76 147.2
84.12 36.1 36.1 -67.0 113.9
84.15 36.1 36.1 -59.23 100.6
84.18 36.1 36.1 -50.98 99.6
84.21 36.1 36.1 -28.63 166.3
85.0 36.1 36.1 -20.6 101.2
85.03 36.1 36.1 -12.97 106.2
85.06 36.1 36.1 -16.26 114.2
85.09 36.1 36.1 -16.84 108.9
85.12 36.1 36.1 -19.63 102.7
85.15 36.1 36.1 -17.41 117.1
85.18 36.1 36.1 -18.15 122.9
85.21 36.1 36.1 -19.33 119.7
86.0 36.1 36.1 -18.79 117.5
86.03 36.1 36.1 -22.09 107.3
86.06 36.1 36.1 -22.21 113.7
86.09 36.1 36.1 -26.29 128.4
86.12 36.1 36.1 -25.52 124.3
86.15 36.1 36.1 -30.61 119.7
86.18 36.1 36.1 -34.24 178.7
86.21 36.1 36.1 -36.1 181.7
87.0 36.1 36.1 -38.43 101.4
87.03 36.1 36.1 -37.69 185.7
87.06 36.1 36.1 -41.17 107.7
87.09 36.1 36.1 -41.96 105.4
87.12 36.1 36.1 -42.67 111.3
87.15 36.1 36.1 -43.55 112.3
87.18 36.1 36.1 -42.2 107.2
87.21 36.1 36.1 -44.09 105.8
88.0 36.1 36.1 -43.75 106.4
88.03 36.1 36.1 -44.43 99.5
88.06 36.1 36.1 -44.54 94.7
88.09 36.1 36.1 -44.61 103.7
88.12 36.1 36.1 -44.88 107.4
88.15 36.1 36.1 -44.61 111.0
88.18 36.1 36.1 -47.15 92.9
88.21 36.1 36.1 -46.54 116.0
89.0 36.1 36.1 -47.08 114.1
89.03 36.1 36.1 -47.01 109.1
89.06 36.1 36.1 -45.53 102.7
89.09 36.1 36.1 -45.86 112.5
89.12 36.1 36.1 -46.78 113.5
89.15 36.1 36.1 -41.9 123.7
89.18 36.1 36.1 -35.61 128.7
89.21 36.1 36.1 -29.96 128.4
90.0 36.1 36.1 -26.81 132.5
90.03 36.1 36.1 -25.92 137.4
90.06 36.1 36.1 -28.22 133.5
90.09 36.1 36.1 -32.84 117.1
90.12 36.1 36.1 -36.6 121.0
90.15 36.1 36.1 -31.67 142.1
90.18 36.1 36.1 -31.54 127.8
90.21 36.1 36.1 -33.43 123.6
91.0 36.1 36.1 -37.31 126.1
91.03 36.1 36.1 -40.84 115.1
91.06 36.1 36.1 -42.57 123.4
91.09 36.1 36.1 -39.59 126.9
91.12 36.1 36.1 -41.49 119.4
91.15 36.1 36.1 -40.14 126.8
91.18 36.1 36.1 -41.96 141.7
91.21 36.1 36.1 -43.35 127.4
92.0 36.1 36.1 -41.73 141.8
92.03 36.1 36.1 -43.96 173.3
92.06 36.1 36.1 -42.54 163.8
92.09 36.1 36.1 -47.4 126.2
92.12 36.1 36.1 -61.53 93.5
92.15 36.1 36.1 -61.19 111.7
92.18 36.1 36.1 -57.74 126.9
92.21 36.1 36.1 -61.5 110.4
93.0 36.1 36.1 -63.58 106.8
93.03 36.1 36.1 -56.93 120.9
93.06 36.1 36.1 -53.8 137.3
93.09 36.1 36.1 -56.35 129.0
93.12 36.1 36.1 -60.24 121.7
93.15 36.1 36.1 -60.42 122.8
93.18 36.1 36.1 -61.84 111.4
93.21 36.1 36.1 -71.5 100.6
94.0 36.1 36.1 -67.43 89.3
94.03 36.1 36.1 -71.6 86.1
94.06 36.1 36.1 -63.94 88.2
94.09 36.1 36.1 -75.3 96.3
94.12 36.1 36.1 -75.8 81.1
94.15 36.1 36.1 -59.85 99.6
94.18 36.1 36.1 -45.5 99.2
94.21 36.1 36.1 -45.26 83.6
95.0 36.1 36.1 -44.8 113.5
95.03 36.1 36.1 -38.34 107.5
95.06 36.1 36.1 -43.73 83.9
95.09 36.1 36.1 -47.42 95.1
95.12 36.1 36.1 -49.08 99.6
95.15 36.1 36.1 -52.77 103.3
95.18 36.1 36.1 -55.83 96.7
95.21 36.1 36.1 -60.06 97.3
96.0 36.1 36.1 -58.49 94.2
96.03 36.1 36.1 -63.49 101.2
96.06 36.1 36.1 -61.3 94.5
96.09 36.1 36.1 -58.37 105.7
96.12 36.1 36.1 -58.12 96.5
96.15 36.1 36.1 -60.08 95.7
96.18 36.1 36.1 -57.18 104.7
96.21 36.1 36.1 -57.67 96.2
97.0 36.1 36.1 -59.48 98.7
97.03 36.1 36.1 -58.22 90.1
97.06 36.1 36.1 -48.3 113.5
97.09 36.1 36.1 -40.5 111.5
97.12 36.1 36.1 -36.69 139.3
97.15 36.1 36.1 -42.57 138.5
97.18 36.1 36.1 -51.0 164.3
97.21 36.1 36.1 -48.94 133.2
98.0 36.1 36.1 -45.66 145.8
98.03 36.1 36.1 -56.28 122.5
98.06 36.1 36.1 -59.36 96.5
98.09 36.1 36.1 -46.88 107.9
98.12 36.1 36.1 -41.07 126.9
98.15 36.1 36.1 -45.93 143.9
98.18 36.1 36.1 -58.9 101.7
98.21 36.1 36.1 -51.06 142.4
99.0 36.1 36.1 -53.89 125.5
99.03 36.1 36.1 -57.97 122.0
99.06 36.1 36.1 -48.14 128.1
99.09 36.1 36.1 -51.87 101.1
99.12 36.1 36.1 -50.35 106.0
99.15 36.1 36.1 -51.39 97.4
99.18 36.1 36.1 -52.54 107.7
99.21 36.1 36.1 -50.04 107.4
100.0 36.1 36.1 -49.0 103.3
100.03 36.1 36.1 -46.24 105.3
100.06 36.1 36.1 -42.53 107.5
100.09 36.1 36.1 -49.89 111.7
100.12 36.1 36.1 -43.81 125.2
100.15 36.1 36.1 -43.7 113.4
100.18 36.1 36.1 -44.92 128.0
100.21 36.1 36.1 -46.4 124.3
101.0 36.1 36.1 -51.11 129.0
101.03 36.1 36.1 -51.15 126.2
101.06 36.1 36.1 -50.38 132.3
101.09 36.1 36.1 -51.8 132.3
101.12 36.1 36.1 -50.85 132.5
101.15 36.1 36.1 -57.38 132.9
101.18 36.1 36.1 -56.66 144.0
101.21 36.1 36.1 -52.56 141.5
102.0 36.1 36.1 -56.62 115.8
102.03 36.1 36.1 -56.82 124.4
102.06 36.1 36.1 -59.36 129.1
102.09 36.1 36.1 -56.39 130.3
102.12 36.1 36.1 -50.19 124.4
102.15 36.1 36.1 -44.49 136.4
102.18 36.1 36.1 -49.96 138.2
102.21 36.1 36.1 -49.39 128.4
103.0 36.1 36.1 -51.69 141.1
103.03 36.1 36.1 -53.96 134.5
103.06 36.1 36.1 -56.01 132.8
103.09 36.1 36.1 -62.14 94.9
103.12 36.1 36.1 -60.69 100.3
103.15 36.1 36.1 -60.08 100.3
103.18 36.1 36.1 -58.26 100.2
103.21 36.1 36.1 -58.8 100.5
104.0 36.1 36.1 -57.99 102.5
104.03 36.1 36.1 -57.81 95.1
104.06 36.1 36.1 -55.44 106.8
104.09 36.1 36.1 -54.21 102.7
104.12 36.1 36.1 -53.87 106.8
104.15 36.1 36.1 -59.66 102.2
104.18 36.1 36.1 -59.57 100.5
104.21 36.1 36.1 -57.07 97.3
105.0 36.1 36.1 -53.03 100.1
105.03 36.1 36.1 -60.24 91.9
105.06 36.1 36.1 -62.05 91.3
105.09 36.1 36.1 -61.3 98.0
105.12 36.1 36.1 -62.86 93.2
105.15 36.1 36.1 -65.52 93.0
105.18 36.1 36.1 -67.12 89.2
105.21 36.1 36.1 -63.33 101.8
106.0 36.1 36.1 -66.85 100.9
