"ID","year","JD","hourminute","dewpoint_T","Ambient_T","Battery"
102,2000,139,20,-2.955,-0.1084,12.36
102,2000,139,2110,-2.862,-0.237,12.36
102,2000,139,2120,-2.792,-0.3705,12.36
102,2000,139,2130,-2.769,-0.4036,12.36
102,2000,139,2140,-2.59,-0.4714,12.36
102,2000,139,2150,-2.823,-0.724,12.36
102,2000,139,2200,-3.029,-0.972,12.36
102,2000,139,2210,-3.283,-1.07,12.36
102,2000,139,2220,-3.429,-1.311,12.36
102,2000,139,2230,-3.36,-1.682,12.36
102,2000,139,2240,-3.841,-2.086,12.36
102,2000,139,2250,-4.617,-2.22,12.36
102,2000,139,2300,-5.382,-2.354,12.36
102,2000,139,2310,-5.568,-2.55,12.36
102,2000,139,2320,-5.718,-2.689,12.36
102,2000,139,2330,-5.741,-2.781,12.36
102,2000,139,2340,-5.707,-2.853,12.36
102,2000,139,2350,-5.634,-2.937,12.36
102,2000,140,0,-5.49,-2.948,12.36
103,2000,140,10,-5.193,-2.936,12.36
103,2000,140,20,-5.129,-2.946,12.36
103,2000,140,30,-4.969,-3.035,12.36
103,2000,140,40,-4.767,-2.889,12.36
103,2000,140,50,-5.035,-2.859,12.36
103,2000,140,100,-5.737,-3.038,12.36
103,2000,140,110,-5.183,-3.224,12.36
103,2000,140,120,-5.701,-3.254,12.36
103,2000,140,130,-5.668,-3.244,12.36
103,2000,140,140,-5.896,-3.364,12.36
103,2000,140,150,-5.99,-3.487,12.35
103,2000,140,200,-6.118,-3.565,12.35
103,2000,140,210,-6.252,-3.642,12.35
103,2000,140,220,-6.25,-3.735,12.35
103,2000,140,230,-6.462,-3.752,12.35
103,2000,140,240,-6.437,-3.809,12.35
103,2000,140,250,-6.672,-3.743,12.35
103,2000,140,300,-6.792,-3.699,12.35
103,2000,140,310,-6.737,-3.71,12.35
103,2000,140,320,-6.664,-3.753,12.34
103,2000,140,330,-6.75,-3.639,12.34
103,2000,140,340,-6.733,-3.653,12.34
103,2000,140,350,-6.802,-3.629,12.34
103,2000,140,400,-3.899,-3.461,12.34
103,2000,140,410,-3.607,-3.566,12.29
103,2000,140,420,-6.477,-3.512,12.33
103,2000,140,430,-5.394,-3.386,12.34
103,2000,140,440,-4.869,-3.036,12.34
103,2000,140,450,-4.348,-2.834,12.34
103,2000,140,500,-4.032,-2.656,12.34
103,2000,140,510,-3.622,-2.417,12.33
103,2000,140,520,-3.544,-2.28,12.33
103,2000,140,530,-3.456,-2.215,12.33
103,2000,140,540,-3.384,-2.066,12.33
103,2000,140,550,-3.31,-1.94,12.33
103,2000,140,600,-3.199,-1.887,12.33
103,2000,140,610,-3.237,-1.87,12.33
103,2000,140,620,-3.294,-1.85,12.33
103,2000,140,630,-3.294,-1.73,12.33
103,2000,140,640,-3.236,-1.607,12.33
103,2000,140,650,-3.192,-1.545,12.33
103,2000,140,700,-3.192,-1.466,12.33
103,2000,140,710,-3.219,-1.457,12.32
103,2000,140,720,-3.294,-1.535,12.32
103,2000,140,730,-3.295,-1.625,12.32
103,2000,140,740,-3.351,-1.741,12.32
103,2000,140,750,-3.311,-1.82,12.32
103,2000,140,800,-3.727,-2.231,12.32
103,2000,140,810,-3.995,-2.672,12.32
103,2000,140,820,-3.979,-2.633,12.32
103,2000,140,830,-4.113,-2.741,12.32
103,2000,140,840,-4.384,-3.071,12.32
103,2000,140,850,-4.131,-2.725,12.32
103,2000,140,900,-4.423,-2.762,12.32
103,2000,140,910,-4.372,-2.738,12.32
103,2000,140,920,-4.428,-2.683,12.39
103,2000,140,930,-4.454,-2.456,12.36
103,2000,140,940,-4.299,-2.214,12.4
103,2000,140,950,-4.204,-1.889,12.46
103,2000,140,1000,-4.441,-2.134,12.46
103,2000,140,1010,-4.633,-2.327,12.47
103,2000,140,1020,-4.695,-2.268,12.48
103,2000,140,1030,-4.609,-2.198,12.49
103,2000,140,1040,-4.204,-1.872,12.4
103,2000,140,1050,-4.022,-1.507,12.43
103,2000,140,1100,-3.987,-1.489,12.39
103,2000,140,1110,-3.781,-1.387,12.35
103,2000,140,1120,-3.597,-1.212,12.36
103,2000,140,1130,-3.414,-0.979,12.35
103,2000,140,1140,-3.141,-0.729,12.35
103,2000,140,1150,-3.053,-0.671,12.34
103,2000,140,1200,-3.15,-0.735,12.34
103,2000,140,1210,-3.244,-0.914,12.33
103,2000,140,1220,-3.274,-1.027,12.33
103,2000,140,1230,-3.203,-1.047,12.34
103,2000,140,1240,-3.101,-1.081,12.34
103,2000,140,1250,-3.055,-0.993,12.35
103,2000,140,1300,-2.933,-0.913,12.34
103,2000,140,1310,-2.937,-0.837,12.34
103,2000,140,1320,-2.938,-0.754,12.34
103,2000,140,1330,-2.97,-0.792,12.34
103,2000,140,1340,-2.828,-0.693,12.34
103,2000,140,1350,-2.747,-0.569,12.33
103,2000,140,1400,-2.609,-0.355,12.33
103,2000,140,1410,-2.904,-0.353,12.32
103,2000,140,1420,-3.122,-0.482,12.32
103,2000,140,1430,-3.249,-0.466,12.32
103,2000,140,1440,-3.213,-0.41,12.32
103,2000,140,1450,-3.457,-0.477,12.32
103,2000,140,1500,-3.38,-0.67,12.32
103,2000,140,1510,-3.229,-0.725,12.31
103,2000,140,1520,-3.232,-0.827,12.3
103,2000,140,1530,-3.069,-0.792,12.3
103,2000,140,1540,-3.043,-0.734,12.3
103,2000,140,1550,-2.917,-0.664,12.29
103,2000,140,1600,-2.717,-0.637,12.29
103,2000,140,1610,-2.426,-0.583,12.29
103,2000,140,1620,-2.18,-0.539,12.29
103,2000,140,1630,-2.26,-0.733,12.29
103,2000,140,1640,-2.059,-0.837,12.29
103,2000,140,1650,-2.092,-0.836,12.29
103,2000,140,1700,-2.227,-0.874,12.29
103,2000,140,1710,-2.377,-1.02,12.29
103,2000,140,1720,-2.803,-1.327,12.29
103,2000,140,1730,-2.86,-1.436,12.29
103,2000,140,1740,-2.833,-1.368,12.29
103,2000,140,1750,-3.004,-1.511,12.29
103,2000,140,1800,-3.043,-1.534,12.29
103,2000,140,1810,-3.027,-1.387,12.28
103,2000,140,1820,-3.087,-1.165,12.28
103,2000,140,1830,-3.132,-1.037,12.28
103,2000,140,1840,-3.002,-0.898,12.27
103,2000,140,1850,-2.88,-0.662,12.27
103,2000,140,1900,-3.023,-0.667,12.27
103,2000,140,1910,-3.198,-0.558,12.27
103,2000,140,1920,-3.521,-0.522,12.27
103,2000,140,1930,-3.805,-0.797,12.27
103,2000,140,1940,-3.767,-0.995,12.27
103,2000,140,1950,-3.494,-1.036,12.26
103,2000,140,2000,-3.503,-1.036,12.26
103,2000,140,2010,-3.517,-1.055,12.26
103,2000,140,2020,-3.68,-1.056,12.26
103,2000,140,2030,-3.848,-1.066,12.26
103,2000,140,2040,-3.896,-1.181,12.26
103,2000,140,2050,-3.871,-1.236,12.25
103,2000,140,2100,-4.054,-1.219,12.25
103,2000,140,2110,-4.158,-1.246,12.25
103,2000,140,2120,-4.289,-1.357,12.25
103,2000,140,2130,-4.464,-1.544,12.25
103,2000,140,2140,-4.647,-1.665,12.25
103,2000,140,2150,-5.008,-1.732,12.24
103,2000,140,2200,-5.26,-1.819,12.24
103,2000,140,2210,-5.64,-1.959,12.24
103,2000,140,2220,-6.058,-2.044,12.24
103,2000,140,2230,-6.351,-2.224,12.24
103,2000,140,2240,-6.597,-2.715,12.24
103,2000,140,2250,-6.823,-3.146,12.24
103,2000,140,2300,-7.1,-3.25,12.23
103,2000,140,2310,-7.23,-3.432,12.24
103,2000,140,2320,-7.39,-3.592,12.23
103,2000,140,2330,-7.42,-3.817,12.23
103,2000,140,2340,-7.44,-4.073,12.23
103,2000,140,2350,-7.49,-4.229,12.23
103,2000,141,0,-7.68,-4.418,12.23
103,2000,141,10,-7.83,-4.682,12.22
103,2000,141,20,-7.97,-4.849,12.22
103,2000,141,30,-8.01,-5.02,12.22
103,2000,141,40,-8.09,-5.283,12.22
103,2000,141,50,-8.28,-5.409,12.22
103,2000,141,100,-8.36,-5.611,12.22
103,2000,141,110,-8.45,-5.73,12.22
103,2000,141,120,-8.5,-5.758,12.21
103,2000,141,130,-8.6,-5.985,12.21
103,2000,141,140,-8.64,-6.1,12.21
103,2000,141,150,-8.71,-6.266,12.21
103,2000,141,200,-8.88,-6.442,12.21
103,2000,141,210,-9,-6.545,12.21
103,2000,141,220,-9.08,-6.721,12.21
103,2000,141,230,-9.09,-6.856,12.2
103,2000,141,240,-9.02,-6.836,12.2
103,2000,141,250,-9.13,-7.05,12.2
103,2000,141,300,-9.17,-7.14,12.2
103,2000,141,310,-9.25,-7.21,12.2
103,2000,141,320,-9.38,-7.25,12.2
103,2000,141,330,-9.53,-7.35,12.19
103,2000,141,340,-9.64,-7.46,12.19
103,2000,141,350,-9.78,-7.58,12.19
103,2000,141,400,-6.961,-7.6,12.18
103,2000,141,410,-6.425,-7.57,12.18
103,2000,141,420,-9.76,-7.5,12.18
103,2000,141,430,-9.46,-7.31,12.18
103,2000,141,440,-9.57,-7.32,12.18
103,2000,141,450,-9.72,-7.42,12.18
103,2000,141,500,-9.51,-7.19,12.17
103,2000,141,510,-9.56,-7.21,12.17
103,2000,141,520,-9.55,-7.38,12.17
103,2000,141,530,-9.79,-7.65,12.17
103,2000,141,540,-9.85,-7.64,12.17
103,2000,141,550,-9.72,-7.42,12.17
103,2000,141,600,-9.5,-7.19,12.17
103,2000,141,610,-9.27,-7.02,12.16
103,2000,141,620,-9.28,-7,12.16
103,2000,141,630,-9.47,-7.08,12.16
103,2000,141,640,-9.55,-7.02,12.16
103,2000,141,650,-9.47,-6.809,12.16
103,2000,141,700,-9.63,-7.06,12.15
103,2000,141,710,-9.61,-7.06,12.15
103,2000,141,720,-9.47,-6.771,12.15
103,2000,141,730,-9.42,-6.732,12.15
103,2000,141,740,-9.32,-6.594,12.14
103,2000,141,750,-9.29,-6.427,12.14
103,2000,141,800,-9.27,-6.361,12.14
103,2000,141,810,-9.26,-6.217,12.14
103,2000,141,820,-9.28,-6.43,12.14
103,2000,141,830,-9.04,-6.116,12.14
103,2000,141,840,-9.06,-6.13,12.14
103,2000,141,850,-9.06,-6.092,12.14
103,2000,141,900,-8.88,-5.848,12.13
103,2000,141,910,-8.81,-5.738,12.13
103,2000,141,920,-8.83,-5.806,12.13
103,2000,141,930,-8.73,-5.64,12.13
103,2000,141,940,-8.7,-5.526,12.13
103,2000,141,950,-8.28,-5.046,12.13
103,2000,141,1000,-8.03,-4.887,12.12
103,2000,141,1010,-7.74,-4.643,12.12
103,2000,141,1020,-7.81,-4.59,12.12
103,2000,141,1030,-7.82,-4.412,12.11
103,2000,141,1040,-7.72,-4.178,12.11
103,2000,141,1050,-7.7,-4.038,12.11
103,2000,141,1100,-7.74,-4.186,12.11
103,2000,141,1110,-7.55,-4.241,12.1
103,2000,141,1120,-7.49,-4.051,12.11
103,2000,141,1130,-7.38,-3.934,12.1
103,2000,141,1140,-7.3,-3.922,12.1
103,2000,141,1150,-7.06,-3.808,12.1
103,2000,141,1200,-7.13,-3.858,12.1
103,2000,141,1210,-6.993,-3.98,12.1
103,2000,141,1220,-6.593,-4.223,12.1
103,2000,141,1230,-6.205,-4.366,12.09
103,2000,141,1240,-5.979,-4.331,12.09
103,2000,141,1250,-5.939,-4.173,12.09
103,2000,141,1300,-6.013,-4.035,12.09
103,2000,141,1310,-6.227,-3.9,12.09
103,2000,141,1320,-6.164,-3.632,12.09
103,2000,141,1330,-6.1,-3.411,12.09
103,2000,141,1340,-5.833,-3.382,12.09
103,2000,141,1350,-5.634,-3.283,12.08
103,2000,141,1400,-5.511,-3.157,12.08
103,2000,141,1410,-5.356,-2.941,12.08
103,2000,141,1420,-5.293,-2.775,12.11
103,2000,141,1430,-5.149,-2.917,12.15
103,2000,141,1440,-4.967,-2.732,12.15
103,2000,141,1450,3.367,-2.469,12.14
103,2000,141,1500,-1.47,-2.264,12.14

103,2000,141,1510,-1.12,-2.061,12.12
103,2000,141,1520,-4.406,-2.047,12.16
103,2000,141,1530,-4.395,-1.872,12.17
103,2000,141,1540,-4.465,-2.001,12.13
103,2000,141,1550,-4.571,-2.181,12.11
103,2000,141,1600,-4.671,-2.173,12.11
103,2000,141,1610,2.343,-2.1,12.09
103,2000,141,1620,-4.822,-2.096,12.11
103,2000,141,1630,-4.77,-2.06,12.12
103,2000,141,1640,-4.675,-2.104,12.12
103,2000,141,1650,-4.625,-2.038,12.13
103,2000,141,1700,-4.606,-1.93,12.13
103,2000,141,1710,-4.528,-1.922,12.13
103,2000,141,1720,-4.608,-1.773,12.14
103,2000,141,1730,-4.584,-1.795,12.14
103,2000,141,1740,-4.407,-1.707,12.15
103,2000,141,1750,-4.209,-1.353,12.18
103,2000,141,1800,-4.162,-1.216,12.22
103,2000,141,1810,-4.142,-1.272,12.23
103,2000,141,1820,-4.168,-1.354,12.24
103,2000,141,1830,-4.178,-1.331,12.24
103,2000,141,1840,-4.107,-1.395,12.24
103,2000,141,1850,-4.177,-1.365,12.23
103,2000,141,1900,-4.252,-1.352,12.21
103,2000,141,1910,-4.292,-1.443,12.18
103,2000,141,1920,-4.32,-1.536,12.15
103,2000,141,1930,-4.313,-1.511,12.15
103,2000,141,1940,-4.329,-1.528,12.14
103,2000,141,1950,-4.425,-1.567,12.12
103,2000,141,2000,-4.414,-1.609,12.11
103,2000,141,2010,-4.507,-1.647,12.1
103,2000,141,2020,-4.606,-1.661,12.1
103,2000,141,2030,-4.669,-1.804,12.1
103,2000,141,2040,-4.718,-1.868,12.09
103,2000,141,2050,-4.894,-2.04,12.09
103,2000,141,2100,-4.992,-2.114,12.08
103,2000,141,2110,-5.195,-2.219,12.08
103,2000,141,2120,-5.263,-2.241,12.07
103,2000,141,2130,-5.335,-2.345,12.07
103,2000,141,2140,-5.425,-2.379,12.07
103,2000,141,2150,-5.517,-2.571,12.07
103,2000,141,2200,-5.623,-2.748,12.16
103,2000,141,2210,-5.763,-2.849,12.17
103,2000,141,2220,-5.881,-2.841,12.15
103,2000,141,2230,-6.007,-3.003,12.1
103,2000,141,2240,-6.144,-3.101,12.08
103,2000,141,2250,-6.294,-3.281,12.07
103,2000,141,2300,-6.423,-3.366,12.07
103,2000,141,2310,-6.535,-3.427,12.06
103,2000,141,2320,-6.675,-3.668,12.06
103,2000,141,2330,-6.863,-3.823,12.05
103,2000,141,2340,-6.985,-3.781,12.05
103,2000,141,2350,-7.1,-3.836,12.05
103,2000,142,0,-7.31,-4.164,12.05
103,2000,142,10,-7.44,-4.266,12.05
103,2000,142,20,-7.59,-4.457,12.06
103,2000,142,30,-7.72,-4.573,12.05
103,2000,142,40,-7.76,-4.581,12.05
103,2000,142,50,-8.05,-4.872,12.04
103,2000,142,100,-8.26,-5.225,12.04
103,2000,142,110,-8.4,-5.376,12.04
103,2000,142,120,-8.37,-5.247,12.03
103,2000,142,130,-8.39,-5.362,12.03
103,2000,142,140,-8.41,-5.303,12.03
103,2000,142,150,-8.4,-5.343,12.02
103,2000,142,200,-8.41,-5.284,12.02
103,2000,142,210,-8.32,-5.183,12.02
103,2000,142,220,-8.95,-5.813,12.01
103,2000,142,230,-8.9,-5.944,12.01
103,2000,142,240,-9.1,-6.04,12.01
103,2000,142,250,-9.26,-6.124,12
103,2000,142,300,-9.15,-6.157,12
103,2000,142,310,-9.39,-6.406,12
103,2000,142,320,-9.5,-6.664,12
103,2000,142,330,-9.44,-6.485,12
103,2000,142,340,-9.57,-6.544,11.99
103,2000,142,350,-9.68,-6.664,11.99
103,2000,142,400,-7.2,-6.825,11.99
103,2000,142,410,-6.567,-6.551,11.98
103,2000,142,420,-10.08,-7.03,11.98
103,2000,142,430,-10.69,-7.76,11.98
103,2000,142,440,-10.71,-7.7,11.98
103,2000,142,450,-10.75,-7.63,11.98
103,2000,142,500,-10.98,-7.95,11.98
103,2000,142,510,-11.26,-8.31,11.98
103,2000,142,520,-11.28,-8.22,11.97
103,2000,142,530,-11.43,-8.31,11.97
103,2000,142,540,-11.49,-8.16,11.97
103,2000,142,550,-11.7,-8.4,11.97
103,2000,142,600,-11.88,-8.57,11.96
103,2000,142,610,-11.87,-8.39,11.96
103,2000,142,620,-11.95,-8.38,11.96
103,2000,142,630,-11.81,-8.29,11.96
103,2000,142,640,-11.74,-8.17,11.96
103,2000,142,650,-12.04,-8.66,11.96
103,2000,142,700,-12.35,-9.1,11.95
103,2000,142,710,-12.88,-9.92,11.95
103,2000,142,720,-12.71,-9.45,11.95
103,2000,142,730,-12.53,-9.44,11.94
103,2000,142,740,-12.54,-9.35,11.94
103,2000,142,750,-12.35,-9.05,11.94
103,2000,142,800,-12.22,-8.86,11.94
103,2000,142,810,-12.19,-8.86,11.94
103,2000,142,820,-11.98,-8.45,11.94
103,2000,142,830,-11.97,-8.52,11.93
103,2000,142,840,-11.89,-8.53,11.93
103,2000,142,850,-11.55,-8.13,11.93
103,2000,142,900,-11.29,-7.76,11.93
103,2000,142,910,-11.17,-7.63,11.93
103,2000,142,920,-11.19,-7.62,11.92
103,2000,142,930,-11.03,-7.43,11.92
103,2000,142,940,-10.89,-7.12,11.92
103,2000,142,950,-10.8,-6.961,11.92
103,2000,142,1000,-10.77,-6.97,11.91
103,2000,142,1010,-10.75,-6.843,11.91
103,2000,142,1020,-10.67,-6.723,11.91
103,2000,142,1030,-10.57,-6.516,11.91
103,2000,142,1040,-10.53,-6.274,11.91
103,2000,142,1050,-10.39,-6.272,11.9
103,2000,142,1100,-10.3,-6.246,11.9
103,2000,142,1110,-10.14,-6.251,11.9
103,2000,142,1120,-10.23,-5.891,11.9
103,2000,142,1130,-10,-5.72,11.9
103,2000,142,1140,-9.86,-5.596,12
103,2000,142,1150,-9.7,-5.458,12.1
103,2000,142,1200,-9.58,-5.367,12.14
103,2000,142,1210,-9.57,-5.189,12.17
103,2000,142,1220,-9.23,-5.134,12.2
103,2000,142,1230,-9.27,-4.947,12.22
103,2000,142,1240,-9.26,-4.835,12.24
103,2000,142,1250,-8.97,-4.804,12.25
103,2000,142,1300,-9.18,-4.685,12.27
103,2000,142,1310,-9.25,-4.694,12.28
103,2000,142,1320,-9.07,-4.636,12.29
103,2000,142,1330,-9.05,-4.67,12.29
103,2000,142,1340,-8.88,-4.582,12.3
103,2000,142,1350,-8.96,-4.541,12.3
103,2000,142,1400,-8.84,-4.537,12.3
103,2000,142,1410,-8.63,-4.497,12.31
103,2000,142,1420,-8.84,-4.489,12.26
103,2000,142,1430,-8.6,-4.385,12.29
103,2000,142,1440,-8.57,-4.39,12.25
103,2000,142,1450,-8.39,-4.29,12.24
103,2000,142,1500,-8.57,-4.213,12.22
103,2000,142,1510,-8.3,-4.143,12.21
103,2000,142,1520,-8.25,-4.097,12.19
103,2000,142,1530,-8.39,-4.014,12.21
103,2000,142,1540,-8.07,-3.966,12.18
103,2000,142,1550,-7.56,-4.05,12.14
103,2000,142,1600,-7.49,-4.101,12.13
103,2000,142,1610,-7.53,-4.099,12.13
103,2000,142,1620,-7.81,-4.204,12.12
103,2000,142,1630,-7.71,-4.279,12.09
103,2000,142,1640,-7.61,-4.282,12.09
103,2000,142,1650,-7.34,-4.185,12.08
103,2000,142,1700,-7.21,-3.903,12.07
103,2000,142,1710,-7.39,-4.07,12.05
103,2000,142,1720,-7.26,-4.096,12.04
103,2000,142,1730,-7.14,-4.135,12.03
103,2000,142,1740,-7.13,-4.08,12.02
103,2000,142,1750,-7.14,-4.043,12.02
103,2000,142,1800,-6.322,-4.234,12.01
103,2000,142,1810,-6.221,-4.337,12
103,2000,142,1820,-6.232,-4.352,12
103,2000,142,1830,-6.255,-4.389,11.99
103,2000,142,1840,-6.266,-4.405,11.98
103,2000,142,1850,-5.987,-4.411,11.98
103,2000,142,1900,-5.969,-4.481,11.97
103,2000,142,1910,-6.062,-4.534,11.97
103,2000,142,1920,-6.36,-4.618,11.96
103,2000,142,1930,-6.341,-4.646,11.96
103,2000,142,1940,-6.304,-4.64,11.95
103,2000,142,1950,-6.175,-4.74,11.95
103,2000,142,2000,-6.112,-4.739,11.95
103,2000,142,2010,.031,-4.764,11.93
103,2000,142,2020,-3.991,-2.815,11.98
103,2000,142,2030,-5.211,-12.89,12.49
103,2000,142,2040,-6.805,-5.08,12.37
103,2000,142,2050,-6.786,-5.14,12.36
103,2000,142,2100,-7.02,-5.242,12.36
103,2000,142,2110,-6.87,-5.338,12.39
103,2000,142,2120,-6.798,-5.315,12.38
103,2000,142,2130,-6.739,-5.476,12.39
103,2000,142,2140,-6.302,-5.571,12.4
103,2000,142,2150,-6.43,-5.67,12.41
103,2000,142,2200,-6.598,-5.782,12.41
103,2000,142,2210,-6.494,-5.691,12.41
103,2000,142,2220,-6.44,-5.66,12.41
103,2000,142,2230,-6.297,-5.612,12.41
103,2000,142,2240,-6.211,-5.471,12.4
103,2000,142,2250,-6.058,-5.251,12.41
103,2000,142,2300,-6.091,-5.176,12.41
103,2000,142,2310,-6.185,-5.235,12.41
103,2000,142,2320,-6.096,-5.282,12.41
103,2000,142,2330,-6.106,-5.386,12.41
103,2000,142,2340,-6.112,-5.433,12.41
103,2000,142,2350,-6.189,-5.448,12.41
103,2000,143,0,-6.223,-5.533,12.41
103,2000,143,10,-6.24,-5.57,12.41
103,2000,143,20,-6.3,-5.619,12.41
103,2000,143,30,-6.348,-5.627,12.41
103,2000,143,40,-6.491,-5.655,12.41
103,2000,143,50,-6.495,-5.782,12.41
103,2000,143,100,-6.476,-5.832,12.41
103,2000,143,110,-6.492,-5.832,12.41
103,2000,143,120,-6.481,-5.832,12.41
103,2000,143,130,-6.497,-5.832,12.41
103,2000,143,140,-6.495,-5.834,12.41
103,2000,143,150,-6.495,-5.848,12.41
103,2000,143,200,-6.448,-5.832,12.41
103,2000,143,210,-6.743,-5.86,12.41
103,2000,143,220,-7.07,-5.996,12.41
103,2000,143,230,-7.15,-6.078,12.4
103,2000,143,240,-6.986,-6.033,12.4
103,2000,143,250,-6.964,-6.033,12.4
103,2000,143,300,-6.784,-6.014,12.4
103,2000,143,310,-7.11,-6.103,12.4
103,2000,143,320,-7.13,-6.135,12.39
103,2000,143,330,-7.13,-6.234,12.39
103,2000,143,340,-7.23,-6.342,12.39
103,2000,143,350,-7.46,-6.482,12.39
103,2000,143,400,-5.955,-6.531,12.38
103,2000,143,410,-4.079,-6.502,12.35
103,2000,143,420,-8.29,-6.43,12.34
103,2000,143,430,-8.18,-6.431,12.34
103,2000,143,440,-8.1,-6.432,12.34
103,2000,143,450,-8.1,-6.432,12.34
103,2000,143,500,-7.97,-6.433,12.34
103,2000,143,510,-7.98,-6.406,12.33
103,2000,143,520,-8.2,-6.295,12.33
103,2000,143,530,-8.13,-6.264,12.33
103,2000,143,540,-7.94,-6.284,12.33
103,2000,143,550,-7.9,-6.234,12.33
103,2000,143,600,-7.8,-6.234,12.33
103,2000,143,610,-7.84,-6.234,12.33
103,2000,143,620,-7.8,-6.254,12.32
103,2000,143,630,-7.8,-6.331,12.31
103,2000,143,640,-7.77,-6.334,12.33
103,2000,143,650,-7.56,-6.387,12.33
103,2000,143,700,-7.38,-6.346,12.34
103,2000,143,710,-6.799,-6.256,12.37
103,2000,143,720,-6.839,-6.333,12.37
103,2000,143,730,-6.793,-6.334,12.38
103,2000,143,740,-6.723,-6.287,12.38
103,2000,143,750,-6.795,-6.233,12.38
103,2000,143,800,-6.837,-6.233,12.38
103,2000,143,810,-6.914,-6.233,12.38
103,2000,143,820,-7.87,-6.894,12.37
103,2000,143,830,-8.27,-7.36,12.37
103,2000,143,840,-8.41,-7.51,12.37
103,2000,143,850,-8.51,-7.54,12.37
103,2000,143,900,-8.49,-7.53,12.36
103,2000,143,910,-8.47,-7.53,12.36
103,2000,143,920,-9.26,-8.06,12.37
103,2000,143,930,-9.45,-8.52,12.36
103,2000,143,940,-9.37,-8.41,12.36
103,2000,143,950,-9.48,-8.47,12.36
103,2000,143,1000,-9.47,-8.44,12.36
103,2000,143,1010,-9.62,-8.51,12.36
103,2000,143,1020,-9.83,-8.64,12.36
103,2000,143,1030,-9.7,-8.5,12.36
103,2000,143,1040,-9.52,-8.33,12.36
103,2000,143,1050,-9.43,-8.15,12.36
103,2000,143,1100,-9.38,-7.99,12.36
103,2000,143,1110,-9.41,-7.94,12.36
103,2000,143,1120,-9.7,-8.05,12.36
103,2000,143,1130,-9.81,-8.11,12.37
103,2000,143,1140,-9.87,-7.96,12.37
103,2000,143,1150,-9.79,-7.85,12.38
103,2000,143,1200,-9.81,-7.73,12.38
103,2000,143,1210,-10.11,-7.78,12.37
103,2000,143,1220,-10.04,-7.7,12.38
103,2000,143,1230,-9.86,-7.57,12.38
103,2000,143,1240,-9.75,-7.48,12.38
103,2000,143,1250,-9.56,-7.36,12.37
103,2000,143,1300,-9.47,-7.31,12.37
103,2000,143,1310,-9.49,-7.29,12.41
103,2000,143,1320,-9.38,-7.06,12.4
103,2000,143,1330,-9.41,-7.18,12.39
103,2000,143,1340,-9.56,-7.22,12.38
103,2000,143,1350,-9.55,-7.25,12.38
103,2000,143,1400,-9.57,-7.08,12.38
103,2000,143,1410,-9.6,-6.946,12.39
103,2000,143,1420,-9.59,-6.957,12.39
103,2000,143,1430,-9.74,-6.934,12.38
103,2000,143,1440,-9.66,-6.883,12.38
103,2000,143,1450,-9.69,-6.847,12.38
103,2000,143,1500,-9.58,-7.05,12.4
103,2000,143,1510,-9.42,-7.02,12.44
103,2000,143,1520,-9.22,-6.884,12.45
103,2000,143,1530,-9.15,-7.04,12.45
103,2000,143,1540,-9.03,-7.02,12.41
103,2000,143,1550,-9.07,-7.08,12.39
103,2000,143,1600,-8.91,-7.05,12.38
103,2000,143,1610,-8.75,-7.04,12.38
103,2000,143,1620,-8.66,-7.04,12.4
103,2000,143,1630,-8.57,-6.94,12.4
103,2000,143,1640,-8.49,-6.978,12.39
103,2000,143,1650,-8.44,-7.02,12.38
103,2000,143,1700,-8.4,-7.01,12.37
103,2000,143,1710,-8.17,-7.02,12.37
103,2000,143,1720,-7.95,-7.08,12.37
103,2000,143,1730,-7.68,-7.21,12.37
103,2000,143,1740,-7.59,-7.15,12.37
103,2000,143,1750,-7.63,-7.02,12.36
103,2000,143,1800,-7.51,-6.911,12.37
103,2000,143,1810,-7.61,-6.931,12.37
103,2000,143,1820,-7.71,-6.907,12.37
103,2000,143,1830,-7.71,-6.934,12.37
103,2000,143,1840,-7.67,-6.923,12.37
103,2000,143,1850,-7.65,-6.922,12.37
103,2000,143,1900,-7.58,-6.853,12.37
103,2000,143,1910,-7.64,-6.832,12.37
103,2000,143,1920,-7.7,-6.831,12.36
103,2000,143,1930,-7.79,-6.844,12.36
103,2000,143,1940,-7.76,-6.844,12.35
103,2000,143,1950,-7.72,-6.839,12.35
103,2000,143,2000,-7.73,-6.839,12.35
103,2000,143,2010,-7.76,-6.833,12.35
103,2000,143,2020,-8.17,-6.934,12.34
103,2000,143,2030,-8.18,-7,12.34
103,2000,143,2040,-8.11,-6.879,12.33
103,2000,143,2050,-8.2,-6.989,12.32
103,2000,143,2100,-8.37,-7.18,12.31
103,2000,143,2110,-8.3,-7.22,12.31
103,2000,143,2120,-8.32,-7.19,12.31
103,2000,143,2130,-8.43,-7.21,12.31
103,2000,143,2140,-8.36,-7.13,12.31
103,2000,143,2150,-8.49,-7.18,12.3
103,2000,143,2200,-8.54,-7.22,12.3
103,2000,143,2210,-8.61,-7.22,12.3
103,2000,143,2220,-8.57,-7.26,12.29
103,2000,143,2230,-8.71,-7.34,12.29
103,2000,143,2240,-8.64,-7.35,12.29
103,2000,143,2250,-8.52,-7.43,12.29
103,2000,143,2300,-8.66,-7.48,12.28
103,2000,143,2310,-8.7,-7.53,12.28
103,2000,143,2320,-8.67,-7.53,12.28
103,2000,143,2330,-8.67,-7.6,12.28
103,2000,143,2340,-8.73,-7.64,12.27
103,2000,143,2350,-8.83,-7.73,12.27
103,2000,144,0,-8.9,-7.77,12.27
103,2000,144,10,-8.9,-7.83,12.27
103,2000,144,20,-8.98,-7.89,12.26
103,2000,144,30,-9.05,-8,12.26
103,2000,144,40,-9.14,-8.13,12.26
103,2000,144,50,-9.24,-8.22,12.26
103,2000,144,100,-9.36,-8.36,12.26
103,2000,144,110,-9.5,-8.51,12.25
103,2000,144,120,-9.62,-8.65,12.25
103,2000,144,130,-9.81,-8.82,12.25
103,2000,144,140,-10.11,-9.09,12.25
103,2000,144,150,-10.48,-9.51,12.25
103,2000,144,200,-10.51,-9.54,12.24
103,2000,144,210,-10.42,-9.46,12.24
103,2000,144,220,-10.3,-9.35,12.24
103,2000,144,230,-10.48,-9.54,12.24
103,2000,144,240,-10.79,-9.89,12.23
103,2000,144,250,-10.95,-10.07,12.23
103,2000,144,300,-11.4,-10.46,12.23
103,2000,144,310,-11.95,-11.05,12.23
103,2000,144,320,-12.18,-11.34,12.22
103,2000,144,330,-12.1,-11.2,12.22
103,2000,144,340,-12.23,-11.26,12.22
103,2000,144,350,-12.05,-11.11,12.22
103,2000,144,400,-10.19,-10.71,12.21
103,2000,144,410,-8.04,-10.17,12.21
103,2000,144,420,-11.48,-10.03,12.21
103,2000,144,430,-11.14,-10.07,12.21
103,2000,144,440,-11.36,-10.32,12.21
103,2000,144,450,-11.76,-10.75,12.2
103,2000,144,500,-12.24,-11.26,12.2
103,2000,144,510,-12.65,-11.71,12.2
103,2000,144,520,-13.33,-12.44,12.2
103,2000,144,530,-13.43,-12.61,12.19
103,2000,144,540,-13.7,-12.86,12.19
103,2000,144,550,-13.79,-12.91,12.19
103,2000,144,600,-13.8,-12.79,12.19
103,2000,144,610,-13.8,-12.76,12.19
103,2000,144,620,-13.67,-12.53,12.18
103,2000,144,630,-13.82,-12.57,12.18
103,2000,144,640,-13.89,-12.75,12.18
103,2000,144,650,-13.82,-12.52,12.18
103,2000,144,700,-13.55,-12.31,12.17
103,2000,144,710,-12.72,-11.62,12.17
103,2000,144,720,-12.1,-10.91,12.17
103,2000,144,730,-11.93,-10.69,12.17
103,2000,144,740,-12.13,-10.85,12.17
103,2000,144,750,-12.55,-11.28,12.16
103,2000,144,800,-12.72,-11.58,12.16
103,2000,144,810,-13.37,-12.19,12.16
103,2000,144,820,-13.36,-12.3,12.16
103,2000,144,830,-13.23,-12.26,12.16
103,2000,144,840,-12.91,-11.89,12.15
103,2000,144,850,-13.02,-11.98,12.15
103,2000,144,900,-13.47,-12.47,12.15
103,2000,144,910,-12.77,-11.74,12.15
103,2000,144,920,-11.95,-10.75,12.15
103,2000,144,930,-11.66,-10.32,12.15
103,2000,144,940,-11.4,-10.05,12.15
103,2000,144,950,-11.49,-9.98,12.15
103,2000,144,1000,-11.52,-9.96,12.15
103,2000,144,1010,-11.43,-9.94,12.15
103,2000,144,1020,-11.17,-9.55,12.15
103,2000,144,1030,-11.19,-9.53,12.15
103,2000,144,1040,-11.21,-9.53,12.14
103,2000,144,1050,-11.26,-9.53,12.14
103,2000,144,1100,-11.3,-9.53,12.14
103,2000,144,1110,-11.27,-9.53,12.14
103,2000,144,1120,-11.35,-9.46,12.14
103,2000,144,1130,-11.32,-9.45,12.14
103,2000,144,1140,-11.4,-9.39,12.14
103,2000,144,1150,-11.55,-9.41,12.14
103,2000,144,1200,-11.44,-9.36,12.15
103,2000,144,1210,-11.31,-9.27,12.15
103,2000,144,1220,-11.21,-9.22,12.15
103,2000,144,1230,-11.22,-9.25,12.15
103,2000,144,1240,-11.27,-9.41,12.15
103,2000,144,1250,-11.32,-9.43,12.15
103,2000,144,1300,-11.31,-9.45,12.15
103,2000,144,1310,-11.2,-9.45,12.16
103,2000,144,1320,-10.88,-9.36,12.16
103,2000,144,1330,-10.92,-9.38,12.16
103,2000,144,1340,-10.76,-9.43,12.17
103,2000,144,1350,-10.91,-9.44,12.18
103,2000,144,1400,-11.02,-9.52,12.17
103,2000,144,1410,-11.26,-9.56,12.17
103,2000,144,1420,-11.23,-9.54,12.17
103,2000,144,1430,-11.28,-9.54,12.17
103,2000,144,1440,-10.99,-9.47,12.17
103,2000,144,1450,-11.01,-9.41,12.2
103,2000,144,1500,-10.97,-9.37,12.2
103,2000,144,1510,-11.21,-9.48,12.2
103,2000,144,1520,-11.17,-9.48,12.19
103,2000,144,1530,-11.05,-9.49,12.19
103,2000,144,1540,-11.23,-9.57,12.19
103,2000,144,1550,-11.35,-9.62,12.21
103,2000,144,1600,-11.53,-9.73,12.19
103,2000,144,1610,-11.51,-9.83,12.18
103,2000,144,1620,-11.44,-9.74,12.17
103,2000,144,1630,-11.44,-9.66,12.18
103,2000,144,1640,-11.34,-9.57,12.18
103,2000,144,1650,-11.26,-9.5,12.17
103,2000,144,1700,-11.31,-9.47,12.18
103,2000,144,1710,-11.05,-9.38,12.17
103,2000,144,1720,-11.3,-9.49,12.17
103,2000,144,1730,-11.16,-9.41,12.18
103,2000,144,1740,-11.17,-9.28,12.21
103,2000,144,1750,-11.22,-9.39,12.2
103,2000,144,1800,-11.34,-9.57,12.18
103,2000,144,1810,-11.33,-9.7,12.16
103,2000,144,1820,-11.11,-9.61,12.16
103,2000,144,1830,-11.02,-9.55,12.15
103,2000,144,1840,-11.19,-9.72,12.16
103,2000,144,1850,-11.22,-9.56,12.15
103,2000,144,1900,-11.42,-9.79,12.14
103,2000,144,1910,-11.49,-9.98,12.14
103,2000,144,1920,-11.62,-10.1,12.13
103,2000,144,1930,-11.57,-10.07,12.14
103,2000,144,1940,-11.67,-10.19,12.14
103,2000,144,1950,-11.65,-10.18,12.14
103,2000,144,2000,-11.58,-10.08,12.14
103,2000,144,2010,-11.34,-10.05,12.13
103,2000,144,2020,-11.36,-10.18,12.12
103,2000,144,2030,-11.58,-10.29,12.12
103,2000,144,2040,-11.91,-10.42,12.12
103,2000,144,2050,-11.79,-10.61,12.11
103,2000,144,2100,-11.63,-10.62,12.11
103,2000,144,2110,-11.76,-10.54,12.11
103,2000,144,2120,-11.89,-10.62,12.1
103,2000,144,2130,-11.73,-10.56,12.1
103,2000,144,2140,-11.61,-10.51,12.1
103,2000,144,2150,-11.75,-10.58,12.09
103,2000,144,2200,-12.1,-10.84,12.09
103,2000,144,2210,-12.06,-10.99,12.09
103,2000,144,2220,-12.02,-10.9,12.08
103,2000,144,2230,-12.09,-11.04,12.08
103,2000,144,2240,-12.14,-11.13,12.08
103,2000,144,2250,-12.24,-11.4,12.08
103,2000,144,2300,-12.31,-11.54,12.07
103,2000,144,2310,-12.38,-11.63,12.07
103,2000,144,2320,-12.37,-11.63,12.07
103,2000,144,2330,-12.31,-11.63,12.07
103,2000,144,2340,-12.5,-11.78,12.06
103,2000,144,2350,-12.41,-11.71,12.06
103,2000,145,0,-12.41,-11.73,12.06
103,2000,145,10,-12.34,-11.69,12.06
103,2000,145,20,-12.74,-11.99,12.05
103,2000,145,30,-12.86,-12.19,12.05
103,2000,145,40,-13.22,-12.39,12.05
103,2000,145,50,-13.43,-12.56,12.05
103,2000,145,100,-13.98,-13.15,12.04
103,2000,145,110,-13.74,-12.99,12.04
103,2000,145,120,-13.73,-12.89,12.04
103,2000,145,130,-14.28,-13.28,12.03
103,2000,145,140,-14.75,-13.75,12.03
103,2000,145,150,-14.98,-13.97,12.03
103,2000,145,200,-15.36,-14.3,12.03
103,2000,145,210,-15.53,-14.5,12.03
103,2000,145,220,-15.65,-14.66,12.02
103,2000,145,230,-15.59,-14.64,12.02
103,2000,145,240,-15.96,-14.92,12.02
103,2000,145,250,-16.56,-15.54,12.01
103,2000,145,300,-17.13,-16.26,12.01
103,2000,145,310,-16.93,-16.44,12.01
103,2000,145,320,-17.4,-16.8,12
103,2000,145,330,-17.65,-17.03,12
103,2000,145,340,-17.14,-16.46,12
103,2000,145,350,-17.24,-16.43,12
103,2000,145,400,-15.77,-16.27,11.99
103,2000,145,410,-12.54,-15.74,11.99
103,2000,145,420,-15.82,-15.07,11.99
103,2000,145,430,-16.11,-15.23,11.99
103,2000,145,440,-15.9,-15.08,11.99
103,2000,145,450,-15.83,-14.98,11.98
103,2000,145,500,-15.44,-14.6,11.98
103,2000,145,510,-15.29,-14.36,11.98
103,2000,145,520,-15.23,-14.23,11.98
103,2000,145,530,-15.01,-14.05,11.97
103,2000,145,540,-14.82,-13.84,11.97
103,2000,145,550,-14.85,-13.81,11.97
103,2000,145,600,-15,-13.95,11.96
103,2000,145,610,-15.33,-14.26,11.96
103,2000,145,620,-15.48,-14.54,11.96
103,2000,145,630,-15.2,-14.25,11.96
103,2000,145,640,-15.17,-14.16,11.95
103,2000,145,650,-15.21,-14.13,11.95
103,2000,145,700,-15.32,-14.16,11.95
103,2000,145,710,-15.76,-14.48,11.95
103,2000,145,720,-15.69,-14.57,11.94
103,2000,145,730,-15.03,-13.84,11.94
103,2000,145,740,-14.89,-13.66,11.94
103,2000,145,750,-14.36,-13.05,11.94
103,2000,145,800,-14.16,-12.79,11.94
103,2000,145,810,-14.12,-12.73,11.94
103,2000,145,820,-14.21,-12.83,11.93
103,2000,145,830,-14.14,-12.78,11.93
103,2000,145,840,-14.11,-12.63,11.93
103,2000,145,850,-14.08,-12.6,11.93
103,2000,145,900,-14.04,-12.53,11.93
103,2000,145,910,-14.02,-12.53,11.92
103,2000,145,920,-14.18,-12.62,11.92
103,2000,145,930,-14.1,-12.52,11.92
103,2000,145,940,-13.99,-12.39,11.92
103,2000,145,950,-13.88,-12.21,11.92
103,2000,145,1000,-13.81,-12.1,11.91
103,2000,145,1010,-13.65,-11.95,11.91
103,2000,145,1020,-13.65,-11.84,11.91
103,2000,145,1030,-13.66,-11.9,11.91
103,2000,145,1040,-13.62,-11.81,11.91
103,2000,145,1050,-13.57,-11.78,11.91
103,2000,145,1100,-13.37,-11.58,11.9
103,2000,145,1110,-13.17,-11.37,11.9
103,2000,145,1120,-12.92,-11.09,11.9
103,2000,145,1130,-12.77,-10.95,11.93
