  145.65  497.25  386.41   65.38  -10.28   -7.65  -12.76   66.84   65.68    4.36    4.48  183.00    3.48    3.87  -99.00  -99.00  -99.00     .78   -2.56    -.58     .06  263.38
  145.70  455.09  343.57   73.73  -11.38   -6.03  -12.93   67.38   66.58    4.36    4.48  175.00    3.55    3.94  -99.00  -99.00  -99.00     .75   -3.45    -.40     .06  271.73
  145.74  380.46  272.51   88.53   -8.05   -8.13  -13.78   68.80   68.94    4.36    4.48  169.00    3.55    4.01  -99.00  -99.00  -99.00     .72   -2.82     .07     .06  286.53
  145.78  311.44  234.09   -4.03   -7.83   -8.31  -15.49   70.40   69.20    4.36    4.48  165.10  -99.00    3.70  -99.00  -99.00  -99.00     .75   -3.59    -.60     .06  193.97
  145.82  171.87  171.87  -26.05  -99.00  -99.00  -10.71   43.17   41.93    2.21    2.39   95.20  -99.00  -99.00   -2.48    -.06  -99.00    1.00   44.15    -.62     .09  -23.51
  145.86  135.15  135.15  -37.98  -24.43  -18.24  -18.59   70.80   68.94    3.93    4.21  161.00    3.53    4.00  -99.00   97.52    -.24    1.00    -.18    -.93     .14  -36.49
  145.90   93.16   93.16 -115.19  -24.52  -19.52  -20.40   70.90   68.52    4.10    4.39  155.80    3.52    4.01  -99.00  -99.00    -.55    1.00    -.44   -1.19     .14   82.81
  145.95   83.13   65.28  -61.72  -24.60  -21.03  -21.34   70.20   68.51    4.80    5.10  160.10    3.53    4.00  -99.00   68.45    -.18     .79    -.15    -.84     .15  -31.17
  145.99   49.47   49.30  -47.19  -24.64  -22.33  -22.78   70.90   69.32    4.22    4.51  161.60    3.53    4.01  -99.00   86.21    -.29    1.00    -.23    -.79     .14  -34.40
  146.03   50.15   46.58  -43.92  -24.71  -23.15  -23.59   71.50   69.92    4.50    4.79  158.60    3.53    4.01  -99.00   79.62    -.28     .93    -.22    -.79     .14  -24.54
  146.07   56.10   56.10  -45.78  -24.77  -23.56  -23.53   71.80   70.30    5.14    5.45  153.20    3.52    4.00   -8.79    6.67     .02    1.00     .01    -.75     .16  -43.66
  146.11  100.81   79.05  -43.08  -24.77  -23.72  -23.38   71.10   69.67    5.40    5.70  153.40    3.52    4.00    -.02     .00     .20     .78     .17    -.72     .15  -43.06
  146.15  145.52  114.24  -34.50  -24.78  -23.43  -23.13   71.00   68.82    5.61    5.91  152.70    3.52    4.00    -.69     .01     .18     .79     .15   -1.09     .15  -33.83
  146.20  200.77  162.18  -25.72  -24.75  -22.94  -22.55   68.40   67.25    5.76    6.07  150.00    3.52    4.00    -.02     .00     .22     .81     .20    -.58     .15  -25.70
  146.24  268.09  221.68  -18.48  -24.73  -22.25  -21.71   66.21   65.25    5.97    6.25  150.40    3.52    4.00    -.02     .00     .36     .83     .27    -.48     .14  -18.46
  146.28  342.89  283.73  -11.19  -24.73  -21.16  -20.42   64.50   63.22    6.12    6.40  150.70    3.52    3.99    -.03     .00     .50     .83     .37    -.64     .14  -11.15
  146.32  418.54  346.46   -7.54  -24.68  -19.87  -19.00   62.94   60.77    6.18    6.42  155.60    3.52    3.99    -.03     .00     .78     .83     .44   -1.08     .12   -7.51
  146.36  488.07  405.96   -5.63  -24.64  -18.36  -17.22   61.11   58.98    5.91    6.13  156.40    3.52    3.99    -.04     .00    1.27     .83     .57   -1.07     .11   -5.59
  146.40  548.25  456.11   -3.96  -24.27  -16.65  -15.60   59.45   57.20    6.40    6.64  161.90    3.52    3.99    -.04     .00     .96     .83     .52   -1.13     .12   -3.92
  146.45  592.79  491.81   -5.53  -24.24  -15.38  -14.50   61.25   59.09    6.38    6.62  163.70    3.52    4.00    -.03     .00     .77     .83     .44   -1.08     .12   -5.50
  146.49  635.29  515.10   -3.43  -24.22  -99.00  -99.00  -99.00  -99.00  -99.00  -99.00  -99.00    2.87    3.27     .00     .00     .00     .81     .00     .00     .00   -3.43
  146.53  637.67  515.61    7.65  -24.23  -12.07  -12.09   60.71   58.60    7.22    7.43  154.20    3.50    3.97    5.35   27.21    -.02     .81    -.01   -1.06     .11  -24.90
  146.57  617.44  501.33    -.05  -24.38   -9.65   -9.66   51.19   49.50    5.18    5.41  128.70  -99.00  -99.00    2.65   25.65    -.01     .81    -.01    -.84     .12  -28.35
  146.61  558.11  456.96   16.87  -24.46  -99.00  -99.00  -99.00  -99.00  -99.00    5.20  125.00  -99.00  -99.00     .00     .00     .00     .82     .00     .00   52.10   16.87
  146.65  528.02  428.91    -.23  -24.46   -9.67   -9.67   50.70   49.07    4.70    4.90  122.60  -99.00  -99.00     .00   19.91     .00     .81     .00    -.82     .10  -20.14
  146.70  464.95  371.11   -5.31  -24.44  -11.84  -11.81   61.89   59.64    4.97    5.22  144.00    3.56    3.99   -6.09   19.96     .02     .80     .01   -1.13     .12  -19.17
  146.74  392.36  309.40  -12.66  -18.95  -12.65  -12.50   63.72   61.49    4.56    4.85  139.90    3.55    3.99  -12.55    5.41     .09     .79     .07   -1.11     .14   -5.52
  146.78  317.05  246.84  -19.58  -14.85  -13.68  -13.53   64.23   62.03    5.11    5.44  140.80    3.55    3.99  -20.36    7.84     .07     .78     .08   -1.10     .16   -7.07
  146.82  190.40  187.17  -25.16  -16.12  -14.99  -14.83   64.23   61.97    5.14    5.48  138.50    3.55    3.99  -24.83    8.04     .07     .98     .08   -1.13     .17   -8.38
  146.86  136.00  136.00  -24.59  -17.01  -15.96  -15.84   64.20   62.16    6.15    6.53  140.40    3.55    3.99  -30.20   11.88     .04    1.00     .06   -1.02     .19   -6.27
  146.90   94.69   94.69 -118.94  -18.37  -17.33  -17.20   64.33   62.32    6.10    6.47  137.30    3.55    3.99  -28.61    8.65     .05    1.00     .06   -1.01     .18  -98.98
  146.95   87.55   66.13  -61.25  -19.53  -18.46  -18.27   64.08   62.08    6.32    6.71  133.50    3.55    3.99  -33.45    4.70     .07     .76     .09   -1.00     .19  -32.50
  146.99   51.68   50.15  -48.35  -20.82  -20.02  -19.86   63.17   61.24    6.29    6.66  135.80    3.55    3.99  -30.67    4.89     .06     .97     .08    -.96     .18  -22.56
  147.03   52.36   47.94  -46.28  -21.57  -20.69  -20.64   63.63   61.73    6.84    7.24  132.20    3.55    4.00  -18.68   13.58     .02     .92     .03    -.95     .20  -41.18
  147.07   59.33   59.33  -51.77  -21.85  -21.03  -20.96   64.76   62.97    7.50    7.92  128.40    3.55    3.99  -26.12   11.34     .02    1.00     .04    -.90     .21  -36.99
  147.11  102.85   84.83  -49.47  -21.81  -21.02  -20.91   65.26   63.54    7.42    7.83  130.80    3.55    3.99  -34.00    7.42     .03     .82     .06    -.86     .20  -22.89
  147.15  147.39  123.25  -42.87  -21.75  -21.05  -20.93   66.13   63.79    7.67    8.08  134.00    3.55    3.98  -35.64   10.71     .04     .84     .06   -1.17     .20  -17.95
  147.20  203.32  174.25  -34.39  -21.20  -20.39  -20.48   65.66   64.36    7.26    7.63  137.70    3.55    3.98   61.43   28.08    -.03     .86    -.05    -.65     .18 -123.90
  147.24  270.64  234.09  -30.38  -20.53  -19.79  -19.91   65.90   64.72    7.52    7.91  135.10    3.55    3.98   89.31   33.08    -.04     .86    -.06    -.59     .19 -152.77
  147.28  345.78  298.01  -24.40  -19.54  -18.70  -18.81   66.09   64.65    7.01    7.36  131.20    3.56    3.98   75.24   36.95    -.05     .86    -.05    -.72     .17 -136.59
  147.32  420.92  361.93  -17.56  -18.18  -17.31  -17.25   66.09   63.89    7.67    8.04  135.00    3.55    3.99  -19.04   17.69     .02     .86     .03   -1.10     .18  -16.22
  147.36  491.30  420.41  -12.20  -16.93  -15.96  -15.98   65.88   63.64    7.61    7.96  138.30    3.52    3.99    8.24   32.15    -.01     .86    -.01   -1.12     .17  -52.59
  147.40  551.31  468.52   -7.42  -15.63  -14.54  -14.54   65.68   63.56    7.60    7.98  137.90    3.55    3.98     .00   32.88     .00     .85     .00   -1.06     .19  -40.30
  147.45  596.19  504.05   -1.83  -15.86  -13.49  -13.47   65.68   63.49    7.05    7.36  142.80    3.54    3.98   -6.01   25.58     .01     .85     .01   -1.09     .15  -21.40
  147.49  626.45  524.62    1.45  -16.43  -12.38  -12.37   65.15   62.93    6.85    7.17  141.00    3.55    3.99   -3.27   31.58     .01     .84     .01   -1.11     .16  -26.86
  147.53  642.26  524.28   11.86  -17.39  -11.53  -11.52   64.31   62.13    7.06    7.38  145.00    3.51    4.00   -3.28   33.33     .00     .82     .00   -1.09     .16  -18.20
  147.57  626.45  510.68    8.84  -17.61  -11.06  -11.12   63.82   61.56    6.93    7.26  139.30    3.51    4.00   26.11   55.14    -.03     .82    -.03   -1.13     .17  -72.41
  147.61  581.91  480.59    2.43  -17.69  -10.81  -10.84   64.77   62.58    6.91    7.24  131.40    3.52    3.95   12.05   47.55    -.01     .83    -.01   -1.09     .17  -57.17
  147.65  532.10  438.43   -4.56  -17.77  -10.91  -10.93   64.80   62.44    6.81    7.12  134.90    3.51    3.95    7.21   44.54    -.01     .82    -.01   -1.18     .15  -56.31
  147.70  468.86  385.90  -14.85  -17.89  -11.18  -11.11   64.34   62.07    6.60    6.91  131.10    3.51    3.97  -15.27   20.62     .04     .82     .04   -1.13     .15  -20.19
  147.74  397.97  327.08  -25.26  -17.87  -11.69  -11.64   65.77   63.46    6.32    6.63  127.80    3.51    3.98  -12.45   24.15     .03     .82     .02   -1.15     .15  -36.96
  147.78  322.15  265.03  -35.10  -18.00  -12.51  -12.41   65.58   63.30    6.64    6.98  128.60    3.54    3.98  -21.76   16.98     .04     .82     .05   -1.14     .17  -30.32
  147.82  203.83  203.83  -43.19  -18.15  -13.80  -13.67   66.85   64.54    6.72    7.06  122.70    3.55    3.98  -23.47   11.65     .06    1.00     .07   -1.15     .17  -31.37
  147.86  149.60  149.60  -39.32  -18.31  -14.98  -14.85   66.90   64.66    6.80    7.16  126.10    3.56    3.98  -28.00   12.00     .05    1.00     .06   -1.12     .18  -23.31
  147.90  105.57  105.57 -130.98  -18.50  -15.68  -15.59   65.87   63.79    7.15    7.56  134.00    3.56    3.98  -29.67   17.99     .03    1.00     .05   -1.04     .20 -119.30
  147.95   83.47   68.85  -73.58  -18.47  -17.28  -17.18   67.15   65.13    6.51    6.88  135.70    3.56    3.99  -26.33   11.53     .04     .82     .05   -1.01     .18  -58.78
  147.99   54.40   54.40  -59.81  -18.74  -18.58  -18.46   67.48   65.48    6.86    7.25  133.50    3.56    3.99  -31.57    9.32     .04    1.00     .06   -1.00     .19  -37.56
  148.03   47.94   47.94  -55.91  -18.94  -19.59  -19.51   67.27   65.41    7.08    7.48  136.30    3.56    3.99  -26.56   11.46     .03    1.00     .04    -.93     .20  -40.81
  148.07   51.00   51.00  -58.48  -19.07  -20.54  -20.48   67.30   65.57    6.76    7.14  135.60    3.55    3.99  -20.15   10.53     .02    1.00     .03    -.87     .19  -48.85
  148.11   87.38   75.48  -51.70  -19.23  -21.40  -21.34   67.57   65.84    6.77    7.11  132.80    3.51    3.99  -16.73    8.08     .03     .86     .03    -.87     .17  -43.06
  148.15  146.88  125.80  -47.20  -19.42  -21.86  -21.74   67.68   65.34    7.14    7.49  131.80    3.55    3.99  -25.21    6.97     .05     .86     .06   -1.17     .17  -28.96
  148.20  204.17  177.14  -37.41  -19.62  -21.44  -21.51   67.48   66.07    7.27    7.64  134.20    3.55    3.99   35.33   19.09    -.03     .87    -.03    -.71     .18  -91.82
  148.24  270.98  235.28  -31.84  -19.82  -20.72  -20.80   67.35   66.16    7.80    8.19  129.90    3.54    3.98   42.62   19.50    -.03     .87    -.04    -.59     .19  -93.96
  148.28  346.12  297.67  -24.15  -19.82  -19.76  -19.83   67.41   65.98    7.41    7.78  139.50    3.57    3.99   35.05   22.08    -.03     .86    -.03    -.72     .19  -81.28
  148.32  421.43  359.04  -15.14  -19.92  -18.77  -18.77   67.82   65.68    8.14    8.53  135.50    3.57    3.98     .00   24.29     .00     .85     .00   -1.07     .19  -39.44
  148.36  491.81  416.16   -9.66  -19.85  -17.53  -17.53   67.76   65.76    7.72    8.06  140.90    3.56    3.98     .00   21.88     .00     .85     .00   -1.00     .17  -31.54
  148.40  553.01  465.97   -4.25  -19.73  -16.22  -16.28   67.81   65.77    7.49    7.82  143.10    3.49    3.99   26.72   34.34    -.03     .84    -.03   -1.02     .17  -65.32
  148.45  597.38  501.67    -.47  -19.70  -14.91  -14.97   67.12   65.05    7.75    8.12  153.10    3.52    3.99   28.74   41.57    -.02     .84    -.03   -1.03     .18  -70.78
  148.49  627.81  520.37    3.82  -17.90  -14.03  -14.09   67.72   65.75    7.66    8.01  153.60    3.56  -99.00   27.52   41.04    -.03     .83    -.03    -.99     .18  -64.74
  148.53  642.43  525.47   10.41  -16.39  -13.30  -13.42   68.12   66.47    7.81    8.19  155.10    3.56    4.00   85.45   67.72    -.04     .82    -.06    -.83     .19 -142.77
  148.57  624.07  512.21    4.81  -16.14  -12.70  -12.88   67.54   65.99    7.64    8.02  160.50    3.56    4.00  141.07   85.30    -.06     .82    -.09    -.78     .19 -221.56
  148.61  580.38  484.33   -4.45  -15.88  -12.33  -12.48   67.40   65.81    7.48    7.83  162.70    3.56    4.00  107.61   76.48    -.06     .83    -.07    -.80     .17 -188.54
  148.65  528.70  441.49  -13.50  -15.64  -12.13  -12.25   67.54   66.09    6.48    6.78  167.00    3.55    4.00   75.49   59.71    -.07     .84    -.06    -.73     .15 -148.69
  148.70  465.63  384.20   18.60  -15.47  -12.23  -12.38   67.75   66.35    6.03    6.34  166.70    3.55    3.87  101.75   67.29    -.08     .83    -.08    -.70     .15 -150.45
  148.74  392.19  329.12  -27.40  -15.39  -12.78  -12.85   68.92   67.53    5.05    5.31  168.90    3.55    4.00   35.78   39.05    -.05     .84    -.04    -.69     .13 -102.23
  148.78  316.71  266.73  -35.76  -15.41  -13.92  -13.94   70.80   69.47    3.76    4.03  160.90    3.55    4.00    6.56   18.63    -.01     .84    -.01    -.67     .13  -60.95
  148.82  245.48  206.72  -41.03  -15.54  -15.54  -15.50   71.70   70.30    3.78    4.09  151.20    3.55    4.00  -10.95   10.98     .02     .84     .02    -.70     .16  -41.06
  148.86  168.64  151.47  -45.92  -15.87  -16.85  -16.79   71.40   69.84    4.53    4.84  148.10    3.55    3.99  -14.54    9.02     .03     .90     .03    -.78     .16  -40.40
  148.90  106.25  106.25  -51.87  -16.30  -18.29  -18.28   71.70   70.30    5.11    5.44  150.40    3.55    3.99   -3.53   12.90     .00    1.00     .01    -.70     .17  -61.24
  148.95   76.50   76.50  -92.47  -16.78  -19.88  -19.86   72.10   70.90    5.29    5.63  150.90    3.55    3.99   -6.92    8.88     .01    1.00     .01    -.60     .17  -94.43
  148.99   60.35   60.35  -75.20  -17.33  -20.98  -20.98   72.00   71.10    5.47    5.81  149.00    3.55    3.99     .00    7.51     .00    1.00     .00    -.45     .17  -82.72
  149.03   57.29   57.29  -52.27  -17.89  -22.23  -22.28   71.60   70.70    5.53    5.86  144.50    3.55    3.99   22.41   10.53    -.02    1.00    -.03    -.45     .17  -85.21
  149.07   69.70   63.92  -51.02  -18.46  -22.75  -22.78   71.80   70.70    5.93    6.26  144.20    3.55    3.99   12.33    9.82    -.02     .92    -.02    -.55     .16  -73.17
  149.11   93.16   79.39  -42.28  -18.91  -22.97  -22.99   72.50   71.40    6.19    6.52  152.70    3.55    3.99    8.05    8.99    -.01     .85    -.01    -.55     .16  -59.32
  149.15  107.10   93.50  -15.89  -19.33  -21.58  -21.65   75.60   74.20    6.60    6.91  145.30    3.55    3.99   41.13   22.37    -.04     .87    -.03    -.70     .15  -79.39
  149.20  136.00  118.66    8.46  -19.50  -19.04  -19.11   77.00   75.50    6.18    6.44  144.60    3.54    3.99   37.17   26.52    -.05     .87    -.03    -.75     .13  -55.22
  149.24  192.44  166.60    6.88  -19.30  -16.42  -16.50   76.70   75.10    5.75    5.97  149.70    3.55    3.99   40.31   33.77    -.08     .87    -.04    -.80     .11  -67.19
  149.28  306.85  260.44   -8.46  -18.88  -15.19  -15.30   74.70   73.20    5.59    5.81  153.40    3.55    3.99   61.41   42.68    -.11     .85    -.06    -.75     .11 -112.55
  149.32  384.20  324.02  -15.51  -18.36  -15.07  -15.17   72.20   70.40    6.10    6.37  152.00    3.55    3.99   57.88   49.16    -.07     .84    -.05    -.90     .13 -122.54
  149.36  496.57  416.16   -9.33  -17.88  -15.39  -15.46   71.00   69.26    6.58    6.85  147.10    3.55    3.99   37.03   39.33    -.05     .84    -.03    -.87     .13  -85.69
  149.65  506.26  422.11   -9.82  -15.20     .00     .00     .00     .00     .00     .00     .00  -99.00  -99.00     .00     .00     .00     .83     .00     .00     .00   -9.82
  149.70  467.33  391.34  -17.45  -15.14  -12.17  -12.28   67.94   66.18    6.20    6.51  145.50    3.54    3.98   69.34   65.97    -.06     .84    -.05    -.88     .15 -152.75
  149.82  221.00  183.60  -43.40  -15.78  -14.28  -14.26   62.45   60.83    5.72    6.05  125.38    3.37    3.79   -6.24   18.90     .01     .83     .01    -.81     .17  -56.06
  149.82  212.50  176.80  -44.42  -15.41  -15.38  -15.32   66.50   64.71    6.10    6.46  136.15    3.54    3.99  -18.24   15.50     .02     .83     .03    -.90     .18  -41.68
  149.83  202.30  168.30  -45.78  -15.48  -15.47  -15.45   65.95   64.21    5.99    6.41  137.20    3.54    4.00   -8.69   24.47     .01     .83     .01    -.87     .21  -61.56
  149.83  192.10  159.80  -47.48  -15.54  -15.74  -15.70   65.99   64.35    5.35    5.70  138.23    3.54    3.99  -12.83   15.44     .02     .83     .02    -.82     .17  -50.10
  149.84  183.60  151.30  -49.08  -15.61  -15.81  -15.75   65.28   63.48    5.83    6.21  138.16    3.54    3.99  -19.83   16.44     .02     .82     .03    -.90     .19  -45.68
  149.84  173.40  144.50  -50.67  -15.68  -16.02  -15.97   65.14   63.31    5.91    6.32  136.16    3.55    3.99  -19.13   19.75     .02     .83     .03    -.91     .21  -51.28
  149.86  136.00  136.00  -51.57  -15.74  -16.31  -16.22   64.92   63.06    5.59    5.98  136.47    3.55    3.99  -27.41   13.57     .03    1.00     .05    -.93     .19  -37.73
  149.87  129.20  129.20  -54.07  -15.89  -16.31  -16.22   64.29   62.41    6.15    6.55  134.50    3.55    3.99  -28.63   14.43     .03    1.00     .05    -.94     .20  -39.87
  149.87  122.40  122.40  -54.98  -15.96  -16.76  -16.68   64.91   63.15    6.04    6.39  131.33    3.54    3.99  -21.04   10.88     .03    1.00     .04    -.88     .17  -44.82
  149.88  115.60  115.60  -56.00  -16.02  -16.90  -16.83   64.69   62.89    6.07    6.45  134.08    3.54    4.00  -22.25   13.91     .03    1.00     .03    -.90     .19  -47.67
  149.88  129.20  108.80  -57.14  -16.09  -17.02  -16.93   64.24   62.43    6.01    6.41  132.76    3.54    3.98  -28.68   12.91     .03     .84     .05    -.90     .20  -41.37
  149.88  102.00  102.00  -58.16  -16.16  -17.17  -17.10   64.33   62.59    6.01    6.41  132.05    3.54    3.99  -24.12   14.14     .02    1.00     .03    -.87     .20  -48.19
  149.90   96.90   96.90  -58.84  -16.23  -17.38  -17.32   64.36   62.67    6.15    6.50  130.80    3.54    3.99  -17.53   11.79     .03    1.00     .03    -.85     .17  -53.11
  149.91   91.80   91.80  -58.84  -16.29  -17.71  -17.66   64.97   63.27    5.96    6.37  133.24    3.55    3.99  -19.23   15.76     .02    1.00     .02    -.85     .20  -55.37
  149.91   86.70   86.70  -75.66  -16.37  -17.76  -17.72   64.19   62.52    6.14    6.52  133.34    3.56    3.99  -14.43   14.99     .01    1.00     .02    -.84     .19  -76.22
  149.92   83.30   83.30 -125.87  -16.46  -17.56  -17.52   62.90   61.17    6.53    6.90  134.70    3.55    3.99  -13.92   15.36     .02    1.00     .02    -.87     .18 -127.31
  149.92   93.50   79.90  -81.45  -16.54  -17.68  -17.63   62.36   60.54    7.04    7.46  134.15    3.55    3.99  -19.86   17.81     .01     .85     .03    -.91     .21  -79.41
  149.93   88.40   76.50 -106.33  -16.61  -18.07  -18.07   62.62   60.94    6.83    7.26  133.43    3.54    3.99     .00   22.26     .00     .87     .00    -.84     .22 -128.59
  149.95   83.30   73.10 -120.87  -16.68  -18.36  -18.33   62.42   60.81    6.44    6.80  132.72    3.55    3.98  -10.54   13.85     .01     .88     .02    -.80     .18 -124.18
  149.95   79.90   68.00 -122.69  -16.77  -18.51  -18.49   62.31   60.76    6.21    6.58  129.94    3.55    3.99   -7.58   14.68     .01     .85     .01    -.78     .18 -129.78
  149.95   76.50   66.30 -103.72  -16.85  -18.70  -18.67   62.22   60.64    6.34    6.72  130.32    3.55    3.99  -11.30   14.12     .01     .87     .02    -.79     .19 -106.53
  149.96   73.10   62.90  -73.27  -16.93  -18.86  -18.87   62.37   60.83    6.72    7.09  131.35    3.55    3.99    4.25   17.59     .00     .86    -.01    -.77     .19  -95.11
  149.96   68.00   62.90  -58.84  -17.01  -19.04  -19.05   62.56   61.03    6.65    7.05  133.90    3.55    3.99    4.59   18.54     .00     .93     .00    -.77     .20  -81.97
  149.97   61.20   61.20  -97.58  -17.09  -19.26  -19.28   62.93   61.41    7.07    7.50  133.75    3.56    3.99   10.07   20.51    -.01    1.00    -.01    -.76     .21 -128.16
  149.99   59.50   59.50  -83.50  -17.17  -19.35  -19.36   62.10   60.64    6.71    7.07  131.14    3.55    3.99    4.16   15.65     .00    1.00    -.01    -.73     .18 -103.30
  149.99   59.50   59.50  -50.10  -17.25  -19.56  -19.57   62.11   60.60    6.74    7.16  131.34    3.54    3.99    4.81   18.37     .00    1.00    -.01    -.76     .21  -73.28
  150.00   66.30   59.50  -55.44  -17.32  -19.62  -19.64   61.87   60.26    7.27    7.64  129.92    3.54    3.98    8.81   18.36    -.01     .90    -.01    -.81     .18  -82.61
  150.00   66.30   59.50  -57.71  -17.41  -19.73  -19.75   61.92   60.34    7.24    7.67  130.06    3.54    3.99   10.08   20.45    -.01     .90    -.01    -.79     .22  -88.24
  150.00   68.00   59.50  -59.07  -17.48  -19.76  -19.78   61.58   59.99    7.11    7.50  129.28    3.54    3.99    9.24   18.79    -.01     .88    -.01    -.80     .19  -87.10
  150.01   69.70   61.20  -59.64  -17.56  -19.91  -19.93   61.21   59.76    6.63    7.02  127.82    3.54    3.99    9.23   17.02    -.01     .88    -.01    -.73     .19  -85.89
  150.03   71.40   62.90  -59.87  -17.65  -19.77  -19.76   60.13   58.46    6.73    7.13  129.85    3.54    3.99   -4.32   16.79     .00     .88     .01    -.84     .20  -72.34
  150.03   74.80   64.60  -87.02  -17.73  -19.83  -19.83   59.99   58.29    6.95    7.35  129.25    3.54    3.99     .00   18.15     .00     .86     .00    -.85     .20 -105.17
  150.04   76.50   66.30  -74.86  -17.80  -19.91  -19.89   59.77   58.05    6.91    7.33  129.86    3.54    3.99   -8.82   16.94     .01     .87     .01    -.86     .21  -82.99
  150.04   79.90   69.70  -58.28  -17.87  -19.97  -19.97   59.29   57.66    6.74    7.13  128.52    3.54    3.99     .00   16.77     .00     .87     .00    -.82     .20  -75.05
  150.05   85.00   73.10  -58.28  -17.94  -19.97  -19.95   58.93   57.23    6.65    7.07  129.47    3.54    3.99   -8.82   16.66     .01     .86     .01    -.85     .21  -66.12
  150.05   76.50   76.50  -56.80  -18.00  -19.92  -19.90   58.16   56.40    7.12    7.51  129.02    3.54    3.99   -8.10   15.97     .01    1.00     .01    -.88     .20  -64.67
  150.07   79.90   79.90  -56.23  -18.07  -19.91  -19.90   57.87   56.03    7.44    7.83  128.80    3.54    3.99   -4.20   17.87     .00    1.00     .01    -.92     .19  -69.90
  150.07  100.30   83.30  -57.60  -18.12  -20.11  -20.12   58.89   57.16    7.38    7.76  129.41    3.55    3.99    4.39   18.20     .00     .83    -.01    -.86     .19  -80.18
  150.08  107.10   88.40  -56.80  -18.17  -20.40  -20.40   60.36   58.62    7.41    7.81  130.80    3.55    3.99     .00   17.72     .00     .83     .00    -.87     .20  -74.52
  150.08  113.90   93.50  -55.66  -18.22  -20.43  -20.44   61.40   59.79    7.50    7.84  128.08    3.55    3.99    3.97   14.93     .00     .82    -.01    -.81     .17  -74.56
  150.09  120.70   98.60  -54.64  -18.28  -20.53  -20.56   64.57   63.10    7.21    7.58  127.38    3.55    3.99   13.64   16.73    -.01     .82    -.01    -.74     .18  -85.01
  150.09  127.50  103.70  -53.73  -18.33  -20.42  -20.45   68.79   67.47    7.07    7.50  129.61    3.55    3.99   15.51   17.55    -.01     .81    -.02    -.66     .21  -86.79
  150.11  134.30  108.80  -52.60  -18.39  -20.12  -20.14   71.35   70.04    7.16    7.53  128.56    3.54    3.99    8.84   14.72    -.01     .81    -.01    -.65     .19  -76.15
  150.12  141.10  115.60  -52.03  -18.45  -19.87  -19.90   72.51   71.23    7.22    7.58  128.45    3.54    3.99   13.31   15.47    -.01     .82    -.01    -.64     .18  -80.82
  150.12  147.90  122.40  -51.12  -18.50  -19.83  -19.79   73.57   71.90    6.67    6.98  128.93    3.54    3.99  -10.89    9.26     .02     .83     .02    -.83     .15  -49.49
  150.13  156.40  129.20  -50.21  -18.54  -19.65  -19.56   74.40   72.46    7.00    7.38  130.98    3.54    4.00  -26.34    9.79     .03     .83     .05    -.97     .19  -33.66
  150.13  163.20  136.00  -49.08  -18.57  -19.47  -19.39   74.83   72.83    7.64    8.01  131.32    3.55    3.99  -23.37   10.79     .03     .83     .04   -1.00     .19  -36.50
  150.13  171.70  144.50  -47.48  -18.59  -19.53  -19.46   74.86   72.90    7.42    7.83  129.22    3.55    3.99  -25.18   13.42     .02     .84     .04    -.98     .20  -35.72
  150.15  181.90  151.30  -45.44  -18.61  -19.40  -19.38   74.62   72.97    7.64    8.05  130.92    3.55    3.99   -8.56   16.19     .01     .83     .01    -.83     .21  -53.07
  150.16  190.40  159.80  -44.08  -18.63  -19.23  -19.29   74.27   73.00    7.68    8.06  130.85    3.55    3.99   29.95   20.66    -.02     .84    -.03    -.63     .19  -94.69
  150.16  200.60  168.30  -42.49  -18.64  -19.02  -19.14   73.97   72.90    8.02    8.42  131.42    3.55    3.99   90.68   35.13    -.04     .84    -.06    -.53     .20 -168.30
  150.17  210.80  176.80  -41.12  -18.64  -18.87  -18.99   73.50   72.56    7.93    8.31  132.69    3.55    3.99   88.01   31.97    -.04     .84    -.06    -.47     .19 -161.10
  150.17  221.00  187.00  -39.53  -18.64  -18.75  -18.93   73.06   72.31    7.69    8.07  134.30    3.55    3.99  145.65   39.30    -.06     .85    -.09    -.38     .19 -224.48
  150.18  231.20  195.50  -38.51  -18.64  -18.64  -18.78   73.21   72.40    7.69    8.12  133.14    3.55    3.99  113.74   35.90    -.04     .85    -.07    -.40     .21 -188.15
  150.20  243.10  205.70  -37.60  -18.63  -18.46  -18.61   72.94   72.12    7.84    8.20  134.62    3.55    3.99  112.59   35.00    -.06     .85    -.08    -.41     .18 -185.19
  150.20  255.00  215.90  -36.47  -18.63  -18.22  -18.40   73.13   72.50    7.84    8.25  135.07    3.54    4.00  150.65   39.73    -.06     .85    -.09    -.31     .20 -226.85
  150.20  266.90  226.10  -35.67  -18.61  -17.96  -18.17   73.01   72.58    7.78    8.14  134.38    3.55    3.99  172.83   39.48    -.08     .85    -.11    -.22     .18 -247.99
  150.21  278.80  236.30  -34.42  -18.58  -17.70  -17.98   73.24   72.93    7.73    8.05  133.82    3.55    3.99  -99.00   50.25    -.14     .85    -.14    -.15     .16   14.33
  150.21  289.00  244.80  -33.74  -18.56  -17.42  -17.68   73.42   73.05    8.24    8.65  133.27    3.54    3.99  -99.00   52.92    -.08     .85    -.13    -.18     .20   12.34
  150.22  300.90  255.00  -33.28  -18.53  -17.15  -17.34   73.55   72.89    8.35    8.79  133.70    3.53    3.99  166.20   47.72    -.05     .85    -.10    -.33     .22 -247.20
  150.24  314.50  265.20  -32.26  -18.50  -16.91  -17.03   73.56   72.41    8.37    8.81  133.98    3.53    4.00   95.15   45.59    -.03     .84    -.06    -.57     .22 -173.00
  150.24  328.10  277.10  -31.01  -18.46  -16.69  -16.78   73.49   71.97    8.52    8.92  134.08    3.55    3.99   49.00   35.03    -.03     .84    -.05    -.76     .20 -115.04
  150.25  340.00  287.30  -29.54  -18.41  -16.63  -16.69   73.52   71.76    8.50    8.92  134.76    3.54    3.99   31.88   35.33    -.02     .85    -.03    -.88     .21  -96.75
  150.25  351.90  297.50  -27.95  -18.36  -16.42  -16.48   73.61   71.81    8.44    8.88  135.97    3.54    3.99   33.01   37.93    -.02     .85    -.03    -.90     .22  -98.88
  150.25  365.50  307.70  -26.24  -18.31  -16.11  -16.14   73.72   71.93    8.42    8.87  135.29    3.55    3.99   15.83   34.08    -.01     .84    -.01    -.90     .22  -76.15
  150.26  379.10  319.60  -24.65  -18.25  -15.92  -15.97   73.58   71.76    8.39    8.79  136.20    3.55    3.99   24.96   35.22    -.02     .84    -.03    -.91     .20  -84.83
  150.28  391.00  329.80  -22.95  -18.20  -15.61  -15.64   73.58   71.64    8.20    8.62  137.57    3.55    4.00   14.90   35.92    -.01     .84    -.02    -.97     .21  -73.77
  150.28  404.60  340.00  -21.24  -18.13  -15.43  -15.45   73.46   71.42    7.97    8.37  136.47    3.54    4.00    9.28   34.70    -.01     .84    -.01   -1.02     .20  -65.22
  150.29  418.20  351.90  -19.88  -18.07  -15.14  -15.14   73.63   71.50    8.04    8.41  137.89    3.55    3.99     .00   30.69     .00     .84     .00   -1.06     .18  -50.57
  150.29  430.10  362.10  -18.74  -18.00  -14.84  -14.84   73.72   71.56    8.47    8.92  138.75    3.55    3.99     .00   38.75     .00     .84     .00   -1.08     .22  -57.50
  150.30  440.30  368.90  -17.95  -17.93  -14.66  -14.70   73.64   71.60    8.11    8.47  137.83    3.55    3.99   17.87   37.54    -.02     .84    -.02   -1.02     .18  -73.36
  150.30  452.20  380.80  -16.81  -17.85  -14.42  -14.48   73.42   71.41    8.19    8.59  137.37    3.55    4.00   30.45   45.14    -.02     .84    -.03   -1.00     .20  -92.40
  150.32  465.80  391.00  -15.11  -17.77  -14.07  -14.12   73.57   71.60    8.01    8.44  139.97    3.55    4.00   26.23   46.04    -.01     .84    -.03    -.99     .21  -87.38
  150.32  477.70  401.20  -14.43  -17.69  -13.88  -13.93   73.28   71.39    7.78    8.17  138.82    3.55    3.99   24.27   41.72    -.02     .84    -.03    -.94     .19  -80.43
  150.33  489.60  409.70  -13.97  -17.60  -13.57  -13.65   72.35   70.40    8.20    8.59  143.21    3.55    3.99   41.41   50.35    -.03     .84    -.04    -.97     .20 -105.74
  150.33  501.50  419.90  -13.75  -17.51  -13.52  -13.62   71.89   70.00    8.21    8.61  142.64    3.55    3.99   71.12   70.90    -.03     .84    -.05    -.94     .20 -155.76
  150.34  511.70  430.10  -13.29  -17.42  -13.36  -13.44   71.20   69.28    8.03    8.36  142.38    3.55    3.99   48.37   58.88    -.04     .84    -.04    -.96     .16 -120.54
  150.34  523.60  438.60  -12.16  -17.33  -13.15  -13.21   70.49   68.56    7.78    8.12  145.22    3.55    4.00   26.96   42.53    -.03     .84    -.03    -.97     .17  -81.64
  150.36  532.10  447.10  -10.91  -17.24  -12.83  -12.91   69.83   67.86    8.27    8.69  145.40    3.55    4.00   43.46   56.12    -.02     .84    -.04    -.99     .21 -110.49
  150.37  542.30  453.90   -9.77  -17.14  -12.66  -12.77   69.87   67.92    7.79    8.14  147.76    3.55    4.00   73.40   74.05    -.05     .84    -.06    -.98     .18 -157.22
  150.37  552.50  462.40   -9.09  -17.04  -12.38  -12.48   68.85   66.85    7.95    8.32  147.21    3.54    3.99   67.42   76.10    -.04     .84    -.05   -1.00     .18 -152.61
  150.38  561.00  469.20   -7.72  -16.94  -12.14  -12.22   67.80   65.84    7.71    8.06  147.33    3.55    3.99   49.87   67.37    -.03     .84    -.04    -.98     .18 -124.96
  150.38  569.50  476.00   -6.82  -16.84  -11.89  -12.00   68.23   66.26    7.31    7.62  147.40    3.55    3.99   68.64   73.75    -.06     .84    -.05    -.99     .15 -149.21
  150.38  578.00  482.80   -5.91  -16.73  -11.62  -11.71   67.93   65.99    8.34    8.70  152.18    3.55    4.00   58.22   73.90    -.04     .84    -.05    -.97     .18 -138.02
  150.40  584.80  489.60   -4.77  -16.62  -11.43  -11.52   68.94   66.97    7.78    8.16  152.13    3.55    4.00   60.17   78.71    -.03     .84    -.05    -.99     .19 -143.65
  150.41  591.60  496.40   -3.86  -16.52  -11.24  -11.33   69.26   67.30    8.30    8.74  153.82    3.55    4.00   51.04   67.54    -.02     .84    -.05    -.98     .22 -122.45
  150.41  600.10  501.50   -2.84  -16.42  -10.98  -11.10   69.18   67.21    8.65    9.08  154.00    3.54    3.99   91.30   98.88    -.03     .84    -.06    -.99     .22 -193.02
  150.42  605.20  508.30   -1.59  -16.34  -10.86  -10.96   69.51   67.57    8.31    8.69  153.28    3.54    3.99   68.03   84.68    -.03     .84    -.05    -.97     .19 -154.30
  150.42  612.00  513.40    -.23  -16.24  -10.59  -10.63   69.37   67.17    8.18    8.60  157.18    3.55    3.99   19.88   61.60    -.01     .84    -.02   -1.10     .21  -81.71
  150.43  617.10  518.50     .36  -16.15  -10.27  -10.38   68.70   66.60    7.86    8.25  158.68    3.55    4.00   77.27   99.09    -.04     .84    -.05   -1.05     .19 -176.00
  150.45  622.20  521.90    1.27  -16.06   -9.90  -10.01   67.39   65.33    8.00    8.36  159.63    3.54    4.00   73.61   95.29    -.04     .84    -.06   -1.03     .18 -167.63
  150.45  627.30  525.30    1.54  -15.96   -9.74   -9.85   67.46   65.48    8.07    8.49  162.80    3.55    4.00   80.72  102.62    -.03     .84    -.06    -.99     .21 -181.80
  150.45  632.40  528.70    2.00  -15.86   -9.63   -9.71   68.77   66.89    8.03    8.47  163.48    3.55    4.00   44.29   70.60    -.02     .84    -.04    -.94     .22 -112.89
  150.46  635.80  530.40    2.72  -15.76   -9.49   -9.59   69.15   67.33    8.23    8.71  161.69    3.54    3.99   60.80   79.99    -.02     .83    -.05    -.91     .24 -138.07
  150.46  639.20  532.10    4.18  -15.66   -9.33   -9.43   69.51   67.81    8.42    8.79  162.70    3.54    3.99   66.48   84.16    -.04     .83    -.05    -.85     .18 -146.47
  150.47  644.30  535.50    4.45  -15.56   -9.20   -9.36   70.56   68.91    8.04    8.44  162.32    3.55    3.99  123.06  110.72    -.05     .83    -.08    -.82     .20 -229.33
  150.49  651.10  535.50    4.54  -15.48   -9.03   -9.12   70.56   69.00    8.11    8.52  163.53    3.55    4.00   48.15   63.58    -.03     .82    -.05    -.78     .21 -107.19
  150.49  654.50  535.50    4.90  -15.38   -8.85   -8.98   71.03   69.52    8.34    8.73  160.21    3.55    4.00   93.93   94.27    -.04     .82    -.06    -.76     .19 -183.29
  150.50  654.50  533.80    8.17  -15.28   -8.71   -8.87   71.62   70.22    7.95    8.51  154.97    3.55    4.00  115.90   98.11    -.03     .82    -.08    -.70     .28 -205.84
  150.50  654.50  528.70   16.53  -15.21   -8.63   -8.76   71.72   70.28    7.71    8.55  151.74    3.55    4.00  126.21  125.15    -.01     .81    -.07    -.72     .42 -234.83
  150.50  652.80  515.10   27.06  -15.13   -8.23   -8.65   69.71   69.54    7.86    8.25  156.45    3.54    4.00  -99.00  150.96    -.14     .79    -.21    -.08     .19  -24.90
  150.51  651.10  513.40   27.78  -15.03   -8.27   -8.59   69.72   69.14    7.68    8.04  152.77    3.54    4.00  -99.00  126.52    -.12     .79    -.16    -.29     .18     .27
  150.53  649.40  511.70   26.79  -14.94   -8.16   -8.51   68.70   68.34    7.17    7.51  156.23    3.54    4.00  -99.00  124.67    -.15     .79    -.18    -.18     .17    1.12
  150.53  646.00  508.30   25.79  -14.85   -8.08   -8.46   67.92   67.64    7.51    7.87  158.41    3.54    4.00  -99.00  134.46    -.15     .79    -.19    -.14     .18   -9.67
  150.54  644.30  504.90   22.34  -14.77   -8.02   -8.43   67.04   66.86    7.37    7.70  157.45    3.54    4.00  -99.00  137.64    -.19     .78    -.20    -.09     .16  -16.31
  150.54  640.90  503.20   18.52  -14.69   -8.10   -8.44   67.10   66.74    7.77    8.11  155.00    3.54    4.00  -99.00  118.55    -.15     .79    -.17    -.18     .17   -1.03
  150.55  634.10  499.80   15.89  -14.61   -8.09   -8.47   67.08   66.61    8.39    8.84  158.35    3.54    4.00  -99.00  154.64    -.09     .79    -.19    -.24     .22  -39.75
  150.55  622.20  496.40   14.35  -14.53   -8.14   -8.46   66.86   66.22    8.85    9.27  157.32    3.54    4.00  -99.00  133.85    -.09     .80    -.16    -.32     .21  -20.51
  150.57  612.00  491.30   13.35  -14.47   -8.12   -8.43   67.07   66.49    8.55    8.94  157.58    3.54    4.00  -99.00  123.23    -.10     .80    -.16    -.29     .19  -10.88
  150.57  605.20  486.20   12.80  -14.40   -8.05   -8.40   66.44   66.00    8.38    8.76  156.81    3.54    4.00  -99.00  130.71    -.12     .80    -.17    -.22     .19  -18.91
  150.58  598.40  481.10   11.62  -14.33   -8.06   -8.43   66.60   66.12    8.53    8.88  155.68    3.54    4.00  -99.00  138.50    -.15     .80    -.18    -.24     .18  -27.88
  150.58  591.60  476.00   11.08  -14.27   -8.06   -8.37   66.63   66.00    8.38    8.80  155.10    3.54    4.00  -99.00  129.41    -.09     .80    -.15    -.31     .21  -19.34
  150.59  583.10  470.90   11.17  -14.21   -7.90   -8.23   65.37   65.12    7.51    7.85  157.35    3.54    3.99  -99.00  107.43    -.14     .81    -.16    -.13     .17    2.74
  150.59  576.30  464.10    9.99  -14.15   -7.88   -8.23   65.92   65.66    7.38    7.72  155.88    3.54    3.99  -99.00  117.03    -.15     .81    -.17    -.13     .17   -8.04
  150.61  567.80  457.30    8.72  -14.08   -7.98   -8.29   67.39   66.93    8.02    8.42  153.52    3.54    3.99  -99.00  119.17    -.10     .81    -.15    -.23     .20  -11.45
  150.62  559.30  450.50    7.54  -14.02   -7.97   -8.23   67.97   67.37    7.85    8.20  151.61    3.54    4.00  -99.00  101.90    -.11     .81    -.13    -.30     .17    4.64
  150.62  550.80  443.70    6.72  -13.97   -7.90   -8.20   68.34   67.83    8.00    8.37  154.28    3.54    3.99  -99.00  116.46    -.11     .81    -.15    -.25     .18  -10.74
  150.63  540.60  435.20    5.08  -13.90   -7.90   -8.13   68.28   67.84    8.28    8.67  156.13    3.54    3.99  191.20   86.61    -.08     .81    -.12    -.22     .20 -272.72
  150.63  530.40  428.40    4.09  -13.86   -7.77   -8.10   68.38   68.30    7.96    8.31  159.93    3.54    4.00  -99.00  104.10    -.13     .81    -.17    -.04     .18   -1.02
  150.63  520.20  421.60    2.00  -13.80   -7.84   -8.16   68.48   68.28    8.63    9.03  159.72    3.54    3.99  -99.00  111.10    -.10     .81    -.16    -.10     .20  -10.10
  150.65  510.00  413.10     .00  -13.74   -7.98   -8.26   68.38   67.97    9.09    9.56  161.22    3.54    4.00  -99.00  112.82    -.06     .81    -.14    -.20     .24  -13.82
  150.66  499.80  404.60   -1.70  -13.69   -8.04   -8.34   68.20   67.69    9.26    9.75  162.37    3.54    4.00  -99.00  128.99    -.06     .81    -.15    -.25     .24  -31.69
  150.66  487.90  396.10   -3.98  -13.65   -8.10   -8.42   68.11   67.71    8.66    9.10  160.14    3.54    4.00  -99.00  124.46    -.08     .81    -.16    -.20     .22  -29.43
  150.67  477.70  397.80  -14.77  -13.61   -8.43   -8.53   69.71   68.50    8.56    9.01  155.12    3.54    4.00   57.83   61.36    -.02     .83    -.05    -.60     .22 -133.95
  150.67  465.80  387.60  -16.81  -13.57   -8.53   -8.62   69.13   67.82    8.48    8.94  158.04    3.54    4.00   52.08   62.40    -.02     .83    -.05    -.65     .23 -131.29
  150.68  453.90  377.40  -18.29  -13.54   -8.59   -8.67   68.73   67.39    8.42    8.85  155.50    3.54    4.00   43.39   57.39    -.02     .83    -.04    -.67     .22 -119.07
  150.70  442.00  367.20  -20.11  -13.50   -8.73   -8.78   68.35   66.89    8.73    9.16  157.21    3.54    4.00   25.65   52.53    -.01     .83    -.03    -.73     .22  -98.29
  150.70  430.10  357.00  -20.79  -13.48   -8.80   -8.90   68.68   67.28    8.05    8.44  157.23    3.54    4.00   68.52   77.99    -.03     .83    -.05    -.70     .19 -167.30
  150.70  416.50  346.80  -22.15  -13.46   -8.92   -8.97   70.07   68.68    7.97    8.42  157.08    3.55    4.00   26.64   51.79    -.01     .83    -.03    -.69     .23 -100.58
  150.71  404.60  336.60  -23.63  -13.45   -8.89   -8.95   71.45   70.17    7.74    8.10  158.03    3.55    4.00   27.55   43.38    -.02     .83    -.03    -.64     .18  -94.56
  150.71  392.70  326.40  -25.11  -13.44   -8.89   -8.96   73.01   71.74    7.50    7.89  156.24    3.54    4.00   34.78   48.51    -.02     .83    -.03    -.64     .19 -108.39
  150.72  379.10  316.20  -26.58  -13.43   -8.97   -9.02   73.86   72.61    7.38    7.75  155.38    3.55    4.00   22.86   40.92    -.02     .83    -.03    -.63     .18  -90.36
  150.74  367.20  306.00  -28.40  -13.42   -9.01   -9.08   74.49   73.21    7.28    7.67  152.48    3.55    4.00   34.79   48.61    -.02     .83    -.03    -.64     .19 -111.81
  150.74  353.60  295.80  -30.10  -13.42   -9.10   -9.13   74.90   73.56    7.24    7.63  153.97    3.55    4.00   13.60   39.66    -.01     .84    -.01    -.67     .20  -83.36
  150.75  341.70  283.90  -31.92  -13.41   -9.09   -9.14   75.04   73.70    7.26    7.66  155.76    3.55    4.00   24.30   45.72    -.02     .83    -.03    -.67     .20 -101.94
  150.75  329.80  273.70  -33.51  -13.40   -9.07   -9.13   75.24   73.91    7.24    7.64  156.64    3.55    4.00   29.75   48.17    -.02     .83    -.03    -.66     .20 -111.44
  150.75  316.20  263.50  -34.76  -13.40   -9.13   -9.16   75.31   73.99    6.87    7.20  157.45    3.55    4.00   11.86   34.04    -.01     .83    -.01    -.66     .16  -80.67
  150.76  304.30  253.30  -36.12  -13.41   -9.20   -9.25   75.53   74.18    6.80    7.18  155.24    3.54    3.99   23.34   43.90    -.02     .83    -.03    -.67     .19 -103.37
  150.78  292.40  243.10  -38.40  -13.41   -9.29   -9.33   75.95   74.58    7.56    7.93  151.94    3.54    3.99   17.84   40.73    -.01     .83    -.02    -.68     .18  -96.97
  150.78  278.80  232.90  -39.08  -13.42   -9.33   -9.38   76.05   74.62    7.67    8.06  151.75    3.54    3.99   23.85   46.59    -.02     .84    -.03    -.72     .20 -109.51
  150.79  268.60  222.70  -40.10  -13.43   -9.46   -9.52   76.41   74.95    7.18    7.55  150.77    3.54    3.99   28.17   47.79    -.02     .83    -.03    -.73     .19 -116.05
  150.79  256.70  212.50  -41.12  -13.44   -9.62   -9.62   76.81   75.27    7.41    7.84  150.51    3.54    3.99     .00   39.44     .00     .83     .00    -.77     .22  -80.56
  150.80  244.80  202.30  -41.92  -13.45   -9.75   -9.76   76.90   75.29    7.37    7.73  148.31    3.54    4.00    4.00   36.66     .00     .83    -.01    -.81     .18  -82.58
  150.80  232.90  192.10  -42.15  -13.47   -9.91   -9.92   76.99   75.35    6.86    7.20  147.37    3.54    4.00    3.80   34.97     .00     .82    -.01    -.82     .17  -80.91
  150.82  222.70  183.60  -43.28  -13.48   -9.94   -9.91   77.29   75.59    7.97    8.38  147.89    3.54    4.00  -12.02   32.94     .01     .82     .01    -.85     .21  -64.21
  150.82  212.50  175.10  -43.96  -13.51   -9.80   -9.78   76.73   75.11    7.81    8.22  149.38    3.54    4.00   -8.27   33.96     .01     .82     .01    -.81     .21  -69.65
  150.83  202.30  164.90  -44.87  -13.53   -9.98   -9.97   76.98   75.29    7.41    7.81  150.92    3.54    4.00   -4.16   36.58     .00     .82     .00    -.85     .20  -77.29
  150.83  192.10  158.10  -44.99  -13.55  -10.15  -10.13   76.76   75.07    7.18    7.60  150.20    3.54    4.00   -8.51   35.56     .01     .82     .01    -.85     .21  -72.03
  150.84  183.60  149.60  -45.89  -13.57  -10.29  -10.28   76.61   74.94    7.16    7.57  149.44    3.55    4.00   -4.28   36.24     .00     .81     .01    -.83     .21  -77.85
  150.84  173.40  141.10  -47.14  -13.60  -10.44  -10.38   76.54   74.85    6.86    7.29  147.95    3.55    4.00  -23.27   26.86     .02     .81     .03    -.85     .21  -50.73
  150.86  134.30  134.30  -48.39  -13.64  -10.61  -10.55   76.41   74.80    6.21    6.59  148.33    3.55    3.99  -19.51   20.89     .02    1.00     .03    -.81     .19  -49.77
  150.87  127.50  127.50  -50.44  -13.67  -10.71  -10.70   76.43   74.80    6.46    6.83  145.70    3.54    3.99   -3.83   30.67     .00    1.00     .01    -.81     .18  -77.28
  150.87  120.70  120.70  -52.14  -13.70  -11.08  -11.06   76.75   75.14    6.47    6.84  144.48    3.54    3.99   -7.38   27.19     .01    1.00     .01    -.81     .19  -71.95
