  211.21    .000    .001   1.623
  212.00    .042    .277    .469
  212.03    .142   1.096   1.031
  212.06    .000    .004    .274
  212.09    .058    .314    .148
  212.12    .772   5.885    .400
  212.15    .693   4.969    .724
  212.18    .000    .000    .991
  212.21    .083    .908   1.260
  213.00   1.575   6.236    .498
  213.03    .858   2.274   -.655
  213.06    .485   2.909  -3.742
  213.09    .064    .783  -4.913
  213.12   5.347  12.560  -1.703
  213.15   3.952  14.090   1.060
  213.18  10.290  12.120   2.041
  213.21  13.200  15.480   2.872
  214.00  16.280  17.010   1.663
  214.03   8.540  16.260   1.031
  214.06   1.425  13.180    .931
  214.09    .626   3.115  -2.584
  214.12    .524   2.865   -.208
  214.15   2.168   8.660    .235
  214.18   4.791   5.869   -.256
  214.21   4.418   5.155   -.447
  215.00   3.676   6.129   -.881
  215.03   1.052   3.877  -1.373
  215.06   4.366   5.542  -2.102
  215.09   4.993   5.640  -1.921
  215.12   2.208   5.125   -.721
  215.15   1.813   8.130   -.314
  215.18   6.502   7.950    .293
  215.21   1.105   4.155    .293
  216.00    .106   1.528  -1.776
  216.03   1.001   4.654  -3.024
  216.06   2.361   5.711  -2.344
  216.09   4.630   5.909  -3.285
  216.12   4.657   5.361  -2.637
  216.15   4.507   5.871  -2.219
  216.18   2.824   5.578  -1.949
  216.21   1.535   2.389  -1.281
  217.00   1.260   2.173  -2.165
  217.03    .000    .003  -1.885
  217.06    .000    .000  -1.612
  217.09    .025    .276  -1.740
  217.12    .213    .503   -.180
  217.15    .356   1.130    .892
  217.18    .000    .001   -.542
  217.21    .000    .001   -.665
  218.00    .176   1.166  -2.048
  218.03    .212   2.005  -1.401
  218.06    .975   1.695  -2.165
  218.09   2.979   5.123  -4.277
  218.12   6.188   6.818  -4.251
  218.15   6.385   7.150  -2.875
  218.18    .118   1.030  -3.111
  218.21    .518   2.176  -1.557
  219.00    .460   3.243  -2.102
  219.03   1.915   8.300  -6.715
  219.06  14.140  16.210  -7.399
  219.09  14.620  16.530  -8.792
  219.12  15.200  16.560  -6.482
  219.15  13.840  16.240  -3.543
  219.18   1.264  11.230  -1.676
  219.21    .000    .001  -2.928
  220.00    .003    .047  -4.609
  220.03   7.600  10.650  -6.868
  220.06  10.600  11.190  -8.384
  220.09  12.340  13.080  -7.573
  220.12  11.850  12.700  -5.155
  220.15  10.900  12.160  -1.548
  220.18    .415   5.336  -1.272
  220.21    .000    .001   -.428
  221.00    .000    .001  -1.281
  221.03    .872   3.167   -.749
  221.06    .000    .000  -1.767
  221.09    .000    .000  -1.179
  221.12    .006    .042   -.589
  221.15    .010    .108  -2.255
  221.18    .002    .037  -2.165
  221.21    .003    .039  -1.921
  222.00    .028    .509  -1.428
  222.03   5.467   7.440  -2.928
  222.06   7.290   9.230  -2.281
  222.09  10.250  11.070  -2.460
  222.12  10.730  11.420   -.170
  222.15   1.606   7.990   -.627
  222.18    .000    .000  -1.095
  222.21    .010    .157  -1.160
  223.00    .668   5.672   -.304
  223.03    .930   5.567  -1.648
  223.06    .000    .000  -1.767
  223.09    .226   2.421  -4.080
  223.12    .000    .000  -5.347
  223.15    .000    .000  -6.224
  223.18   2.527   5.460  -4.529
  223.21   5.240   5.949  -6.997
  224.00   5.483   6.153  -9.774
  224.03   4.486   6.116 -12.188
  224.06   5.218   5.545 -12.709
  224.09   3.326   5.710 -10.208
  224.12   2.542   5.827  -9.358
  224.15   1.811   5.800 -10.388
  224.18    .000    .001  -9.100
  224.21    .000    .000  -7.797
  225.00    .002    .016  -9.288
  225.03    .016    .164  -9.567
  225.06    .034    .324  -9.147
  225.09    .500   3.747  -8.140
  225.12    .088   1.052  -5.903
  225.15    .013    .232  -2.451
  225.18    .000    .001   -.074
  225.21    .000    .001    .381
  226.00    .000    .001    .051
  226.03    .000    .001    .902
  226.06    .000    .000   1.100
  226.09    .000    .001   1.673
  226.12    .288   5.186   2.257
  226.15    .002    .024   1.775
  226.18    .043    .772   1.300
  226.21    .000    .000    .832
  227.00    .000    .000    .566
  227.03    .000    .000   -.170
  227.06    .000    .000    .215
  227.09    .000    .001    .508
  227.12    .000    .001    .537
  227.15    .000    .001    .961
  227.18    .000    .001    .109
  227.21    .000    .001    .371
  228.00    .000    .001   -.523
  228.03    .000    .001  -1.428
  228.06    .000    .001  -2.281
  228.09    .000    .001  -2.219
  228.12    .000    .001  -1.244
  228.15    .000    .001  -1.123
  228.18    .000    .000   -.815
  228.21    .000    .001  -1.621
  229.00    .000    .000  -2.584
  229.03    .000    .001  -4.995
  229.06    .000    .001  -4.526
  229.09    .000    .001  -4.470
  229.12    .000    .001  -3.015
  229.15    .000    .001   -.871
  229.18    .000    .001   -.113
  229.21    .000    .001    .439
  230.00    .000    .001  -3.137
  230.03    .000    .001  -4.498
  230.06    .000    .001  -2.575
  230.09    .000    .001  -4.105
  230.12    .000    .001  -3.449
  230.15    .000    .001  -1.858
  230.18    .000    .000   -.627
  230.21    .000    .001  -3.855
  231.00    .000    .000  -4.137
  231.03    .000    .000  -3.768
  231.06    .000    .000  -8.911
  231.09    .000    .000  -8.480
  231.12    .000    .001  -5.773
  231.15    .000    .001  -3.423
  231.18    .000    .001  -1.885
  231.21    .000    .001  -3.397
  232.00    .000    .000  -7.199
  232.03    .000    .000  -8.480
  232.06    .000    .000  -9.474
  232.09    .000    .001  -9.521
  232.12    .000    .001  -6.324
  232.15    .000    .001  -3.560
  232.18    .000    .001  -1.676
  232.21    .000    .001  -1.976
  233.00    .000    .000  -4.162
  233.03    .000    .000  -4.690
  233.06    .000    .000  -5.425
  233.09    .000    .001  -5.666
  233.12    .000    .001  -2.183
  233.15    .000    .001    .941
  233.18    .000    .001   2.464
  233.21    .000    .001   1.745
  234.00    .000    .001   1.270
  234.03    .000    .001    .606
  234.06    .000    .001   -.456
  234.09    .000    .001   -.361
  234.12    .000    .001    .606
  234.15    .000    .001   -.899
  234.18    .000    .000   -.806
  234.21    .000    .001  -1.885
  235.00    .000    .001   -.007
  235.03    .000    .000   -.806
  235.06    .000    .000    .313
  235.09    .000    .001   1.949
  235.12    .000    .001   1.100
  235.15    .000    .001   -.304
  235.18    .000    .001    .051
  235.21    .000    .000   1.001
  236.00    .000    .000    .763
  236.03    .000    .001   -.428
  236.06    .000    .001   1.401
  236.09    .000    .001    .931
  236.12    .000    .001    .931
  236.15    .000    .000    .400
  236.18    .000    .000    .041
  236.21    .000    .001   -.937
  237.00    .000    .000  -2.487
  237.03    .000    .001  -3.137
  237.06    .000    .000  -3.509
  237.09    .000    .000  -3.543
  237.12    .000    .000  -3.102
  237.15    .000    .001  -1.465
  237.18    .000    .001  -1.160
  237.21    .000    .000  -4.251
  238.00    .000    .000  -4.583
  238.03    .000    .001  -4.220
  238.06    .000    .001  -5.048
  238.09    .000    .002  -4.497
  238.12    .000    .001  -2.281
  238.15    .000    .001   -.993
  238.18    .000    .001   2.010
  238.21    .000    .001   1.431
  239.00    .000    .000   -.523
  239.03    .000    .001  -2.344
  239.06    .000    .001  -2.602
  239.09    .000    .001  -2.752
  239.12    .000    .001  -2.012
  239.15    .000    .001   -.683
  239.18    .000    .001   -.141
  239.21    .000    .000   -.523
  240.00    .000    .001   -.806
  240.03    .000    .001   -.777
  240.06    .000    .000  -1.123
  240.09    .000    .001  -1.309
  240.12    .000    .001  -1.401
  240.15    .000    .001   -.871
  240.18    .000    .001  -1.428
  240.21    .000    .000  -2.281
  241.00    .000    .001  -3.594
  241.03    .000    .000  -4.583
  241.06    .000    .000  -4.388
  241.09    .000    .000  -4.190
  241.12    .000    .000  -2.787
  241.15    .000    .000  -2.460
  241.18    .000    .001  -3.826
  241.21    .000    .001  -5.322
  242.00    .000    .001  -7.324
  242.03    .000    .001  -8.408
  242.06    .000    .001  -9.358
  242.09    .000    .001  -8.625
  242.12    .000    .001  -6.010
  242.15    .000    .001  -2.690
  242.18    .000    .001  -1.244
  242.21    .000    .001  -1.584
  243.00    .000    .001  -2.398
  243.03    .000    .001  -3.311
  243.06    .000    .001  -3.736
  243.09    .000    .001  -3.276
  243.12    .000    .001   -.580
  243.15    .000    .001   1.501
  243.18    .000    .000   1.001
  243.21    .000    .001    .803
  244.00    .000    .001   -.494
  244.03    .000    .001    .313
  244.06    .000    .001   1.070
  244.09    .000    .001    .734
  244.12    .000    .001   1.041
  244.15    .000    .000   1.572
  244.18    .000    .001   1.908
  244.21    .000    .000   2.288
  245.00    .000    .001   2.288
  245.03    .000    .001   2.319
  245.06    .000    .001   2.113
  245.09    .000    .001   3.093
  245.12    .000    .002   3.691
  245.15    .000    .002   1.938
  245.18    .000    .001    .902
  245.21    .000    .001    .832
  246.00    .000    .001    .508
  246.03    .000    .000    .342
  246.06    .000    .000    .674
  246.09    .000    .000    .215
  246.12    .000    .000    .215
  246.15    .000    .000    .665
  246.18    .000    .000   1.001
  246.21    .000    .000    .734
  247.00    .000    .000    .635
  247.03    .000    .000    .674
  247.06    .000    .000    .763
  247.09    .000    .000   -.523
  247.12    .000    .000    .674
  247.15    .000    .000   1.471
  247.18    .000    .000   2.082
  247.21    .000    .001   2.350
  248.00    .000    .001   1.501
  248.03    .000    .001   2.010
  248.06    .000    .001   2.319
  248.09    .000    .001   1.949
  248.12    .000    .001   2.041
  248.15    .000    .001   1.633
  248.18    .000    .001    .012
  248.21    .000    .001   -.712
  249.00    .000    .000   -.993
  249.03    .000    .000  -1.179
  249.06    .000    .000  -5.048
  249.09    .000    .000   -.927
  249.12    .000    .000    .439
  249.15    .000    .000   1.100
  249.18    .000    .000    .931
  249.21    .000    .000    .803
  250.00    .000    .000    .177
  250.03    .000    .000   -.655
  250.06    .000    .000  -2.602
  250.09    .000    .000    .051
  250.12    .000    .000  -1.703
  250.15    .000    .000  -1.767
  250.18    .000    .000  -1.584
  250.21    .000    .001  -2.281
  251.00    .000    .000  -2.875
  251.03    .000    .000  -5.908
  251.06    .000    .000  -9.590
  251.09    .000    .001  -9.124
  251.12    .000    .001  -6.584
  251.15    .000    .000  -4.303
  251.18    .000    .001  -3.311
  251.21    .000    .001  -6.066
  252.00    .000    .000  -7.649
  252.03    .000    .001  -9.053
  252.06    .000    .001  -8.480
  252.09    .000    .001  -6.506
  252.12    .000    .001  -4.549
  252.15    .000    .000  -3.793
  252.18    .000    .000  -3.050
  252.21    .000    .001  -3.076
  253.00    .000    .000  -4.966
  253.03    .000    .000  -8.982
  253.06    .000    .000  -9.171
  253.09    .000    .000 -11.076
  253.12    .000    .000  -8.625
  253.15    .000    .001  -6.116
  253.18    .000    .001  -6.090
  253.21    .000    .000  -7.122
  254.00    .000    .000  -9.774
  254.03    .000    .000 -12.064
  254.06    .000    .000 -11.338
  254.09    .000    .000 -12.024
  254.12    .000    .000  -8.863
  254.15    .000    .000  -7.019
  254.18    .000    .001  -5.289
  254.21    .000    .001  -6.558
  255.00    .000    .000  -7.648
  255.03    .000    .001  -8.744
  255.06    .000    .000  -8.673
  255.09    .000    .000  -8.262
  255.12    .000    .000  -7.297
  255.15    .000    .000  -4.467
  255.18    .000    .000  -2.003
  255.21    .000    .000    .283
  256.00    .000    .000    .061
  256.03    .000    .000   -.456
  256.06    .006    .084  -1.456
  256.09    .102   1.740  -2.183
  256.12    .000    .001    .381
  256.15    .000    .002   -.103
  256.18    .000    .000    .508
  256.21    .000    .000   -.361
  257.00    .000    .000   -.333
  257.03    .000    .000   -.834
  257.06    .000    .000  -1.058
  257.09    .000    .000  -1.179
  257.12    .000    .000   -.170
  257.15    .000    .000   1.704
  257.18    .000    .000   2.257
  257.21    .000    .000   2.257
  258.00    .000    .000   1.949
  258.03    .000    .000   1.643
  258.06    .000    .000    .803
  258.09    .000    .000   1.371
  258.12    .000    .000   1.542
  258.15    .000    .000   1.330
  258.18    .000    .000   1.371
  258.21    .000    .000   1.270
  259.00    .000    .000   -.141
  259.03    .000    .000    .537
  259.06    .000    .000    .674
  259.09    .000    .000    .410
  259.12    .000    .000    .119
  259.15    .000    .000   -.045
  259.18    .000    .000    .803
  259.21    .000    .000    .022
  260.00    .000    .000   -.170
  260.03    .000    .000   -.113
  260.06    .000    .000   -.777
  260.09    .000    .000  -1.086
  260.12    .000    .000   -.589
  260.15    .000    .000    .080
  260.18    .000    .000   -.017
  260.21    .000    .000  -1.885
  261.00    .000    .000  -2.963
  261.03    .000    .000  -3.569
  261.06    .000    .000  -4.246
  261.09    .000    .001  -4.828
  261.12    .000    .000  -5.720
  261.15    .000    .001  -4.856
  261.18    .000    .000  -4.246
  261.21    .000    .001  -5.959
  262.00    .000    .000  -6.995
  262.03    .000    .000  -7.673
  262.06    .000    .000  -8.600
  262.09    .000    .000  -8.864
  262.12    .000    .000  -9.100
  262.15    .000    .000  -6.428
  262.18    .000    .001  -5.072
  262.21    .000    .000  -5.425
  263.00    .000    .000  -6.298
  263.03    .000    .000  -8.018
  263.06    .000    .001 -10.834
  263.09    .000    .001 -10.613
  263.12    .000    .001  -9.614
  263.15    .000    .000  -6.738
  263.18    .000    .000  -4.687
  263.21    .000    .000  -5.208
  264.00    .000    .000  -5.531
  264.03    .000    .000  -6.661
  264.06    .000    .000  -6.088
  264.09    .000    .001  -5.152
  264.12    .000    .001  -3.276
  264.15    .000    .000   -.984
  264.18    .000    .001   -.674
  264.21    .000    .000  -1.612
  265.00    .000    .001   -.485
  265.03    .000    .001   -.418
  265.06    .000    .000   -.806
  265.09    .000    .000  -1.021
  265.12    .000    .001  -1.520
  265.15    .000    .000   -.295
  265.18    .000    .001  -1.520
  265.21    .000    .001  -3.620
  266.00    .000    .000  -5.426
  266.03    .000    .001  -6.221
  266.06    .000    .001  -6.298
  266.09    .000    .001  -6.738
  266.12    .000    .000  -6.892
  266.15    .000    .000  -5.559
  266.18    .000    .001  -4.991
  266.21    .000    .000  -4.991
  267.00    .000    .000  -5.046
  267.03    .000    .001  -5.343
  267.06    .000    .000  -5.719
  267.09    .000    .000  -5.666
  267.12    .000    .000  -5.612
  267.15    .000    .000  -7.172
  267.18    .000    .000  -7.499
  267.21    .000    .000  -9.029
  268.00    .000    .000 -10.253
  268.03    .000    .000 -15.670
  268.06    .000    .000 -17.474
  268.09    .000    .000 -16.365
  268.12    .000    .000 -14.466
  268.15    .000    .000 -12.025
  268.18    .000    .000 -10.254
  268.21    .000    .000  -8.189
  269.00    .000    .000  -5.768
  269.03    .000    .000  -3.815
  269.06    .000    .000  -4.268
  269.09    .000    .000  -3.154
  269.12    .000    .000  -3.154
  269.15    .000    .000  -3.215
  269.18    .000    .000  -2.778
  269.21    .000    .000  -6.064
  270.00    .000    .000  -4.854
  270.03    .000    .000  -6.246
  270.06    .000    .000  -7.549
  270.09    .000    .000  -7.871
  270.12    .000    .000  -7.323
  270.15    .000    .000  -7.248
  270.18    .000    .000  -8.068
  270.21    .000    .000  -9.521
  271.00    .000    .000 -10.275
  271.03    .000    .000  -9.935
  271.06    .000    .000 -10.366
  271.09    .000    .000  -9.451
  271.12    .000    .000  -9.660
  271.15    .000    .000 -12.566
  271.18    .000    .000 -12.400
  271.21    .000    .000 -10.389
  272.00    .000    .000  -8.091
  272.03    .000    .000  -8.958
  272.06    .000    .000  -9.241
  272.09    .000    .000  -9.005
  272.12    .000    .000  -7.845
  272.15    .000    .000  -7.372
  272.18    .000    .000  -9.544
  272.21    .000    .000  -9.798
  273.00    .000    .000 -10.546
  273.03    .000    .000 -11.768
  273.06    .000    .000 -21.403
  273.09    .000    .000 -20.447
  273.12    .000    .000 -20.325
  273.15    .000    .000 -16.600
  273.18    .000    .000 -16.365
  273.21    .000    .000 -21.561
  274.00    .000    .000 -21.394
  274.03    .000    .000 -21.412
  274.06    .000    .000 -20.250
  274.09    .000    .000 -19.408
  274.12    .000    .000 -18.317
  274.15    .000    .000 -16.780
  274.18    .000    .000 -18.700
  274.21    .000    .000 -21.803
  275.00    .000    .000 -23.451
  275.03    .000    .000 -23.779
  275.06    .000    .000 -24.530
  275.09    .000    .000 -24.451
  275.12    .000    .001 -21.116
  275.15    .000    .000 -16.354
  275.18    .000    .000 -15.659
  275.21    .000    .000 -14.911
  276.00    .000    .000 -13.867
  276.03    .000    .000 -12.048
  276.06    .000    .000 -10.345
  276.09    .000    .000  -9.264
  276.12    .000    .015  -8.528
  276.15    .000    .000  -5.634
  276.18    .000    .000  -5.204
  276.21    .000    .000  -7.018
  277.00    .000    .001  -8.839
  277.03    .000    .000  -8.528
  277.06    .000    .000  -6.478
  277.09    .000    .000  -5.447
  277.12    .000    .000  -5.874
  277.15    .000    .010  -3.215
  277.18    .000    .000   -.636
  277.21    .000    .000    .852
  278.00    .000    .000    .882
  278.03    .000    .000   -.456
  278.06    .000    .000    .911
  278.09    .140   2.518   -.199
  278.12    .000    .000  -1.086
  278.15    .000    .000   -.418
  278.18    .000    .000  -1.548
  278.21    .000    .000  -1.484
  279.00    .000    .000  -1.548
  279.03    .000    .000  -2.866
  279.06    .000    .000  -2.954
  279.09    .000    .000  -1.456
  279.12    .000    .000   -.170
  279.15    .000    .000    .283
  279.18    .000    .000   1.643
  279.21    .000    .000   2.568
  280.00    .000    .000   1.673
  280.03    .000    .000   1.001
  280.06    .000    .000   -.361
  280.09    .000    .000  -4.526
  280.12    .000    .000  -6.996
  280.15    .000    .000  -7.021
  280.18    .000    .000  -7.424
  280.21    .000    .000  -7.021
  281.00    .000    .000  -6.739
  281.03    .000    .000  -8.360
  281.06    .000    .000  -4.102
  281.09    .000    .000  -1.731
  281.12    .000    .000  -1.939
  281.15    .000    .000  -1.912
  281.18    .000    .000  -1.976
  281.21    .000    .000  -2.513
  282.00    .000    .000  -2.805
  282.03    .000    .000  -6.377
  282.06    .000    .000  -9.405
  282.09    .000    .000  -8.067
  282.12    .000    .000  -6.557
  282.15    .000    .000  -4.604
  282.18    .000    .000  -4.102
  282.21    .000    .000  -3.819
  283.00    .000    .000  -5.370
  283.03    .000    .000  -4.962
  283.06    .000    .000  -7.423
  283.09    .000    .000  -7.747
  283.12    .000    .000  -8.141
  283.15    .000    .000  -8.432
  283.18    .000    .000  -5.903
  283.21    .000    .000  -7.448
  284.00    .000    .000  -9.076
  284.03    .000    .000  -9.591
  284.06    .000    .000  -9.288
  284.09    .000    .000  -9.311
  284.12    .000    .000  -9.358
  284.15    .000    .000  -8.286
  284.18    .000    .000  -6.375
  284.21    .000    .000  -7.746
  285.00    .000    .000  -7.196
  285.03    .000    .000  -6.993
  285.06    .000    .000  -7.647
  285.09    .000    .000  -7.094
  285.12    .000    .000  -6.737
  285.15    .000    .000  -6.192
  285.18    .000    .000  -5.663
  285.21    .000    .000  -7.120
  286.00    .000    .000  -9.475
  286.03    .000    .000 -10.857
  286.06    .000    .000 -11.620
  286.09    .000    .000 -12.403
  286.12    .000    .000 -12.980
  286.15    .000    .000 -11.898
  286.18    .000    .000 -10.658
  286.21    .000    .000 -11.099
  287.00    .000    .000 -13.826
  287.03    .000    .000 -12.424
  287.06    .000    .000 -13.204
  287.09    .000    .000 -12.194
  287.12    .000    .000  -9.498
  287.15    .000    .000  -7.169
  287.18    .000    .000  -5.634
  287.21    .000    .000  -7.119
  288.00    .000    .000  -7.018
  288.03    .000    .000  -5.768
  288.06    .000    .000  -4.434
  288.09    .000    .000  -3.901
  288.12    .000    .000  -3.987
  288.15    .000    .000  -5.206
  288.18    .000    .000  -7.070
  288.21    .000    .000  -8.864
  289.00    .000    .000  -9.913
  289.03    .000    .000 -10.657
  289.06    .000    .000  -9.637
  289.09    .000    .000 -12.150
  289.12    .000    .000 -12.712
  289.15    .000    .000 -12.088
  289.18    .000    .000 -12.045
  289.21    .000    .000 -14.019
  290.00    .000    .000 -13.767
  290.03    .000    .000 -14.293
  290.06    .000    .000 -17.340
  290.09    .000    .000 -14.489
  290.12    .000    .000 -13.184
  290.15    .000    .000 -12.194
  290.18    .000    .000 -13.082
  290.21    .000    .000 -15.840
  291.00    .000    .000 -17.163
  291.03    .000    .000 -16.870
  291.06    .000    .000 -14.951
  291.09    .000    .000 -13.588
  291.12    .000    .000 -12.005
  291.15    .000    .000 -11.878
  291.18    .000    .000 -10.991
  291.21    .000    .000 -12.445
  292.00    .000    .000 -12.110
  292.03    .000    .000 -12.817
  292.06    .000    .000 -17.043
  292.09    .000    .000 -17.995
  292.12    .000    .000 -17.924
  292.15    .000    .000 -15.730
  292.18    .000    .000 -13.002
  292.21    .000    .000  -8.114
  293.00    .000    .000  -7.819
  293.03    .000    .000  -7.143
  293.06    .000    .000  -6.451
  293.09    .000    .000  -7.446
  293.12    .000    .000  -7.372
  293.15    .000    .000  -8.116
  293.18    .000    .000  -9.591
  293.21    .000    .000  -9.288
  294.00    .000    .000 -10.524
  294.03    .000    .000 -12.795
  294.06    .000    .000 -14.177
  294.09    .000    .000 -15.840
  294.12    .000    .000 -16.938
  294.15    .000    .000 -16.870
  294.18    .000    .000 -16.279
  294.21    .000    .000 -17.945
  295.00    .000    .000 -20.517
  295.03    .000    .000 -21.276
  295.06    .000    .000 -19.567
  295.09    .000    .000 -20.600
  295.12    .000    .000 -19.701
  295.15    .000    .000 -17.137
  295.18    .000    .000 -14.820
  295.21    .000    .000 -15.024
  296.00    .000    .000 -15.232
  296.03    .000    .000 -22.739
  296.06    .000    .000 -22.106
  296.09    .000    .000 -19.844
  296.12    .000    .004 -20.128
  296.15    .000    .000 -14.066
  296.18    .001    .015  -7.966
  296.21    .000    .004  -7.520
  297.00    .000    .001  -7.193
  297.03    .007    .113  -5.580
  297.06    .021    .109  -5.927
  297.09    .445   3.823  -7.820
  297.12    .150   2.132  -9.545
  297.15    .035    .564 -10.769
  297.18    .405   5.278  -9.311
  297.21    .275   3.445  -7.968
  298.00    .000    .001 -13.020
  298.03    .000    .000 -13.143
  298.06    .000    .000 -12.132
  298.09    .002    .031  -9.124
  298.12    .000    .002 -10.028
  298.15    .000    .000  -9.335
  298.18    .000    .000  -9.730
  298.21    .000    .000  -9.868
  299.00    .000    .000 -10.186
  299.03    .000    .000 -11.296
  299.06    .000    .000 -11.663
  299.09    .000    .000 -12.960
  299.12    .000    .000 -14.391
  299.15    .000    .000 -13.163
  299.18    .000    .000 -13.284
  299.21    .000    .000 -14.678
  300.00    .000    .000 -15.692
  300.03    .000    .000 -15.675
  300.06    .000    .000 -15.343
  300.09    .000    .000 -16.954
  300.12    .000    .000 -20.730
  300.15    .000    .000 -18.367
  300.18    .000    .000 -19.044
  300.21    .000    .000 -16.959
  301.00    .000    .000 -13.867
  301.03    .000    .000  -8.672
  301.06    .000    .000  -8.934
  301.09    .000    .000 -10.881
  301.12    .000    .001 -13.567
  301.15    .000    .000 -16.333
  301.18    .000    .000 -23.374
  301.21    .000    .008 -24.927
  302.00    .000    .000 -25.751
  302.03    .000    .000 -24.741
  302.06    .000    .009 -26.201
  302.09    .000    .001 -19.830
  302.12    .000    .000 -19.768
  302.15    .000    .000 -19.200
  302.18    .000    .000 -14.322
  302.21    .000    .000 -10.074
  303.00    .000    .000  -7.244
  303.03    .000    .000  -4.176
  303.06    .000    .000  -1.930
  303.09    .000    .000  -3.354
  303.12    .000    .000  -4.517
  303.15    .000    .000  -9.264
  303.18    .000    .000  -9.124
  303.21    .000    .000  -5.874
  304.00    .000    .003  -5.447
  304.03    .000    .003  -5.689
  304.06    .000    .000  -6.634
  304.09    .000    .000  -7.447
  304.12    .000    .000  -7.497
  304.15    .000    .004  -7.894
  304.18    .000    .000  -8.334
  304.21    .000    .000  -8.815
  305.00    .000    .000 -10.724
  305.03    .000    .000 -15.058
  305.06    .000    .000 -19.379
  305.09    .000    .000 -20.933
  305.12    .000    .000 -23.271
  305.15    .000    .000 -22.852
  305.18    .000    .000 -23.902
  305.21    .000    .000 -25.173
  306.00    .000    .000 -26.701
  306.03    .000    .000 -23.494
  306.06    .000    .000 -19.877
  306.09    .000    .000 -20.633
  306.12    .000    .000 -20.600
  306.15    .000    .000 -20.910
  306.18    .000    .000 -19.844
  306.21    .000    .000 -16.712
  307.00    .000    .000 -16.370
  307.03    .000    .000 -18.387
  307.06    .000    .005 -19.600
  307.09    .000    .000 -21.047
  307.12    .000    .000 -20.568
  307.15    .002    .032 -21.034
  307.18    .000    .000 -19.297
  307.21    .000    .000 -18.606
  308.00    .000    .000 -18.769
  308.03    .000    .000 -17.899
  308.06    .000    .000 -17.741
  308.09    .000    .000 -17.226
  308.12    .000    .000 -18.522
  308.15    .000    .000 -16.944
  308.18    .000    .000 -17.028
  308.21    .000    .000 -19.934
  309.00    .000    .000 -19.408
  309.03    .000    .000 -19.408
  309.06    .000    .003 -19.792
  309.09    .000    .000 -21.189
  309.12    .000    .000 -20.974
  309.15    .000    .000 -23.524
  309.18    .000    .000 -23.825
  309.21    .000    .000 -21.601
  310.00    .000    .000 -20.400
  310.03    .000    .000 -20.647
  310.06    .000    .000 -21.781
  310.09    .243   1.966 -21.960
  310.12    .327   4.151 -23.078
  310.15    .190   1.563 -23.413
  310.18   3.917  11.580 -24.684
  310.21   2.919  11.310 -25.908
  311.00    .271   2.695 -28.525
  311.03    .010    .176 -28.487
  311.06    .000    .015 -27.505
  311.09    .005    .094 -27.388
  311.12    .458   2.891 -25.807
  311.15    .000    .000 -24.997
  311.18    .000    .008 -24.721
  311.21    .940   6.247 -24.775
  312.00   1.576  10.170 -25.190
  312.03   4.142  13.600 -20.203
  312.06  11.090  12.910 -19.963
  312.09   6.841   9.020 -23.319
  312.12   1.335   6.865 -24.313
  312.15    .000    .000 -24.443
  312.18    .000    .000 -24.003
  312.21    .000    .000 -25.722
  313.00    .000    .000 -23.961
  313.03    .000    .000 -21.893
  313.06    .158   1.198 -22.115
  313.09    .027    .375 -21.848
  313.12    .000    .000 -22.913
  313.15    .000    .000 -22.455
  313.18    .000    .000 -21.678
  313.21    .000    .000 -23.013
  314.00    .000    .000 -22.204
  314.03    .000    .000 -22.266
  314.06    .000    .000 -22.026
  314.09    .000    .000 -21.888
  314.12    .000    .000 -21.861
  314.15    .000    .000 -23.787
  314.18    .000    .000 -19.624
  314.21    .000    .000 -20.038
  315.00    .000    .000 -20.465
  315.03    .000    .000 -20.619
  315.06    .000    .000 -21.025
  315.09    .000    .000 -21.239
  315.12    .000    .000 -22.022
  315.15    .000    .000 -22.230
  315.18    .000    .000 -22.261
  315.21    .000    .000 -21.601
  316.00    .000    .000 -25.988
  316.03    .000    .000 -26.432
  316.06    .000    .000 -28.692
  316.09    .000    .000 -28.296
  316.12    .000    .000 -29.104
  316.15    .000    .000 -29.607
  316.18    .000    .000 -29.446
  316.21    .000    .000 -29.573
  317.00    .000    .000 -30.704
  317.03    .000    .000 -28.085
  317.06    .000    .000 -30.451
  317.09    .000    .000 -31.600
  317.12    .000    .000 -32.201
  317.15    .000    .000 -32.764
  317.18    .000    .000 -33.070
  317.21    .000    .000 -32.471
  318.00    .000    .000 -33.811
  318.03    .000    .000 -34.665
  318.06    .000    .000 -35.519
  318.09    .000    .000 -35.532
  318.12    .000    .000 -33.443
  318.15    .000    .000 -33.443
  318.18    .000    .000 -34.279
  318.21    .000    .000 -32.563
  319.00    .000    .000 -29.789
  319.03    .000    .000 -31.922
  319.06    .000    .000 -31.173
  319.09    .000    .000 -31.668
  319.12    .000    .000 -33.381
  319.15    .000    .000 -33.374
  319.18    .000    .000 -31.657
  319.21    .000    .000 -32.379
  320.00    .000    .000 -33.582
  320.03    .000    .000 -33.770
  320.06    .000    .000 -34.457
  320.09    .000    .000 -33.763
  320.12    .000    .000 -33.224
  320.15    .000    .000 -33.412
  320.18    .000    .000 -34.481
  320.21    .000    .000 -33.600
  321.00    .000    .000 -33.035
  321.03    .000    .000 -33.129
  321.06    .000    .000 -31.115
  321.09    .000    .000 -28.230
  321.12    .000    .000 -23.935
  321.15    .000    .000 -23.588
  321.18    .000    .000 -24.534
  321.21    .000    .000 -25.471
  322.00    .000    .000 -24.684
  322.03    .000    .000 -26.820
  322.06    .000    .000 -26.256
  322.09    .000    .000 -28.897
  322.12    .000    .000 -24.534
  322.15    .000    .000 -24.422
  322.18    .000    .000 -26.137
  322.21    .000    .000 -25.964
  323.00    .000    .000 -27.224
  323.03    .000    .000 -28.563
  323.06    .000    .000 -29.074
  323.09    .000    .000 -27.606
  323.12    .000    .000 -27.765
  323.15    .000    .000 -27.111
  323.18    .000    .000 -26.899
  323.21    .000    .000 -25.880
  324.00    .000    .000 -25.593
  324.03    .000    .000 -26.934
  324.06    .000    .000 -28.307
  324.09    .000    .000 -29.577
  324.12    .000    .000 -28.257
  324.15    .000    .000 -25.799
  324.18    .000    .000 -23.034
  324.21    .000    .000 -21.673
  325.00    .000    .000 -22.905
  325.03    .000    .000 -24.108
  325.06    .000    .000 -27.158
  325.09    .000    .000 -25.811
  325.12    .000    .000 -21.157
  325.15    .000    .000 -13.737
  325.18    .000    .000 -10.280
  325.21    .000    .000  -9.592
  326.00    .000    .000  -8.552
  326.03    .000    .000  -9.522
  326.06    .000    .000  -8.887
  326.09    .000    .000  -8.958
  326.12    .000    .000  -8.648
  326.15    .000    .000  -9.124
  326.18    .000    .000  -7.470
  326.21    .000    .000 -10.255
  327.00    .000    .000 -10.119
  327.03    .000    .000 -10.435
  327.06    .000    .000 -10.659
  327.09    .000    .000 -11.275
  327.12    .000    .000 -12.961
  327.15    .000    .000 -13.124
  327.18    .000    .000 -15.510
  327.21    .000    .000 -16.117
  328.00    .000    .000 -17.536
  328.03    .000    .000 -16.891
  328.06    .000    .000 -17.572
  328.09    .000    .000 -18.051
  328.12    .000    .000 -20.381
  328.15    .000    .000 -18.705
  328.18    .000    .000 -17.710
  328.21    .000    .000 -17.449
  329.00    .000    .000 -17.950
  329.03    .000    .000 -17.710
  329.06    .000    .000 -11.278
  329.09    .000    .000 -10.074
  329.12    .000    .000 -10.413
  329.15    .000    .000  -8.575
  329.18    .000    .000 -11.536
  329.21    .000    .000 -13.808
  330.00    .000    .000 -15.271
  330.03    .000    .000 -15.103
  330.06    .000    .000 -15.399
  330.09    .000    .000 -15.697
  330.12    .000    .000 -13.187
  330.15    .000    .000 -10.323
  330.18    .004    .064  -8.768
  330.21    .000    .000  -7.819
  331.00    .000    .000  -5.924
  331.03    .000    .000  -6.527
  331.06    .000    .000 -13.002
  331.09    .000    .000 -13.447
  331.12    .000    .000 -15.769
  331.15    .000    .000 -17.858
  331.18    .000    .000 -18.532
  331.21    .000    .000 -19.758
  332.00    .000    .000 -18.096
  332.03    .000    .000 -16.643
  332.06    .000    .000 -17.965
  332.09    .000    .000 -19.389
  332.12    .000    .000 -19.891
  332.15    .000    .000 -19.180
  332.18    .000    .000 -20.302
  332.21    .000    .000 -21.403
  333.00    .000    .000 -23.151
  333.03    .000    .000 -24.472
  333.06    .000    .000 -27.753
  333.09    .000    .000 -29.674
  333.12    .000    .000 -30.458
  333.15    .000    .000 -29.551
  333.18    .000    .000 -30.711
  333.21    .000    .000 -29.819
  334.00    .000    .000 -30.082
  334.03    .000    .000 -28.696
  334.06    .000    .000 -28.942
  334.09    .000    .000 -30.715
  334.12    .000    .000 -28.711
  334.15    .000    .000 -28.855
  334.18    .000    .000 -27.435
  334.21    .000    .000 -30.937
  335.00    .000    .000 -35.122
  335.03    .000    .000 -36.481
  335.06    .000    .000 -36.382
  335.09    .000    .000 -36.838
  335.12    .000    .000 -37.861
  335.15    .000    .000 -37.746
  335.18    .000    .000 -36.942
  335.21    .000    .000 -36.713
  336.00    .000    .000 -36.932
  336.03    .000    .000 -37.370
  336.06    .000    .000 -35.929
  336.09    .000    .000 -37.405
  336.12    .000    .000 -37.078
  336.15    .000    .000 -36.418
  336.18    .000    .000 -36.749
  336.21    .000    .000 -35.616
  337.00    .000    .000 -35.819
  337.03    .000    .000 -36.596
  337.06    .000    .000 -35.706
  337.09    .000    .000 -34.433
  337.12    .000    .000 -31.123
  337.15    .000    .000 -33.499
  337.18    .000    .000 -35.014
  337.21    .000    .000 -34.604
  338.00    .000    .000 -33.562
  338.03    .000    .000 -32.785
  338.06    .000    .000 -30.904
  338.09    .000    .000 -32.831
  338.12    .000    .000 -31.538
  338.15    .000    .000 -31.560
  338.18    .000    .000 -36.095
  338.21    .000    .000 -34.488
  339.00    .000    .000 -34.420
  339.03    .000    .000 -30.384
  339.06    .000    .000 -29.789
  339.09    .000    .000 -29.262
  339.12    .000    .000 -28.813
  339.15    .000    .000 -28.737
  339.18    .000    .000 -29.408
  339.21    .000    .000 -29.104
  340.00    .000    .000 -30.948
  340.03    .000    .000 -28.976
  340.06    .000    .000 -29.029
  340.09    .000    .000 -28.544
  340.12    .000    .000 -30.407
  340.15    .000    .000 -29.483
  340.18    .000    .000 -29.759
  340.21    .000    .000 -29.982
  341.00    .000    .000 -29.029
  341.03    .000    .000 -28.207
  341.06    .000    .000 -28.953
  341.09    .000    .000 -28.772
  341.12    .000    .000 -30.267
  341.15    .000    .000 -30.156
  341.18    .000    .000 -30.726
  341.21    .000    .000 -30.553
  342.00    .000    .000 -31.144
  342.03    .000    .000 -32.268
  342.06    .000    .000 -34.011
  342.09    .000    .000 -35.603
  342.12    .000    .000 -35.909
  342.15    .000    .000 -35.277
  342.18    .000    .000 -32.155
  342.21    .000    .000 -32.187
  343.00    .000    .000 -32.570
  343.03    .000    .000 -34.166
  343.06    .000    .000 -34.279
  343.09    .000    .000 -37.954
  343.12    .000    .000 -38.754
  343.15    .000    .000 -36.831
  343.18    .000    .000 -36.300
  343.21    .000    .000 -35.361
  344.00    .000    .000 -33.987
  344.03    .000    .000 -34.426
  344.06    .000    .000 -32.838
  344.09    .000    .000 -30.663
  344.12    .000    .000 -29.326
  344.15    .000    .000 -27.252
  344.18    .000    .000 -26.360
  344.21    .000    .000 -24.621
  345.00    .000    .000 -23.643
  345.03    .000    .000 -23.112
  345.06    .000    .000 -23.485
  345.09    .000    .000 -23.868
  345.12    .000    .000 -23.855
  345.15    .000    .000 -23.021
  345.18    .000    .000 -23.065
  345.21    .000    .000 -21.915
  346.00    .000    .000 -19.437
  346.03    .000    .000 -18.297
  346.06    .000    .000 -14.615
  346.09    .000    .000 -13.090
  346.12    .000    .000 -12.471
  346.15    .000    .000 -11.902
  346.18    .000    .000 -12.553
  346.21    .000    .000 -15.532
  347.00    .000    .000 -16.483
  347.03    .000    .000 -17.572
  347.06    .000    .000 -21.799
  347.09    .000    .000 -20.151
  347.12    .000    .000 -19.639
  347.15    .000    .000 -18.922
  347.18    .000    .000 -20.024
  347.21    .000    .000 -21.330
  348.00    .000    .000 -21.772
  348.03    .000    .000 -21.070
  348.06    .000    .000 -23.129
  348.09    .000    .000 -23.902
  348.12    .000    .000 -27.765
  348.15    .000    .000 -29.752
  348.18    .000    .000 -30.726
  348.21    .000    .000 -27.142
  349.00    .000    .000 -29.017
  349.03    .000    .000 -33.024
  349.06    .000    .000 -34.484
  349.09    .000    .000 -34.842
  349.12    .000    .000 -35.939
  349.15    .000    .000 -36.507
  349.18    .000    .000 -35.909
  349.21    .000    .000 -36.257
  350.00    .000    .000 -35.982
  350.03    .000    .000 -35.579
  350.06    .000    .000 -35.693
  350.09    .000    .000 -34.855
  350.12    .000    .000 -32.379
  350.15    .000    .000 -30.163
  350.18    .000    .000 -31.596
  350.21    .000    .000 -30.988
  351.00    .000    .000 -31.159
  351.03    .000    .000 -31.206
  351.06    .000    .000 -31.010
  351.09    .000    .000 -30.667
  351.12    .000    .000 -29.860
  351.15    .000    .000 -29.457
  351.18    .000    .000 -28.570
  351.21    .000    .000 -28.874
  352.00    .000    .000 -28.081
  352.03    .000    .000 -27.205
  352.06    .000    .000 -27.177
  352.09    .000    .000 -25.296
  352.12    .000    .000 -25.034
  352.15    .000    .000 -25.169
  352.18    .000    .000 -24.238
  352.21    .000    .000 -23.669
  353.00    .000    .000 -23.327
  353.03    .000    .000 -22.508
  353.06    .000    .000 -22.582
  353.09    .000    .000 -23.541
  353.12    .000    .000 -26.252
  353.15    .000    .000 -25.839
  353.18    .000    .000 -26.244
  353.21    .000    .000 -23.711
  354.00    .000    .000 -21.157
  354.03    .000    .000 -17.990
  354.06    .000    .000 -19.239
  354.09    .000    .000 -23.336
  354.12    .000    .000 -22.635
  354.15    .000    .000 -22.683
  354.18    .000    .000 -21.624
  354.21    .000    .000 -24.234
  355.00    .000    .000 -26.372
  355.03    .000    .000 -23.952
  355.06    .000    .000 -23.639
  355.09    .000    .000 -23.749
  355.12    .000    .000 -24.849
  355.15    .000    .000 -28.303
  355.18    .000    .000 -32.838
  355.21    .186   3.356 -30.425
  356.00   5.069   7.300 -30.440
  356.03    .063    .577 -30.351
  356.06   2.535   6.450 -32.201
  356.09    .570   6.078 -35.849
  356.12    .000    .000 -38.310
  356.15    .000    .000 -38.087
  356.18    .000    .000 -37.954
  356.21    .000    .000 -37.059
  357.00    .000    .000 -35.392
  357.03    .000    .000 -33.010
  357.06    .000    .000 -32.513
  357.09    .000    .000 -31.650
  357.12    .000    .000 -27.540
  357.15    .000    .000 -20.447
  357.18    .864   7.680 -15.187
  357.21    .606   4.340 -12.516
  358.00    .000    .001 -12.969
  358.03    .000    .000 -12.844
  358.06    .000    .006 -13.473
  358.09    .000    .001 -13.412
  358.12    .059    .920 -13.068
  358.15    .000    .000 -13.713
  358.18    .000    .000 -14.667
  358.21    .040    .716 -15.388
  359.00    .000    .000 -14.741
  359.03    .000    .000 -16.445
  359.06    .000    .000 -17.675
  359.09    .000    .000 -17.262
  359.12    .000    .000 -14.356
  359.15    .000    .000 -14.397
  359.18    .000    .001 -14.781
  359.21    .000    .000 -13.430
  360.00    .000    .000 -10.749
  360.03    .000    .000 -10.301
  360.06    .000    .000 -10.593
  360.09    .000    .000 -10.726
  360.12    .067   1.203 -13.206
  360.15    .002    .017 -15.774
  360.18    .725   1.647 -16.424
  360.21    .858   1.570 -17.361
  361.00    .400    .653 -19.083
  361.03    .581    .950 -20.456
  361.06    .110    .990 -21.034
  361.09    .000    .000 -20.864
  361.12    .000    .000 -20.554
  361.15    .000    .000 -20.836
  361.18    .000    .000 -21.143
  361.21    .000    .000 -22.687
  362.00    .000    .000 -19.591
  362.03    .000    .000 -13.250
  362.06    .000    .000 -12.573
  362.09    .000    .000 -12.676
  362.12    .000    .000 -14.587
  362.15    .000    .000 -17.116
  362.18    .000    .000 -18.000
  362.21    .000    .000 -20.442
  363.00    .000    .000 -21.079
  363.03    .000    .000 -24.393
  363.06    .000    .000 -20.231
  363.09    .000    .000 -12.304
  363.12    .000    .000 -12.114
  363.15    .000    .000 -12.093
  363.18    .000    .000 -14.877
  363.21    .000    .000 -12.903
  364.00    .000    .000 -16.085
  364.03    .000    .000 -27.103
  364.06    .000    .000 -15.922
  364.09    .000    .000 -11.817
  364.12    .000    .000  -9.382
  364.15    .000    .000  -8.768
  364.18    .000    .000  -9.359
  364.21    .000    .000 -10.188
  365.00    .000    .000 -10.210
  365.03    .000    .000  -9.707
  365.06    .000    .000  -9.960
  365.09    .000    .000 -10.859
  365.12    .000    .000 -11.708
  365.15    .001    .013 -12.880
  365.18    .000    .001 -15.080
  365.21    .000    .000 -15.254
    1.00    .000    .004 -15.587
    1.03    .000    .007 -16.263
    1.06    .000    .000 -17.469
    1.09    .000    .000 -16.589
    1.12    .000    .000 -17.033
    1.15    .000    .000 -16.996
    1.18    .000    .000 -16.177
    1.21    .000    .000 -16.749
    2.00    .000    .000 -17.278
    2.03    .000    .000 -19.667
    2.06    .000    .000 -20.274
    2.09    .000    .000 -22.217
    2.12    .000    .000 -22.909
    2.15   2.085  17.560 -21.723
    2.18   1.596   9.730 -21.375
    2.21    .454   3.390 -22.310
    3.00    .567   6.677 -23.532
    3.03    .000    .000 -23.660
    3.06    .000    .000 -24.704
    3.09    .000    .000 -24.158
    3.12    .000    .000 -22.252
    3.15    .000    .000 -23.043
    3.18    .000    .001 -23.821
    3.21    .000    .000 -22.371
    4.00    .000    .000 -19.853
    4.03    .001    .025 -20.465
    4.06    .000    .000 -18.892
    4.09    .000    .000 -19.321
    4.12    .000    .000 -19.384
    4.15    .000    .000 -20.104
    4.18    .000    .000 -19.882
    4.21    .000    .000 -19.882
    5.00    .000    .000 -19.687
    5.03    .000    .000 -20.855
    5.06    .662   6.042 -20.762
    5.09    .214   1.074 -22.913
    5.12    .348   1.238 -24.284
    5.15    .000    .000 -26.117
    5.18    .015    .203 -27.142
    5.21    .000    .002 -26.918
    6.00    .000    .013 -26.440
    6.03    .000    .000 -26.280
    6.06    .000    .013 -25.956
    6.09    .000    .000 -26.962
    6.12    .000    .000 -26.121
    6.15    .000    .000 -25.046
    6.18    .000    .000 -24.989
    6.21    .000    .000 -25.564
    7.00    .000    .000 -25.864
    7.03    .000    .000 -23.842
    7.06    .000    .000 -22.004
    7.09    .000    .000 -22.226
    7.12    .000    .000 -21.808
    7.15    .000    .000 -20.674
    7.18    .000    .000 -20.029
    7.21    .000    .000 -21.212
    8.00    .000    .000 -20.970
    8.03    .000    .000 -22.239
    8.06    .000    .000 -24.543
    8.09    .000    .000 -26.236
    8.12    .000    .000 -30.259
    8.15    .000    .000 -29.210
    8.18    .000    .000 -31.502
    8.21    .005    .046 -31.112
    9.00    .063    .201 -30.315
    9.03    .000    .007 -30.041
    9.06    .000    .008 -30.355
    9.09    .068    .748 -30.875
    9.12    .008    .096 -30.381
    9.15    .000    .000 -31.217
    9.18    .000    .000 -30.333
    9.21    .000    .001 -29.633
   10.00    .000    .000 -28.976
   10.03    .000    .000 -27.846
   10.06    .000    .000 -27.060
   10.09    .087    .751 -25.104
   10.12    .000    .001 -24.213
   10.15    .000    .000 -22.080
   10.18    .452   3.931 -21.642
   10.21   1.295   6.813 -20.845
   11.00    .145   1.460 -24.263
   11.03   1.243   6.770 -23.753
   11.06   1.681  11.740 -23.383
   11.09    .576   5.828 -22.538
   11.12    .319   3.928 -21.066
   11.15    .000    .008 -20.614
   11.18    .000    .000 -20.582
   11.21    .000    .000 -20.970
   12.00    .000    .000 -18.961
   12.03    .000    .000 -15.332
   12.06    .048    .728 -17.054
   12.09    .625   3.335 -15.889
   12.12    .712   4.057 -14.956
   12.15    .256   1.082 -13.210
   12.18    .000    .000 -13.351
   12.21    .000    .000 -13.087
   13.00    .000    .000 -15.571
   13.03    .000    .000 -18.187
   13.06    .000    .000 -21.038
   13.09    .000    .001 -21.995
   13.12    .000    .003 -22.983
   13.15    .022    .178 -22.177
   13.18    .000    .000 -21.906
   13.21    .000    .001 -22.852
   14.00    .092    .527 -21.906
   14.03    .030    .473 -20.905
   14.06    .543   1.744 -20.245
   14.09    .147   1.004 -19.562
   14.12    .055    .652 -19.591
   14.15    .126   1.005 -21.394
   14.18    .685   4.734 -24.538
   14.21   9.560  11.890 -24.803
   15.00   9.040  13.550 -21.893
   15.03    .000    .000 -17.283
   15.06    .000    .000 -14.031
   15.09    .000    .000 -13.088
   15.12    .000    .000 -12.822
   15.15    .000    .000 -12.965
   15.18    .002    .036 -12.984
   15.21    .000    .000 -11.429
   16.00    .000    .000 -11.493
   16.03    .000    .001 -11.922
   16.06    .000    .001 -11.254
   16.09    .000    .000 -12.112
   16.12    .000    .000 -11.900
   16.15    .000    .000 -10.948
   16.18    .000    .000 -11.276
   16.21   3.255  17.270 -10.926
   17.00    .000    .010 -10.278
   17.03    .053    .792 -10.792
   17.06   4.901   9.390 -11.145
   17.09  10.020  12.850 -14.414
   17.12   1.319  13.060 -16.659
   17.15    .553   3.883 -14.101
   17.18    .282   4.726 -13.268
   17.21    .131    .949 -13.287
   18.00    .039    .296 -12.880
   18.03    .019    .184 -11.057
   18.06    .000    .000 -11.600
   18.09    .094   1.400 -13.145
   18.12    .080    .307 -13.607
   18.15    .016    .201 -19.403
   18.18    .029    .238 -21.700
   18.21   1.934   9.010 -22.626
   19.00   2.694   8.890 -23.138
   19.03    .000    .000 -23.643
   19.06    .002    .039 -23.927
   19.09    .000    .000 -26.201
   19.12    .000    .001 -25.597
   19.15    .000    .000 -29.074
   19.18    .000    .000 -30.167
   19.21    .000    .000 -25.426
   20.00    .000    .000 -24.062
   20.03    .000    .000 -29.104
   20.06    .000    .000 -27.656
   20.09    .000    .000 -28.019
   20.12    .000    .000 -29.461
   20.15    .000    .000 -33.579
   20.18    .000    .000 -30.337
   20.21    .000    .000 -29.326
   21.00    .000    .000 -28.802
   21.03    .000    .000 -29.513
   21.06    .000    .000 -30.795
   21.09    .000    .000 -33.384
   21.12    .000    .000 -34.855
   21.15    .000    .000 -36.707
   21.18    .000    .000 -37.695
   21.21    .000    .000 -38.401
   22.00    .000    .000 -37.428
   22.03    .000    .000 -37.072
   22.06    .000    .000 -37.224
   22.09    .000    .000 -33.846
   22.12    .000    .000 -34.149
   22.15    .000    .000 -32.276
   22.18    .000    .000 -33.273
   22.21    .000    .000 -34.753
   23.00    .000    .000 -34.913
   23.03    .000    .000 -30.425
   23.06    .000    .000 -29.285
   23.09    .000    .000 -31.173
   23.12    .000    .000 -31.657
   23.15    .000    .000 -30.707
   23.18    .000    .000 -33.700
   23.21    .000    .000 -34.025
   24.00    .000    .000 -33.669
   24.03    .000    .000 -34.365
   24.06    .000    .000 -34.042
   24.09    .000    .000 -33.714
   24.12    .000    .000 -34.087
   24.15    .000    .000 -34.241
   24.18    .000    .000 -33.217
   24.21    .000    .001 -34.262
   25.00    .000    .000 -33.098
   25.03    .000    .000 -33.683
   25.06    .000    .000 -34.747
   25.09    .000    .000 -34.519
   25.12    .000    .001 -32.813
   25.15    .000    .000 -32.244
   25.18    .000    .000 -33.987
   25.21    .000    .001 -33.918
   26.00    .000    .001 -35.224
   26.03    .000    .001 -35.284
   26.06    .000    .000 -35.102
   26.09    .000    .001 -34.046
   26.12    .000    .000 -32.711
   26.15    .000    .001 -33.963
   26.18    .000    .000 -33.638
   26.21    .000    .000 -33.262
   27.00    .000    .001 -33.332
   27.03    .000    .000 -33.776
   27.06    .000    .000 -32.026
   27.09    .000    .000 -32.672
   27.12    .000    .000 -31.858
   27.15    .000    .000 -31.043
   27.18    .000    .000 -32.750
   27.21    .000    .000 -32.729
   28.00    .000    .000 -33.901
   28.03    .000    .000 -35.089
   28.06    .000    .000 -36.500
   28.09    .000    .000 -36.978
   28.12    .000    .000 -37.566
   28.15    .000    .000 -36.749
   28.18    .000    .000 -36.441
   28.21    .000    .000 -36.550
   29.00    .000    .000 -35.749
   29.03    .000    .000 -34.638
   29.06    .000    .000 -34.269
   29.09    .000    .000 -33.513
   29.12    .000    .000 -33.017
   29.15    .000    .000 -31.463
   29.18    .000    .000 -31.032
   29.21    .000    .000 -29.352
   30.00    .000    .000 -27.683
   30.03    .000    .000 -25.972
   30.06    .000    .000 -21.439
   30.09    .000    .000 -20.194
   30.12    .000    .000 -19.146
   30.15    .000    .000 -17.392
   30.18    .000    .000 -16.258
   30.21    .000    .000 -15.164
   31.00    .000    .000 -14.649
   31.03    .000    .000 -14.478
   31.06    .000    .000 -15.030
   31.09    .000    .000 -15.142
   31.12    .000    .000 -15.482
   31.15    .000    .000 -17.802
   31.18    .000    .000 -20.199
   31.21    .000    .000 -24.592
   32.00    .000    .000 -29.292
   32.03    .000    .000 -28.942
   32.06    .000    .000 -29.997
   32.09    .000    .000 -32.637
   32.12    .000    .000 -29.830
   32.15    .000    .000 -28.589
   32.18    .000    .000 -33.523
   32.21    .000    .000 -33.045
   33.00    .000    .000 -33.436
   33.03    .000    .000 -32.158
   33.06    .000    .000 -33.499
   33.09    .000    .000 -32.055
   33.12    .000    .000 -32.817
   33.15    .000    .000 -30.890
   33.18    .000    .000 -31.083
   33.21    .000    .000 -35.405
   34.00    .000    .000 -36.005
   34.03    .000    .000 -36.926
   34.06    .000    .000 -35.899
   34.09    .000    .000 -35.676
   34.12    .000    .000 -33.939
   34.15    .000    .000 -33.825
   34.18    .000    .000 -33.168
   34.21    .000    .000 -29.123
   35.00    .000    .000 -29.059
   35.03    .000    .000 -30.535
   35.06    .000    .000 -29.915
   35.09    .000    .000 -31.733
   35.12    .000    .000 -27.540
   35.15    .000    .000 -25.055
   35.18    .000    .000 -24.621
   35.21    .000    .000 -25.161
   36.00    .000    .000 -24.576
   36.03    .000    .000 -26.543
   36.06    .000    .000 -15.933
   36.09    .000    .000 -16.333
   36.12    .000    .000 -14.729
   36.15    .000    .000 -12.947
   36.18    .000    .000 -14.049
   36.21    .000    .000 -14.729
   37.00    .000    .000 -16.542
   37.03    .000    .000 -16.611
   37.06    .000    .000 -15.741
   37.09    .000    .000 -14.820
   37.12    .000    .000 -15.310
   37.15    .000    .000 -16.123
   37.18    .000    .000 -15.922
   37.21    .000    .000 -15.664
   38.00    .000    .000 -16.733
   38.03    .000    .000 -17.418
   38.06    .000    .000 -17.299
   38.09    .000    .000 -16.451
   38.12    .000    .000 -16.844
   38.15    .000    .000 -16.770
   38.18    .000    .000 -17.557
   38.21    .000    .000 -15.884
   39.00    .000    .000 -13.867
   39.03    .000    .000 -13.551
   39.06    .000    .000 -13.087
   39.09    .000    .000 -12.470
   39.12    .000    .000 -13.228
   39.15    .000    .000 -13.908
   39.18    .000    .000 -13.510
   39.21    .000    .000 -13.867
   40.00    .000    .000 -13.005
   40.03    .000    .000 -13.529
   40.06    .000    .000 -12.800
   40.09    .000    .000 -12.964
   40.12    .000    .000 -14.552
   40.15    .000    .000 -11.965
   40.18    .000    .000 -15.063
   40.21    .000    .000 -17.048
   41.00    .000    .000 -19.552
   41.03    .000    .000 -20.526
   41.06    .000    .000 -21.280
   41.09    .000    .000 -17.919
   41.12    .000    .000 -19.830
   41.15    .000    .000 -22.380
   41.18    .000    .000 -23.400
   41.21    .000    .000 -22.516
   42.00    .000    .000 -22.486
   42.03    .000    .000 -23.847
   42.06    .000    .000 -27.815
   42.09    .000    .000 -29.457
   42.12    .000    .000 -23.047
   42.15    .000    .000 -22.031
   42.18    .000    .000 -22.635
   42.21    .000    .000 -28.039
   43.00    .000    .000 -28.620
   43.03    .000    .000 -30.123
   43.06    .000    .000 -30.086
   43.09    .000    .000 -28.008
   43.12    .000    .000 -27.973
   43.15    .000    .000 -28.983
   43.18    .000    .000 -29.837
   43.21    .000    .000 -30.425
   44.00    .000    .000 -29.967
   44.03    .000    .000 -29.491
   44.06    .000    .000 -29.893
   44.09    .000    .000 -31.249
   44.12    .000    .000 -32.715
   44.15    .000    .000 -32.732
   44.18    .000    .000 -32.421
   44.21    .000    .000 -33.381
   45.00    .000    .000 -34.954
   45.03    .000    .000 -34.420
   45.06    .000    .000 -34.672
   45.09    .000    .000 -35.839
   45.12    .000    .000 -35.502
   45.15    .000    .000 -33.714
   45.18    .000    .000 -32.940
   45.21    .000    .000 -33.248
   46.00    .000    .000 -31.578
   46.03    .000    .000 -28.460
   46.06    .000    .000 -27.931
   46.09    .000    .000 -26.547
   46.12    .000    .000 -25.722
   46.15    .000    .000 -26.808
   46.18    .000    .000 -28.399
   46.21    .000    .000 -29.908
   47.00    .000    .000 -32.471
   47.03    .000    .000 -32.841
   47.06    .000    .000 -32.619
   47.09    .000    .000 -32.308
   47.12    .000    .000 -31.998
   47.15    .000    .000 -29.311
   47.18    .000    .000 -28.840
   47.21    .000    .000 -28.915
   48.00    .000    .000 -28.250
   48.03    .000    .000 -27.009
   48.06    .000    .000 -26.020
   48.09    .000    .000 -24.493
   48.12    .000    .000 -23.588
   48.15    .000    .000 -21.357
   48.18    .000    .000 -21.750
   48.21    .000    .000 -22.831
   49.00    .000    .000 -26.217
   49.03    .000    .000 -23.783
   49.06    .000    .000 -21.991
   49.09    .000    .000 -18.297
   49.12    .000    .000 -17.562
   49.15    .000    .000 -14.403
   49.18    .000    .000 -13.849
   49.21    .000    .000 -13.696
   50.00    .000    .000 -14.223
   50.03    .000    .000 -13.372
   50.06    .000    .000 -13.654
   50.09    .000    .000 -12.966
   50.12    .000    .000 -14.803
   50.15    .000    .000 -11.987
   50.18    .000    .000 -12.008
   50.21    .000    .000 -10.749
   51.00    .000    .000 -10.142
   51.03    .000    .000 -10.727
   51.06    .000    .000  -9.522
   51.09    .000    .000 -11.364
   51.12    .000    .000 -10.233
   51.15    .000    .000 -10.278
   51.18    .000    .000  -9.868
   51.21    .000    .000 -11.298
   52.00    .000    .000 -12.154
   52.03    .000    .000 -14.604
   52.06    .000    .000 -14.934
   52.09    .000    .000 -15.867
   52.12    .000    .000 -15.176
   52.15    .000    .000 -13.529
   52.18    .000    .000 -10.436
   52.21    .000    .000 -11.772
   53.00    .000    .000 -15.659
   53.03    .000    .000 -13.329
   53.06    .000    .000 -14.587
   53.09    .000    .000 -13.188
   53.12    .000    .000  -9.892
   53.15    .000    .000  -9.452
   53.18    .000    .000 -12.572
   53.21    .000    .000 -12.613
   54.00    .000    .000 -10.233
   54.03    .000    .000 -10.051
   54.06    .000    .000  -9.335
   54.09    .000    .000  -9.615
   54.12    .000    .000  -8.527
   54.15    .000    .000  -9.359
   54.18    .000    .000 -13.104
   54.21    .000    .000 -14.815
   55.00    .000    .000 -15.159
   55.03    .000    .000 -13.826
   55.06    .000    .000 -14.414
   55.09    .000    .000 -13.666
   55.12    .000    .000 -13.749
   55.15    .000    .000 -12.572
   55.18    .000    .000 -11.878
   55.21    .000    .000 -14.043
   56.00    .000    .000 -14.299
   56.03    .000    .000 -14.911
   56.06    .000    .000 -14.124
   56.09    .000    .000 -13.648
   56.12    .000    .000 -14.316
   56.15    .000    .000 -14.200
   56.18    .000    .000 -14.183
   56.21    .000    .000 -16.589
   57.00    .000    .000 -17.330
   57.03    .000    .000 -17.588
   57.06    .000    .000 -16.322
   57.09    .000    .000 -16.177
   57.12    .000    .000 -16.996
   57.15    .000    .000 -15.812
   57.18    .000    .000 -14.990
   57.21    .000    .000 -16.101
   58.00    .000    .000 -15.554
   58.03    .000    .000 -14.911
   58.06    .000    .000 -15.587
   58.09    .000    .000 -16.770
   58.12    .000    .000 -15.648
   58.15    .000    .000 -13.707
   58.18    .000    .000 -13.731
   58.21    .000    .000 -13.569
   59.00    .000    .000 -13.470
   59.03    .000    .000 -12.922
   59.06    .000    .000 -13.967
   59.09    .000    .000 -13.967
   59.12    .000    .000 -12.217
   59.15    .000    .000 -11.211
   59.18    .000    .000 -10.323
   59.21    .000    .000 -11.406
   60.00    .000    .000 -11.101
   60.03    .000    .000 -11.536
   60.06    .000    .000  -9.983
   60.09    .000    .000 -10.300
   60.12    .000    .000 -11.298
   60.15    .000    .000 -10.323
   60.18    .000    .000 -11.210
   60.21    .000    .000 -14.564
   61.00    .000    .000 -15.159
   61.03    .000    .000 -15.215
   61.06    .000    .000 -18.951
   61.09    .000    .000 -21.928
   61.12    .000    .000 -22.494
   61.15    .000    .000 -22.049
   61.18    .000    .000 -23.280
   61.21    .000    .000 -25.402
   62.00    .000    .000 -26.602
   62.03    .000    .000 -28.292
   62.06    .000    .000 -28.821
   62.09    .000    .000 -32.665
   62.12    .000    .000 -32.718
   62.15    .000    .000 -31.376
   62.18    .000    .000 -32.361
   62.21    .000    .000 -33.485
   63.00    .000    .000 -35.709
   63.03    .000    .000 -35.849
   63.06    .000    .000 -37.794
   63.09    .000    .000 -37.224
   63.12    .000    .000 -37.065
   63.15    .000    .000 -34.025
   63.18    .000    .000 -32.746
   63.21    .000    .000 -38.001
   64.00    .000    .000 -39.588
   64.03    .000    .000 -39.048
   64.06    .000    .000 -36.589
   64.09    .000    .000 -38.873
   64.12    .000    .000 -36.583
   64.15    .000    .000 -30.030
   64.18    .000    .000 -24.484
   64.21    .000    .000 -18.557
   65.00    .000    .000 -15.763
   65.03    .000    .000 -15.873
   65.06    .000    .000 -14.247
   65.09    .000    .000 -12.660
   65.12    .000    .000 -12.199
   65.15    .000    .000 -12.429
   65.18    .000    .000 -13.511
   65.21    .000    .000 -17.899
   66.00    .000    .000 -18.342
   66.03    .000    .000 -21.902
   66.06    .000    .000 -23.673
   66.09    .000    .000 -25.613
   66.12    .000    .000 -26.276
   66.15    .000    .000 -27.823
   66.18    .000    .000 -30.897
   66.21    .000    .000 -35.038
   67.00    .000    .000 -36.546
   67.03    .000    .000 -41.288
   67.06    .000    .000 -40.958
   67.09    .000    .000 -39.773
   67.12    .000    .000 -37.550
   67.15    .000    .000 -33.949
   67.18    .000    .000 -32.926
   67.21    .000    .000 -33.234
   68.00    .000    .000 -32.950
   68.03    .000    .000 -31.416
   68.06    .000    .000 -30.163
   68.09    .000    .000 -28.624
   68.12    .000    .000 -24.426
   68.15    .000    .000 -19.552
   68.18    .000    .000 -16.150
   68.21    .000    .000 -14.689
   69.00    .000    .000 -14.107
   69.03    .000    .000 -13.333
   69.06    .000    .000 -13.949
   69.09    .000    .000 -13.492
   69.12    .000    .000 -14.049
   69.15    .000    .000 -14.569
   69.18    .000    .000 -15.758
   69.21    .000    .000 -20.554
   70.00    .000    .000 -23.413
   70.03    .000    .000 -25.418
   70.06    .000    .000 -23.039
   70.09    .000    .000 -25.803
   70.12    .000    .000 -28.540
   70.15    .000    .000 -27.753
   70.18    .000    .000 -27.753
   70.21    .000    .000 -29.819
   71.00    .000    .000 -30.824
   71.03    .000    .000 -30.542
   71.06    .000    .000 -30.901
   71.09    .000    .000 -28.753
   71.12    .000    .000 -27.695
   71.15    .000    .000 -28.138
   71.18    .000    .000 -28.112
   71.21    .000    .000 -29.689
   72.00    .000    .000 -34.183
   72.03    .000    .000 -34.862
   72.06    .000    .000 -31.880
   72.09    .000    .000 -31.347
   72.12    .000    .000 -29.266
   72.15    .000    .000 -28.307
   72.18    .000    .000 -27.279
   72.21    .000    .000 -32.040
   73.00    .000    .000 -32.080
   73.03    .000    .000 -34.672
   73.06    .000    .000 -34.066
   73.09    .000    .000 -32.087
   73.12    .000    .000 -31.387
   73.15    .000    .000 -29.867
   73.18    .000    .000 -29.315
   73.21    .000    .000 -31.249
   74.00    .000    .000 -33.377
   74.03    .000    .000 -35.190
   74.06    .000    .000 -35.743
   74.09    .000    .000 -36.138
   74.12    .000    .000 -35.759
   74.15    .000    .000 -32.428
   74.18    .000    .000 -31.571
   74.21    .000    .000 -35.609
   75.00    .000    .000 -38.929
   75.03    .000    .000 -39.650
   75.06    .000    .000 -38.154
   75.09    .000    .000 -36.831
   75.12    .000    .000 -34.607
   75.15    .000    .000 -31.890
   75.18    .000    .000 -30.733
   75.21    .000    .000 -32.069
   76.00    .000    .000 -32.069
   76.03    .000    .000 -32.212
   76.06    .000    .000 -32.019
   76.09    .000    .000 -31.851
   76.12    .000    .000 -30.436
   76.15    .000    .000 -27.259
   76.18    .000    .000 -27.087
   76.21    .000    .000 -28.836
   77.00    .000    .000 -28.825
   77.03    .000    .000 -28.646
   77.06    .000    .000 -27.454
   77.09    .000    .000 -26.236
   77.12    .000    .000 -24.045
   77.15    .000    .000 -21.826
   77.18    .000    .000 -21.184
   77.21    .000    .000 -26.867
   78.00    .000    .000 -30.078
   78.03    .000    .000 -31.282
   78.06    .000    .000 -31.854
   78.09    .000    .000 -32.588
   78.12    .000    .000 -31.166
   78.15    .000    .000 -27.521
   78.18    .000    .000 -25.528
   78.21    .000    .000 -27.373
   79.00    .000    .000 -28.821
   79.03    .000    .000 -29.191
   79.06    .000    .000 -29.089
   79.09    .000    .000 -32.683
   79.12    .000    .000 -33.147
   79.15    .000    .000 -30.381
   79.18    .000    .000 -29.014
   79.21    .000    .000 -32.215
   80.00    .000    .000 -33.321
   80.03    .000    .000 -32.626
   80.06    .000    .000 -32.140
   80.09    .000    .000 -32.785
   80.12    .000    .000 -29.889
   80.15    .000    .000 -26.969
   80.18    .000    .000 -26.914
   80.21    .000    .000 -32.073
   81.00    .000    .000 -35.686
   81.03    .000    .000 -36.867
   81.06    .000    .000 -36.263
   81.09    .000    .000 -36.454
   81.12    .000    .000 -33.426
   81.15    .000    .000 -30.608
   81.18    .000    .000 -29.648
   81.21    .000    .000 -31.811
   82.00    .000    .000 -35.959
   82.03    .000    .000 -35.187
   82.06    .000    .000 -34.341
   82.09    .000    .000 -32.957
   82.12    .000    .000 -30.649
   82.15    .000    .000 -26.934
   82.18    .000    .000 -25.803
   82.21    .000    .000 -26.887
   83.00    .000    .000 -27.923
   83.03    .000    .000 -28.490
   83.06    .000    .000 -27.587
   83.09    .000    .000 -27.454
   83.12    .000    .000 -24.845
   83.15    .000    .000 -21.020
   83.18    .000    .000 -18.567
   83.21    .000    .000 -20.330
   84.00    .000    .000 -21.321
   84.03    .000    .000 -19.920
   84.06    .000    .000 -19.600
   84.09    .000    .000 -18.382
   84.12    .000    .000 -14.130
   84.15    .000    .000 -16.413
   84.18    .000    .000 -23.618
   84.21    .000    .000 -23.056
   85.00    .000    .000 -24.563
   85.03    .000    .000 -26.479
   85.06    .000    .000 -27.482
   85.09    .000    .000 -27.079
   85.12    .000    .000 -27.357
   85.15    .000    .000 -24.388
   85.18    .000    .000 -22.713
   85.21    .000    .000 -25.508
   86.00    .000    .000 -27.915
   86.03    .000    .000 -28.215
   86.06    .000    .000 -28.802
   86.09    .000    .000 -28.972
   86.12    .000    .000 -27.749
   86.15    .000    .000 -24.907
   86.18    .000    .000 -24.779
   86.21    .000    .000 -30.418
   87.00    .000    .000 -35.257
   87.03    .000    .000 -35.982
   87.06    .000    .000 -36.369
   87.09    .000    .000 -37.566
   87.12    .000    .000 -34.259
   87.15    .000    .000 -29.621
   87.18    .000    .000 -27.126
   87.21    .000    .000 -32.503
   88.00    .000    .000 -37.515
   88.03    .000    .000 -39.711
   88.06    .000    .000 -40.049
   88.09    .000    .000 -39.650
   88.12    .000    .000 -35.666
   88.15    .000    .000 -30.498
   88.18    .000    .000 -29.621
   88.21    .000    .000 -31.618
   89.00    .000    .000 -33.562
   89.03    .000    .000 -31.826
   89.06    .000    .000 -32.108
   89.09    .000    .000 -30.773
   89.12    .000    .000 -27.357
   89.15    .000    .000 -23.889
   89.18    .000    .000 -22.613
   89.21    .000    .000 -24.125
   90.00    .000    .000 -26.579
   90.03    .000    .000 -26.499
   90.06    .000    .000 -26.193
   90.09    .000    .000 -24.045
   90.12    .000    .000 -20.128
   90.15    .000    .000 -16.112
   90.18    .000    .000 -14.729
   90.21    .000    .000 -17.231
   91.00    .000    .000 -19.725
   91.03    .000    .000 -19.981
   91.06    .000    .000 -22.075
   91.09    .000    .000 -22.327
   91.12    .000    .000 -22.270
   91.15    .000    .000 -20.951
   91.18    .000    .000 -18.892
   91.21    .000    .000 -20.684
   92.00    .000    .000 -24.074
   92.03    .000    .000 -24.985
   92.06    .000    .000 -23.596
   92.09    .000    .000 -22.700
   92.12    .000    .000 -22.168
   92.15    .000    .000 -19.010
   92.18    .000    .000 -16.467
   92.21    .000    .000 -15.960
   93.00    .000    .000 -17.210
   93.03    .000    .000 -16.542
   93.06    .000    .000 -18.041
   93.09    .000    .000 -17.904
   93.12    .000    .000 -16.252
   93.15    .000    .000 -14.478
   93.18    .000    .000 -15.237
   93.21    .000    .000 -21.020
   94.00    .000    .000 -25.633
   94.03    .000    .000 -25.569
   94.06    .000    .000 -25.682
   94.09    .000    .000 -26.479
   94.12    .000    .000 -24.234
   94.15    .000    .000 -23.792
   94.18    .000    .000 -23.319
   94.21    .000    .000 -23.635
   95.00    .000    .000 -25.463
   95.03    .000    .000 -26.133
   95.06    .000    .000 -26.602
   95.09    .000    .000 -23.851
   95.12    .000    .000 -22.726
   95.15    .000    .000 -20.104
   95.18    .000    .000 -19.321
   95.21    .000    .000 -19.432
   96.00    .000    .000 -21.025
   96.03    .000    .000 -19.868
   96.06    .000    .000 -23.306
   96.09    .000    .000 -24.775
   96.12    .000    .000 -22.900
   96.15    .000    .000 -21.025
   96.18    .000    .000 -19.977
   96.21    .000    .000 -20.919
   97.00    .000    .000 -22.354
   97.03    .000    .000 -22.839
   97.06    .000    .000 -23.477
   97.09    .000    .000 -21.579
   97.12    .000    .000 -19.882
   97.15    .000    .000 -18.477
   97.18    .000    .000 -18.626
   97.21    .000    .000 -20.526
   98.00    .000    .000 -22.952
   98.03    .000    .000 -24.721
   98.06    .000    .000 -26.264
   98.09    .000    .000 -26.840
   98.12    .000    .000 -23.438
   98.15    .000    .000 -19.725
   98.18    .000    .000 -18.497
   98.21    .000    .000 -21.134
   99.00    .000    .000 -23.973
   99.03    .000    .000 -24.330
   99.06    .000    .000 -23.293
   99.09    .000    .000 -21.732
   99.12    .000    .000 -18.611
   99.15    .000    .000 -15.142
   99.18    .000    .000 -10.794
   99.21    .000    .000 -10.392
  100.00    .000    .000 -11.146
  100.03    .000    .000 -11.816
  100.06    .000    .000 -11.515
  100.09    .000    .000 -12.697
  100.12    .000    .000 -11.429
  100.15    .000    .000 -10.097
  100.18    .000    .000  -9.891
  100.21    .000    .000 -12.488
  101.00    .000    .000 -15.642
  101.03    .000    .000 -18.552
  101.06    .000    .000 -20.475
  101.09    .000    .000 -21.280
  101.12    .000    .000 -18.809
  101.15    .000    .000 -15.845
  101.18    .000    .000 -14.667
  101.21    .000    .000 -18.317
  102.00    .000    .000 -22.800
  102.03    .000    .000 -22.600
  102.06    .000    .000 -22.674
  102.09    .000    .000 -23.503
  102.12    .000    .000 -20.292
  102.15    .000    .000 -16.285
  102.18    .000    .000 -14.472
  102.21    .000    .000 -15.515
  103.00    .000    .000 -16.589
  103.03    .000    .000 -15.719
  103.06    .000    .000 -14.934
  103.09    .000    .000 -10.882
  103.12    .000    .000  -7.669
  103.15    .000    .000  -6.604
  103.18    .000    .000  -5.281
  103.21    .000    .000  -7.745
  104.00    .000    .000 -12.715
  104.03    .000    .000 -16.568
  104.06    .000    .000 -16.975
  104.09    .000    .000 -18.352
  104.12    .000    .000 -17.500
  104.15    .000    .000 -16.031
  104.18    .000    .000 -15.232
  104.21    .000    .000 -16.801
  105.00    .000    .000 -15.477
  105.03    .000    .000 -14.951
  105.06    .000    .000 -14.990
  105.09    .000    .000 -13.690
  105.12    .000    .000  -8.791
  105.15    .000    .000  -4.981
  105.18    .000    .000  -3.172
  105.21    .000    .000  -3.466
  106.00    .000    .000  -4.570
  106.03    .000    .000  -4.680
  106.06    .000    .000  -5.873
  106.09    .000    .000  -6.965
  106.12    .000    .000  -6.889
  106.15    .000    .000  -6.658
  106.18    .000    .000  -6.658
  106.21    .000    .000  -6.685
  107.00    .000    .000  -7.371
  107.03    .000    .000  -8.503
  107.06    .000    .000 -10.255
  107.09    .000    .000 -10.968
  107.12    .000    .000 -10.435
  107.15    .000    .000  -8.358
  107.18    .000    .000  -8.237
  107.21    .000    .000  -8.648
  108.00    .000    .000  -9.936
  108.03    .000    .000 -18.843
  108.06    .000    .000 -17.634
  108.09    .000    .000 -16.387
  108.12    .000    .000 -13.943
  108.15    .000    .000 -10.209
  108.18    .000    .000  -7.321
  108.21    .000    .000  -7.944
  109.00    .000    .000  -7.944
  109.03    .000    .000  -7.069
  109.06    .000    .000  -5.420
  109.09    .000    .000  -2.353
  109.12    .000    .000  -2.201
  109.15    .000    .000  -2.237
  109.18    .000    .000  -1.794
  109.21    .000    .000  -2.281
  110.00    .000    .000  -3.137
  110.03    .000    .000  -3.883
  110.06    .000    .000  -4.725
  110.09    .000    .000  -5.106
  110.12    .000    .000  -6.197
  110.15    .000    .000  -4.418
  110.18    .000    .000  -3.769
  110.21    .000    .000  -5.616
  111.00    .000    .000  -7.749
  111.03    .000    .000  -7.625
  111.06    .000    .000  -7.098
  111.09    .000    .000  -7.021
  111.12    .000    .000  -5.587
  111.15    .000    .000  -4.051
  111.18    .000    .000  -3.285
  111.21    .000    .000  -4.279
  112.00    .000    .000  -6.513
  112.03    .000    .000  -8.650
  112.06    .000    .000  -8.935
  112.09    .000    .000  -9.357
  112.12    .000    .000  -6.772
  112.15    .000    .000  -4.198
  112.18    .000    .000  -1.040
  112.21    .000    .000  -2.174
  113.00    .000    .000  -5.353
  113.03    .000    .000  -6.381
  113.06    .000    .000  -6.588
  113.09    .000    .000  -6.013
  113.12    .000    .000  -3.940
  113.15    .000    .000  -1.465
  113.18    .000    .000   -.974
  113.21    .000    .000  -2.936
  114.00    .000    .000  -7.150
  114.03    .000    .000  -9.682
  114.06    .000    .000 -10.941
  114.09    .000    .000  -9.544
  114.12    .000    .000  -6.689
  114.15    .000    .000  -3.397
  114.18    .000    .000  -2.726
  114.21    .000    .000  -3.855
  115.00    .000    .000  -6.819
  115.03    .000    .000  -8.911
  115.06    .000    .000 -10.252
  115.09    .000    .000 -10.026
  115.12    .000    .000  -7.500
  115.15    .000    .000  -4.694
  115.18    .000    .000   2.082
  115.21    .000    .000  -7.526
  116.00    .000    .000 -14.877
  116.03    .000    .000 -18.567
  116.06    .000    .000 -14.501
  116.09    .000    .000 -11.142
  116.12    .000    .000 -12.833
  116.15    .000    .000 -10.700
  116.18    .000    .000 -10.342
  116.21    .000    .000 -10.206
  117.00    .000    .000 -10.386
  117.03    .000    .000 -11.827
  117.06    .000    .000 -13.855
  117.09    .000    .000 -11.162
  117.12    .000    .000  -9.497
  117.15    .000    .000  -9.888
  117.18    .000    .000  -9.451
  117.21    .000    .000 -10.205
  118.00    .000    .000  -9.978
  118.03    .000    .000  -9.750
  118.06    .000    .000 -10.831
  118.09    .000    .000 -11.743
  118.12    .000    .000  -8.361
  118.15    .000    .000  -7.602
  118.18    .000    .000  -7.528
  118.21    .000    .000 -11.179
  119.00    .000    .000 -12.473
  119.03    .000    .000 -12.986
  119.06    .000    .000 -11.289
  119.09    .000    .000 -10.654
  119.12    .000    .000  -9.473
  119.15    .000    .000  -7.177
  119.18    .000    .000  -5.991
  119.21    .000    .000  -6.122
  120.00    .000    .000  -7.726
  120.03    .000    .000 -10.564
  120.06    .000    .000 -13.092
  120.09    .000    .000 -12.685
  120.12    .000    .000 -11.784
  120.15    .000    .000  -9.543
  120.18    .000    .000  -7.354
  120.21    .000    .000  -7.202
  121.00    .000    .000  -7.429
  121.03    .000    .000  -8.745
  121.06    .000    .000  -8.384
  121.09    .000    .000  -4.527
  121.12    .000    .000  -2.699
  121.15    .000    .000  -2.281
  121.18    .000    .000  -1.281
  121.21    .000    .000  -3.259
  122.00    .000    .000  -5.538
  122.03    .000    .000  -5.775
  122.06    .000    .000  -4.858
  122.09    .000    .000  -6.118
  122.12    .000    .000  -5.320
  122.15    .000    .000  -3.855
  122.18    .000    .000  -3.137
  122.21    .000    .000  -4.057
  123.00    .000    .000  -7.476
  123.03    .000    .000 -10.765
  123.06    .000    .000 -12.438
  123.09    .000    .000 -12.521
  123.12    .000    .000  -9.544
  123.15    .000    .000  -6.870
  123.18    .000    .000  -6.199
  123.21    .000    .000  -7.996
  124.00    .000    .000 -10.296
  124.03    .000    .000  -9.751
  124.06    .000    .000 -12.706
  124.09    .000    .000 -13.873
  124.12    .000    .000 -11.357
  124.15    .000    .000  -7.600
  124.18    .000    .000  -5.777
  124.21    .000    .000  -6.148
  125.00    .000    .000  -9.773
  125.03    .000    .000 -10.897
  125.06    .000    .000 -14.951
  125.09    .000    .000 -13.990
  125.12    .000    .000 -11.072
  125.15    .000    .000  -8.215
  125.18    .000    .000  -6.407
  125.21    .000    .000  -7.326
  126.00    .000    .000 -13.535
  126.03    .000    .000 -16.499
  126.06    .000    .000 -18.897
  126.09    .000    .000 -15.905
  126.12    .000    .000 -11.551
  126.15    .000    .000  -8.384
  126.18    .000    .000  -5.988
  126.21    .000    .000  -8.239
  127.00    .000    .000 -13.831
  127.03    .000    .000 -17.116
  127.06    .000    .000 -16.573
  127.09    .000    .000 -15.187
  127.12    .000    .000 -12.793
  127.15    .000    .000 -10.922
  127.18    .000    .000  -9.521
  127.21    .000    .000 -10.876
  128.00    .000    .000 -15.382
  128.03    .000    .000 -16.552
  128.06    .000    .000 -12.647
  128.09    .000    .000 -11.097
  128.12    .000    .000  -9.498
  128.15    .000    .000  -6.945
  128.18    .000    .000  -6.666
  128.21    .000    .000  -7.326
  129.00    .000    .000 -12.228
  129.03    .051    .842 -13.497
  129.06   6.261  10.290 -13.257
  129.09   9.890  11.530 -13.259
  129.12  11.430  11.920 -11.445
  129.15   8.740  10.280  -7.896
  129.18   5.604   7.060  -5.960
  129.21   1.122   2.759  -7.946
  130.00   2.645   4.562 -14.455
  130.03   6.442   8.400 -14.973
  130.06   8.850   9.380 -15.315
  130.09  10.480  11.430 -13.820
  130.12  11.070  12.340  -9.866
  130.15  10.920  11.530  -6.380
  130.18   9.420  10.790  -4.995
  130.21   9.170   9.940  -5.159
  131.00  10.430  11.860  -7.550
  131.03  11.970  13.100 -10.432
  131.06  12.870  13.350 -10.522
  131.09  13.910  14.570  -9.728
  131.12  14.630  15.010  -7.698
  131.15  13.870  14.640  -5.322
  131.18  12.200  13.970  -4.057
  131.21   9.840  10.930  -4.503
  132.00   8.530   9.320  -6.614
  132.03   8.870   9.550  -6.093
  132.06   9.880  10.670  -7.550
  132.09   9.420  10.430  -5.775
  132.12   7.970   9.000  -3.965
  132.15   8.390   9.200  -2.549
  132.18   9.270   9.680  -1.216
  132.21   9.760  11.070  -1.921
  133.00  11.330  12.030  -2.602
  133.03  11.850  14.070  -5.668
  133.06  14.100  15.640  -5.048
  133.09  12.420  14.610  -3.509
  133.12  10.080  11.770  -2.451
  133.15   4.435  10.830   -.485
  133.18   8.520  10.740    .119
  133.21   7.590  11.100   -.045
  134.00   6.276   7.370  -2.129
  134.03   6.977   8.640  -1.794
  134.06   7.130   9.140  -2.192
  134.09   6.298   7.830  -2.513
  134.12   6.428   8.630  -2.039
  134.15   6.386   7.880   -.084
  134.18   4.731   6.085    .439
  134.21   4.655   6.803    .167
  135.00   9.230  11.160  -1.002
  135.03  10.920  12.370  -1.803
  135.06  11.140  11.580  -3.050
  135.09   9.510  10.050  -3.285
  135.12   9.180  10.240  -2.102
  135.15   8.490   9.960    .469
  135.18   5.325   7.330   1.130
  135.21   3.152   4.144   1.250
  136.00   4.281   5.528  -2.380
  136.03   6.460   7.550  -6.486
  136.06   7.250   8.750  -6.251
  136.09   8.690   9.570  -4.221
  136.12   8.300   9.070   -.683
  136.15   6.610   7.860    .665
  136.18   5.694   7.200   1.260
  136.21   3.171   5.970    .892
  137.00   2.256   5.767   -.561
  137.03   1.155   6.290  -5.403
  137.06    .293   2.992  -6.458
  137.09   5.095   9.820  -4.554
  137.12   7.690   9.700  -1.976
  137.15   5.755   7.450    .400
  137.18   3.125   5.416    .793
  137.21   1.908   3.992    .390
  138.00   1.972   4.635   -.256
  138.03   3.877   4.715  -1.557
  138.06   2.568   4.565  -3.024
  138.09    .240   1.152  -3.569
  138.12    .473   1.769  -2.664
  138.15   2.016   4.567  -3.371
  138.18   3.762   5.727  -4.532
  138.21   6.867   8.030  -5.460
  139.00   6.642   8.210  -6.460
  139.03   5.987   6.822  -7.351
  139.06   3.632   5.044  -7.700
  139.09   4.011   5.262  -7.625
  139.12   2.240   3.387  -6.640
  139.15   1.272   2.891  -3.855
  139.18    .705   2.201  -5.828
  139.21    .988   2.912  -5.131
  140.00   1.782   3.614  -6.894
  140.03   3.844   8.770  -9.544
  140.06   8.190   9.660  -9.147
  140.09   7.340   9.470  -8.238
  140.12   3.062  10.250  -7.046
  140.15   8.410  10.840  -5.237
  140.18   6.738   7.650  -4.938
  140.21   5.799   6.957  -4.552
  141.00   2.532   3.698  -6.996
  141.03   2.127   4.442  -7.122
  141.06   1.226   4.505  -5.773
  141.09   4.181   6.684  -5.318
  141.12   7.470   8.830  -3.620
  141.15   9.260  10.170  -1.740
  141.18   7.730  10.900  -1.594
  141.21   7.620  10.330  -1.373
  142.00   5.930   8.930  -1.529
  142.03   8.030  10.170  -2.075
  142.06   6.412   9.040  -2.699
  142.09   6.358  10.090  -2.726
  142.12   7.230  10.540  -2.192
  142.15   8.960  10.740   -.712
  142.18  10.070  10.920    .186
  142.21   8.930  10.160   -.208
  143.00   7.540   8.940  -2.075
  143.03   7.800   8.740  -6.145
  143.06   9.100   9.730  -7.847
  143.09   8.750   9.900  -7.274
  143.12   8.240   9.850  -4.663
  143.15   7.880   8.890  -1.456
  143.18   5.495   7.570   -.749
  143.21   3.822   4.998  -2.637
  144.00   6.711   8.360  -6.304
  144.03   9.100   9.920  -8.720
  144.06   4.597  10.910 -10.094
  144.09   6.791  10.370  -9.194
  144.12  10.320  12.080  -5.882
  144.15   7.600   9.270  -3.085
  144.18   6.374   9.190  -1.776
  144.21   8.320   9.390  -2.326
  145.00   9.280  10.800  -4.614
  145.03  11.580  12.440  -7.326
  145.06  13.010  13.670  -8.911
  145.09  13.660  14.490  -8.649
  145.12  12.450  12.950  -6.379
  145.15  11.710  12.240  -3.569
  145.18   9.930  10.970  -1.621
  145.21   7.860   8.790  -2.646
  146.00   8.330   9.280  -6.302
  146.03   8.520   9.390  -9.980
  146.06   9.600  10.630 -10.655
  146.09  10.410  10.780  -9.659
  146.12   9.520   9.910  -6.042
  146.15   8.620   9.120  -3.198
  146.18   7.800   8.570  -1.438
  146.21   6.508   7.220  -3.050
  147.00   7.110   7.900  -6.538
  147.03   7.090   8.080  -7.651
  147.06   8.090   9.000  -8.021
  147.09   9.170  10.160  -7.252
  147.12  10.280  10.830  -4.560
  147.15   9.290  10.000  -1.410
  147.18   7.560   8.440   -.199
  147.21   7.490   8.220  -1.114
  148.00   7.950   8.550  -3.637
  148.03   9.020  10.060  -5.649
  148.06   9.600  10.430  -4.510
  148.09   6.940   9.090  -2.770
  148.12   7.670  10.410   -.787
  148.15  11.510  12.720    .645
  148.18  11.260  11.700   1.371
  148.21  11.610  12.580   1.572
  149.00  11.560  12.310   1.300
  149.03   9.590  10.390    .186
  149.06   7.600   9.060  -1.758
  149.09   5.498   7.730  -1.207
  149.12   3.729   4.584   -.266
  149.15   3.066   3.581   -.485
  149.18   3.244   4.071  -1.465
  149.21   5.051   5.771  -3.371
  150.00   5.692   7.370  -4.270
  150.03   7.210   7.700  -5.362
  150.06   8.890  10.610  -8.339
  150.09   8.150   9.820  -7.950
  150.12   6.745   7.720  -6.543
  150.15   4.389   9.090  -6.568
  150.18   8.850   9.820  -6.645
  150.21   7.610   9.070  -7.230
  151.00   5.063   7.490  -7.381
  151.03   2.959   4.543  -7.205
  151.06   5.094   6.123  -6.901
  151.09   6.083   6.919  -6.154
  151.12   6.834   7.460  -5.359
  151.15   8.110   8.610  -4.429
  151.18   7.950   8.460  -3.953
  151.21   7.340   7.760  -4.236
  152.00   8.080   9.050  -7.180
  152.03   9.400  10.280 -11.046
  152.06   9.320   9.770 -12.697
  152.09  10.230  10.800 -10.893
  152.12  10.000  11.010  -7.479
  152.15   7.840   8.780  -3.953
  152.18   5.709   7.060  -2.335
  152.21   3.664   5.328  -1.849
  153.00   5.227   6.198  -3.586
  153.03   6.717   7.880  -5.466
  153.06   9.130  10.150  -7.629
  153.09  10.080  11.040  -8.745
  153.12  10.380  11.460  -7.776
  153.15  10.810  11.590  -6.074
  153.18   9.630  10.650  -4.897
  153.21   6.688   7.680  -4.951
  154.00   6.043   6.419  -8.935
  154.03   7.790   8.870 -11.628
  154.06   8.160   9.460 -13.543
  154.09   9.980  10.340 -12.221
  154.12   9.910  10.460  -9.566
  154.15   9.420  10.210  -7.204
  154.18   8.060   8.840  -5.466
  154.21   5.738   6.728  -5.838
  155.00   4.778   5.752  -9.403
  155.03   6.449   7.520 -14.060
  155.06   8.390   9.500 -14.159
  155.09   8.750   9.360 -12.514
  155.12   8.860   9.920 -10.137
  155.15   7.690   8.260  -6.592
  155.18   6.570   7.710  -4.786
  155.21   3.565   5.183  -5.112
  156.00   4.793   5.936 -10.318
  156.03   6.138   6.717 -14.177
  156.06   8.400   9.490 -14.351
  156.09  11.040  12.180 -12.699
  156.12  10.490  11.260  -9.100
  156.15   9.600  10.630  -5.889
  156.18   7.290   8.180  -4.429
  156.21   4.561   6.092  -5.410
  157.00   5.442   6.137  -9.588
  157.03   6.476   7.110 -13.286
  157.06   7.710   8.930 -13.861
  157.09   8.230   9.280 -11.651
  157.12   8.950   9.430  -8.840
  157.15   8.340   9.130  -6.074
  157.18   6.509   7.730  -5.061
  157.21   5.115   6.123  -6.154
  158.00   4.194   6.093 -10.849
  158.03   7.480   8.920 -11.821
  158.06   6.738  10.150 -11.673
  158.09  11.200  12.040 -10.136
  158.12  10.400  11.260  -7.505
  158.15  11.400  12.030  -4.979
  158.18  10.410  11.710  -3.241
  158.21  10.110  10.900  -4.095
  159.00   9.330  10.120  -6.594
  159.03   9.560  10.680  -8.266
  159.06  10.350  11.110  -6.569
  159.09  10.490  11.680  -5.812
  159.12  11.090  11.710  -5.032
  159.15   8.150   9.970  -6.020
  159.18   7.130   8.140  -4.178
  159.21   4.689   6.406  -4.261
  160.00   5.700   6.804  -7.027
  160.03   7.150   7.820  -7.579
  160.06   8.000   8.530  -8.578
  160.09   8.770   9.540  -7.703
  160.12  11.210  12.120  -5.357
  160.15  11.450  12.290  -3.500
  160.18  12.590  13.900  -1.785
  160.21  12.640  14.060  -2.156
  161.00  12.330  14.080  -3.154
  161.03  11.280  12.170  -4.236
  161.06   9.900  11.080  -4.236
  161.09  10.510  11.750  -4.761
  161.12   9.380  10.570  -3.756
  161.15   5.900   8.610  -1.639
  161.18   5.993   7.540  -4.123
  161.21   6.668   7.560  -6.232
  162.00   7.230   8.250  -8.531
  162.03   6.171   6.869  -8.674
  162.06   5.464   6.443  -7.900
  162.09   3.580   4.364  -7.727
  162.12   4.773   6.552  -7.179
  162.15   5.874   6.545  -5.225
