  162.18   5.407   5.579  -4.399
  162.21   4.342   5.469  -5.331
  163.00   4.659   4.976  -7.320
  163.03   5.588   6.439 -12.426
  163.06   6.704   8.230 -13.088
  163.09   6.677   8.330 -11.104
  163.12   5.274   5.977  -7.317
  163.15   3.238   4.536  -1.575
  163.18    .933   1.547  -1.133
  163.21   2.532   3.696  -4.560
  164.00   2.712   3.461  -7.266
  164.03   3.700   4.452  -9.147
  164.06   4.164   4.528  -7.817
  164.09   4.542   5.014  -7.417
  164.12   3.804   5.008  -5.893
  164.15   2.756   3.760  -1.667
  164.18   2.397   3.444  -3.854
  164.21   3.200   4.383  -6.180
  165.00   5.898   8.160 -10.144
  165.03   9.590  10.360 -10.685
  165.06  11.910  13.500 -10.326
  165.09  14.070  15.040  -8.454
  165.12  13.870  14.560  -6.025
  165.15  12.300  13.780  -2.840
  165.18  10.580  11.680    .264
  165.21  10.720  12.030    .734
  166.00  12.950  13.710    .148
  166.03  11.790  13.440    .882
  166.06  11.380  12.750    .517
  166.09  12.350  12.940    .684
  166.12  10.040  12.670    .488
  166.15   6.452   7.830    .283
  166.18   5.068   5.862  -1.803
  166.21   6.797   8.050  -4.717
  167.00   6.781   7.770  -6.150
  167.03   3.977   5.809  -5.536
  167.06   4.730   5.608  -3.984
  167.09   6.926   7.800  -3.984
  167.12   6.687   9.060  -2.165
  167.15   9.060  10.180  -2.406
  167.18   7.600   9.700  -4.604
  167.21   2.064   5.881  -2.406
  168.00   4.499   7.300  -3.405
  168.03   5.390   7.180  -3.466
  168.06   2.575   5.068  -6.096
  168.09   2.060   2.845  -4.126
  168.12   1.056   2.671  -2.971
  168.15   2.102   3.326  -1.207
  168.18   1.876   3.808  -3.380
  168.21   3.211   4.230  -3.841
  169.00   3.856   4.663  -3.898
  169.03   4.468   5.202  -8.862
  169.06   4.681   5.520  -9.100
  169.09   5.397   6.169  -5.237
  169.12   6.439   7.130  -3.669
  169.15   6.452   6.873  -1.179
  169.18   2.060   6.592   -.646
  169.21    .000    .000   -.834
  170.00    .000    .000  -3.267
  170.03   6.178   7.170  -6.464
  170.06   8.290   9.080  -7.539
  170.09   8.370   9.130  -6.749
  170.12   8.710   9.350  -4.126
  170.15   8.400   8.990  -1.767
  170.18   4.734   7.840   -.806
  170.21    .000    .000    .264
  171.00    .098   1.764  -3.898
  171.03   5.605   6.606  -6.724
  171.06   6.768   7.330  -8.452
  171.09   7.340   8.030  -6.852
  171.12   7.170   7.930  -3.120
  171.15   3.727   6.737  -2.138
  171.18    .000    .000  -1.767
  171.21    .000    .000  -1.831
  172.00    .000    .002  -1.520
  172.03   1.882   2.736  -3.146
  172.06   3.015   4.056  -2.012
  172.09   3.538   4.307  -3.319
  172.12   3.351   4.165  -2.822
  172.15   4.226   4.933  -4.853
  172.18   3.816   4.320  -4.351
  172.21   3.531   4.002  -4.126
  173.00   2.245   3.395  -6.254
  173.03   1.911   3.925  -5.724
  173.06   2.219   3.284  -5.963
  173.09   4.247   5.639  -6.412
  173.12   5.534   6.957  -5.182
  173.15   7.580   8.960  -5.045
  173.18   9.300  10.250  -2.734
  173.21   5.720   7.240  -3.345
  174.00   6.649   7.330  -6.568
  174.03   8.410   9.370  -9.029
  174.06   9.270  10.230  -7.789
  174.09  10.030  10.590  -5.073
  174.12  11.550  12.720  -5.045
  174.15  11.210  12.480  -2.699
  174.18   9.470  10.040   -.927
  174.21   9.560   9.920   -.256
  175.00   7.600   9.030  -1.086
  175.03   6.022   6.576  -1.428
  175.06   7.670   9.150  -1.299
  175.09   7.310   8.290   -.740
  175.12   4.435   7.530   -.161
  175.15    .000    .001   -.740
  175.18    .000    .001    .099
  175.21    .000    .001   -.513
  176.00    .000    .001    .586
  176.03    .004    .046    .724
  176.06    .045    .553    .488
  176.09    .000    .002    .557
  176.12    .000    .000   1.090
  176.15    .000    .001   1.361
  176.18    .000    .000   1.592
  176.21    .000    .000   1.867
  177.00    .000    .001    .390
  177.03    .000    .000  -1.151
  177.06  11.690  14.670  -2.558
  177.09  14.130  15.600  -2.219
  177.12    .184   3.318    .167
  177.15    .000    .001  -1.207
  177.18    .000    .001  -2.611
  177.21    .000    .001  -2.796
  178.00    .172   3.090  -5.374
  178.03   5.233   6.769  -7.888
  178.06   6.755   7.510  -6.955
  178.09   6.810   7.290  -4.797
  178.12   6.178   7.360  -1.612
  178.15    .000    .001   -.323
  178.18    .000    .000    .390
  178.21    .000    .001   2.422
  179.00    .000    .000  -2.849
  179.03    .349   3.472  -2.611
  179.06   3.960   4.456  -4.239
  179.09   2.784   3.249  -4.631
  179.12   2.095   3.871  -3.354
  179.15    .000    .003  -2.558
  179.18    .000    .000  -1.648
  179.21    .002    .010  -1.584
  180.00    .000    .003  -2.469
  180.03   3.804   7.530  -2.849
  180.06   5.726   6.695  -2.708
  180.09   5.491   6.252  -2.522
  180.12   3.517   5.815  -1.767
  180.15    .000    .001  -1.336
  180.18    .000    .002  -2.734
  180.21    .000    .001  -3.927
  181.00    .000    .000  -4.519
  181.03   4.027   5.754  -5.182
  181.06   4.455   5.172  -4.323
  181.09   4.741   5.759  -4.491
  181.12   6.359   7.010  -3.380
  181.15   7.370   8.530  -2.884
  181.18   2.717   6.683  -1.767
  181.21    .001    .013  -3.841
  182.00    .065   1.147  -7.739
  182.03   6.399   8.040  -8.694
  182.06   8.930   9.500  -8.257
  182.09   8.990   9.750  -6.254
  182.12   8.980   9.680  -4.040
  182.15   9.220  10.130  -1.179
  182.18   4.535  10.390    .003
  182.21    .000    .001   -.036
  183.00    .003    .025   -.768
  183.03   1.692   6.380  -1.244
  183.06   3.007   6.467  -2.822
  183.09   4.310  11.040  -4.040
  183.12   7.760   9.420  -2.522
  183.15   6.408   7.570  -2.138
  183.18   6.417   7.760  -2.460
  183.21   5.229   7.250  -3.841
  184.00   4.855   5.428  -3.811
  184.03   4.851   5.910  -4.713
  184.06   3.802   4.849  -4.769
  184.09   2.995   3.511  -4.295
  184.12   4.396   5.658  -2.884
  184.15   4.503   5.277  -2.039
  184.18   5.308   6.903  -2.406
  184.21   3.856   4.839  -3.059
  185.00   3.463   4.775  -6.852
  185.03   7.050   8.920  -9.359
  185.06   8.670   9.930  -9.872
  185.09   9.990  10.980  -6.175
  185.12   9.630  10.410  -1.364
  185.15   8.290  10.450    .892
  185.18   6.117   7.320    .264
  185.21   6.614   7.170    .390
  186.00   6.770   9.410   1.050
  186.03   6.574   7.270   1.361
  186.06   7.890   8.420   1.461
  186.09   8.570   9.130   1.704
  186.12   9.270  10.690   1.979
  186.15  10.030  11.470    .753
  186.18   7.930   9.250    .951
  186.21   5.959   7.400   1.461
  187.00   7.210   8.060   1.461
  187.03   8.290   8.710   2.041
  187.06   7.660   9.010    .517
  187.09   7.200   8.430   1.320
  187.12   8.150   8.740   1.734
  187.15   7.580   8.210   2.143
  187.18   7.850   9.340   1.320
  187.21   7.340   8.270   1.663
  188.00   8.090   8.820   2.495
  188.03   8.970   9.970   1.836
  188.06   9.450  10.720   1.190
  188.09  10.270  12.030    .459
  188.12  11.140  12.260   1.969
  188.15  10.340  11.940   3.274
  188.18   9.420  10.440   2.247
  188.21   9.640  10.390   2.662
  189.00   9.710  10.740   2.454
  189.03   8.710   9.540   2.288
  189.06   8.470   9.740   1.623
  189.09   9.610  10.400   2.113
  189.12   9.420  10.180   2.288
  189.15   8.290   9.250   2.319
  189.18   7.120   8.230   1.897
  189.21   6.861   7.940   2.113
  190.00   5.606   6.648   1.350
  190.03   5.354   5.833    .351
  190.06   5.362   5.642   -.199
  190.09   6.010   6.406   1.150
  190.12   6.454   7.600   1.836
  190.15   6.030   6.412   2.319
  190.18   5.583   6.079   1.795
  190.21   4.187   5.147   1.150
  191.00   3.976   4.409    .420
  191.03   4.723   5.198  -1.767
  191.06   5.378   6.116  -2.317
  191.09   6.006   6.393   -.485
  191.12   5.530   5.847   1.867
  191.15   4.713   5.436   1.491
  191.18   4.168   4.964   1.120
  191.21   3.684   4.124   1.391
  192.00   4.140   4.632   1.220
  192.03   4.560   5.585   1.623
  192.06   5.249   6.510   1.190
  192.09   5.948   6.657   1.532
  192.12   6.314   6.667   1.663
  192.15   5.878   6.069   1.391
  192.18   5.653   6.060   1.522
  192.21   6.046   6.656   1.150
  193.00   6.098   6.648   1.290
  193.03   6.215   6.712   1.532
  193.06   6.445   6.972   1.461
  193.09   6.799   9.910   -.199
  193.12   9.800  10.450    .921
  193.15   8.310   9.280   1.765
  193.18   8.210   8.620   1.694
  193.21   7.520   7.990   1.694
  194.00   7.720   8.420   1.150
  194.03   9.200  10.300   -.065
  194.06  10.160  11.130   -.617
  194.09   6.651  12.210 -13.038
  194.12    .000    .000   1.120
  194.15    .000    .001  -7.764
  194.18    .000    .001  -7.714
  194.21    .000    .000  -8.355
  195.00    .000    .000  -8.549
  195.03    .000    .001  -7.963
  195.06    .000    .001   -.256
  195.09    .000    .001   -.768
  195.12    .001    .019  -2.910
  195.15    .000    .001  -4.937
  195.18    .000    .000  -5.101
  195.21    .000    .001  -4.604
  196.00    .000    .001  -5.964
  196.03    .000    .001  -8.012
  196.06    .000    .001 -10.215
  196.09    .000    .007 -10.621
  196.12    .000    .000  -8.814
  196.15    .000    .000  -1.831
  196.18    .000    .001  -1.985
  196.21    .000    .001  -8.379
  197.00    .000    .000  -6.254
  197.03    .000    .001  -8.086
  197.06    .000    .001  -7.236
  197.09    .000    .001  -6.775
  197.12    .000    .001  -2.192
  197.15    .000    .001  -6.202
  197.18    .000    .001  -5.751
  197.21    .000    .000  -5.428
  198.00    .000    .001  -5.128
  198.03    .000    .001  -4.742
  198.06    .000    .000  -5.616
  198.09    .000    .000  -2.469
  198.12    .000    .001  -5.319
  198.15    .000    .000  -3.637
  198.18    .000    .000  -4.436
  198.21    .000    .001  -5.265
  199.00    .000    .000  -1.428
  199.03    .000    .001  -5.670
  199.06    .000    .001  -5.724
  199.09    .000    .000  -5.073
  199.12    .000    .001  -1.021
  199.15    .000    .001  -1.058
  199.18    .000    .001  -3.181
  199.21    .000    .000  -2.884
  200.00    .000    .001  -3.293
  200.03    .000    .000  -3.146
  200.06    .000    .001  -3.637
  200.09    .000    .001  -3.354
  200.12    .000    .000  -1.676
  200.15    .000    .001  -2.822
  200.18    .000    .001  -1.740
  200.21    .000    .001  -3.813
  201.00    .000    .000  -2.849
  201.03    .000    .001  -3.841
  201.06    .000    .000  -2.708
  201.09    .000    .000  -3.354
  201.12    .000    .001  -2.884
  201.15    .000    .000  -1.207
  201.18    .000    .001  -1.712
  201.21    .000    .000   -.228
  202.00    .000    .001  -1.557
  202.03    .000    .000  -2.558
  202.06    .000    .004   -.228
  202.09    .000    .001   -.295
  202.12    .000    .001    .390
  202.15    .000    .001    .911
  202.18    .000    .001  -1.740
  202.21    .000    .001    .783
  203.00    .000    .001    .488
  203.03    .000    .001    .557
  203.06    .000    .000    .882
  203.09    .000    .001   1.836
  203.12    .316   4.074   1.867
  203.15   9.650  11.410   1.592
  203.18   7.050  11.640   2.205
  203.21   1.325   4.600   2.631
  204.00    .000    .001    .911
  204.03    .000    .002   -.132
  204.06   4.653   8.230   -.161
  204.09   1.904   8.320    .351
  204.12   3.153   8.170   1.320
  204.15    .000    .004   1.724
  204.18   1.611   5.049   1.280
  204.21    .000    .002   1.592
  205.00    .000    .001    .783
  205.03    .000    .001    .032
  205.06    .000    .001    .090
  205.09    .000    .001   -.993
  205.12    .000    .000    .293
  205.15    .000    .001    .225
  205.18    .000    .001    .283
  205.21    .000    .000    .022
  206.00    .000    .000    .254
  206.03    .211   1.410   -.361
  206.06   2.593   5.036   -.418
  206.09   3.064   6.757   -.103
  206.12    .000    .006   -.361
  206.15    .000    .001   -.993
  206.18    .000    .000  -1.557
  206.21    .000    .001  -1.557
  207.00   1.568   4.476  -1.803
  207.03   2.540   4.287  -1.676
  207.06    .003    .035  -1.703
  207.09    .000    .000   -.956
  207.12    .000    .000   -.228
  207.15    .000    .000    .254
  207.18    .000    .000    .615
  207.21    .000    .000   -.551
  208.00    .000    .000  -3.241
  208.03    .000    .000  -7.007
  208.06    .000    .000  -8.379
  208.09    .000    .000  -7.185
  208.12    .000    .000  -3.293
  208.15    .000    .000   -.323
  208.18    .000    .000   -.899
  208.21    .000    .000  -1.336
  209.00    .000    .000  -2.858
  209.03    .000    .000  -5.292
  209.06    .000    .000  -4.908
  209.09    .000    .000  -4.351
  209.12    .000    .000   -.834
  209.15    .000    .000   1.765
  209.18    .000    .000   2.000
  209.21    .000    .000   1.391
  210.00    .000    .000    .714
  210.03    .000    .000  -1.858
  210.06    .000    .000  -4.351
  210.09    .000    .000  -2.673
  210.12    .000    .000  -1.086
  210.15    .000    .000    .420
  210.18    .000    .000   1.180
  210.21    .000    .000   1.592
  211.00    .000    .000   1.050
  211.03    .000    .000    .090
  211.06    .001    .012    .753
  211.09    .000    .000    .753
  211.12    .000    .001   1.350
  211.15    .000    .001   1.451
  211.18    .000    .000   1.391
  211.21    .000    .000   1.350
  212.00    .000    .000    .322
  212.03    .000    .000    .351
  212.06    .000    .000    .351
  212.09    .000    .001   1.021
  212.12    .000    .000   1.290
  212.15    .000    .000    .783
  212.18    .000    .001    .186
  212.21    .000    .000   -.323
  213.00    .000    .000   -.295
  213.03    .000    .000   -.161
  213.06    .000    .000   -.617
  213.09    .000    .000  -1.364
  213.12    .000    .000  -1.493
  213.15    .000    .000  -1.428
  213.18    .000    .000  -1.244
  213.21    .000    .000   -.937
  214.00    .000    .000  -2.012
  214.03    .000    .000  -2.522
  214.06    .000    .000  -5.073
  214.09    .000    .000  -3.784
  214.12    .000    .000  -1.272
  214.15    .000    .000   -.228
  214.18    .000    .000  -1.465
  214.21    .000    .000  -1.438
  215.00    .000    .000  -2.734
  215.03    .000    .000  -4.155
  215.06    .000    .000  -6.878
  215.09    .000    .000  -3.492
  215.12    .000    .000  -2.611
  215.15    .000    .000   -.993
  215.18    .000    .000   -.646
  215.21    .000    .000  -3.094
  216.00    .000    .000  -3.293
  216.03    .000    .000  -5.400
  216.06    .000    .000  -5.209
  216.09    .000    .000  -6.069
  216.12    .000    .000  -3.440
  216.15    .000    .000   -.456
  216.18    .000    .004   1.260
  216.21    .000    .004   1.090
  217.00    .000    .000   1.120
  217.03    .000    .000   2.288
  217.06    .000    .000   2.350
  217.09    .000    .001   2.495
  217.12    .000    .000   2.526
  217.15    .000    .000   1.623
  217.18    .000    .000    .557
  217.21    .000    .000   1.150
  218.00    .000    .000    .615
  218.03    .000    .000   -.295
  218.06    .000    .000   -.456
  218.09    .000    .000   -.513
  218.12    .000    .000   -.646
  218.15    .000    .000  -1.894
  218.18    .000    .000  -1.493
  218.21    .000    .000  -1.123
  219.00    .000    .000  -1.309
  219.03    .000    .000  -1.703
  219.06    .000    .000  -1.703
  219.09    .000    .000  -1.831
  219.12    .000    .000  -1.401
  219.15    .000    .000  -1.179
  219.18    .000    .000   -.927
  219.21    .000    .000  -1.612
  220.00    .000    .000   -.806
  220.03    .000    .000   -.956
  220.06    .000    .000  -1.151
  220.09    .000    .000   -.768
  220.12    .000    .000  -1.021
  220.15    .000    .000  -1.123
  220.18    .000    .000   -.485
  220.21    .000    .000   -.361
  221.00    .000    .000  -1.244
  221.03    .000    .000   -.927
  221.06    .000    .000  -2.075
  221.09    .000    .000  -2.255
  221.12    .000    .000  -2.495
  221.15    .000    .000  -2.255
  221.18    .000    .000  -2.344
  221.21    .000    .000  -3.405
  222.00    .000    .000  -3.492
  222.03    .000    .000  -3.380
  222.06    .000    .000  -3.319
  222.09    .000    .000  -2.734
  222.12    .000    .000   -.899
  222.15    .000    .000   2.319
  222.18    .000    .000  -2.012
  222.21    .000    .000   -.965
  223.00    .000    .000  -4.155
  223.03    .000    .000  -5.073
  223.06    .000    .000  -5.263
  223.09    .000    .000  -5.481
  223.12    .000    .000  -2.039
  223.15    .000    .000    .921
  223.18    .000    .000   2.143
  223.21    .000    .000   1.765
  224.00    .000    .000   1.391
  224.03    .000    .000    .459
  224.06    .000    .000    .196
  224.09    .000    .000    .724
  224.12    .000    .000   1.090
  224.15    .000    .000    .822
  224.18    .000    .000    .981
  224.21    .000    .000   1.391
  225.00    .000    .000   1.021
  225.03    .000    .000   -.361
  225.06    .000    .000    .157
  225.09    .000    .000    .128
  225.12    .000    .000    .684
  225.15    .000    .000   1.150
  225.18    .000    .001    .254
  225.21    .000    .000    .186
  226.00    .000    .001   -.295
  226.03    .000    .000    .225
  226.06    .000    .001   -.256
  226.09    .000    .000  -1.401
  226.12    .000    .001   -.927
  226.15    .000    .001    .128
  226.18    .000    .000    .022
  226.21    .000    .000   -.103
  227.00    .000    .000  -1.151
  227.03    .000    .000  -2.469
  227.06    .000    .000  -2.734
  227.09    .000    .001  -2.255
  227.12    .000    .000   -.256
  227.15    .000    .000    .254
  227.18    .000    .000    .351
  227.21    .000    .001   1.150
  228.00    .000    .000    .449
  228.03    .000    .000   -.485
  228.06    .000    .000  -1.021
  228.09    .000    .000   -.646
  228.12    .000    .000   -.323
  228.15    .000    .000    .420
  228.18    .000    .001    .517
  228.21    .000    .000   1.250
  229.00    .000    .000    .090
  229.03    .000    .001    .351
  229.06    .000    .000    .157
  229.09    .000    .000    .196
  229.12    .000    .000   -.228
  229.15    .000    .000   -.390
  229.18    .000    .000   -.456
  229.21    .000    .000   -.580
  230.00    .000    .000  -1.281
  230.03    .000    .000  -1.493
  230.06    .000    .000  -1.123
  230.09    .000    .000   -.768
  230.12    .000    .000    .822
  230.15    .000    .000  -1.401
  230.18    .000    .000  -1.676
  230.21    .000    .000  -1.803
  231.00    .000    .000  -2.012
  231.03    .000    .001  -1.767
  231.06    .000    .000  -1.676
  231.09    .000    .000  -2.192
  231.12    .000    .000  -1.058
  231.15    .000    .000   -.740
  231.18    .000    .000  -1.058
  231.21    .000    .001   -.806
  232.00    .000    .000  -1.712
  232.03    .000    .000  -3.526
  232.06    .000    .000  -5.318
  232.09    .000    .001  -6.069
  232.12    .000    .000  -2.460
  232.15    .000    .000  -1.086
  232.18    .000    .000    .225
  232.21    .000    .000  -1.086
  233.00    .000    .000  -2.998
  233.03    .000    .000  -2.971
  233.06    .000    .000  -2.673
  233.09    .000    .000  -1.831
  233.12    .000    .000  -1.831
  233.15    .000    .000  -1.244
  233.18    .000    .000   -.674
  233.21    .000    .000  -2.012
  234.00    .000    .000  -3.552
  234.03    .000    .000  -5.481
  234.06    .000    .001  -5.344
  234.09    .000    .000  -4.685
  234.12    .000    .000  -2.460
  234.15    .000    .000    .099
  234.18    .000    .000    .753
  234.21    .000    .000   1.350
  235.00    .000    .000    .061
  235.03    .000    .000   -.485
  235.06    .000    .000   -.228
  235.09    .000    .000    .892
  235.12    .000    .000   1.050
  235.15    .000    .000    .852
  235.18    .000    .000   1.421
  235.21    .000    .000   1.897
  236.00    .000    .000   1.734
  236.03    .000    .000   2.010
  236.06    .000    .001   2.350
  236.09    .000    .000   2.777
  236.12    .000    .000    .351
  236.15    .000    .000   -.036
  236.18    .000    .000    .852
  236.21    .000    .000   -.007
  237.00    .000    .000  -2.012
  237.03    .000    .000  -3.868
  237.06    .000    .000  -5.614
  237.09    .000    .000  -6.253
  237.12    .000    .000  -3.612
  237.15    .000    .000  -1.336
  237.18    .000    .000   -.228
  237.21    .000    .000   -.674
  238.00    .000    .000  -2.433
  238.03    .000    .000  -3.577
  238.06    .000    .000  -3.868
  238.09    .000    .000  -3.896
  238.12    .000    .000  -1.985
  238.15    .000    .000   1.150
  238.18    .000    .000   1.562
  238.21    .000    .000   1.562
  239.00    .000    .000   -.065
  239.03    .000    .000   -.093
  239.06    .000    .000  -2.406
  239.09    .000    .000  -3.059
  239.12    .000    .000  -2.165
  239.15    .000    .000   -.199
  239.18    .000    .000    .822
  239.21    .000    .000   -.228
  240.00    .000    .000  -3.207
  240.03    .000    .000  -6.016
  240.06    .000    .000  -6.723
  240.09    .000    .000  -7.588
  240.12    .000    .000  -5.722
  240.15    .000    .000  -3.811
  240.18    .000    .000  -2.460
  240.21    .000    .000  -2.910
  241.00    .000    .000  -4.713
  241.03    .000    .000  -6.042
  241.06    .000    .000  -6.645
  241.09    .000    .000  -7.912
  241.12    .000    .000  -5.641
  241.15    .000    .000  -2.849
  241.18    .000    .000  -1.921
  241.21    .000    .000  -2.344
  242.00    .000    .000  -4.491
  242.03    .000    .000  -5.722
  242.06    .000    .001  -6.121
  242.09    .000    .000  -6.332
  242.12    .000    .000  -3.981
  242.15    .000    .000  -1.493
  242.18    .000    .000   -.456
  242.21    .000    .000  -1.648
  243.00    .000    .000  -3.059
  243.03    .000    .001  -3.526
  243.06    .000    .000  -3.811
  243.09    .000    .000  -4.349
  243.12    .000    .000  -4.462
  243.15    .118   1.603  -4.434
  243.18    .000    .000  -3.811
  243.21    .000    .000  -5.318
  244.00    .000    .001  -6.438
  244.03    .001    .012  -6.410
  244.06    .001    .023  -7.236
  244.09    .000    .000  -7.888
  244.12    .000    .000  -6.279
  244.15    .000    .000  -6.122
  244.18    .000    .000  -5.535
  244.21    .000    .000  -7.134
  245.00    .000    .000  -8.208
  245.03    .000    .000  -8.958
  245.06    .000    .000  -9.917
  245.09    .000    .000  -9.076
  245.12    .000    .000  -7.159
  245.15    .000    .000  -7.639
  245.18    .000    .000  -5.290
  245.21    .000    .000  -8.646
  246.00    .000    .002 -10.621
  246.03    .000    .000 -16.849
  246.06    .090   1.392 -15.593
  246.09    .433   2.771 -10.823
  246.12    .003    .026 -10.800
  246.15    .000    .001  -8.330
  246.18    .000    .000  -9.872
  246.21    .007    .076 -12.958
  247.00   2.108   5.827 -18.066
  247.03   7.040   7.960 -10.622
  247.06   8.130   9.080 -11.720
  247.09   8.070   8.920  -8.549
  247.12   8.190   9.150  -6.461
  247.15   8.450   9.290  -4.235
  247.18   6.226   7.240  -4.377
  247.21   5.487   6.261  -7.463
  248.00   5.614   6.694 -12.980
  248.03   5.981   6.759 -15.482
  248.06   6.041   6.813 -17.293
  248.09   4.888   6.178 -12.275
  248.12   3.565   4.668  -9.454
  248.15   1.699   2.699  -6.093
  248.18    .164    .819  -6.094
  248.21    .944   2.695  -7.311
  249.00   3.339   4.449  -8.573
  249.03   3.229   4.655  -9.524
  249.06   2.029   3.067  -8.981
  249.09   4.530   7.350 -11.352
  249.12   7.390   8.630 -11.133
  249.15   6.793   7.560  -8.718
  249.18   4.061   5.852  -6.435
  249.21    .933   2.796  -7.184
  250.00   1.660   3.504  -8.622
  250.03   1.939   2.769  -8.500
  250.06   1.280   2.741  -8.379
  250.09   2.544   3.155  -9.710
  250.12   2.281   3.035  -7.005
  250.15   2.030   3.903  -7.107
  250.18   3.829   4.677  -5.988
  250.21   3.217   4.013  -7.638
  251.00   4.011   5.831 -11.998
  251.03   5.831   7.600 -14.380
  251.06   8.820  11.400 -11.935
  251.09  11.770  12.330 -11.549
  251.12  11.210  13.380  -8.910
  251.15  12.110  13.200  -7.106
  251.18  11.000  12.480  -6.146
  251.21   8.230   9.960  -8.330
  252.00   9.870  10.620 -11.309
  252.03   9.900  10.840 -11.505
  252.06   9.710  10.770  -9.430
  252.09  10.550  11.390 -10.033
  252.12  11.000  11.800  -8.231
  252.15  10.380  10.830  -6.066
  252.18   9.410   9.980  -5.827
  252.21   8.980   9.670  -8.159
  253.00  10.260  11.360 -10.622
  253.03  11.400  11.620 -11.309
  253.06  12.040  12.470 -12.106
  253.09  12.030  12.350 -11.958
  253.12  11.770  12.160 -10.216
  253.15  10.470  11.230  -7.360
  253.18   8.720   9.290  -5.987
  253.21   8.120   9.060  -8.084
  254.00   8.970   9.750 -10.375
  254.03   9.660   9.930 -10.668
  254.06   9.770  10.070 -11.418
  254.09   9.600  10.040 -11.002
  254.12   9.950  10.600 -10.465
  254.15   9.220  10.090  -7.936
  254.18   7.770   8.120  -6.953
  254.21   7.210   7.860  -8.621
  255.00   8.370   8.860 -10.010
  255.03   8.390   8.600  -9.664
  255.06   9.160  10.050  -8.281
  255.09   9.660  10.770  -7.436
  255.12   9.790  10.800  -7.284
  255.15  10.680  11.360  -6.277
  255.18   9.950  10.520  -4.682
  255.21   9.180  10.090  -5.152
  256.00   7.520   8.090  -6.040
  256.03   7.540   8.280  -4.626
  256.06   8.140   9.380  -3.492
  256.09   9.100   9.790  -4.488
  256.12   9.640  10.180  -4.093
  256.15   9.300   9.610  -3.552
  256.18   8.980   9.490  -2.487
  256.21   8.370   8.740  -4.264
  257.00  10.160  11.290  -6.644
  257.03  11.110  12.310  -5.748
  257.06   9.280  11.040  -7.587
  257.09   9.110  10.660  -9.454
  257.12   7.640  10.020  -6.591
  257.15   9.340  10.160  -4.959
  257.18   7.520   8.290  -4.543
  257.21   6.488   7.020  -5.532
  258.00   7.000   7.520  -8.281
  258.03   7.650   9.280  -9.266
  258.06   9.010  10.120 -10.510
  258.09  10.040  11.070  -9.052
  258.12  10.950  12.010  -7.131
  258.15  10.690  12.190  -4.402
  258.18   8.510  10.350  -3.457
  258.21   6.179   6.901  -3.750
  259.00   7.330   8.060  -3.750
  259.03   6.700   7.420  -4.987
  259.06   7.470   8.500  -4.093
  259.09   6.223   8.060  -4.093
  259.12   8.230   8.920  -3.517
  259.15   6.791   8.040  -3.517
  259.18   6.208   7.280  -2.611
  259.21   5.374   5.812  -3.345
  260.00   5.839   6.790  -2.129
  260.03   6.430   7.530  -2.910
  260.06   7.810   8.740  -3.405
  260.09   6.799   8.030  -4.093
  260.12   6.696   7.110  -4.488
  260.15   6.588   7.140  -1.520
  260.18   4.547   5.547  -2.156
  260.21   2.988   3.271  -3.059
  261.00   2.963   3.405  -3.207
  261.03   3.538   3.959  -2.998
  261.06   4.091   5.169  -2.673
  261.09   5.138   5.875  -4.960
  261.12   5.893   6.329  -3.837
  261.15   5.698   6.222  -1.548
  261.18   6.651   7.150   -.475
  261.21   7.290   8.740  -4.208
  262.00   7.760   8.400  -6.645
  262.03   7.970   8.900  -7.031
  262.06   8.830   9.510  -7.107
  262.09   9.060   9.410  -7.538
  262.12  10.180  11.170  -6.146
  262.15   9.770  10.570  -3.172
  262.18   9.440  10.650  -1.392
  262.21   9.910  11.150  -4.377
  263.00  10.260  11.220  -4.121
  263.03  10.190  11.200  -3.637
  263.06  11.520  13.940  -2.039
  263.09  12.930  14.740   -.352
  263.12  13.840  16.190  -1.949
  263.15  13.270  14.890  -1.912
  263.18   9.990  11.840  -3.866
  263.21  10.660  12.720  -5.371
  264.00  12.620  13.320  -6.645
  264.03  11.550  12.970  -7.688
  264.06  11.200  12.020  -9.266
  264.09   9.980  11.600 -10.056
  264.12   7.380   8.550  -9.617
  264.15   5.411   5.925  -8.886
  264.18   4.289   5.073  -9.313
  264.21   3.026   4.695 -10.420
  265.00   1.576   2.081 -10.779
  265.03   1.045   1.447 -11.504
  265.06    .414    .825 -11.977
  265.09    .572   1.045 -12.105
  265.12    .495    .759 -11.177
  265.15   1.113   3.486 -15.894
  265.18   2.125   4.182 -12.232
  265.21    .919   3.624 -13.908
  266.00   3.347   4.449 -14.672
  266.03   3.586   4.353 -14.518
  266.06   1.800   2.392 -13.990
  266.09   1.280   2.963 -12.735
  266.12   3.659   5.466 -12.317
  266.15   2.852   3.540 -10.823
  266.18   4.480   6.366 -10.306
  266.21   6.347   8.030 -10.801
  267.00   6.095   8.310 -19.239
  267.03   7.110   7.770 -19.384
  267.06   6.818   8.170 -21.723
  267.09   6.768   7.900 -19.972
  267.12   4.940   6.559 -15.148
  267.15   2.972   4.192 -13.024
  267.18   2.086   4.527 -16.568
  267.21   4.778   5.595 -18.814
  268.00   4.756   6.082 -16.749
  268.03   5.347   6.041 -15.226
  268.06   5.141   7.770 -16.155
  268.09   9.500  11.410 -21.741
  268.12   8.350   9.820 -15.282
  268.15  10.080  11.540 -13.391
  268.18  13.700  14.650 -14.223
  268.21  14.690  15.670 -16.317
  269.00  13.340  14.680 -16.891
  269.03  13.970  14.460 -17.731
  269.06  13.660  14.110 -17.818
  269.09  12.270  13.430 -15.454
  269.12  10.090  11.500 -14.013
  269.15   8.080   9.040 -12.086
  269.18   7.470   7.920 -12.694
  269.21   6.412   7.060 -15.148
  270.00   7.430   8.340 -16.317
  270.03   8.760   9.380 -18.005
  270.06   8.990   9.450 -18.700
  270.09   9.140  10.070 -14.212
  270.12   9.640  10.290 -13.553
  270.15  10.610  12.570 -15.604
  270.18   9.810  12.200 -11.397
  270.21   9.580  11.190 -13.572
  271.00  11.120  11.730 -14.672
  271.03  11.800  12.760 -12.213
  271.06  10.220  11.440 -10.914
  271.09   8.410   9.830 -10.914
  271.12   8.890   9.960 -10.330
  271.15   9.370  10.100  -8.500
  271.18   8.570   9.640  -8.790
  271.21   8.210   9.450 -10.375
  272.00   9.460  10.470 -12.254
  272.03  10.380  10.980 -12.983
  272.06   9.570  10.410 -12.402
  272.09  10.360  11.320 -10.958
  272.12  10.660  11.180  -8.524
  272.15   8.700  10.710  -6.849
  272.18   7.160   8.520  -6.952
  272.21   6.838   7.790  -5.826
  273.00   5.709   6.624  -4.624
  273.03   5.626   6.771  -3.345
  273.06   5.889   7.350  -2.398
  273.09   6.006   7.630  -4.986
  273.12   8.760   9.810  -5.150
  273.15   6.839   7.960  -5.233
  273.18   6.083   7.480  -5.559
  273.21   5.581   6.648  -5.233
  274.00   5.466   7.390  -3.543
  274.03   7.090   8.860  -2.901
  274.06   6.936   8.130  -1.794
  274.09   6.542   7.450  -1.912
  274.12   7.820   8.770   -.285
  274.15   7.370   8.660  -2.522
  274.18   8.440   8.970  -2.487
  274.21   8.340   8.980  -6.252
  275.00   8.950   9.890  -4.959
  275.03   9.160  10.000  -7.411
  275.06   9.090  10.030  -8.208
  275.09   9.130   9.630  -7.862
  275.12   9.300  10.220  -7.259
  275.15   9.180   9.870  -4.486
  275.18   7.640   8.530  -3.085
  275.21   7.970   9.340  -4.903
  276.00   8.880   9.700  -6.513
  276.03   9.310  10.110  -6.382
  276.06  10.130  10.650  -6.643
  276.09  10.000  10.590  -7.335
  276.12  10.380  10.680  -6.408
  276.15   9.540  10.400  -4.233
  276.18   8.220   9.320  -3.137
  276.21   7.890   8.760  -5.906
  277.00   8.320   9.420  -7.637
  277.03   8.180   9.270  -4.598
  277.06   8.840  10.220  -4.930
  277.09   8.740   9.410  -3.629
  277.12   7.840   9.870  -3.949
  277.15   5.866   6.930  -5.987
  277.18   3.926   5.221  -6.513
  277.21   3.059   4.515  -7.663
  278.00   4.916   5.963 -13.967
  278.03   6.843   8.310 -17.085
  278.06   7.720   9.150 -18.377
  278.09   9.100  10.350 -18.227
  278.12   9.560  10.920 -16.155
  278.15   9.220  10.840 -14.518
  278.18   5.793   7.650 -10.980
  278.21   3.491   6.467 -14.264
  279.00   6.694   7.550 -18.056
  279.03   5.513   6.728 -14.107
  279.06   4.089   5.095 -14.206
  279.09   2.304   3.108 -14.287
  279.12   3.567   5.197 -14.575
  279.15   4.788   5.630 -14.066
  279.18   5.853   6.494 -14.066
  279.21   8.180   9.210 -16.225
  280.00   9.630  10.330 -17.387
  280.03   7.290   9.130 -14.287
  280.06   5.682   6.777 -11.915
  280.09   7.710   9.890 -14.206
  280.12  12.120  13.750 -17.247
  280.15  10.040  13.100 -11.528
  280.18   9.460  11.210 -12.318
  280.21  11.600  12.220 -13.168
  281.00  10.800  11.440 -12.861
  281.03  10.050  10.860  -9.171
  281.06  10.860  12.170  -9.641
  281.09  11.880  12.550  -8.402
  281.12  11.240  12.060  -8.084
  281.15   9.470  10.230  -5.824
  281.18   7.100   9.150  -5.798
  281.21   5.364   5.942  -7.309
  282.00   5.285   5.748  -8.500
  282.03   6.146   8.170  -8.500
  282.06   5.339   7.100  -8.981
  282.09   1.938   3.077 -10.601
  282.12    .222   1.693 -12.339
  282.15    .000    .000 -14.558
  282.18    .000    .000 -12.127
  282.21    .000    .000 -13.085
  283.00    .000    .000 -12.942
  283.03    .000    .000 -13.106
  283.06    .000    .000 -11.244
  283.09    .000    .000 -11.244
  283.12    .000    .000 -11.808
  283.15    .000    .000 -11.068
  283.18    .000    .000 -14.900
  283.21    .000    .000 -22.084
  284.00    .000    .000 -21.803
  284.03    .000    .000 -24.184
  284.06   4.871   8.150 -20.730
  284.09   7.620   8.840 -17.664
  284.12   3.764   6.239 -17.802
  284.15   1.611   3.865 -19.753
  284.18   4.633   5.181 -15.736
  284.21   5.868   6.963 -12.044
  285.00   5.525   7.520 -14.270
  285.03   1.173   2.228 -13.731
  285.06   2.309   2.824 -13.831
  285.09   3.176   3.597 -15.604
  285.12   4.234   4.883 -15.823
  285.15   4.770   5.386 -16.770
  285.18   5.663   6.153 -20.067
  285.21   6.673   7.710 -24.074
  286.00   8.150   8.560 -26.113
  286.03   8.270   8.960 -26.773
  286.06   9.540   9.970 -27.162
  286.09   9.810  10.460 -28.146
  286.12  10.270  10.830 -25.524
  286.15  10.290  10.670 -24.041
  286.18   9.920  10.330 -24.015
  286.21  10.470  10.980 -25.055
  287.00  10.770  12.760 -26.328
  287.03  11.360  12.060 -25.868
  287.06  11.570  12.110 -26.559
  287.09  12.010  13.010 -24.032
  287.12  12.370  12.980 -23.008
  287.15  11.330  11.910 -21.452
  287.18  10.110  11.190 -19.548
  287.21   9.740  10.620 -21.439
  288.00  10.710  11.320 -21.285
  288.03  11.030  11.630 -21.057
  288.06  11.280  11.960 -20.414
  288.09  11.020  11.840 -18.710
  288.12   9.760  10.770 -18.457
  288.15   9.520  10.170 -15.681
  288.18   8.790   9.440 -16.595
  288.21   8.010   8.770 -18.372
  289.00  10.880  11.810 -19.005
  289.03  10.990  12.050 -20.203
  289.06  10.480  11.480 -20.442
  289.09  11.650  12.250 -19.432
  289.12  12.300  13.230 -19.302
  289.15  12.550  13.210 -17.304
  289.18  12.380  12.970 -16.954
  289.21  11.920  12.550 -17.756
  290.00  12.310  13.120 -18.101
  290.03  12.000  12.480 -18.437
  290.06  11.510  11.870 -18.337
  290.09  11.130  11.570 -17.449
  290.12  10.630  11.570 -17.894
  290.15  10.200  10.790 -16.014
  290.18   9.030   9.660 -15.097
  290.21   8.490   9.250 -13.896
  291.00   8.180   9.760 -13.737
  291.03   6.547   7.130 -12.885
  291.06   7.000   7.440 -13.596
  291.09   7.000   7.530 -13.516
  291.12   6.812   7.460 -13.556
  291.15   6.412   7.130 -14.037
  291.18   6.074   6.507 -15.248
  291.21   7.270   8.120 -18.936
  292.00   8.910  10.560 -20.517
  292.03  10.340  11.290 -21.861
  292.06  11.140  12.370 -21.848
  292.09  13.990  15.210 -22.948
  292.12  13.590  14.960 -21.006
  292.15  12.190  13.610 -18.892
  292.18  11.830  12.760 -20.554
  292.21  12.650  14.300 -21.285
  293.00   9.170  10.250 -20.947
  293.03   7.950   9.490 -22.608
  293.06   8.670   9.670 -22.569
  293.09   8.870  10.670 -21.180
  293.12  10.300  11.570 -21.025
  293.15  10.170  11.020 -18.207
  293.18  10.090  11.050 -18.122
  293.21  11.260  11.700 -18.152
  294.00  12.240  12.890 -18.725
  294.03  12.950  13.680 -18.961
  294.06  13.200  13.690 -18.507
  294.09  12.650  13.650 -17.705
  294.12  14.100  14.770 -16.252
  294.15  13.260  14.380 -14.604
  294.18  12.280  13.580 -13.477
  294.21  10.910  11.450 -12.947
  295.00  11.780  12.960 -12.174
  295.03  11.890  12.710 -10.693
  295.06  11.310  12.160 -10.982
  295.09  11.030  12.160  -8.620
  295.12   8.890  10.600  -7.358
  295.15   6.054   7.040  -6.976
  295.18   5.440   5.828  -6.458
  295.21   5.845   6.686  -6.115
  296.00   7.820   9.360  -7.460
  296.03   7.440   9.070  -7.810
  296.06   4.795   6.152  -8.500
  296.09   3.150   3.743  -8.886
  296.12   2.880   3.419  -9.313
  296.15   2.634   3.038  -9.219
  296.18   2.059   2.595  -9.827
  296.21   2.594   3.244 -11.659
  297.00   3.465   4.169 -12.044
  297.03   4.080   5.185 -15.620
  297.06   4.987   5.577 -15.769
  297.09   5.136   5.627 -12.044
  297.12   5.690   5.968 -12.634
  297.15   5.903   6.407 -12.758
  297.18   5.938   6.353 -14.905
  297.21   7.940   9.340 -19.653
  298.00   9.270   9.690 -20.767
  298.03   9.290   9.700 -18.789
  298.06   9.720  10.240 -20.236
  298.09   9.740  10.390 -17.654
  298.12   9.130   9.790 -16.376
  298.15   8.130   8.570 -14.581
  298.18   7.230   7.700 -13.613
  298.21   6.942   7.960 -14.013
  299.00   7.800   8.400 -14.328
  299.03   6.573   7.600 -13.535
  299.06   4.617   6.249 -14.054
  299.09   3.286   4.079 -16.031
  299.12   4.690   5.642 -18.352
  299.15   7.690   8.840 -24.049
  299.18   9.170  10.280 -23.923
  299.21  11.250  11.630 -22.604
  300.00  12.320  13.460 -24.213
  300.03  12.740  13.700 -23.956
  300.06  11.940  12.800 -23.830
  300.09  13.410  14.240 -24.679
  300.12  12.930  13.930 -24.020
  300.15  11.500  12.520 -20.081
  300.18  10.650  11.230 -19.629
  300.21  10.410  10.900 -20.836
  301.00  10.470  10.820 -21.911
  301.03   9.220   9.930 -19.986
  301.06   8.480   8.960 -19.533
  301.09   7.270   7.860 -15.796
  301.12   7.170   8.220 -15.327
  301.15   7.210   8.260 -12.004
  301.18   6.853   7.310 -10.670
  301.21   6.375   6.667 -10.827
  302.00   5.965   6.690 -10.827
  302.03   5.141   5.823 -10.445
  302.06   4.443   4.570 -10.354
  302.09   4.268   4.655 -10.080
  302.12   4.271   4.677 -11.399
  302.15   3.772   4.507 -10.602
  302.18   2.911   3.371 -10.512
  302.21   2.315   2.591 -10.103
  303.00   2.474   2.915 -13.171
  303.03   2.287   2.734 -10.331
  303.06   2.580   3.163 -11.703
  303.09   2.460   2.824 -10.217
  303.12   2.150   2.399 -11.158
  303.15   2.111   2.336 -11.158
  303.18   1.912   2.042 -11.289
  303.21   2.062   2.250 -11.767
  304.00   3.303   4.382 -18.096
  304.03   5.018   5.619 -19.117
  304.06   5.674   6.029 -19.658
  304.09   5.748   5.895 -21.157
  304.12   6.058   6.211 -22.026
  304.15   5.760   6.112 -21.511
  304.18   5.271   5.476 -21.052
  304.21   5.498   5.861 -21.253
  305.00   6.234   6.483 -21.375
  305.03   7.050   7.460 -20.540
  305.06   7.570   7.990 -20.507
  305.09   7.880   8.480 -20.568
  305.12   8.560   9.180 -20.992
  305.15   9.550   9.920 -20.349
  305.18   9.580  10.080 -19.887
  305.21   9.230   9.770 -19.792
  306.00   9.210   9.720 -20.128
  306.03   9.640  10.250 -21.362
  306.06   9.880  10.710 -21.848
  306.09  10.770  11.940 -21.848
  306.12  11.630  12.130 -22.000
  306.15  12.130  12.450 -20.512
  306.18  12.890  13.830 -20.744
  306.21  14.030  14.200 -20.586
  307.00  13.530  14.030 -18.809
  307.03  13.410  13.820 -19.142
  307.06  11.720  12.180 -18.307
  307.09  12.300  13.000 -16.849
  307.12  11.810  12.700 -17.028
  307.15  11.460  12.090 -17.485
  307.18  11.940  12.290 -18.794
  307.21  12.370  13.050 -19.239
  308.00  13.500  14.110 -19.533
  308.03  13.870  15.000 -19.567
  308.06  14.310  17.150 -19.758
  308.09  14.490  17.370 -19.533
  308.12  14.290  16.590 -18.577
  308.15  13.620  15.850 -15.905
  308.18  12.170  13.430 -13.194
  308.21  12.760  13.210 -12.175
  309.00  12.960  13.350 -11.940
  309.03  11.400  12.640 -11.812
  309.06  12.170  13.500 -11.833
  309.09  12.670  13.490 -12.719
  309.12  12.500  13.130 -14.252
  309.15  14.180  15.390 -14.911
  309.18  12.590  13.820 -13.937
  309.21  12.340  13.830 -14.449
  310.00  12.770  14.320 -14.408
  310.03  12.850  14.930  -9.735
  310.06  15.330  18.000  -5.552
  310.09  15.570  18.480  -5.280
  310.12  17.620  20.000  -7.103
  310.15  19.960  20.780  -5.902
  310.18  19.080  19.840  -4.731
  310.21  18.930  20.600  -5.227
  311.00  16.610  17.870  -6.063
  311.03  16.670  17.950  -6.009
  311.06  14.880  17.860  -7.409
  311.09  14.910  17.110  -7.359
  311.12  14.250  17.440  -8.207
  311.15  11.150  13.280  -8.597
  311.18  10.430  13.120  -9.896
  311.21   9.700  11.030 -10.714
  312.00  10.590  11.500 -10.981
  312.03  11.020  12.180 -10.172
  312.06  13.990  15.790 -10.467
  312.09  13.110  14.790 -10.444
  312.12  13.980  15.050 -10.557
  312.15  12.480  13.690 -11.048
  312.18  12.550  13.820  -9.896
  312.21  12.750  13.860  -8.157
  313.00  12.410  14.510  -9.290
  313.03  13.110  16.590  -7.027
  313.06  15.680  16.610  -7.384
  313.09  15.630  18.040  -7.636
  313.12  14.130  16.050  -8.765
  313.15  15.190  15.650  -5.715
  313.18  14.330  15.000  -3.569
  313.21  14.290  14.960  -3.799
  314.00  14.530  15.380  -3.543
  314.03  15.780  16.910  -4.899
  314.06  15.950  16.990  -4.621
  314.09  16.040  16.680  -4.621
  314.12  16.300  17.160  -5.555
  314.15  15.880  16.730  -5.824
  314.18  15.530  16.550  -6.248
  314.21  14.320  15.510  -6.458
  315.00  14.690  15.620  -5.662
  315.03  14.820  15.610  -6.718
  315.06  14.450  15.250  -7.028
  315.09  13.920  14.800  -7.435
  315.12  14.900  15.630  -7.435
  315.15  14.940  15.740  -7.786
  315.18  13.490  14.300  -7.985
  315.21  11.870  13.140  -8.280
  316.00  11.260  12.390  -8.451
  316.03  12.080  12.430  -8.645
  316.06  11.200  12.060 -10.467
  316.09  11.540  13.000 -11.355
  316.12  10.240  12.160 -13.353
  316.15   8.370   9.410 -13.831
  316.18   6.105   6.997 -16.483
  316.21   4.815   5.870 -18.985
  317.00   3.943   5.113 -16.504
  317.03   2.851   3.282 -15.532
  317.06   2.498   2.832 -14.815
  317.09   2.131   2.520 -15.209
  317.12   2.887   3.397 -15.438
  317.15   2.867   3.242 -15.477
  317.18   3.129   3.512 -16.467
  317.21   4.379   6.197 -23.147
  318.00   6.452   7.680 -21.538
  318.03   9.900  11.160 -21.066
  318.06  11.780  13.140 -20.988
  318.09  13.730  14.720 -20.988
  318.12  15.270  18.120 -20.772
  318.15  14.780  17.880 -22.221
  318.18  14.050  15.820 -23.108
  318.21  14.390  15.870 -23.039
  319.00  12.980  14.220 -22.892
  319.03  13.030  14.600 -22.151
  319.06  12.670  14.480 -20.960
  319.09  13.830  15.610 -20.619
  319.12  15.540  16.590 -21.316
  319.15  15.260  17.030 -20.461
  319.18  14.370  15.110 -19.307
  319.21  12.480  14.030 -18.512
  320.00  12.360  13.360 -18.676
  320.03  11.520  13.060 -18.542
  320.06  10.630  11.890 -18.377
  320.09  11.860  12.260 -17.828
  320.12  11.260  12.630 -17.828
  320.15  11.730  12.690 -17.552
  320.18  12.530  13.750 -15.421
  320.21  13.050  13.580 -16.381
  321.00  14.080  15.350 -16.381
  321.03  11.720  14.840 -16.435
  321.06  13.940  14.920 -15.571
  321.09  15.080  15.660 -15.905
  321.12  14.580  15.400 -16.074
  321.15  12.950  14.310 -16.685
  321.18  13.410  14.240 -16.616
  321.21  12.020  12.900 -17.184
  322.00  12.480  13.960 -16.970
  322.03  11.960  13.150 -14.604
  322.06  11.110  12.350 -14.911
  322.09  11.220  12.240 -15.327
  322.12  10.050  10.510 -15.159
  322.15   8.640  10.720 -14.928
  322.18   7.850   9.010 -14.888
  322.21   8.790  10.550 -16.775
  323.00   9.630  11.000 -14.968
  323.03   6.231   7.170 -14.735
  323.06   3.419   4.841 -17.273
  323.09   3.182   4.944 -17.340
  323.12   6.975   8.060 -20.960
  323.15   8.170   9.180 -21.130
  323.18   8.650   9.910 -24.650
  323.21   9.840  10.680 -23.155
  324.00   8.990   9.480 -24.074
  324.03   9.760  10.110 -23.374
  324.06  10.340  11.620 -25.487
  324.09  12.510  15.250 -27.962
  324.12  11.060  13.460 -27.256
  324.15  10.940  11.850 -28.135
  324.18   8.950   9.930 -29.138
  324.21   7.020   7.790 -29.707
  325.00   6.401   7.430 -29.431
  325.03   6.442   7.150 -28.177
  325.06   6.704   7.040 -27.575
  325.09   6.205   6.847 -26.487
  325.12   4.136   5.158 -23.770
  325.15   3.573   4.848 -24.534
  325.18   5.800   6.953 -27.048
  325.21   4.642   5.553 -27.757
  326.00   3.528   4.542 -26.674
  326.03   2.153   2.577 -24.053
  326.06   2.723   3.528 -22.516
  326.09   3.694   4.675 -23.969
  326.12   4.301   4.635 -25.479
  326.15   4.931   5.169 -28.280
  326.18   5.217   5.396 -25.783
  326.21   5.038   5.536 -27.154
  327.00   6.710   8.160 -29.926
  327.03   8.410   8.670 -30.820
  327.06   9.090  10.270 -31.944
  327.09  10.320  11.120 -33.794
  327.12  11.290  12.440 -32.467
  327.15  12.350  13.280 -30.984
  327.18  13.430  14.380 -29.588
  327.21  14.380  15.490 -28.361
  328.00  12.740  14.130 -26.384
  328.03  11.430  13.340 -23.164
  328.06  10.070  10.900 -14.956
  328.09   8.120  10.130  -9.455
  328.12   8.110   9.000  -7.708
  328.15  10.060  11.210  -9.243
  328.18  11.160  11.830  -6.793
  328.21  12.030  13.350  -5.872
  329.00  11.600  12.400  -5.846
  329.03  10.560  11.480  -8.058
  329.06  10.710  11.610 -10.172
  329.09   8.980  10.500 -10.983
  329.12   7.490   9.870 -11.725
  329.15   9.440  11.640 -16.738
  329.18  13.540  15.360 -14.832
  329.21  11.850  13.420 -16.759
  330.00   8.920  12.400 -17.536
  330.03   6.445   7.680 -16.632
  330.06   8.480  10.490 -17.659
  330.09   9.010  10.100 -15.905
  330.12   6.604   8.130 -13.996
  330.15   6.236   8.280 -16.886
  330.18   3.896   6.238 -17.659
  330.21   3.845   5.445 -17.552
  331.00   6.566   7.270 -18.779
  331.03   6.464   6.948 -19.142
  331.06   5.698   6.140 -22.420
  331.09   5.654   6.424 -20.572
  331.12   6.879   7.720 -26.440
  331.15   7.760   8.390 -26.733
  331.18   7.770   8.130 -25.284
  331.21   6.495   7.850 -23.622
  332.00   4.462   5.382 -23.409
  332.03   4.911   5.244 -22.062
  332.06   4.872   5.616 -23.537
  332.09   6.467   7.360 -23.609
  332.12   7.990   9.110 -24.630
  332.15   8.820   9.830 -25.079
  332.18   9.970  10.590 -27.005
  332.21  10.090  12.100 -27.888
  333.00  11.430  12.280 -28.200
  333.03  11.210  11.920 -29.100
  333.06  10.330  11.460 -29.498
  333.09  11.030  12.000 -30.886
  333.12  10.950  11.840 -31.897
  333.15   9.480  10.600 -30.575
  333.18   9.870  10.950 -30.762
  333.21  10.300  11.580 -31.549
  334.00  10.050  11.570 -28.696
  334.03  10.660  11.380 -28.403
  334.06  10.590  11.480 -28.669
  334.09  10.120  11.220 -27.892
  334.12   9.040   9.840 -27.935
  334.15   9.430   9.780 -28.791
  334.18   8.340   9.080 -29.689
  334.21   9.240  10.280 -33.628
  335.00  10.830  11.970 -34.943
  335.03  11.700  12.690 -34.964
  335.06  12.330  13.490 -34.125
  335.09  13.030  14.580 -36.648
  335.12  13.990  15.320 -35.723
  335.15  14.190  14.790 -36.418
  335.18  14.210  14.630 -36.389
  335.21  13.770  14.800 -36.678
  336.00  11.690  13.080 -36.697
  336.03   9.340  10.570 -37.023
  336.06   9.040   9.470 -36.537
  336.09   8.950   9.470 -36.736
  336.12   9.110   9.750 -36.844
  336.15   8.760   9.730 -34.471
  336.18   8.150   8.980 -35.365
  336.21   7.760   8.900 -30.886
  337.00   5.724   6.553 -32.300
  337.03   6.145   6.930 -32.336
  337.06   6.526   7.200 -33.915
  337.09   6.630   7.340 -33.655
  337.12   6.261   6.645 -34.770
  337.15   6.666   7.680 -36.065
  337.18   8.270   9.060 -35.956
  337.21   7.730   9.240 -37.023
  338.00   6.727   7.430 -36.012
  338.03   5.964   6.504 -34.740
  338.06   5.250   5.981 -37.211
  338.09   5.344   6.674 -36.125
  338.12   6.304   7.260 -36.058
  338.15   5.433   6.857 -32.293
  338.18   4.839   5.931 -32.782
  338.21   5.560   5.976 -32.566
  339.00   3.337   5.108 -30.517
  339.03   4.103   5.111 -33.773
  339.06   5.583   6.167 -36.379
  339.09   5.898   6.909 -37.634
  339.12   4.846   5.371 -36.948
  339.15   5.785   6.939 -35.200
  339.18   5.685   6.619 -34.032
  339.21   5.465   6.537 -32.852
  340.00   6.613   8.080 -33.891
  340.03   7.750   8.590 -33.562
  340.06   9.320  10.780 -36.736
  340.09  10.310  10.760 -38.619
  340.12  10.720  11.460 -39.804
  340.15  10.070  11.480 -39.123
  340.18   9.820  10.340 -38.138
  340.21   8.730   9.300 -37.576
  341.00   7.850   8.410 -36.052
  341.03   7.440   7.740 -35.190
  341.06   7.590   8.280 -34.224
  341.09   7.750   8.760 -35.962
  341.12   8.270   8.830 -35.166
  341.15   7.860   8.460 -32.785
  341.18   7.340   8.270 -32.258
  341.21   7.990   8.770 -31.736
  342.00   8.880   9.710 -30.480
  342.03   7.800   9.230 -33.224
  342.06   6.485   7.630 -37.582
  342.09   6.318   7.600 -39.588
  342.12   7.210   7.730 -41.378
  342.15   8.070   8.950 -42.061
  342.18   7.930   8.530 -42.061
  342.21   8.030   8.420 -42.444
  343.00   8.320   9.090 -43.089
  343.03   8.290   9.000 -41.557
  343.06   8.380   9.020 -40.868
  343.09   9.020   9.850 -39.216
  343.12   9.570  10.040 -37.454
  343.15  10.100  10.580 -35.833
  343.18  10.220  10.720 -34.967
  343.21  10.880  11.920 -33.245
  344.00  12.070  12.800 -31.693
  344.03  12.800  13.020 -30.513
  344.06  12.980  13.510 -29.085
  344.09  13.370  14.000 -28.158
  344.12  14.640  15.530 -26.851
  344.15  15.070  15.520 -26.125
  344.18  15.880  16.590 -25.593
  344.21  16.250  16.960 -24.927
  345.00  16.200  16.860 -24.196
  345.03  15.850  16.790 -22.587
  345.06  16.230  17.310 -21.102
  345.09  14.700  16.350 -20.711
  345.12  13.790  14.500 -20.283
  345.15  12.810  13.950 -19.739
  345.18  14.510  15.500 -18.735
  345.21  12.690  13.900 -16.659
  346.00   8.060  10.060 -14.455
  346.03   6.126   6.891 -14.002
  346.06   5.577   6.613 -15.243
  346.09   6.657   7.680 -16.944
  346.12   8.120   8.890 -17.767
  346.15   9.370  11.660 -18.147
  346.18  13.860  16.660 -20.339
  346.21  16.640  18.300 -20.250
  347.00  17.260  18.830 -20.010
  347.03  17.500  18.390 -19.049
  347.06  17.250  18.710 -17.629
  347.09  17.450  18.390 -12.806
  347.12  19.460  21.690 -12.473
  347.15  19.230  21.390 -11.900
  347.18  14.560  16.990 -10.895
  347.21   7.930  12.450  -9.502
  348.00  10.920  12.380 -12.847
  348.03  13.390  15.000 -15.911
  348.06  11.730  14.000 -16.188
  348.09   8.540   9.390 -15.927
  348.12   9.110   9.710 -18.462
  348.15  10.800  12.410 -19.815
  348.18  11.680  12.950 -21.538
  348.21   8.810  10.580 -23.741
  349.00   7.270   8.570 -24.675
  349.03   7.300   8.440 -25.851
  349.06   6.971   7.680 -25.823
  349.09   7.930   8.540 -25.247
  349.12   8.440   9.400 -25.976
  349.15   9.170   9.700 -24.762
  349.18   8.520   8.970 -24.791
  349.21   7.910   8.560 -24.721
  350.00   7.670   8.260 -26.527
  350.03   7.610   8.750 -27.263
  350.06   9.250  10.290 -31.854
  350.09  10.060  10.890 -34.228
  350.12   9.400  10.580 -36.188
  350.15   8.820  10.200 -36.111
  350.18   8.940   9.380 -36.638
  350.21   8.770   9.180 -35.806
  351.00   8.970   9.820 -36.141
  351.03   9.120  10.090 -36.514
  351.06   9.860  10.500 -35.435
  351.09  10.270  10.670 -36.022
  351.12  11.260  11.920 -34.818
  351.15  11.270  11.590 -35.014
  351.18  10.980  11.690 -36.372
  351.21  12.490  13.230 -35.922
  352.00  13.330  13.990 -34.114
  352.03  14.320  15.750 -33.436
  352.06  15.920  16.370 -32.510
  352.09  15.500  16.840 -31.492
  352.12  15.210  15.880 -29.856
  352.15  15.960  16.950 -26.918
  352.18  14.500  15.530 -24.338
  352.21  13.620  14.960 -25.300
  353.00  13.700  14.370 -25.132
  353.03  14.230  14.990 -24.276
  353.06  15.010  15.760 -22.748
  353.09  14.310  14.810 -24.163
  353.12  14.720  15.440 -23.082
  353.15  15.820  16.700 -21.741
  353.18  14.400  16.080 -17.772
  353.21  13.050  13.870 -17.090
  354.00  12.370  13.670 -14.552
  354.03   9.760  10.750 -13.684
  354.06   9.730  10.330 -13.136
  354.09   9.780  11.530 -14.934
  354.12  11.870  12.660 -14.569
  354.15  11.330  12.090 -14.569
  354.18  11.140  12.750 -14.043
  354.21  13.120  13.880 -14.609
  355.00  13.350  13.910 -12.071
  355.03  13.970  14.700 -10.081
  355.06  13.960  15.070 -10.196
  355.09  13.930  14.500 -10.035
  355.12  13.190  14.670 -10.128
  355.15  12.070  12.690 -10.582
  355.18   8.360  10.800 -14.095
  355.21   6.026   6.688 -14.741
  356.00   6.223   7.350 -14.701
  356.03   7.820   8.760 -16.387
  356.06   7.530   8.580 -17.935
  356.09   6.906   8.430 -19.567
  356.12   5.027   6.065 -21.289
  356.15   4.667   5.044 -24.125
  356.18   4.805   5.206 -26.725
  356.21   5.238   5.816 -27.443
  357.00   3.177   4.944 -24.384
  357.03   2.522   3.298 -23.353
  357.06   2.228   3.439 -23.237
  357.09   3.174   3.786 -25.108
  357.12   4.382   5.187 -26.368
  357.15   5.638   5.912 -26.555
  357.18   5.996   6.610 -27.563
  357.21   5.766   6.389 -27.209
  358.00   5.975   6.377 -26.260
  358.03   6.275   7.320 -27.892
  358.06   7.310   7.830 -28.620
  358.09   8.220   9.130 -30.861
  358.12   8.520   9.760 -29.889
  358.15   9.610   9.960 -32.457
  358.18   9.860  10.310 -31.466
  358.21  10.010  10.710 -31.990
  359.00  10.180  11.300 -33.752
  359.03  10.160  10.600 -34.265
  359.06  10.280  11.140 -33.440
  359.09  11.000  11.340 -33.815
  359.12  10.560  11.110 -33.994
  359.15  10.190  10.820 -33.478
  359.18   9.920  10.730 -33.122
  359.21  11.240  11.950 -32.478
  360.00  11.760  12.090 -32.286
  360.03  11.060  11.910 -32.933
  360.06   9.830  10.190 -32.254
  360.09  10.370  10.880 -31.340
  360.12  10.270  10.720 -31.380
  360.15   9.910  10.330 -31.380
  360.18  10.980  11.850 -32.375
  360.21  11.180  12.140 -32.254
  361.00  11.590  12.150 -31.915
  361.03  11.160  11.790 -31.452
  361.06  10.280  10.940 -31.405
  361.09  10.510  11.730 -31.108
  361.12  12.230  12.970 -29.867
  361.15  11.970  12.730 -28.825
  361.18  11.500  12.070 -28.772
  361.21  12.110  12.890 -28.023
  362.00  12.440  13.180 -28.165
  362.03  12.210  12.720 -27.722
  362.06  11.280  11.790 -26.741
  362.09  12.860  14.000 -26.875
  362.12  14.150  14.770 -25.876
  362.15  15.590  16.200 -26.256
  362.18  15.240  15.890 -25.341
  362.21  14.180  14.810 -23.906
  363.00  13.360  14.160 -23.099
  363.03  13.350  14.290 -22.613
  363.06  13.690  14.170 -21.285
  363.09  12.450  13.170 -19.753
  363.12  12.640  13.900 -18.902
  363.15  13.210  13.940 -18.352
  363.18  11.890  12.610 -17.736
  363.21  11.200  11.890 -16.370
  364.00  10.050  10.720 -16.025
  364.03   9.630   9.900 -16.209
  364.06   9.840  10.830 -16.823
  364.09   8.790   9.460 -16.749
  364.12   8.420   9.210 -17.423
  364.15   8.590   9.260 -18.162
  364.18   8.950   9.780 -17.241
  364.21   9.660  10.650 -16.980
  365.00  10.700  11.200 -17.680
  365.03  10.690  11.510 -16.907
  365.06  10.100  11.190 -16.408
  365.09   9.760  10.690 -14.609
  365.12   9.920  11.290 -13.360
  365.15  11.250  13.400 -13.440
  365.18   6.431   8.320 -18.106
  365.21   2.689   6.168 -20.498
    1.00   1.136   1.813 -21.371
    1.03   1.894   3.042 -23.741
    1.06   4.182   5.217 -23.438
    1.09   4.961   5.464 -26.312
    1.12   5.798   6.434 -24.146
    1.15   6.111   6.816 -26.125
    1.18   6.998   8.260 -29.131
    1.21   6.956   8.100 -30.689
    2.00   5.713   7.040 -33.196
    2.03   5.794   6.590 -34.296
    2.06   5.605   6.205 -34.197
    2.09   6.734   8.320 -34.235
    2.12   7.910   8.880 -32.222
    2.15   8.420   9.400 -25.231
    2.18   7.220   8.120 -24.812
    2.21   6.768   7.610 -27.730
    3.00   5.049   7.140 -29.228
    3.03   1.292   4.328 -31.470
    3.06   1.840   3.340 -34.481
    3.09   2.409   4.326 -32.336
    3.12   5.854   7.020 -35.759
    3.15   6.999   7.840 -36.402
    3.18   6.623   7.610 -35.254
    3.21   8.830  10.310 -31.890
    4.00   9.570  10.460 -30.491
    4.03  10.040  11.780 -28.464
    4.06  10.520  12.020 -27.788
    4.09   9.650  11.330 -25.738
    4.12  11.510  12.150 -24.717
    4.15  11.760  12.690 -24.011
    4.18  12.860  13.640 -23.532
    4.21  13.140  15.110 -22.630
    5.00  13.270  14.920 -20.442
    5.03  14.680  15.540 -20.661
    5.06  15.210  16.210 -20.707
    5.09  13.880  14.460 -20.804
    5.12  13.380  14.370 -20.864
    5.15  12.270  13.130 -20.489
    5.18  15.220  17.840 -21.754
    5.21  18.190  20.030 -22.057
    6.00  15.880  16.750 -19.562
    6.03  16.000  18.200 -22.565
    6.06  15.020  16.060 -23.357
    6.09  16.230  18.000 -23.918
    6.12  17.080  18.830 -22.327
    6.15  17.880  19.760 -21.543
    6.18  18.520  20.760 -21.175
    6.21  16.830  18.170 -19.214
    7.00  15.570  16.950 -17.685
    7.03  15.570  16.130 -16.461
    7.06  13.380  15.590 -17.454
    7.09  10.570  12.140 -18.076
    7.12  10.420  10.980 -18.517
    7.15  10.330  12.500 -20.517
    7.18   9.070  10.410 -23.138
    7.21   6.656   8.060 -21.982
    8.00   5.304   6.030 -22.221
    8.03   5.550   6.181 -23.254
    8.06   5.462   5.964 -24.271
    8.09   5.622   6.143 -23.660
    8.12   6.496   8.080 -26.157
    8.15   8.680   9.400 -30.141
    8.18   9.940  10.940 -30.875
    8.21  10.200  10.720 -31.675
    9.00   9.120   9.650 -32.471
    9.03   8.830   9.800 -33.227
    9.06   7.120   8.300 -32.919
    9.09   6.339   7.490 -29.900
    9.12   5.639   6.558 -30.948
    9.15   7.030   7.520 -29.371
    9.18   8.440   9.660 -31.488
    9.21  10.440  11.740 -31.922
   10.00  11.770  12.690 -31.632
   10.03  12.610  13.250 -29.826
   10.06  12.950  14.350 -29.210
   10.09  14.360  15.510 -28.578
   10.12  14.860  16.680 -27.326
   10.15  13.000  16.190 -25.272
   10.18  10.330  11.690 -22.349
   10.21  10.430  11.960 -21.116
   11.00  10.260  11.980 -17.894
   11.03   9.140  10.340 -16.536
   11.06   9.600  10.380 -18.267
   11.09   9.210  10.070 -22.000
   11.12   9.430  11.220 -20.203
   11.15  11.790  12.910 -21.875
   11.18  10.130  11.520 -21.484
   11.21  10.810  12.060 -22.239
   12.00  10.230  11.750 -22.774
   12.03   8.140   9.830 -18.671
   12.06   9.660  10.690 -21.235
   12.09  10.190  10.630 -23.515
   12.12  10.670  11.570 -24.754
   12.15   9.720  10.960 -25.791
   12.18   7.150   8.390 -26.666
   12.21   5.795   6.585 -27.357
   13.00   5.634   7.080 -27.583
   13.03   5.126   6.553 -29.187
   13.06   6.152   7.310 -29.315
   13.09   5.671   7.360 -30.123
   13.12   2.437   3.176 -32.439
   13.15   2.749   3.917 -37.778
   13.18   3.649   4.250 -39.588
   13.21   4.007   4.798 -38.603
   14.00   2.577   4.408 -36.012
   14.03   1.365   1.934 -35.609
   14.06   2.132   2.805 -35.653
   14.09    .675   1.528 -38.829
   14.12   3.685   5.113 -39.402
   14.15   5.682   6.256 -41.972
   14.18   6.692   7.660 -40.958
   14.21   5.735   6.725 -36.743
   15.00   6.441   7.530 -37.569
   15.03   4.202   5.780 -38.176
   15.06   4.792   7.190 -36.779
   15.09   4.602   6.620 -33.419
   15.12   7.500   9.610 -31.253
   15.15   9.960  11.800 -31.556
   15.18  11.950  13.350 -32.187
   15.21  13.870  14.480 -32.810
   16.00  13.950  15.260 -33.569
   16.03  12.880  14.500 -33.638
   16.06  13.660  14.320 -33.544
   16.09  13.000  13.600 -33.638
   16.12  12.910  13.780 -33.617
   16.15  10.550  12.550 -33.332
   16.18   9.340  11.100 -33.770
   16.21   9.910  10.890 -34.169
   17.00   8.700   9.650 -34.077
   17.03   9.000  10.200 -35.886
   17.06  10.130  11.270 -36.088
   17.09  10.370  11.240 -35.522
   17.12   8.240  10.500 -36.178
   17.15   7.050   8.140 -35.311
   17.18   8.150   9.290 -33.150
   17.21   8.560   8.980 -35.068
   18.00   8.810   9.640 -35.743
   18.03   9.060   9.510 -35.425
   18.06   9.310   9.960 -35.287
   18.09   9.960  10.490 -34.231
   18.12  10.920  12.270 -33.388
   18.15  13.150  13.820 -32.361
   18.18  13.510  13.980 -32.240
   18.21  14.350  15.030 -31.790
   19.00  13.410  14.610 -33.063
   19.03  13.080  14.120 -30.487
   19.06  13.510  15.090 -30.237
   19.09  12.030  14.000 -31.668
   19.12  11.410  13.060 -31.032
   19.15  10.350  14.020 -29.796
   19.18  10.410  14.450 -26.816
   19.21  10.460  12.540 -24.538
   20.00   8.270  11.000 -26.654
   20.03   8.250  11.130 -25.443
   20.06   8.290  11.190 -20.762
   20.09  12.200  14.330 -19.044
   20.12  15.320  17.050 -18.745
   20.15  15.660  17.300 -20.128
   20.18  14.680  15.630 -20.048
   20.21  12.550  14.330 -18.537
   21.00  11.800  12.900 -19.710
   21.03  11.810  12.780 -20.269
   21.06  12.470  13.210 -20.882
   21.09  13.430  15.120 -21.116
   21.12  13.510  14.620 -19.205
   21.15  13.090  14.050 -21.271
   21.18  13.260  14.390 -20.914
   21.21  14.630  15.960 -21.162
   22.00  14.990  16.520 -23.155
   22.03  15.240  15.990 -24.418
   22.06  15.480  16.520 -24.758
   22.09  13.210  14.340 -24.729
   22.12  14.260  15.330 -24.688
   22.15  11.950  13.920 -24.363
   22.18   9.660  12.200 -23.609
   22.21  13.620  15.540 -23.935
   23.00  13.400  14.940 -24.530
   23.03  12.050  13.050 -24.559
   23.06  11.960  13.200 -24.351
   23.09  12.380  13.070 -23.923
   23.12  12.220  12.850 -25.284
   23.15  10.750  12.000 -24.642
   23.18  10.230  11.480 -24.857
   23.21  10.520  11.570 -24.238
   24.00  10.340  11.710 -24.617
   24.03  10.910  11.710 -25.641
   24.06  12.050  12.820 -25.520
   24.09  12.010  12.310 -25.714
   24.12  11.730  12.200 -26.080
   24.15  11.940  12.210 -26.213
   24.18  11.580  12.080 -26.376
   24.21  11.800  12.350 -26.432
   25.00  11.980  12.440 -26.555
   25.03  12.140  12.720 -26.092
   25.06  12.000  12.250 -26.634
   25.09  12.160  12.580 -26.448
   25.12  12.450  12.780 -26.284
   25.15  11.740  12.150 -26.875
   25.18  11.530  12.000 -27.060
   25.21  12.250  12.630 -27.142
   26.00  11.930  12.580 -26.364
   26.03  12.420  13.000 -27.009
   26.06  13.160  13.790 -26.686
   26.09  12.900  13.800 -26.312
   26.12  11.920  12.810 -26.336
   26.15  11.810  12.840 -25.904
   26.18  11.760  12.640 -25.605
   26.21  10.470  11.600 -26.686
   27.00   9.170  10.800 -25.767
   27.03   9.010  10.530 -24.522
   27.06   9.970  11.100 -25.108
   27.09   9.770  10.560 -25.738
   27.12   9.400  10.350 -25.329
   27.15   9.430  10.310 -25.904
   27.18   7.650   8.820 -27.877
   27.21   8.070   8.470 -29.700
   28.00   7.440   8.310 -28.927
   28.03   6.561   7.040 -27.656
   28.06   6.632   7.020 -27.130
   28.09   5.773   6.370 -26.686
   28.12   5.693   8.270 -27.524
   28.15   7.980   8.870 -30.200
   28.18   7.550   8.600 -31.061
   28.21   7.140   7.830 -31.819
   29.00   7.080   7.880 -34.286
   29.03   8.220   8.580 -36.815
   29.06   7.770   8.170 -38.075
   29.09   8.350   9.550 -38.417
   29.12   9.560  10.710 -38.176
   29.15  11.180  12.160 -39.340
   29.18  12.700  14.300 -37.800
   29.21  13.860  15.270 -37.299
   30.00  15.760  16.500 -37.344
   30.03  15.810  17.830 -35.244
   30.06  17.100  17.880 -33.645
   30.09  18.850  20.720 -32.602
   30.12  20.250  21.070 -30.923
   30.15  20.740  21.410 -31.488
   30.18  18.640  19.710 -30.388
   30.21  15.660  17.970 -30.311
   31.00  13.000  15.180 -28.487
   31.03  10.640  11.780 -28.433
   31.06   8.880   9.720 -28.081
   31.09   6.425   9.100 -30.222
   31.12   6.108   6.983 -32.905
   31.15   6.409   7.640 -34.723
   31.18   7.050   7.600 -35.183
   31.21   8.130   9.380 -34.207
   32.00   9.170   9.970 -34.252
   32.03   9.320  10.310 -33.196
   32.06   8.600   9.670 -30.726
   32.09   9.690  10.370 -30.784
   32.12   9.060   9.930 -31.228
   32.15   8.620   9.170 -29.737
   32.18   7.690   8.470 -27.757
   32.21   7.390   8.080 -26.412
   33.00   8.090   9.770 -29.213
   33.03   8.880   9.510 -30.171
   33.06   9.640  10.240 -28.908
   33.09   8.590   9.010 -26.973
   33.12   6.911   8.920 -25.402
   33.15   6.235   7.430 -26.717
   33.18   4.345   6.242 -25.718
   33.21   1.976   3.336 -27.962
   34.00   1.229   2.230 -31.419
   34.03   1.040   2.158 -33.049
   34.06   1.095   2.040 -34.132
   34.09   2.241   3.180 -32.115
   34.12    .797   1.510 -30.941
   34.15   1.259   3.054 -32.040
   34.18   4.296   5.115 -30.473
   34.21   4.658   5.420 -28.779
   35.00   4.533   5.192 -29.315
   35.03   4.194   5.089 -30.520
   35.06   3.141   3.522 -30.696
   35.09   4.208   5.564 -33.000
   35.12   6.782   7.630 -33.711
   35.15   7.720   8.300 -34.317
   35.18   6.750   7.320 -34.954
   35.21   6.750   7.540 -34.447
   36.00   6.964   8.100 -34.355
   36.03   7.920   8.480 -36.022
   36.06   9.450  10.010 -35.743
   36.09   9.650  10.300 -35.014
   36.12  10.230  10.890 -36.214
   36.15  11.070  11.810 -35.220
   36.18  10.640  11.440 -36.283
   36.21  11.110  11.760 -35.472
   37.00  11.240  12.560 -34.876
   37.03  11.310  12.330 -34.648
   37.06   9.960  11.320 -34.324
   37.09   7.980   9.190 -34.197
   37.12   7.190   8.180 -36.408
   37.15   8.860  10.820 -32.254
   37.18  10.540  11.800 -32.432
   37.21  10.670  11.700 -30.502
   38.00  11.480  12.040 -27.244
   38.03  10.960  12.080 -23.575
   38.06   9.020   9.440 -23.297
   38.09   9.610  10.170 -21.977
   38.12   8.990   9.590 -20.970
   38.15   8.610   9.060 -18.995
   38.18   8.480   8.860 -17.443
   38.21   7.790   8.590 -15.862
   39.00   6.858   8.160 -17.459
   39.03   5.777   6.414 -21.070
   39.06   5.746   6.769 -20.855
   39.09   8.450   9.480 -21.439
   39.12   9.880  10.990 -21.380
   39.15  10.960  12.160 -20.744
   39.18  11.180  11.720 -20.493
   39.21  11.530  12.140 -20.554
   40.00  11.350  12.770 -18.671
   40.03  12.470  13.100 -17.371
   40.06  12.780  13.620 -18.537
   40.09  13.220  13.870 -17.106
   40.12  13.050  13.450 -16.643
   40.15  13.070  13.850 -15.598
   40.18  13.590  14.250 -14.956
   40.21  13.690  14.320 -16.225
   41.00  14.210  15.150 -15.692
   41.03  14.220  14.870 -14.478
   41.06  12.100  13.960 -12.683
   41.09  11.320  14.680 -10.128
   41.12  14.590  15.690 -11.577
   41.15   9.260  10.550 -14.043
   41.18  10.660  12.070 -14.431
   41.21  10.940  12.500 -12.536
   42.00  12.850  14.820 -14.512
   42.03  12.400  14.770 -15.125
   42.06  11.540  13.750 -13.461
   42.09  10.500  12.430 -11.793
   42.12  11.210  12.060 -12.473
   42.15  12.340  14.400 -11.965
   42.18  12.710  13.350 -12.473
   42.21  12.840  14.830 -14.019
   43.00  15.030  15.930 -16.150
   43.03  15.360  16.850 -15.965
   43.06  13.370  14.560 -15.708
   43.09  14.510  15.990 -16.003
   43.12  14.270  15.270 -17.644
   43.15  15.730  17.350 -18.197
   43.18  15.220  16.060 -18.127
   43.21  15.470  16.730 -18.966
   44.00  14.520  16.380 -20.311
   44.03  13.080  14.160 -20.596
   44.06  11.900  13.560 -20.297
   44.09  13.670  14.900 -18.902
   44.12  12.640  14.750 -18.685
   44.15  15.060  16.900 -20.363
   44.18  13.030  14.680 -19.461
   44.21  11.760  12.540 -19.365
   45.00  14.280  15.420 -19.591
   45.03  14.260  15.130 -20.864
   45.06  14.970  16.460 -21.421
   45.09  13.040  14.230 -21.434
   45.12  12.620  13.850 -22.578
   45.15  12.990  14.170 -19.801
   45.18  10.380  12.550 -19.528
   45.21   9.880  10.780 -19.948
   46.00  10.500  11.230 -19.117
   46.03  11.570  12.550 -19.297
   46.06  13.050  14.160 -19.591
   46.09  13.920  15.010 -19.495
   46.12  12.470  13.190 -20.549
   46.15  11.450  12.220 -20.845
   46.18   9.660  11.370 -22.774
   46.21  11.730  14.180 -22.376
   47.00  12.710  13.520 -23.961
   47.03  12.480  14.110 -24.882
   47.06  11.390  12.880 -25.964
   47.09  10.850  12.060 -25.682
   47.12  10.050  10.560 -25.353
   47.15   9.020   9.880 -24.907
   47.18   6.638   8.240 -24.288
   47.21   6.545   7.930 -24.766
   48.00   7.550   9.010 -24.518
   48.03   9.010   9.790 -23.635
   48.06   8.080   9.960 -23.918
   48.09   7.950   9.010 -25.325
   48.12   9.160  10.180 -24.853
   48.15   9.430  10.500 -24.079
   48.18  10.330  12.040 -23.082
   48.21  12.070  13.020 -22.935
   49.00  12.930  14.130 -22.283
   49.03  11.970  13.020 -19.384
   49.06  13.350  14.610 -18.690
   49.09  12.260  13.820 -18.922
   49.12  12.320  15.120 -18.147
   49.15  12.950  14.890 -17.613
   49.18  10.580  13.840 -20.739
   49.21   6.582   8.530 -22.089
   50.00   6.667   8.200 -22.905
   50.03   7.360   9.400 -24.526
   50.06   9.580  11.370 -25.353
   50.09   9.150  11.020 -26.765
   50.12   9.030  10.500 -26.788
   50.15   8.850  10.480 -25.091
   50.18   9.500  11.390 -24.150
   50.21   9.160  11.330 -22.670
   51.00   8.810  10.980 -22.965
   51.03  10.200  11.040 -21.407
   51.06  10.590  11.840 -20.600
   51.09   8.920  10.660 -19.185
   51.12   9.700  10.970 -19.282
   51.15  12.630  13.530 -19.253
   51.18  11.710  12.930 -18.232
   51.21  11.690  13.960 -20.010
   52.00  13.710  14.930 -20.988
   52.03  15.930  18.380 -24.188
   52.06  16.280  17.230 -26.129
   52.09  14.630  16.560 -26.308
   52.12  13.690  14.650 -24.741
   52.15  13.670  14.360 -21.316
   52.18  12.350  13.980 -20.507
   52.21  10.210  12.010 -22.761
   53.00   9.300  10.880 -23.344
   53.03   7.150   8.500 -24.923
   53.06   9.600  12.800 -24.430
   53.09   8.900  11.770 -24.882
   53.12   5.270   7.280 -25.046
   53.15   4.708   5.883 -24.741
   53.18   4.404   4.772 -25.157
   53.21   5.766   7.370 -27.691
   54.00   7.160   7.420 -27.072
   54.03   7.150   7.950 -26.966
   54.06   8.680   9.740 -28.692
   54.09  11.250  12.700 -30.524
   54.12  12.350  13.320 -30.152
   54.15  11.350  12.800 -26.942
   54.18  10.650  12.010 -25.300
   54.21   9.700  10.670 -24.405
   55.00   9.370  11.410 -19.190
   55.03   6.849   9.610 -27.757
   55.06   6.984   8.330 -26.938
   55.09   6.516   8.150 -25.247
   55.12   6.090   8.080 -27.536
   55.15   4.340   5.226 -26.938
   55.18   4.927   6.469 -25.996
   55.21   4.899   5.460 -26.511
   56.00   5.425   6.859 -26.796
   56.03   5.582   6.239 -27.563
   56.06   6.919   7.480 -30.200
   56.09   7.730   8.030 -30.141
   56.12   8.880   9.780 -30.984
   56.15   9.660  11.080 -30.813
   56.18   9.890  11.330 -31.671
   56.21  11.040  13.140 -31.010
   57.00  12.790  13.750 -31.808
   57.03  13.950  14.770 -30.802
   57.06   8.810  12.700 -30.579
   57.09   3.245   6.922 -29.528
   57.12    .779   1.683 -30.853
   57.15   1.608   2.326 -30.729
   57.18   1.332   2.591 -31.206
   57.21   4.160   5.110 -35.014
   58.00   5.604   6.836 -37.672
   58.03   6.745   7.790 -36.854
   58.06   6.487   7.860 -39.650
   58.09   8.120   9.160 -39.029
   58.12   7.500   8.450 -38.427
   58.15   8.660   9.580 -35.833
   58.18   8.880   9.830 -35.839
   58.21   8.720   9.380 -38.081
   59.00  10.090  10.980 -37.759
   59.03  10.440  11.340 -39.123
   59.06  11.820  13.020 -37.512
   59.09  13.020  14.150 -38.439
   59.12  12.490  13.660 -37.679
   59.15  12.260  12.940 -35.234
   59.18  10.900  12.510 -34.570
   59.21   9.940  11.700 -36.207
   60.00  10.480  11.830 -36.961
   60.03  10.080  11.030 -38.011
   60.06  10.440  11.390 -37.328
   60.09  11.020  11.510 -37.698
   60.12  10.310  11.370 -37.524
   60.15   9.050  10.130 -34.906
   60.18   8.350   9.530 -33.307
   60.21   7.030   8.110 -34.869
   61.00   7.280   8.050 -34.801
   61.03   7.600   8.030 -35.599
   61.06   7.450   8.230 -38.964
   61.09   7.910   8.670 -36.244
   61.12   8.710   9.070 -35.341
   61.15   9.660  10.310 -33.391
   61.18  10.190  10.650 -34.498
   61.21  10.620  12.180 -36.831
   62.00  11.530  12.750 -35.996
   62.03  12.520  12.980 -36.821
   62.06  12.710  13.460 -35.996
   62.09  11.690  12.660 -34.631
   62.12  12.940  13.410 -33.227
   62.15  12.660  13.720 -29.681
   62.18  11.340  12.510 -25.038
   62.21   8.550  10.990 -24.543
   63.00   8.670   9.150 -24.062
   63.03   8.270   8.920 -25.694
   63.06   7.700   8.590 -25.613
   63.09   8.230   9.040 -26.292
   63.12   9.850  11.390 -26.020
   63.15  11.130  11.680 -23.944
   63.18   8.990  10.290 -18.946
   63.21  12.580  14.480 -20.166
   64.00  15.420  16.100 -19.825
   64.03  15.510  16.250 -19.205
   64.06  15.110  16.610 -19.744
   64.09  13.040  14.980 -20.887
   64.12  12.240  12.710 -20.349
   64.15  12.740  14.020 -18.690
   64.18  12.250  13.400 -18.705
   64.21  12.370  14.850 -19.005
   65.00  15.050  15.810 -19.887
   65.03   9.650  12.250 -21.052
   65.06   8.860  10.740 -22.630
   65.09   9.780  11.500 -23.622
   65.12   8.440  10.610 -24.997
   65.15   9.690  10.530 -20.790
   65.18   9.750  10.910 -20.109
   65.21  10.370  11.980 -20.461
   66.00  12.150  13.050 -20.992
   66.03  10.460  11.180 -22.569
   66.06  12.080  12.940 -24.418
   66.09  12.270  13.700 -26.539
   66.12  11.120  12.110 -28.008
   66.15  10.340  13.380 -27.904
   66.18   8.300   9.550 -26.954
   66.21   7.750   9.040 -27.458
   67.00   7.660   8.990 -28.490
   67.03   8.890  10.060 -29.993
   67.06   9.380  10.010 -31.086
   67.09   8.360   9.850 -32.244
   67.12   9.170   9.590 -30.557
   67.15   9.280  10.210 -28.662
   67.18   8.530   9.720 -28.326
   67.21   6.674   7.710 -30.656
   68.00   8.330  10.310 -29.808
   68.03  10.000  10.750 -30.729
   68.06   9.130  10.190 -31.725
   68.09   9.290  10.740 -31.994
   68.12   8.900  10.960 -30.023
   68.15   9.430  10.430 -28.027
   68.18   8.460   9.190 -27.295
   68.21   6.833   7.920 -28.711
   69.00   6.953   7.540 -30.421
   69.03   7.770   8.960 -31.264
   69.06   8.080   8.970 -34.152
   69.09   7.480   8.220 -35.207
   69.12   7.400   8.040 -35.606
   69.15   6.526   7.490 -33.182
   69.18   5.347   6.024 -33.038
   69.21   3.972   4.782 -36.267
   70.00   4.880   5.656 -38.103
   70.03   5.477   6.669 -39.371
   70.06   5.962   6.656 -40.445
   70.09   5.940   6.700 -40.354
   70.12   6.061   6.855 -39.464
   70.15   6.523   7.470 -36.756
   70.18   3.276   4.178 -36.095
   70.21   3.132   4.485 -39.588
   71.00   4.449   5.449 -41.438
   71.03   4.452   6.148 -42.650
   71.06   5.417   6.665 -43.176
   71.09   3.043   3.655 -42.061
   71.12   4.358   5.210 -42.884
   71.15   4.526   5.737 -38.468
   71.18   5.403   5.939 -37.386
   71.21   5.375   5.933 -39.804
   72.00   5.080   5.601 -41.049
   72.03   4.256   5.141 -41.318
   72.06   4.306   4.902 -41.109
   72.09   3.897   4.396 -41.408
   72.12   4.931   5.690 -38.332
   72.15   5.957   7.080 -35.936
   72.18   7.970   9.550 -34.505
   72.21   9.570  11.150 -35.385
   73.00  11.490  12.440 -35.833
   73.03  13.570  14.760 -34.692
   73.06  15.770  16.810 -32.140
   73.09  15.990  18.230 -27.064
   73.12  13.880  14.800 -23.434
   73.15  10.780  12.610 -20.563
   73.18   6.696   8.410 -19.423
   73.21   7.990   9.240 -23.254
   74.00   8.990  10.400 -28.806
   74.03   8.820  10.330 -30.373
   74.06   8.790   9.810 -31.596
   74.09   8.580  10.060 -33.252
   74.12   8.480   9.290 -34.495
   74.15   5.583   7.400 -35.227
   74.18   2.974   3.567 -35.999
   74.21   4.005   5.622 -41.467
   75.00   6.216   7.430 -43.322
   75.03   6.457   7.140 -44.399
   75.06   5.847   6.274 -45.535
   75.09   6.675   8.380 -45.389
   75.12   8.040   8.590 -42.913
   75.15   7.020   7.950 -39.680
   75.18   5.766   6.289 -38.341
   75.21   6.423   7.500 -41.109
   76.00   8.740  10.650 -40.354
   76.03  11.050  11.610 -39.309
   76.06  11.240  11.760 -36.497
   76.09  11.440  12.370 -34.313
   76.12  14.340  15.220 -31.445
   76.15  14.610  15.420 -28.445
   76.18  13.780  14.600 -26.622
   76.21  15.190  15.890 -26.217
   77.00  15.270  16.350 -24.459
   77.03  11.980  13.590 -22.521
   77.06  10.080  11.200 -22.146
   77.09  10.620  11.910 -21.047
   77.12  11.560  12.710 -20.591
   77.15  11.750  13.210 -19.538
   77.18  10.000  11.170 -18.392
   77.21   9.140  10.320 -17.828
   78.00   9.590  10.150 -19.891
   78.03  12.110  13.640 -21.489
   78.06  14.000  14.580 -19.792
   78.09  13.920  14.550 -21.579
   78.12  11.520  13.130 -24.280
   78.15   8.900  10.140 -22.525
   78.18   6.714   8.770 -21.439
   78.21   8.260   9.470 -24.434
   79.00   5.522   8.020 -27.314
   79.03   4.930   6.379 -28.517
   79.06   6.527   8.260 -29.603
   79.09   7.810   8.280 -27.621
   79.12   8.930   9.700 -27.645
   79.15  10.010  10.750 -26.153
   79.18   9.580  10.750 -27.501
   79.21   8.770  10.450 -29.941
   80.00   7.810  11.340 -29.908
   80.03  12.400  14.180 -30.071
   80.06  11.410  12.960 -31.213
   80.09   7.520   8.750 -31.994
   80.12   7.140   8.420 -22.297
   80.15   7.900  10.850 -14.672
   80.18   9.930  11.470 -11.274
   80.21  13.410  16.980  -9.361
   81.00  15.870  16.600 -10.402
   81.03  13.570  16.040 -11.730
   81.06  13.860  14.610 -13.624
   81.09  13.160  14.830 -15.035
   81.12  11.080  12.740 -15.148
   81.15   9.820  11.740 -14.877
   81.18   7.480   8.700 -15.204
   81.21   8.590   9.190 -17.700
   82.00   8.860   9.660 -18.735
   82.03   8.000   9.290 -21.111
   82.06   7.830   8.710 -21.651
   82.09   5.635   6.279 -26.308
   82.12   6.950   7.710 -23.978
   82.15   6.498   7.180 -22.164
   82.18   5.931   6.763 -21.714
   82.21   5.865   6.588 -21.803
   83.00   6.235   7.730 -23.168
   83.03   6.812   8.380 -23.520
   83.06   4.966   5.263 -23.893
   83.09   5.097   5.342 -24.079
   83.12   5.236   6.342 -25.916
   83.15   5.295   5.919 -23.185
   83.18   5.544   6.043 -23.660
   83.21   6.378   7.160 -28.135
   84.00   7.630   8.180 -30.012
   84.03   8.850   9.200 -30.200
   84.06   9.570  10.070 -29.573
   84.09  11.970  13.060 -29.055
   84.12  13.670  14.610 -27.711
   84.15  14.160  14.780 -23.825
   84.18  13.270  13.900 -22.376
   84.21  13.760  15.090 -23.434
   85.00  15.920  16.360 -24.493
   85.03  16.500  17.360 -24.209
   85.06  17.220  17.770 -23.897
   85.09  15.580  17.360 -24.066
   85.12  12.790  14.260 -20.855
   85.15  11.000  12.290 -17.787
   85.18   9.610  10.310 -17.090
   85.21   8.880   9.720 -19.413
   86.00  11.700  12.730 -20.725
   86.03  13.790  14.840 -20.974
   86.06  14.500  15.610 -19.039
   86.09  15.260  16.290 -17.319
   86.12  14.810  15.540 -15.543
   86.15  12.000  13.850 -14.101
   86.18   7.490   9.930 -16.424
   86.21   7.830   8.900 -16.965
   87.00   4.906   8.950 -20.910
   87.03   1.982   3.916 -22.446
   87.06   4.775   6.379 -23.847
   87.09   6.651   8.210 -22.534
   87.12   6.165   7.030 -23.978
   87.15   5.577   6.043 -23.703
   87.18   4.486   5.302 -26.507
   87.21   5.932   6.633 -26.855
   88.00   4.692   5.605 -31.286
   88.03   5.951   8.340 -32.510
   88.06   7.670   8.620 -35.351
   88.09   7.910   8.800 -35.932
   88.12   8.030   9.170 -33.042
   88.15   7.990   8.400 -30.267
   88.18   6.404   7.320 -29.040
   88.21   5.010   5.531 -31.851
   89.00   6.379   7.980 -34.910
   89.03   8.160   8.990 -36.326
   89.06   9.510  11.340 -37.228
   89.09  10.560  11.090 -37.880
   89.12   9.480  10.510 -35.001
   89.15   8.650   9.110 -31.603
   89.18   8.070   8.860 -30.893
   89.21   6.363   7.030 -33.000
   90.00   6.366   6.892 -35.759
   90.03   7.850   9.410 -35.341
   90.06   8.700   9.180 -36.425
   90.09   8.770   9.110 -36.550
   90.12   8.800   9.280 -33.880
   90.15   8.880   9.370 -31.181
   90.18   7.910   8.590 -29.945
   90.21   7.470   8.400 -32.162
   91.00   8.560   9.540 -34.954
   91.03   9.240   9.860 -35.136
   91.06   9.690  10.520 -35.173
   91.09  10.350  11.670 -36.237
   91.12  10.750  12.100 -32.290
   91.15  11.070  11.980 -28.707
   91.18   9.930  10.730 -27.521
   91.21  10.090  10.730 -28.881
   92.00  10.750  11.340 -31.679
   92.03  10.260  11.370 -31.958
   92.06  10.270  11.420 -32.105
   92.09  10.980  11.660 -31.104
   92.12  12.230  13.710 -26.989
   92.15  12.880  13.550 -22.961
   92.18  11.770  12.440 -22.053
   92.21  12.320  13.500 -22.678
   93.00  14.620  15.760 -22.274
   93.03  15.050  16.050 -21.915
   93.06  11.340  14.370 -17.443
   93.09   8.540   9.220 -16.155
   93.12   6.566   7.220 -15.697
   93.15   6.332   6.889 -16.009
   93.18   6.393   6.958 -16.209
   93.21   6.060   6.544 -18.621
   94.00   7.720   8.980 -25.186
   94.03  10.240  12.070 -27.493
   94.06  12.490  13.160 -27.931
   94.09  13.750  14.540 -29.371
   94.12  14.260  14.890 -26.812
   94.15  13.420  14.400 -23.982
   94.18  11.180  12.830 -23.851
   94.21  11.100  11.640 -25.467
   95.00  11.590  12.520 -26.981
   95.03  14.390  15.410 -27.380
   95.06  16.050  17.740 -28.387
   95.09  17.180  19.030 -28.100
   95.12  17.920  20.050 -25.508
   95.15  16.870  18.930 -21.552
   95.18  15.450  17.120 -19.485
   95.21  12.710  14.470 -19.663
   96.00  13.170  16.200 -22.508
   96.03  15.830  16.670 -21.790
   96.06  18.970  20.220 -19.581
   96.09  22.540  24.340 -19.500
   96.12  22.140  23.580 -17.894
   96.15  18.240  20.320 -15.543
   96.18  14.250  16.870 -14.689
   96.21  12.020  12.590 -15.526
   97.00  13.520  15.570 -15.894
   97.03  16.060  16.400 -16.041
   97.06  15.660  16.810 -17.231
   97.09  14.830  15.650 -15.488
   97.12  11.410  14.130 -13.984
   97.15  13.040  14.050 -10.717
   97.18  13.960  15.030  -8.352
   97.21  14.460  16.070  -8.498
   98.00  12.600  13.460  -6.189
   98.03  12.730  13.330  -6.972
   98.06  13.650  15.210  -9.052
   98.09  14.660  16.460  -8.572
   98.12  13.680  15.630  -5.844
   98.15   9.830  12.620  -3.500
   98.18  14.660  16.380  -5.002
   98.21  14.180  15.860  -6.533
   99.00   7.780  10.650 -11.050
   99.03   8.210   9.100 -12.743
   99.06  10.420  11.120 -14.217
   99.09  10.760  12.840 -14.449
   99.12  11.530  12.800 -13.379
   99.15  13.470  14.780 -12.006
   99.18  12.350  13.990 -11.116
   99.21  11.000  12.230 -13.600
  100.00  12.170  13.620 -14.724
  100.03  13.230  14.120 -15.560
  100.06  13.110  14.020 -14.667
  100.09  12.510  13.770 -17.454
  100.12  11.190  12.490 -15.593
  100.15   8.600   9.850 -13.761
  100.18   6.897   7.850 -12.597
  100.21   4.484   5.482 -14.741
  101.00   4.836   5.150 -14.951
  101.03   5.703   7.480 -15.856
  101.06   8.540  10.580 -17.884
  101.09  11.950  12.800 -20.887
  101.12  13.540  14.430 -20.166
  101.15  11.190  13.100 -17.782
  101.18   8.670   9.070 -16.568
  101.21   7.820   8.760 -18.412
  102.00   6.638   8.040 -23.838
  102.03   7.120   7.760 -25.508
  102.06   7.570   8.290 -26.733
  102.09   7.930   8.700 -23.284
  102.12   7.950   8.340 -20.628
  102.15   8.710  10.020 -18.197
  102.18   7.560   9.330 -15.069
  102.21   5.684   6.511 -15.354
  103.00   6.328   8.530 -18.601
  103.03  11.210  12.830 -18.412
  103.06  13.030  13.790 -18.981
  103.09  13.240  14.170 -19.524
  103.12  15.410  16.440 -18.833
  103.15  15.080  16.390 -15.708
  103.18  12.700  14.130 -13.421
  103.21  11.760  13.400 -14.043
  104.00  13.940  15.430 -15.276
  104.03  12.910  15.140 -14.159
  104.06  10.040  11.400 -12.367
  104.09   8.810  10.430 -12.661
  104.12  10.990  12.340 -12.367
  104.15   8.160  10.040 -13.358
  104.18   5.701   7.270 -15.220
  104.21   4.644   5.682 -17.241
  105.00   4.652   5.704 -17.818
  105.03   4.319   5.379 -17.418
  105.06   3.246   4.926 -18.750
  105.09   3.426   5.037 -20.545
  105.12   3.013   4.939 -21.107
  105.15   3.384   4.749 -19.991
  105.18   3.179   4.659 -17.782
  105.21   4.728   6.064 -22.199
  106.00   6.477   9.930 -25.767
  106.03  11.370  13.030 -25.206
  106.06  15.250  16.970 -25.414
  106.09  16.730  17.330 -24.634
  106.12  16.850  17.540 -20.910
  106.15  14.680  16.610 -17.299
  106.18  12.580  13.650 -15.911
  106.21  10.280  11.500 -17.454
  107.00   9.370  10.980 -22.115
  107.03  11.310  11.880 -24.721
  107.06  12.630  13.870 -24.989
  107.09  14.970  16.000 -25.292
  107.12  16.500  16.970 -22.159
  107.15  16.220  16.960 -18.720
  107.18  14.930  15.760 -16.370
  107.21  14.110  14.850 -17.299
  108.00  14.570  14.950 -19.815
  108.03  14.340  15.000 -21.294
  108.06  15.910  17.110 -21.830
  108.09  17.100  17.610 -21.830
  108.12  16.600  18.080 -18.985
  108.15  15.390  16.270 -14.764
  108.18  13.880  15.270 -13.197
  108.21  13.690  14.280 -14.529
  109.00  14.580  15.320 -17.418
  109.03  16.480  17.010 -18.819
  109.06  17.160  17.880 -18.917
  109.09  18.220  19.100 -17.853
  109.12  19.550  20.290 -14.078
  109.15  19.320  20.750 -11.922
  109.18  18.910  19.920 -10.081
  109.21  19.470  20.350 -10.423
  110.00  19.830  20.940 -12.070
  110.03  19.280  20.970 -12.639
  110.06  18.760  20.400 -11.402
  110.09  17.930  19.520  -8.401
  110.12  17.510  18.320  -6.895
  110.15  15.380  16.550  -4.586
  110.18  12.460  14.240  -1.740
  110.21   5.987  10.330  -1.179
  111.00   4.608   5.385   -.834
  111.03   5.680   6.575  -1.958
  111.06   7.160   8.450  -4.137
  111.09   7.840   9.440  -4.194
  111.12   8.860   9.250  -3.276
  111.15   7.840   8.930  -1.985
  111.18   6.046   7.000  -2.290
  111.21   5.125   6.077  -2.021
  112.00   5.215   5.809  -2.201
  112.03   4.546   5.213  -2.919
  112.06   5.574   6.068  -3.569
  112.09   7.070   7.680  -3.094
  112.12   6.796   7.450  -2.566
  112.15   6.935   7.610  -2.442
  112.18   4.465   5.859  -2.048
  112.21   3.036   3.686  -1.253
  113.00   2.339   2.812  -7.585
  113.03   3.706   6.941  -5.226
  113.06   7.860   8.830  -8.157
  113.09  10.790  11.630 -10.058
  113.12  12.030  12.970  -7.959
  113.15  11.470  12.650  -4.923
  113.18  11.730  12.610  -3.534
  113.21  11.370  12.520  -4.054
  114.00  11.720  12.630  -5.444
  114.03  12.520  13.120  -6.820
  114.06  13.300  14.190  -5.416
  114.09  13.750  14.930  -6.325
  114.12  15.120  16.100  -5.033
  114.15  14.310  14.830  -3.483
  114.18  13.320  14.020  -2.084
  114.21  13.370  14.280  -3.629
  115.00  13.160  14.240  -5.902
  115.03  15.060  15.830  -7.026
  115.06  13.700  14.900  -9.664
  115.09  14.460  15.080  -9.360
  115.12  14.030  14.920  -6.691
  115.15  13.510  14.930  -3.594
  115.18  10.250  11.000  -2.147
  115.21   9.100   9.860  -3.970
  116.00  10.550  11.610  -6.483
  116.03  11.420  13.110  -9.028
  116.06  12.900  14.500  -9.618
  116.09  12.560  13.390  -9.642
  116.12  13.550  14.180  -7.458
  116.15  13.910  16.030  -4.896
  116.18  13.800  14.580  -3.740
  116.21  13.390  14.740  -4.814
  117.00  15.830  17.220  -7.760
  117.03  16.210  16.740 -10.625
  117.06  16.230  17.050 -10.804
  117.09  17.370  18.620  -9.966
  117.12  15.730  17.080  -8.206
  117.15  14.890  15.620  -5.171
  117.18  13.800  15.500  -5.116
  117.21  12.590  13.990  -5.848
  118.00  11.920  12.810  -8.034
  118.03  11.870  12.960  -9.758
  118.06  10.110  11.680 -11.313
  118.09  10.640  11.380 -10.960
  118.12  10.510  11.220  -8.058
  118.15   9.520  10.430  -5.171
  118.18   7.410   9.130  -4.979
  118.21   3.706   5.437  -6.220
  119.00   3.598   4.537 -12.045
  119.03   5.667   6.235 -13.755
  119.06   6.920   8.090 -13.696
  119.09   8.280   9.050 -11.682
  119.12   8.910   9.690  -9.384
  119.15   8.820   9.240  -6.587
  119.18   6.883   7.530  -5.116
  119.21   5.638   6.036  -7.257
  120.00   5.950   6.972  -8.765
  120.03   7.890   8.840  -9.384
  120.06   9.560  10.540 -11.531
  120.09   9.990  10.640 -11.746
  120.12  10.570  11.320  -8.933
  120.15  10.250  11.010  -6.794
  120.18   8.840   9.310  -5.606
  120.21   7.330   8.330  -5.902
  121.00   9.080  10.190  -9.804
  121.03  11.120  11.920 -11.982
  121.06  11.100  12.760 -14.638
  121.09  12.830  13.170 -15.007
  121.12  12.470  13.120 -11.854
  121.15  11.340  12.270  -8.353
  121.18  11.220  11.660  -7.256
  121.21  10.220  11.180  -8.861
  122.00  10.900  11.610 -11.574
  122.03  11.660  12.560 -13.415
  122.06  12.360  12.910 -14.078
  122.09  12.090  13.090 -11.919
  122.12  11.240  12.330  -9.478
  122.15  10.010  11.070  -5.252
  122.18   8.650  10.550  -4.111
  122.21   5.837   8.080  -5.498
  123.00   2.973   4.799 -12.279
  123.03   5.454   7.410 -12.885
  123.06   7.660   8.440 -12.532
  123.09   8.750   9.710 -10.580
  123.12   9.480  11.140  -7.634
  123.15   8.850  10.340  -5.794
  123.18   4.349   7.570  -4.338
  123.21   3.976   4.449  -8.645
  124.00   3.814   4.705  -8.620
  124.03   3.934   5.575  -8.523
  124.06   6.919   8.250  -9.171
  124.09   7.860   9.200 -10.058
  124.12   9.410  10.270  -9.595
  124.15   9.350   9.980  -8.426
  124.18   8.110   9.370  -8.377
  124.21   7.710   8.640  -8.572
  125.00   7.340   8.650 -12.822
  125.03   9.310  10.900 -14.678
  125.06  10.990  11.270 -15.829
  125.09  11.650  12.350 -14.466
  125.12  12.360  12.810 -10.625
  125.15  10.730  11.760  -7.408
  125.18   8.650   9.530  -6.377
  125.21   4.732   6.881  -9.337
  126.00   6.467   8.920 -11.070
  126.03   9.220  10.450 -12.760
  126.06  10.870  11.820 -12.782
  126.09  12.090  12.840 -12.448
  126.12  11.400  12.030  -8.669
  126.15  11.460  12.590  -5.252
  126.18   9.590  10.640  -3.534
  126.21   8.190   9.600  -3.740
  127.00   7.630   8.760  -5.741
  127.03   6.905   9.230  -7.434
  127.06   9.870  11.590  -6.246
  127.09  11.720  12.540  -5.714
  127.12  11.070  12.190  -5.171
  127.15  10.170  11.770  -3.276
  127.18   7.130   9.200  -3.483
  127.21   6.161   6.928  -5.336
  128.00   6.246   8.520  -8.182
  128.03   9.350  10.960  -9.219
  128.06  11.160  12.250 -10.893
  128.09  11.430  12.190  -9.988
  128.12  10.980  12.050  -7.383
  128.15   9.390  10.680  -4.758
  128.18   6.920   7.950  -3.769
  128.21   4.578   5.850  -4.953
  129.00   5.964   7.080  -6.458
  129.03   7.050   7.460  -5.336
  129.06   6.763   7.330  -6.009
  129.09   8.240   9.870  -5.795
  129.12   8.310   9.350  -4.869
  129.15   7.880   8.410  -2.954
  129.18   6.570   7.520  -1.903
  129.21   6.393   7.970  -3.457
  130.00   8.440   9.210  -4.870
  130.03   8.820   9.950  -4.564
  130.06   8.660   9.550  -3.483
  130.09  10.590  11.290  -5.391
  130.12  10.120  11.020  -2.893
  130.15  10.460  11.640  -1.722
  130.18   9.070  10.090  -1.410
  130.21  11.090  12.870  -2.156
  131.00   9.260  11.940  -1.822
  131.03   7.820   8.740  -2.460
  131.06   6.895   8.440  -2.129
  131.09   5.545   7.420  -2.584
  131.12   4.928   5.793  -1.364
  131.15   6.293   7.400   -.806
  131.18   4.677   5.071   -.199
  131.21   2.617   4.245  -1.309
  132.00   2.576   2.958  -1.648
  132.03   2.383   3.063  -4.185
  132.06   4.043   5.776  -5.616
  132.09   5.342   6.549  -6.774
  132.12   7.080   8.190  -2.102
  132.15   9.020  10.280   -.523
  132.18  10.240  10.740  -1.594
  132.21   9.760  10.590  -2.084
  133.00   9.750  10.780  -4.302
  133.03  10.620  11.240  -6.205
  133.06  12.220  13.400  -6.881
  133.09  13.250  14.400  -6.049
  133.12  13.290  14.500  -4.163
  133.15  11.840  12.740  -2.264
  133.18   8.880  10.440   -.275
  133.21   6.940   8.570  -1.002
  134.00   6.813   7.870  -3.362
  134.03   8.370   9.370  -5.433
  134.06   9.200  10.040  -5.462
  134.09   9.540  10.030  -5.570
  134.12   8.900   9.490  -3.880
  134.15   7.170   7.990  -2.210
  134.18   5.608   6.831  -1.346
  134.21   6.018   6.877  -2.353
  135.00   7.020   8.640  -4.997
  135.03   8.790   9.840  -6.520
  135.06  10.700  11.550  -7.466
  135.09  10.650  11.890  -6.180
  135.12  10.760  11.780  -3.102
  135.15   9.590  10.430   -.721
  135.18   7.820   9.200    .566
  135.21   7.400   7.990   -.399
  136.00   8.480   9.080  -2.504
  136.03   8.340   8.980  -4.132
  136.06   9.060   9.740  -5.325
  136.09   8.770   9.420  -4.387
  136.12   8.310   9.100  -2.628
  136.15   6.629   7.860   -.475
  136.18   6.920   7.920   -.409
  136.21   5.327   6.356  -1.133
  137.00   5.871   6.657  -3.336
  137.03   7.770   8.530  -4.051
  137.06   7.110   7.770  -2.602
  137.09   6.784   7.650  -2.415
  137.12   5.742   6.148   -.881
  137.15   6.803   7.860   -.180
  137.18   5.763   6.870   -.504
  137.21   4.550   5.250    .665
  138.00   4.176   5.148   -.247
  138.03   3.535   4.258   -.170
  138.06   4.192   5.043  -4.582
  138.09   4.932   5.639  -3.302
  138.12   5.846   6.449    .080
  138.15   5.307   5.805    .206
  138.18   4.970   5.472   -.180
  138.21   4.360   4.942    .041
  139.00   4.190   5.275  -2.655
  139.03   3.744   4.947  -7.616
  139.06   4.229   4.596  -7.666
  139.09   5.242   6.445  -6.882
  139.12   3.504   4.973  -3.388
  139.15   1.355   1.841  -1.566
  139.18    .823   1.702  -1.776
  139.21   1.575   2.140  -2.858
  140.00   2.595   4.091  -7.263
  140.03   5.495   6.571 -10.996
  140.06   7.410   8.250 -12.456
  140.09   7.670   8.000 -10.417
  140.12   7.270   7.640  -6.494
  140.15   4.800   6.731  -1.419
  140.18   1.523   2.127  -2.272
  140.21   1.950   2.659  -3.041
  141.00   1.102   2.241 -10.461
  141.03   3.992   5.101 -10.953
  141.06   4.303   5.635 -15.714
  141.09   7.930   9.520 -13.421
  141.12   8.890   9.760  -9.570
  141.15   9.470  10.090  -6.415
  141.18   7.020   8.820  -4.777
  141.21   4.786   5.833  -5.488
  142.00   4.606   5.781 -11.106
  142.03   6.705   7.450 -14.752
  142.06   7.140   7.290 -15.153
  142.09   6.598   7.300 -12.765
  142.12   5.124   6.423  -8.839
  142.15   3.110   4.494  -5.603
  142.18   3.170   3.869  -4.734
  142.21   4.479   5.469  -6.055
  143.00   4.114   5.215  -6.988
  143.03   3.417   4.446  -7.866
  143.06   1.911   3.372  -8.934
  143.09    .467   2.054  -9.754
  143.12   2.676   3.551 -10.075
