  167.21   1.886   6.526 -16.467
  168.00    .000    .000  -4.755
  168.03    .565   9.840 -20.283
  168.06    .000    .001 -17.407
  168.09    .000    .001 -19.658
  168.12    .000    .001 -12.762
  168.15    .000    .001  -4.051
  168.18    .000    .001 -19.734
  168.21    .000    .000    .872
  169.00    .000    .001 -18.557
  169.03    .000    .001    .109
  169.06    .000    .001 -19.906
  169.09    .000    .001 -21.866
  169.12    .000    .000 -25.536
  169.15    .000    .000 -24.551
  169.18    .000    .000 -25.255
  169.21    .000    .001 -25.940
  170.00    .000    .000  -2.442
  170.03    .000    .001 -26.859
  170.06    .000    .000 -26.543
  170.09    .000    .000 -25.686
  170.12    .000    .000 -22.939
  170.15    .000    .001 -10.372
  170.18    .000    .001  -7.815
  170.21    .000    .001 -24.438
  171.00    .000    .001 -15.626
  171.03    .000    .001 -24.246
  171.06    .000    .000 -20.161
  171.09    .000    .001  -1.803
  171.12    .000    .001 -24.480
  171.15    .000    .001 -16.063
  171.18    .000    .001 -24.505
  171.21    .000    .001 -24.438
  172.00    .000    .000 -26.618
  172.03    .000    .001 -27.377
  172.06    .000    .000 -31.155
  172.09    .000    .001 -30.999
  172.12    .000    .001 -29.266
  172.15    .000    .000 -27.753
  172.18    .000    .001 -26.646
  172.21    .000    .001 -26.483
  173.00    .000    .001  -1.520
  173.03    .000    .001 -29.393
  173.06    .000    .001 -21.588
  173.09    .000    .001 -24.137
  173.12    .000    .001 -28.142
  173.15    .000    .000 -28.307
  173.18    .000    .001 -10.777
  173.21    .000    .001 -28.410
  174.00    .000    .001 -29.266
  174.03    .000    .000 -30.682
  174.06    .000    .000 -31.553
  174.09    .000    .001 -24.405
  174.12    .000    .001 -16.632
  174.15    .000    .001 -27.095
  174.18    .000    .001 -26.973
  174.21    .000    .000 -27.501
  175.00    .000    .000 -28.631
  175.03    .000    .000  -4.379
  175.06    .000    .001  -8.766
  175.09    .000    .001  -1.548
  175.12    .000    .001 -28.012
  175.15    .000    .001 -27.345
  175.18    .000    .000 -12.915
  175.21    .000    .001 -27.474
  176.00    .000    .000 -28.219
  176.03    .000    .001 -28.809
  176.06    .000    .000 -19.064
  176.09    .000    .001 -28.311
  176.12    .000    .000   -.361
  176.15    .000    .001 -26.666
  176.18    .000    .001 -24.538
  176.21    .000    .000 -13.099
  177.00    .000    .001 -26.064
  177.03    .000    .000  -1.456
  177.06    .000    .001 -17.443
  177.09    .000    .001 -26.052
  177.12    .000    .001 -27.938
  177.15    .000    .001 -27.252
  177.18    .000    .000  -6.803
  177.21    .000    .001 -29.322
  178.00    .000    .001 -31.650
  178.03    .000    .000 -32.602
  178.06    .000    .000 -32.300
  178.09    .000    .000  -2.371
  178.12    .000    .001 -30.396
  178.15    .000    .000  -1.095
  178.18    .000    .001 -27.780
  178.21    .000    .001 -27.707
  179.00    .000    .000 -29.277
  179.03    .000    .001 -19.730
  179.06    .000    .001 -30.926
  179.09    .000    .000 -20.428
  179.12    .000    .001  -8.086
  179.15    .000    .001  -5.511
  179.18    .000    .001 -27.587
  179.21    .000    .000   -.170
  180.00    .000    .001   -.806
  180.03    .000    .001 -30.689
  180.06    .000    .001 -29.860
  180.09    .000    .000 -30.045
  180.12    .000    .000    .381
  180.15    .000    .001 -27.416
  180.18    .000    .001    .911
  180.21    .000    .001 -26.820
  181.00    .000    .001 -10.732
  181.03    .000    .001 -13.642
  181.06    .000    .001 -29.521
  181.09    .000    .001 -27.711
  181.12    .000    .000 -30.108
  181.15    .000    .001 -21.002
  181.18    .000    .001 -27.981
  181.21    .000    .000 -21.960
  182.00    .000    .001 -11.284
  182.03    .000    .001 -31.401
  182.06    .000    .000 -32.212
  182.09    .000    .001 -32.325
  182.12    .000    .000  -1.253
  182.15    .000    .001 -25.512
  182.18    .000    .001 -28.802
  182.21    .000    .001 -28.349
  183.00    .000    .000 -29.498
  183.03    .000    .001 -30.230
  183.06    .000    .001 -31.423
  183.09    .000    .001 -32.133
  183.12    .000    .001 -12.600
  183.15    .000    .001 -19.648
  183.18    .000    .001 -17.048
  183.21    .000    .001 -28.874
  184.00    .000    .001 -14.894
  184.03    .000    .001 -31.351
  184.06    .000    .001 -14.512
  184.09    .000    .001 -32.471
  184.12    .000    .001 -30.440
  184.15    .000    .000 -29.153
  184.18    .000    .000 -29.221
  184.21    .000    .001 -29.277
  185.00    .000    .000 -31.574
  185.03    .000    .000 -33.828
  185.06    .000    .000 -34.546
  185.09    .000    .000 -23.289
  185.12    .000    .001 -13.696
  185.15    .000    .001 -30.008
  185.18    .000    .001 -28.968
  185.21    .000    .000    .051
  186.00    .000    .001  -3.241
  186.03    .000    .001 -33.182
  186.06    .000    .000 -18.567
  186.09    .000    .001 -31.862
  186.12    .000    .001 -23.241
  186.15    .000    .001 -24.305
  186.18    .000    .001 -28.035
  186.21    .000    .001 -30.078
  187.00    .000    .000  -1.123
  187.03    .000    .001 -31.481
  187.06    .000    .001 -31.804
  187.09    .000    .001 -33.454
  187.12    .000    .000 -30.049
  187.15    .000    .000    .244
  187.18    .000    .001 -20.306
  187.21    .000    .001 -29.655
  188.00    .000    .000 -29.498
  188.03    .000    .000  -5.938
  188.06    .000    .001 -32.531
  188.09    .000    .000 -31.822
  188.12    .000    .000 -30.300
  188.15    .000    .000  -3.362
  188.18    .000    .001 -28.487
  188.21    .000    .000 -30.189
  189.00    .000    .000 -34.392
  189.03    .000    .000 -31.155
  189.06    .000    .001 -34.835
  189.09    .000    .000 -31.376
  189.12    .000    .000 -32.686
  189.15    .000    .000  -1.235
  189.18    .000    .001 -30.447
  189.21    .000    .000  -1.740
  190.00    .000    .001 -27.707
  190.03    .000    .001 -34.730
  190.06    .000    .000 -35.846
  190.09    .000    .001 -30.641
  190.12    .000    .000 -12.011
  190.15    .000    .001  -1.040
  190.18    .000    .001 -22.678
  190.21    .000    .001 -30.004
  191.00    .000    .000 -32.201
  191.03    .000    .000 -33.534
  191.06    .000    .000 -21.025
  191.09    .000    .001 -33.980
  191.12    .000    .001 -31.628
  191.15    .000    .000 -27.827
  191.18    .000    .000 -30.678
  191.21    .000    .000   -.721
  192.00    .000    .001  -2.138
  192.03    .000    .001 -31.990
  192.06    .000    .000 -32.912
  192.09    .000    .000 -32.658
  192.12    .000    .001   -.466
  192.15    .000    .001    .196
  192.18    .000    .001 -29.558
  192.21    .000    .000 -21.960
  193.00    .000    .001  -3.702
  193.03    .000    .001  -4.881
  193.06    .000    .001 -33.873
  193.09    .000    .000 -35.267
  193.12    .000    .001  -3.137
  193.15    .000    .001 -22.102
  193.18    .000    .001 -30.539
  193.21    .000    .000 -23.147
  194.00    .000    .001 -32.464
  194.03    .000    .000  -4.797
  194.06    .000    .001  -6.333
  194.09    .000    .001 -31.344
  194.12    .000    .001 -25.300
  194.15    .000    .001 -31.322
  194.18    .000    .001 -30.535
  194.21    .000    .000  -1.058
  195.00    .000    .001  -3.207
  195.03    .000    .001  -4.908
  195.06    .000    .001 -34.560
  195.09    .000    .000 -30.469
  195.12    .000    .001 -15.725
  195.15    .000    .001 -30.495
  195.18    .000    .000 -30.307
  195.21    .000    .001 -21.452
  196.00    .000    .001 -31.510
  196.03    .000    .001  -7.814
  196.06    .000    .001  -8.159
  196.09    .000    .001  -3.267
  196.12    .000    .001 -23.838
  196.15    .000    .001 -31.017
  196.18    .000    .001 -29.819
  196.21    .000    .001 -29.815
  197.00    .000    .000  -2.111
  197.03    .000    .001 -33.063
  197.06    .000    .000  -4.126
  197.09    .000    .001 -33.143
  197.12    .000    .001 -30.539
  197.15    .000    .001 -29.213
  197.18    .000    .000 -29.315
  197.21    .000    .000 -29.964
  198.00    .000    .001 -30.751
  198.03    .000    .001 -27.552
  198.06    .000    .001 -12.977
  198.09    .000    .001 -31.517
  198.12    .000    .001 -26.169
  198.15    .000    .001 -28.828
  198.18    .000    .001 -28.972
  198.21    .000    .001 -10.841
  199.00    .000    .001 -28.578
  199.03    .000    .001 -27.024
  199.06    .000    .001 -28.418
  199.09    .000    .001 -28.942
  199.12    .000    .001 -28.616
  199.15    .000    .001 -27.977
  199.18    .000    .001 -27.493
  199.21    .000    .001  -7.939
  200.00    .000    .001 -28.425
  200.03    .000    .000  -6.725
  200.06    .000    .001 -21.111
  200.09    .000    .001 -29.782
  200.12    .000    .000 -29.255
  200.15    .000    .000 -27.977
  200.18    .000    .000 -28.127
  200.21    .000    .000 -28.840
  201.00    .000    .000 -14.581
  201.03    .000    .001 -28.238
  201.06    .000    .000 -29.225
  201.09    .000    .000 -28.806
  201.12    .000    .000 -27.111
  201.15    .000    .000 -16.504
  201.18    .000    .001    .400
  201.21    .000    .001   -.084
  202.00    .000    .001 -29.878
  202.03    .000    .000  -4.071
  202.06    .000    .001 -12.771
  202.09    .000    .001 -30.773
  202.12    .000    .001 -28.798
  202.15    .000    .000    .390
  202.18    .000    .001 -10.995
  202.21    .000    .001    .148
  203.00    .000    .001 -24.684
  203.03    .000    .001 -30.089
  203.06    .000    .000 -32.244
  203.09    .000    .001 -13.017
  203.12    .000    .001 -17.236
  203.15    .000    .001 -28.593
  203.18    .000    .001  -7.716
  203.21    .000    .001 -13.802
  204.00    .000    .001 -29.584
  204.03    .000    .001 -31.883
  204.06    .000    .001 -33.304
  204.09    .000    .000 -27.134
  204.12    .000    .001 -28.983
  204.15    .000    .001  -6.522
  204.18    .000    .001 -12.097
  204.21    .000    .001   -.371
  205.00    .000    .001 -30.145
  205.03    .000    .000 -24.058
  205.06    .000    .001 -14.815
  205.09    .000    .001 -35.183
  205.12    .000    .001 -28.150
  205.15    .000    .001 -31.340
  205.18    .000    .000 -30.733
  205.21    .000    .000 -31.101
  206.00    .000    .000 -18.056
  206.03    .000    .001 -31.998
  206.06    .000    .000 -31.643
  206.09    .000    .000 -24.401
  206.12    .000    .001 -31.380
  206.15    .000    .000 -29.804
  206.18    .000    .000  -1.630
  206.21    .000    .001  -2.415
  207.00    .000    .001 -32.732
  207.03    .000    .000 -33.904
  207.06    .000    .000 -32.722
  207.09    .000    .000 -32.827
  207.12    .000    .000 -12.143
  207.15    .000    .001 -32.226
  207.18    .000    .001 -32.286
  207.21    .000    .000 -32.293
  208.00    .000    .000 -32.520
  208.03    .000    .001 -32.975
  208.06    .000    .001 -33.077
  208.09    .000    .000 -35.072
  208.12    .000    .000 -34.699
  208.15    .000    .000 -18.927
  208.18    .000    .001 -10.887
  208.21    .000    .001 -35.659
  209.00    .000    .000 -38.011
  209.03    .000    .000 -44.079
  209.06    .000    .000 -12.504
  209.09    .000    .001 -35.919
  209.12    .000    .000 -35.291
  209.15    .000    .000  -3.526
  209.18    .000    .001 -33.098
  209.21    .000    .000 -14.489
  210.00    .000    .001 -27.279
  210.03    .000    .001 -42.120
  210.06    .000    .001 -33.496
  210.09    .000    .001 -38.842
  210.12    .000    .000 -36.151
  210.15    .000    .001 -25.210
  210.18    .000    .001 -32.884
  210.21    .000    .001 -32.943
  211.00    .000    .000 -34.713
  211.03    .000    .000 -16.435
  211.06    .000    .001 -29.536
  211.09    .000    .001 -31.876
  211.12    .000    .001 -19.151
  211.15    .000    .001 -22.587
  211.18    .000    .001 -30.237
  211.21    .000    .001  -5.858
  212.00    .000    .001 -30.780
  212.03    .000    .000 -30.685
  212.06    .000    .001 -24.242
  212.09    .000    .001 -14.552
  212.12    .000    .001 -28.441
  212.15    .000    .000  -4.632
  212.18    .000    .001  -8.790
  212.21    .000    .001 -29.741
  213.00    .000    .001 -31.130
  213.03    .000    .001 -31.112
  213.06    .000    .000 -31.614
  213.09    .000    .000 -31.006
  213.12    .000    .000  -3.345
  213.15    .000    .001  -3.957
  213.18    .000    .001 -29.311
  213.21    .000    .000 -28.726
  214.00    .000    .001 -30.392
  214.03    .000    .000 -23.103
  214.06    .000    .001 -30.001
  214.09    .000    .000 -28.889
  214.12    .000    .000 -15.046
  214.15    .000    .001 -25.308
  214.18    .000    .001 -30.119
  214.21    .000    .000 -31.170
  215.00    .000    .000 -31.919
  215.03    .000    .000 -33.562
  215.06    .000    .000 -32.658
  215.09    .000    .000 -31.358
  215.12    .000    .000  -2.761
  215.15    .000    .001  -4.043
  215.18    .000    .001  -3.586
  215.21    .000    .001 -31.632
  216.00    .000    .000 -32.492
  216.03    .000    .001 -32.403
  216.06    .000    .000 -32.371
  216.09    .000    .000 -31.937
  216.12    .000    .000 -30.292
  216.15    .000    .000 -31.711
  216.18    .000    .000 -31.315
  216.21    .000    .000  -6.150
  217.00    .000    .001  -9.242
  217.03    .000    .001 -14.649
  217.06    .000    .001 -29.360
  217.09    .000    .001 -17.843
  217.12    .000    .001 -31.556
  217.15    .000    .001 -29.070
  217.18    .000    .001 -22.279
  217.21    .000    .001 -25.483
  218.00    .000    .001 -27.232
  218.03    .000    .001 -26.036
  218.06    .000    .001 -15.631
  218.09    .000    .001  -4.739
  218.12    .000    .001  -3.267
  218.15    .000    .001 -24.276
  218.18    .000    .000 -24.368
  218.21    .000    .000 -14.258
  219.00    .000    .001 -25.548
  219.03    .000    .000 -25.471
  219.06    .000    .000  -4.629
  219.09    .000    .001 -14.707
  219.12    .000    .001 -27.427
  219.15    .000    .000 -24.576
  219.18    .000    .000 -22.551
  219.21    .000    .000 -24.939
  220.00    .000    .000 -25.402
  220.03    .000    .000 -26.678
  220.06    .000    .000 -24.650
  220.09    .000    .000  -9.848
  220.12    .000    .001 -27.380
  220.15    .000    .000 -25.132
  220.18    .000    .001 -22.424
  220.21    .000    .001 -24.363
  221.00    .000    .001 -15.086
  221.03    .000    .001 -22.349
  221.06    .000    .001 -30.769
  221.09    .000    .001 -25.755
  221.12    .000    .001 -18.596
  221.15    .000    .001 -23.224
  221.18    .000    .000 -23.503
  221.21    .000    .000 -25.621
  222.00    .000    .000 -30.784
  222.03    .000    .001 -33.790
  222.06    .000    .001 -33.641
  222.09    .000    .001 -31.894
  222.12    .000    .001 -28.146
  222.15    .000    .001 -24.074
  222.18    .000    .000 -23.263
  222.21    .000    .000 -24.659
  223.00    .000    .001 -29.367
  223.03    .000    .000 -15.504
  223.06    .000    .001 -23.276
  223.09    .000    .001 -23.000
  223.12    .000    .001 -16.510
  223.15    .000    .001 -21.280
  223.18    .000    .001  -4.879
  223.21    .000    .001  -6.954
  224.00    .000    .001 -30.926
  224.03    .000    .000 -18.927
  224.06    .000    .001 -19.552
  224.09    .000    .001 -31.275
  224.12    .000    .001 -28.368
  224.15    .000    .001 -25.690
  224.18    .000    .000 -18.621
  224.21    .000    .001  -6.540
  225.00    .000    .001 -22.718
  225.03    .000    .001 -31.897
  225.06    .000    .001 -31.768
  225.09    .000    .000 -30.711
  225.12    .000    .001 -26.729
  225.15    .000    .000 -20.804
  225.18    .000    .001 -21.266
  225.21    .000    .000  -4.010
  226.00    .000    .001 -27.645
  226.03    .000    .000 -30.597
  226.06    .000    .001 -22.248
  226.09    .000    .001 -26.233
  226.12    .000    .000 -16.472
  226.15    .000    .001 -21.960
  226.18    .000    .000  -7.388
  226.21    .000    .001  -3.120
  227.00    .000    .001 -20.465
  227.03    .000    .001 -18.789
  227.06    .000    .001 -21.964
  227.09    .000    .001 -26.244
  227.12    .000    .001 -12.814
  227.15    .000    .001 -21.384
  227.18    .000    .001 -15.404
  227.21    .000    .001  -6.645
  228.00    .000    .001 -22.164
  228.03    .000    .001 -23.400
  228.06    .000    .001 -24.538
  228.09    .000    .001 -25.038
  228.12    .000    .001 -21.043
  228.15    .000    .001 -11.349
  228.18    .000    .001 -19.744
  228.21    .000    .001 -19.986
  229.00    .000    .000 -21.271
  229.03    .000    .000 -22.044
  229.06    .000    .000  -1.822
  229.09    .000    .001 -20.577
  229.12    .000    .001 -11.911
  229.15    .000    .001 -19.730
  229.18    .000    .001 -19.025
  229.21    .000    .000 -18.981
  230.00    .000    .000 -21.266
  230.03    .000    .000 -21.803
  230.06    .000    .000  -1.364
  230.09    .000    .001  -7.962
  230.12    .000    .001 -21.520
  230.15    .000    .000 -21.425
  230.18    .000    .000 -12.436
  230.21    .000    .001 -21.960
  231.00    .000    .000 -23.681
  231.03    .000    .000  -3.724
  231.06    .000    .001 -24.338
  231.09    .000    .000 -15.576
  231.12    .000    .001 -23.069
  231.15    .000    .000 -20.596
  231.18    .000    .000   2.977
  231.21    .000    .001 -19.321
  232.00    .000    .000 -20.804
  232.03    .000    .000 -17.995
  232.06    .000    .001 -17.116
  232.09    .000    .001 -26.895
  232.12    .000    .001 -24.288
  232.15    .000    .001 -24.509
  232.18    .000    .001 -23.086
  232.21    .000    .001 -13.984
  233.00    .000    .001 -24.480
  233.03    .000    .001 -20.661
  233.06    .000    .001 -28.234
  233.09    .000    .001 -21.093
  233.12    .000    .001 -23.481
  233.15    .000    .001 -12.333
  233.18    .000    .001 -14.043
  233.21    .000    .001 -13.465
  234.00    .000    .001 -24.746
  234.03    .000    .001 -18.392
  234.06    .000    .001 -28.223
  234.09    .000    .001 -25.795
  234.12    .000    .001 -19.639
  234.15    .000    .001 -24.062
  234.18    .000    .001 -17.479
  234.21    .000    .001 -17.736
  235.00    .000    .001 -21.986
  235.03    .000    .001 -26.630
  235.06    .000    .001 -27.259
  235.09    .000    .000 -27.400
  235.12    .000    .000 -26.088
  235.15    .000    .001 -22.709
  235.18    .000    .000 -21.664
  235.21    .000    .000 -11.590
  236.00    .000    .001 -26.682
  236.03    .000    .001 -27.205
  236.06    .000    .001 -14.362
  236.09    .000    .001 -27.765
  236.12    .000    .001  -7.937
  236.15    .000    .001    .684
  236.18    .000    .001 -20.175
  236.21    .000    .001   1.260
  237.00    .000    .001  -1.858
  237.03    .000    .001 -20.919
  237.06    .000    .001 -20.808
  237.09    .000    .000 -20.744
  237.12    .000    .000  -4.824
  237.15    .000    .001  -9.500
  237.18    .000    .001 -19.825
  237.21    .000    .001    .351
  238.00    .000    .001 -19.986
  238.03    .000    .001  -9.147
  238.06    .000    .001 -20.776
  238.09    .000    .001 -19.863
  238.12    .000    .000 -17.700
  238.15    .000    .000 -11.952
  238.18    .000    .001  -7.564
  238.21    .000    .001 -21.448
  239.00    .000    .000    .032
  239.03    .000    .001 -22.608
  239.06    .000    .000 -22.857
  239.09    .000    .000 -22.371
  239.12    .000    .001 -19.891
  239.15    .000    .000   1.011
  239.18    .000    .001 -22.464
  239.21    .000    .000 -22.878
  240.00    .000    .000 -23.233
  240.03    .000    .000   -.608
  240.06    .000    .001 -21.116
  240.09    .000    .001 -22.621
  240.12    .000    .001 -15.271
  240.15    .000    .001 -21.673
  240.18    .000    .001 -17.350
  240.21    .000    .001 -10.328
  241.00    .000    .001 -19.278
  241.03    .000    .001  -2.344
  241.06    .000    .001 -22.696
  241.09    .000    .001 -23.766
  241.12    .000    .001 -16.236
  241.15    .000    .001 -23.690
  241.18    .000    .000 -17.940
  241.21    .000    .001 -25.304
  242.00    .000    .000 -25.960
  242.03    .000    .000 -25.924
  242.06    .000    .000 -25.394
  242.09    .000    .000 -25.992
  242.12    .000    .000  -3.868
  242.15    .000    .001  -3.328
  242.18    .000    .001 -25.968
  242.21    .000    .000 -26.432
  243.00    .000    .000 -27.575
  243.03    .000    .001 -26.452
  243.06    .000    .001 -28.177
  243.09    .000    .001 -29.063
  243.12    .000    .001 -12.167
  243.15    .000    .001 -27.095
  243.18    .000    .001 -23.306
  243.21    .000    .001 -28.601
  244.00    .000    .000 -13.528
  244.03    .000    .001 -32.357
  244.06    .000    .001 -32.531
  244.09    .000    .001 -31.761
  244.12    .000    .001 -13.707
  244.15    .000    .001 -16.526
  244.18    .000    .001 -24.688
  244.21    .000    .001 -20.702
  245.00    .000    .001 -28.269
  245.03    .000    .000 -27.373
  245.06    .000    .000 -28.196
  245.09    .000    .001  -5.422
  245.12    .000    .001 -24.609
  245.15    .000    .000 -17.252
  245.18    .000    .001 -22.266
  245.21    .000    .000 -22.722
  246.00    .000    .000 -24.405
  246.03    .000    .001  -3.694
  246.06    .000    .001 -26.304
  246.09    .000    .000 -26.388
  246.12    .000    .000 -25.928
  246.15    .000    .000  -1.151
  246.18    .000    .001 -24.878
  246.21    .000    .000 -26.796
  247.00    .000    .001 -27.761
  247.03    .000    .000 -27.726
  247.06    .000    .001 -26.844
  247.09    .000    .000 -24.956
  247.12    .000    .001 -23.952
  247.15    .000    .001  -7.083
  247.18    .000    .001    .225
  247.21    .000    .001 -23.783
  248.00    .000    .000 -17.929
  248.03    .000    .001 -25.096
  248.06    .000    .001 -23.198
  248.09    .000    .001 -21.520
  248.12    .000    .001 -23.293
  248.15    .000    .001 -14.333
  248.18    .000    .001 -16.648
  248.21    .000    .001 -13.385
  249.00    .000    .001 -28.142
  249.03    .000    .001 -26.348
  249.06    .000    .001 -26.320
  249.09    .000    .001 -26.161
  249.12    .000    .001 -26.088
  249.15    .000    .001 -25.422
  249.18    .000    .001 -25.157
  249.21    .000    .001 -27.443
  250.00    .000    .000 -29.202
  250.03    .000    .001 -29.886
  250.06    .000    .001  -8.084
  250.09    .000    .001 -29.524
  250.12    .000    .000 -28.696
  250.15    .000    .001 -25.738
  250.18    .000    .001 -32.375
  250.21    .000    .000 -33.024
  251.00    .000    .000 -34.502
  251.03    .000    .001 -21.207
  251.06    .000    .001 -26.048
  251.09    .000    .002 -22.578
  251.12    .000    .001 -28.593
  251.15    .000    .001 -20.245
  251.18    .000    .001 -25.520
  251.21    .000    .000 -27.854
  252.00    .000    .000 -10.238
  252.03    .000    .001 -29.539
  252.06    .000    .001 -28.931
  252.09    .000    .000 -23.091
  252.12    .000    .001 -25.864
  252.15    .000    .001 -12.061
  252.18    .000    .001 -25.426
  252.21    .000    .001 -24.679
  253.00    .000    .001 -24.750
  253.03    .000    .000 -23.447
  253.06    .000    .001 -15.894
  253.09    .000    .001  -7.234
  253.12    .000    .001 -15.708
  253.15    .000    .001  -1.949
  253.18    .000    .001 -21.830
  253.21    .000    .001 -22.459
  254.00    .000    .000 -22.800
  254.03    .000    .001 -21.257
  254.06    .000    .001 -16.381
  254.09    .000    .001 -22.106
  254.12    .000    .000  -2.495
  254.15    .000    .001 -21.316
  254.18    .000    .001    .655
  254.21    .000    .001 -22.341
  255.00    .000    .000    .459
  255.03    .000    .001 -20.213
  255.06    .000    .001 -13.425
  255.09    .000    .001 -22.075
  255.12    .000    .001 -14.764
  255.15    .000    .001 -21.525
  255.18    .000    .000 -14.078
  255.21    .000    .001 -21.266
  256.00    .000    .000 -23.134
  256.03    .000    .000 -25.459
  256.06    .000    .000 -25.157
  256.09    .000    .000  -3.809
  256.12    .000    .001  -3.207
  256.15    .000    .001 -14.200
  256.18    .000    .001 -21.651
  256.21    .000    .001 -29.726
  257.00    .000    .001 -13.346
  257.03    .000    .001 -27.138
  257.06    .000    .001 -33.227
  257.09    .000    .000 -23.160
  257.12    .000    .001 -23.528
  257.15    .000    .001 -22.757
  257.18    .000    .001 -11.155
  257.21    .000    .001 -22.049
  258.00    .000    .001 -27.896
  258.03    .000    .001 -29.322
  258.06    .000    .001 -30.491
  258.09    .000    .000 -31.740
  258.12    .000    .001  -7.936
  258.15    .000    .001  -5.988
  258.18    .000    .001  -3.837
  258.21    .000    .001  -8.257
  259.00    .000    .001 -31.409
  259.03    .000    .000 -32.364
  259.06    .000    .001 -28.719
  259.09    .000    .001 -17.017
  259.12    .000    .001 -30.399
  259.15    .000    .001 -26.836
  259.18    .000    .001  -9.313
  259.21    .000    .001 -21.736
  260.00    .000    .001 -34.163
  260.03    .000    .000 -36.658
  260.06    .000    .000 -24.413
  260.09    .000    .001 -35.217
  260.12    .000    .000 -33.749
  260.15    .000    .001 -32.001
  260.18    .000    .000 -31.768
  260.21    .000    .001 -25.218
  261.00    .000    .001 -34.307
  261.03    .000    .001 -31.571
  261.06    .000    .001 -23.021
  261.09    .000    .001 -17.955
  261.12    .000    .001 -27.633
  261.15    .000    .001 -20.142
  261.18    .000    .001 -17.028
  261.21    .000    .001 -26.260
  262.00    .000    .001 -22.887
  262.03    .000    .002 -18.695
  262.06    .000    .001 -27.279
  262.09    .000    .000 -26.587
  262.12    .000    .001 -26.169
  262.15    .000    .001 -25.896
  262.18    .000    .001 -22.765
  262.21    .000    .001 -24.820
  263.00    .000    .001 -16.041
  263.03    .000    .001 -20.114
  263.06    .000    .001 -28.821
  263.09    .000    .001 -28.551
  263.12    .000    .001 -18.690
  263.15    .000    .001 -23.383
  263.18    .000    .001 -22.151
  263.21    .000    .001  -8.403
  264.00    .000    .001 -16.387
  264.03    .000    .001 -14.609
  264.06    .000    .001 -10.868
  264.09    .000    .001 -26.084
  264.12    .000    .000 -25.373
  264.15    .000    .001  -9.987
  264.18    .000    .001  -8.208
  264.21    .000    .001  -8.500
  265.00    .000    .001  -8.232
  265.03    .000    .001 -20.799
  265.06    .000    .001 -28.456
  265.09    .000    .000 -28.779
  265.12    .000    .000 -28.889
  265.15    .000    .000 -26.252
  265.18    .000    .000 -25.996
  265.21    .000    .000 -28.749
  266.00    .000    .000 -30.451
  266.03    .000    .000 -20.679
  266.06    .000    .001 -26.088
  266.09    .000    .001 -27.013
  266.12    .000    .001 -20.818
  266.15    .000    .001 -30.509
  266.18    .000    .001 -10.891
  266.21    .000    .001 -31.104
  267.00    .000    .000 -12.021
  267.03    .000    .001 -33.842
  267.06    .000    .001 -26.993
  267.09    .000    .001 -35.916
  267.12    .000    .001 -22.696
  267.15    .000    .001 -31.470
  267.18    .000    .001 -24.935
  267.21    .000    .001 -32.609
  268.00    .000    .001 -22.376
  268.03    .000    .001 -34.804
  268.06    .000    .001 -27.365
  268.09    .000    .001 -19.834
  268.12    .000    .001 -34.699
  268.15    .000    .000 -28.219
  268.18    .000    .001 -33.818
  268.21    .000    .001 -34.228
  269.00    .000    .001 -30.802
  269.03    .000    .001 -34.025
  269.06    .000    .001 -38.751
  269.09    .000    .001 -33.808
  269.12    .000    .001 -32.605
  269.15    .000    .001 -14.678
  269.18    .000    .001 -34.706
  269.21    .000    .000 -34.512
  270.00    .000    .000 -13.292
  270.03    .000    .001 -34.420
  270.06    .000    .001 -12.842
  270.09    .000    .001 -33.558
  270.12    .000    .000 -33.381
  270.15    .000    .000 -32.496
  270.18    .000    .000 -12.571
  270.21    .000    .001 -37.960
  271.00    .000    .000 -38.068
  271.03    .000    .000 -36.095
  271.06    .000    .000 -21.416
  271.09    .000    .001 -35.959
  271.12    .000    .000 -22.173
  271.15    .000    .001 -35.856
  271.18    .000    .000 -27.447
  271.21    .000    .001 -37.557
  272.00    .000    .000 -33.551
  272.03    .000    .001 -38.240
  272.06    .000    .001 -34.611
  272.09    .000    .001 -40.778
  272.12    .000    .001 -17.685
  272.15    .000    .001 -28.677
  272.18    .000    .001 -17.858
  272.21    .000    .001 -25.186
  273.00    .000    .001 -34.940
  273.03    .000    .000 -24.505
  273.06    .000    .001 -20.090
  273.09    .000    .001 -20.799
  273.12    .000    .001 -30.067
  273.15    .000    .001 -27.489
  273.18    .000    .002 -19.437
  273.21    .000    .001 -14.809
  274.00    .000    .001 -24.721
  274.03    .000    .001 -28.881
  274.06    .000    .001 -26.268
  274.09    .000    .000 -17.833
  274.12    .000    .001  -7.486
  274.15    .000    .001 -11.046
  274.18    .000    .001  -7.436
  274.21    .000    .001 -26.100
  275.00    .000    .001 -26.918
  275.03    .000    .000 -28.192
  275.06    .000    .000 -15.714
  275.09    .000    .001 -14.049
  275.12    .000    .001 -21.180
  275.15    .000    .001 -31.046
  275.18    .000    .001 -24.438
  275.21    .000    .001 -34.121
  276.00    .000    .001 -34.066
  276.03    .000    .001 -30.008
  276.06    .000    .001 -29.941
  276.09    .000    .001 -31.718
  276.12    .000    .000 -32.559
  276.15    .000    .000 -16.786
  276.18    .000    .001 -31.054
  276.21    .000    .000 -25.783
  277.00    .000    .001 -34.344
  277.03    .000    .000 -33.035
  277.06    .000    .000 -32.623
  277.09    .000    .001 -28.999
  277.12    .000    .001 -32.382
  277.15    .000    .000 -32.679
  277.18    .000    .000 -30.004
  277.21    .000    .001 -13.148
  278.00    .000    .001 -31.083
  278.03    .000    .001 -33.835
  278.06    .000    .001 -31.293
  278.09    .000    .001 -27.811
  278.12    .000    .001 -28.081
  278.15    .000    .000 -30.204
  278.18    .000    .000 -30.608
  278.21    .000    .000 -30.112
  279.00    .000    .001 -31.264
  279.03    .000    .000 -31.017
  279.06    .000    .001 -20.433
  279.09    .000    .001  -9.595
  279.12    .000    .001 -31.351
  279.15    .000    .000 -31.969
  279.18    .000    .000 -35.230
  279.21    .000    .000 -38.729
  280.00    .000    .000 -17.582
  280.03    .000    .001 -28.749
  280.06    .000    .001 -40.536
  280.09    .000    .001 -40.536
  280.12    .000    .001 -22.900
  280.15    .000    .001 -41.467
  280.18    .000    .001 -27.819
  280.21    .000    .001 -38.575
  281.00    .000    .001 -24.663
  281.03    .000    .001 -26.515
  281.06    .000    .001 -43.555
  281.09    .000    .001 -30.174
  281.12    .000    .001 -32.665
  281.15    .000    .001 -21.498
  281.18    .000    .001 -32.212
  281.21    .000    .000 -33.101
  282.00    .000    .001 -10.827
  282.03    .000    .001 -32.676
  282.06    .000    .000 -34.389
  282.09    .000    .000 -18.096
  282.12    .000    .001 -26.519
  282.15    .000    .001 -32.612
  282.18    .000    .001 -33.192
  282.21    .000    .000 -37.231
  283.00    .000    .001 -25.091
  283.03    .000    .001 -32.817
  283.06    .000    .001 -30.414
  283.09    .000    .001 -17.495
  283.12    .000    .001 -37.069
  283.15    .000    .000 -18.671
  283.18    .000    .001 -34.811
  283.21    .000    .000 -28.953
  284.00    .000    .001 -34.916
  284.03    .000    .000 -35.532
  284.06    .000    .000 -34.204
  284.09    .000    .001 -19.528
  284.12    .000    .001 -35.079
  284.15    .000    .000 -34.926
  284.18    .000    .000 -28.307
  284.21    .000    .001 -35.856
  285.00    .000    .000 -30.941
  285.03    .000    .001 -32.339
  285.06    .000    .001 -36.422
  285.09    .000    .001 -43.118
  285.12    .000    .001 -28.135
  285.15    .000    .001 -41.199
  285.18    .000    .001 -40.110
  285.21    .000    .001 -39.247
  286.00    .000    .001 -36.405
  286.03    .000    .001 -24.692
  286.06    .000    .001 -22.177
  286.09    .000    .001 -30.263
  286.12    .000    .001 -31.786
  286.15    .000    .001 -30.038
  286.18    .000    .001 -33.370
  286.21    .000    .001 -33.245
  287.00    .000    .001 -22.115
  287.03    .000    .001 -32.580
  287.06    .000    .001 -21.723
  287.09    .000    .001 -27.028
  287.12    .000    .001 -28.851
  287.15    .000    .001 -31.600
  287.18    .000    .001 -32.094
  287.21    .000    .001 -25.613
  288.00    .000    .001 -28.654
  288.03    .000    .001 -34.481
  288.06    .000    .001 -35.906
  288.09    .000    .001 -32.293
  288.12    .000    .001 -24.480
  288.15    .000    .001 -37.098
  288.18    .000    .001 -27.185
  288.21    .000    .001 -26.910
  289.00    .000    .001 -37.759
  289.03    .000    .001 -33.994
  289.06    .000    .001 -30.344
  289.09    .000    .001 -31.854
  289.12    .000    .001 -28.794
  289.15    .000    .001 -37.383
  289.18    .000    .001 -37.447
  289.21    .000    .000 -39.309
  290.00    .000    .001 -32.073
  290.03    .000    .001 -38.389
  290.06    .000    .000 -24.596
  290.09    .000    .001 -37.896
  290.12    .000    .000 -31.173
  290.15    .000    .001 -12.448
  290.18    .000    .001 -28.639
  290.21    .000    .001 -31.761
  291.00    .000    .001 -26.072
  291.03    .000    .001 -31.445
  291.06    .000    .001 -19.171
  291.09    .000    .001 -31.502
  291.12    .000    .000 -31.028
  291.15    .000    .001 -33.863
  291.18    .000    .001 -36.362
  291.21    .000    .000 -14.212
  292.00    .000    .001 -32.891
  292.03    .000    .001 -34.080
  292.06    .000    .001 -41.943
  292.09    .000    .001 -20.836
  292.12    .000    .001 -41.228
  292.15    .000    .001 -36.841
  292.18    .000    .001 -33.894
  292.21    .000    .000 -36.710
  293.00    .000    .000 -35.876
  293.03    .000    .001 -36.965
  293.06    .000    .001 -37.337
  293.09    .000    .000 -38.218
  293.12    .000    .001 -37.637
  293.15    .000    .001 -36.263
  293.18    .000    .001 -23.134
  293.21    .000    .001 -35.449
  294.00    .000    .001 -31.538
  294.03    .000    .001 -41.438
  294.06    .000    .001 -41.527
  294.09    .000    .001 -31.908
  294.12    .000    .001 -42.327
  294.15    .000    .001 -39.154
  294.18    .000    .001 -28.566
  294.21    .000    .001 -39.557
  295.00    .000    .001 -27.660
  295.03    .000    .001 -39.834
  295.06    .000    .001 -29.232
  295.09    .000    .001 -37.966
  295.12    .000    .001 -38.908
  295.15    .000    .001 -24.158
  295.18    .000    .001 -39.865
  295.21    .000    .001 -35.220
  296.00    .000    .001 -27.579
  296.03    .000    .001 -35.106
  296.06    .000    .001 -27.842
  296.09    .000    .001 -39.371
  296.12    .000    .001 -31.585
  296.15    .000    .001 -30.115
  296.18    .000    .001 -42.120
  296.21    .000    .001 -43.410
  297.00    .000    .001 -30.594
  297.03    .000    .001 -43.410
  297.06    .000    .000 -20.419
  297.09    .000    .001 -25.353
  297.12    .000    .001 -39.092
  297.15    .000    .001 -22.630
  297.18    .000    .001 -43.875
  297.21    .000    .000 -46.659
  298.00    .000    .000 -23.809
  298.03    .000    .001 -34.784
  298.06    .000    .001 -46.779
  298.09    .000    .000 -46.272
  298.12    .000    .000 -46.629
  298.15    .000    .001 -45.888
  298.18    .000    .000 -21.493
  298.21    .000    .001 -31.833
  299.00    .000    .001 -48.096
  299.03    .000    .001 -33.283
  299.06    .000    .001 -45.330
  299.09    .000    .000 -46.629
  299.12    .000    .001 -46.064
  299.15    .000    .001 -42.415
  299.18    .000    .001 -40.838
  299.21    .000    .000 -21.691
  300.00    .000    .001 -31.736
  300.03    .000    .001 -22.411
  300.06    .000    .001 -28.855
  300.09    .000    .001 -34.821
  300.12    .000    .001 -33.461
  300.15    .000    .001 -33.655
  300.18    .000    .001 -32.410
  300.21    .000    .000 -32.577
  301.00    .000    .001 -20.142
  301.03    .000    .001 -10.263
  301.06    .000    .001 -31.621
  301.09    .000    .001 -30.344
  301.12    .000    .000 -31.987
  301.15    .000    .000 -31.159
  301.18    .000    .000 -31.948
  301.21    .000    .000 -32.354
  302.00    .000    .000 -32.283
  302.03    .000    .001 -33.541
  302.06    .000    .000 -33.140
  302.09    .000    .000 -10.603
  302.12    .000    .001 -34.519
  302.15    .000    .000 -14.871
  302.18    .000    .001 -16.014
  302.21    .000    .001 -29.442
  303.00    .000    .001 -33.196
  303.03    .000    .001 -34.970
  303.06    .000    .000 -36.900
  303.09    .000    .000 -37.679
  303.12    .000    .000 -35.599
  303.15    .000    .000 -12.407
  303.18    .000    .001 -13.212
  303.21    .000    .001 -37.250
  304.00    .000    .000 -36.500
  304.03    .000    .000 -37.098
  304.06    .000    .000 -27.680
  304.09    .000    .001 -42.061
  304.12    .000    .001 -33.624
  304.15    .000    .001 -37.788
  304.18    .000    .001 -44.457
  304.21    .000    .001 -42.297
  305.00    .000    .001 -44.021
  305.03    .000    .001 -39.865
  305.06    .000    .002 -38.367
  305.09    .000    .001 -36.366
  305.12    .000    .002 -39.926
  305.15    .000    .001 -35.739
  305.18    .000    .002 -33.707
  305.21    .000    .001 -44.515
  306.00    .000    .001 -42.032
  306.03    .000    .001 -31.704
  306.06    .000    .001 -41.972
  306.09    .000    .001 -41.854
  306.12    .000    .001 -41.079
  306.15    .000    .001 -44.544
  306.18    .000    .001 -44.544
  306.21    .000    .001 -44.602
  307.00    .000    .001 -36.661
  307.03    .000    .001 -45.039
  307.06    .000    .001 -46.959
  307.09    .000    .001 -47.753
  307.12    .000    .001 -33.994
  307.15    .000    .001 -45.039
  307.18    .000    .001 -29.577
  307.21    .000    .001 -44.835
  308.00    .000    .001 -35.079
  308.03    .000    .001 -45.272
  308.06    .000    .001 -45.741
  308.09    .000    .001 -44.893
  308.12    .000    .001 -33.245
  308.15    .000    .001 -27.869
  308.18    .000    .001 -30.465
  308.21    .000    .001 -42.826
  309.00    .000    .001 -42.179
  309.03    .000    .001 -45.126
  309.06    .000    .001 -33.534
  309.09    .000    .001 -43.992
  309.12    .000    .001 -34.272
  309.15    .000    .001 -43.381
  309.18    .000    .000 -35.566
  309.21    .000    .001 -34.720
  310.00    .000    .001 -33.440
  310.03    .000    .001 -29.333
  310.06    .000    .001 -41.884
  310.09    .000    .001 -36.883
  310.12    .000    .001 -38.303
  310.15    .000    .001 -42.238
  310.18    .000    .001 -42.297
  310.21    .000    .000 -42.621
  311.00    .000    .001 -43.759
  311.03    .000    .000 -44.631
  311.06    .000    .001 -29.629
  311.09    .000    .001 -45.360
  311.12    .000    .001 -44.573
  311.15    .000    .001 -43.585
  311.18    .000    .001 -42.268
  311.21    .000    .001 -33.157
  312.00    .000    .001 -31.922
  312.03    .000    .001 -36.477
  312.06    .000    .001 -17.664
  312.09    .000    .001 -22.900
  312.12    .000    .001 -32.308
  312.15    .000    .001 -38.823
  312.18    .000    .001 -20.735
  312.21    .000    .001 -33.600
  313.00    .000    .001 -37.586
  313.03    .000    .000 -38.189
  313.06    .000    .001 -39.123
  313.09    .000    .001 -41.318
  313.12    .000    .001 -40.838
  313.15    .000    .001 -32.922
  313.18    .000    .001 -38.801
  313.21    .000    .001 -33.280
  314.00    .000    .001 -31.455
  314.03    .000    .001 -35.247
  314.06    .000    .001 -22.835
  314.09    .000    .001 -23.289
  314.12    .000    .001 -31.894
  314.15    .000    .001  -8.157
  314.18    .000    .001 -30.952
  314.21    .000    .000 -32.552
  315.00    .000    .001 -26.000
  315.03    .000    .001 -43.468
  315.06    .000    .000 -24.671
  315.09    .000    .001 -22.665
  315.12    .000    .001 -34.135
  315.15    .000    .001 -47.080
  315.18    .000    .001 -37.098
  315.21    .000    .001 -44.457
  316.00    .000    .001 -33.105
  316.03    .000    .002 -25.022
  316.06    .000    .001 -32.954
  316.09    .000    .001 -32.655
  316.12    .000    .000 -29.875
  316.15    .000    .000  -9.028
  316.18    .000    .001 -23.297
  316.21    .000    .001 -28.908
  317.00    .000    .000 -30.130
  317.03    .000    .000 -11.509
  317.06    .000    .001 -29.017
  317.09    .000    .000 -18.936
  317.12    .000    .001 -26.895
  317.15    .000    .000  -1.373
  317.18    .000    .001 -24.292
  317.21    .000    .001 -20.813
  318.00    .000    .001 -25.157
  318.03    .000    .001 -27.865
  318.06    .000    .001 -29.345
  318.09    .000    .001 -23.766
  318.12    .000    .001 -10.692
  318.15    .000    .001 -27.946
  318.18    .000    .001 -36.759
  318.21    .000    .001 -33.259
  319.00    .000    .001 -38.395
  319.03    .000    .001 -38.688
  319.06    .000    .001 -38.773
  319.09    .000    .000 -38.836
  319.12    .000    .001 -25.071
  319.15    .000    .001 -39.123
  319.18    .000    .000 -22.490
  319.21    .000    .001 -36.002
  320.00    .000    .001 -31.661
  320.03    .000    .001 -35.371
  320.06    .000    .001 -35.257
  320.09    .000    .001 -34.984
  320.12    .000    .001 -34.869
  320.15    .000    .001 -34.512
  320.18    .000    .001 -34.488
  320.21    .000    .001 -35.106
  321.00    .000    .000 -27.193
  321.03    .000    .001 -24.129
  321.06    .000    .001 -34.648
  321.09    .000    .001 -34.556
  321.12    .000    .000 -37.091
  321.15    .000    .001 -37.308
  321.18    .000    .001 -25.316
  321.21    .000    .001 -18.858
  322.00    .000    .001 -34.262
  322.03    .000    .001 -43.643
  322.06    .000    .001 -28.825
  322.09    .000    .001 -40.687
  322.12    .000    .001 -45.360
  322.15    .000    .001 -42.884
  322.18    .000    .001 -29.161
  322.21    .000    .001 -31.039
  323.00    .000    .001 -33.818
  323.03    .000    .001 -47.630
  323.06    .000    .001 -45.155
  323.09    .000    .001 -50.349
  323.12    .000    .001 -38.817
  323.15    .000    .001 -36.507
  323.18    .000    .001 -51.368
  323.21    .000    .000 -40.627
  324.00    .000    .001 -43.614
  324.03    .000    .001 -41.646
  324.06    .000    .001 -47.753
  324.09    .000    .001 -48.190
  324.12    .000    .001 -47.537
  324.15    .000    .001 -39.526
  324.18    .000    .001 -43.526
  324.21    .000    .001 -34.443
  325.00    .000    .001 -42.503
  325.03    .000    .001 -31.412
  325.06    .000    .001 -25.690
  325.09    .000    .001 -38.908
  325.12    .000    .000 -41.735
  325.15    .000    .001 -41.408
  325.18    .000    .001 -21.184
  325.21    .000    .001 -36.919
  326.00    .000    .001 -42.738
  326.03    .000    .000 -43.206
  326.06    .000    .001 -23.034
  326.09    .000    .001 -42.091
  326.12    .000    .001 -39.834
  326.15    .000    .000 -36.942
  326.18    .000    .001 -39.988
  326.21    .000    .001 -22.066
  327.00    .000    .001 -41.258
  327.03    .000    .000 -43.934
  327.06    .000    .000 -42.238
  327.09    .000    .000 -43.089
  327.12    .000    .001 -41.348
  327.15    .000    .001 -40.110
  327.18    .000    .000 -30.656
  327.21    .000    .001 -43.235
  328.00    .000    .001 -43.730
  328.03    .000    .001 -42.061
  328.06    .000    .000 -30.919
  328.09    .000    .001 -38.801
  328.12    .000    .001 -41.318
  328.15    .000    .001 -37.816
  328.18    .000    .001 -35.318
  328.21    .000    .000 -32.993
  329.00    .000    .001 -33.686
  329.03    .000    .000 -33.942
  329.06    .000    .000 -34.648
  329.09    .000    .000 -34.279
  329.12    .000    .000 -32.894
  329.15    .000    .001 -31.643
  329.18    .000    .001 -22.031
  329.21    .000    .002 -19.355
  330.00    .000    .001 -30.333
  330.03    .000    .001 -29.819
  330.06    .000    .001 -24.522
  330.09    .000    .002 -21.633
  330.12    .000    .001 -26.205
  330.15    .000    .001 -25.548
  330.18    .000    .001 -19.806
  330.21    .000    .001 -29.423
  331.00    .000    .001 -20.725
  331.03    .000    .002 -21.588
  331.06    .000    .002 -18.187
  331.09    .000    .001 -26.804
  331.12    .000    .001 -23.596
  331.15    .000    .001 -25.577
  331.18    .000    .001 -29.187
  331.21    .000    .001 -32.753
  332.00    .000    .001 -24.915
  332.03    .000    .001 -21.588
  332.06    .000    .001 -21.664
  332.09    .000    .001 -33.391
  332.12    .000    .001 -34.327
  332.15    .000    .001 -31.758
  332.18    .000    .001 -29.228
  332.21    .000    .001 -35.462
  333.00    .000    .001 -33.290
  333.03    .000    .001 -36.138
  333.06    .000    .001 -26.487
  333.09    .000    .001 -32.410
  333.12    .000    .001 -37.454
  333.15    .000    .001 -30.744
  333.18    .000    .001 -38.914
  333.21    .000    .001 -38.779
  334.00    .000    .001 -27.240
  334.03    .000    .001 -26.117
  334.06    .000    .001 -33.828
  334.09    .000    .001 -35.866
  334.12    .000    .001 -41.348
  334.15    .000    .001 -26.950
  334.18    .000    .001 -43.235
  334.21    .000    .000 -38.348
  335.00    .000    .001 -41.587
  335.03    .000    .001 -41.348
  335.06    .000    .001 -34.852
  335.09    .000    .001 -29.153
  335.12    .000    .001 -40.808
  335.15    .000    .001 -39.061
  335.18    .000    .001 -44.370
  335.21    .000    .001 -44.835
  336.00    .000    .000 -33.010
  336.03    .000    .001 -44.864
  336.06    .000    .001 -44.544
  336.09    .000    .001 -44.544
  336.12    .000    .001 -45.272
  336.15    .000    .000 -43.147
  336.18    .000    .001 -43.322
  336.21    .000    .001 -44.224
  337.00    .000    .001 -43.381
  337.03    .000    .000 -42.385
  337.06    .000    .001 -26.052
  337.09    .000    .001 -40.293
  337.12    .000    .000 -42.474
  337.15    .000    .001 -40.293
  337.18    .000    .001 -43.206
  337.21    .000    .000 -43.730
  338.00    .000    .001 -23.796
  338.03    .000    .001 -47.050
  338.06    .000    .001 -48.222
  338.09    .000    .001 -39.154
  338.12    .000    .001 -32.665
  338.15    .000    .001 -33.307
  338.18    .000    .001 -38.195
  338.21    .000    .001 -29.607
  339.00    .000    .001 -26.432
  339.03    .000    .002 -32.012
  339.06    .000    .001 -28.931
  339.09    .000    .001 -19.374
  339.12    .000    .001 -21.714
  339.15    .000    .002 -28.566
  339.18    .000    .001 -23.095
  339.21    .000    .001 -29.371
  340.00    .000    .001 -31.260
  340.03    .000    .001 -20.725
  340.06    .000    .001 -21.038
  340.09    .000    .001 -38.553
  340.12    .000    .000 -37.781
  340.15    .000    .000 -18.863
  340.18    .000    .001 -16.510
  340.21    .000    .001 -26.761
  341.00    .000    .001 -38.480
  341.03    .000    .001 -29.360
  341.06    .000    .001 -43.089
  341.09    .000    .000 -45.389
  341.12    .000    .000 -21.489
  341.15    .000    .001 -42.650
  341.18    .000    .001 -40.445
  341.21    .000    .000 -33.185
  342.00    .000    .001 -48.862
  342.03    .000    .000 -39.278
  342.06    .000    .001 -36.632
  342.09    .000    .001 -51.787
  342.12    .000    .001 -50.850
  342.15    .000    .001 -31.751
  342.18    .000    .001 -47.908
  342.21    .000    .001 -46.689
  343.00    .000    .001 -41.557
  343.03    .000    .001 -44.951
  343.06    .000    .001 -44.718
  343.09    .000    .001 -39.495
  343.12    .000    .001 -29.889
  343.15    .000    .001 -45.330
  343.18    .000    .001 -45.799
  343.21    .000    .000 -42.268
  344.00    .000    .001 -46.480
  344.03    .000    .001 -45.418
  344.06    .000    .001 -45.301
  344.09    .000    .001 -30.241
  344.12    .000    .001 -32.179
  344.15    .000    .001 -44.311
  344.18    .000    .001 -44.922
  344.21    .000    .001 -42.767
  345.00    .000    .000 -40.445
  345.03    .000    .001 -39.865
  345.06    .000    .001 -40.171
  345.09    .000    .001 -26.177
  345.12    .000    .001 -25.633
  345.15    .000    .001 -37.286
  345.18    .000    .001 -31.177
  345.21    .000    .002 -32.961
  346.00    .000    .001 -15.949
  346.03    .000    .001 -27.334
  346.06    .000    .001 -27.256
  346.09    .000    .001 -22.731
  346.12    .000    .001 -21.452
  346.15    .000    .001  -8.909
  346.18    .000    .001 -27.119
  346.21    .000    .001 -27.181
  347.00    .000    .000 -27.259
  347.03    .000    .000 -27.193
  347.06    .000    .001 -26.926
  347.09    .000    .000 -14.815
  347.12    .000    .001 -19.005
  347.15    .000    .001 -18.372
  347.18    .000    .001 -29.778
  347.21    .000    .001 -32.033
  348.00    .000    .001 -34.464
  348.03    .000    .000 -34.049
  348.06    .000    .000 -34.108
  348.09    .000    .001 -36.025
  348.12    .000    .001 -37.441
  348.15    .000    .000 -39.773
  348.18    .000    .001 -44.457
  348.21    .000    .000 -47.019
  349.00    .000    .001 -24.376
  349.03    .000    .001 -46.331
  349.06    .000    .001 -46.064
  349.09    .000    .001 -31.293
  349.12    .000    .001 -40.627
  349.15    .000    .001 -42.209
  349.18    .000    .001 -29.213
  349.21    .000    .001 -44.399
  350.00    .000    .001 -37.250
  350.03    .000    .001 -42.415
  350.06    .000    .001 -41.288
  350.09    .000    .001 -41.019
  350.12    .000    .001 -40.475
  350.15    .000    .001 -37.605
  350.18    .000    .001 -36.009
  350.21    .000    .001 -29.744
  351.00    .000    .001 -28.624
  351.03    .000    .001 -31.419
  351.06    .000    .001 -39.402
  351.09    .000    .001 -39.773
  351.12    .000    .001 -33.866
  351.15    .000    .001 -40.171
  351.18    .000    .001 -35.415
  351.21    .000    .001 -29.085
  352.00    .000    .001 -40.354
  352.03    .000    .001 -31.592
  352.06    .000    .001 -32.803
  352.09    .000    .001 -40.958
  352.12    .000    .001 -29.845
  352.15    .000    .001 -29.893
  352.18    .000    .001 -41.884
  352.21    .000    .001 -41.616
  353.00    .000    .001 -38.040
  353.03    .000    .001 -33.482
  353.06    .000    .001 -38.474
  353.09    .000    .001 -42.621
  353.12    .000    .001 -24.704
  353.15    .000    .001 -37.512
  353.18    .000    .000 -33.887
  353.21    .000    .000 -30.656
  354.00    .000    .001 -28.726
  354.03    .000    .001 -33.335
  354.06    .000    .000 -35.004
  354.09    .000    .000 -36.428
  354.12    .000    .000 -15.911
  354.15    .000    .001 -37.679
  354.18    .000    .000 -39.247
  354.21    .000    .000 -35.371
  355.00    .000    .000 -11.684
  355.03    .000    .001 -38.068
  355.06    .000    .000 -34.777
  355.09    .000    .000  -9.478
  355.12    .000    .001  -7.306
  355.15    .000    .001 -30.388
  355.18    .000    .001 -30.908
  355.21    .000    .000 -20.711
  356.00    .000    .001 -17.659
  356.03    .000    .001 -27.811
  356.06    .000    .000 -20.882
  356.09    .000    .001 -29.330
  356.12    .000    .001 -28.357
  356.15    .000    .001 -22.521
  356.18    .000    .002 -26.871
  356.21    .000    .001 -23.078
  357.00    .000    .001 -19.151
  357.03    .000    .002 -26.658
  357.06    .000    .001  -8.206
  357.09    .000    .001 -26.697
  357.12    .000    .000 -17.960
  357.15    .000    .001 -27.291
  357.18    .000    .001 -28.646
  357.21    .000    .001 -31.340
  358.00    .000    .000 -26.268
  358.03    .000    .001 -34.855
  358.06    .000    .001 -32.276
  358.09    .000    .001 -34.001
  358.12    .000    .001 -34.716
  358.15    .000    .001 -34.903
  358.18    .000    .000 -16.579
  358.21    .000    .001 -36.227
  359.00    .000    .001 -39.834
  359.03    .000    .001 -38.211
  359.06    .000    .000 -39.926
  359.09    .000    .001 -27.302
  359.12    .000    .001 -21.316
  359.15    .000    .001 -40.868
  359.18    .000    .001 -34.138
  359.21    .000    .001 -32.126
  360.00    .000    .001 -22.779
  360.03    .000    .001 -38.603
  360.06    .000    .000 -34.522
  360.09    .000    .001 -40.566
  360.12    .000    .001 -43.060
  360.15    .000    .000 -45.770
  360.18    .000    .001 -41.348
  360.21    .000    .001 -45.682
  361.00    .000    .001 -43.643
  361.03    .000    .001 -45.477
  361.06    .000    .001 -33.645
  361.09    .000    .001 -33.105
  361.12    .000    .002 -29.033
  361.15    .000    .002 -26.804
  361.18    .000    .002 -29.878
  361.21    .000    .001 -23.690
  362.00    .000    .001 -34.440
  362.03    .000    .001 -35.626
  362.06    .000    .001 -31.130
  362.09    .000    .001 -32.510
  362.12    .000    .002 -32.534
  362.15    .000    .001 -16.653
  362.18    .000    .001 -29.915
  362.21    .000    .001 -24.861
  363.00    .000    .001 -17.690
  363.03    .000    .001 -26.109
  363.06    .000    .001 -25.096
  363.09    .000    .001 -21.143
  363.12    .000    .001 -27.166
  363.15    .000    .001 -26.713
  363.18    .000    .002 -21.175
  363.21    .000    .001 -28.692
  364.00    .000    .001 -37.982
  364.03    .000    .001 -27.036
  364.06    .000    .001 -32.439
  364.09    .000    .001 -36.987
  364.12    .000    .001 -42.826
  364.15    .000    .001 -43.701
  364.18    .000    .001 -30.245
  364.21    .000    .001 -43.235
  365.00    .000    .001 -35.318
  365.03    .000    .001 -39.896
  365.06    .000    .001 -26.364
  365.09    .000    .001 -39.340
  365.12    .000    .000 -36.015
  365.15    .000    .000 -32.803
  365.18    .000    .000 -34.655
  365.21    .000    .001 -26.630
  366.00    .000    .002 -28.429
  366.03    .000    .001 -17.397
  366.06    .000    .002 -26.464
  366.09    .000    .001 -25.637
  366.12    .000    .001 -15.515
  366.15    .000    .001 -27.232
  366.18    .000    .001 -28.200
  366.21    .000    .001 -28.303
    1.00    .000    .001 -17.879
    1.03    .000    .001 -22.887
    1.06    .000    .002 -18.976
    1.09    .000    .001 -15.382
    1.12    .000    .002 -20.316
    1.15    .000    .002 -26.725
    1.18    .000    .001 -24.053
    1.21    .000    .001 -13.496
    2.00    .000    .001 -15.758
    2.03    .000    .001 -25.050
    2.06    .000    .001 -13.796
    2.09    .000    .001 -24.251
    2.12    .000    .001 -28.181
    2.15    .000    .001 -26.412
    2.18    .000    .001 -16.902
    2.21    .000    .001 -17.685
    3.00    .000    .001 -15.992
    3.03    .000    .002 -17.598
    3.06    .000    .002 -17.111
    3.09    .000    .001 -25.803
    3.12    .000    .001 -28.062
    3.15    .000    .001 -21.339
    3.18    .000    .002 -25.855
    3.21    .000    .001 -19.282
    4.00    .000    .002 -22.983
    4.03    .000    .002 -27.784
    4.06    .000    .001 -28.227
    4.09    .000    .001 -28.062
    4.12    .000    .000 -16.573
    4.15    .000    .001 -30.495
    4.18    .000    .001 -29.115
    4.21    .000    .001 -12.299
    5.00    .000    .001 -29.521
    5.03    .000    .001 -31.819
    5.06    .000    .000 -33.551
    5.09    .000    .000 -25.520
    5.12    .000    .001 -19.834
    5.15    .000    .001 -10.982
    5.18    .000    .001  -9.618
    5.21    .000    .001 -31.736
    6.00    .000    .000 -24.799
    6.03    .000    .001 -30.451
    6.06    .000    .000 -30.882
    6.09    .000    .000 -31.582
    6.12    .000    .000 -31.202
    6.15    .000    .000 -29.435
    6.18    .000    .000 -31.064
    6.21    .000    .000 -30.322
    7.00    .000    .000 -29.232
    7.03    .000    .001 -31.028
    7.06    .000    .000 -35.213
    7.09    .000    .000 -36.376
    7.12    .000    .001 -22.547
    7.15    .000    .001 -34.358
    7.18    .000    .001 -34.716
    7.21    .000    .001 -37.586
    8.00    .000    .000 -32.162
    8.03    .000    .001 -14.368
    8.06    .000    .001 -36.854
    8.09    .000    .000 -37.966
    8.12    .000    .000 -22.739
    8.15    .000    .001 -42.591
    8.18    .000    .000 -31.919
    8.21    .000    .001 -37.563
    9.00    .000    .001 -36.929
    9.03    .000    .002 -40.928
    9.06    .000    .001 -42.356
    9.09    .000    .001 -33.673
    9.12    .000    .001 -28.230
    9.15    .000    .001 -40.808
    9.18    .000    .001 -41.288
    9.21    .000    .001 -27.989
   10.00    .000    .001 -33.790
   10.03    .000    .001 -26.276
   10.06    .000    .001 -40.079
   10.09    .000    .001 -40.988
   10.12    .000    .001 -38.087
   10.15    .000    .000 -41.169
   10.18    .000    .001 -35.959
   10.21    .000    .001 -41.972
   11.00    .000    .001 -24.276
   11.03    .000    .001 -38.773
   11.06    .000    .001 -31.998
   11.09    .000    .001 -44.544
   11.12    .000    .001 -25.996
   11.15    .000    .001 -44.747
   11.18    .000    .001 -24.799
   11.21    .000    .001 -26.844
   12.00    .000    .001 -46.480
   12.03    .000    .001 -45.097
   12.06    .000    .000 -40.566
   12.09    .000    .001 -45.126
   12.12    .000    .000 -47.599
   12.15    .000    .000 -51.865
   12.18    .000    .000 -51.443
   12.21    .000    .001 -50.960
   13.00    .000    .000 -49.289
   13.03    .000    .000 -49.058
   13.06    .000    .000 -49.726
   13.09    .000    .000 -50.104
   13.12    .000    .000 -50.384
   13.15    .000    .000 -29.513
   13.18    .000    .001 -41.019
   13.21    .000    .001 -32.683
   14.00    .000    .001 -31.783
   14.03    .000    .001 -50.069
   14.06    .000    .001 -47.171
   14.09    .000    .001 -46.959
   14.12    .000    .001 -47.537
   14.15    .000    .000 -43.526
   14.18    .000    .001 -33.551
   14.21    .000    .001 -32.119
   15.00    .000    .001 -38.823
   15.03    .000    .001 -44.108
   15.06    .000    .001 -44.515
   15.09    .000    .001 -31.304
   15.12    .000    .001 -39.896
   15.15    .000    .001 -45.506
   15.18    .000    .001 -30.886
   15.21    .000    .001 -27.447
   16.00    .000    .001 -40.384
   16.03    .000    .001 -40.627
   16.06    .000    .001 -32.090
   16.09    .000    .001 -31.751
   16.12    .000    .001 -40.475
   16.15    .000    .000 -27.695
   16.18    .000    .001 -30.399
   16.21    .000    .001 -35.686
   17.00    .000    .001 -42.444
   17.03    .000    .001 -41.795
   17.06    .000    .001 -34.614
   17.09    .000    .001 -39.247
   17.12    .000    .001 -36.566
   17.15    .000    .001 -23.421
   17.18    .000    .001 -36.664
   17.21    .000    .001 -37.127
   18.00    .000    .001 -35.180
   18.03    .000    .001 -33.749
   18.06    .000    .001 -16.349
   18.09    .000    .001 -30.304
   18.12    .000    .001 -28.142
   18.15    .000    .001 -26.141
   18.18    .000    .001 -21.425
   18.21    .000    .002 -25.222
   19.00    .000    .002 -24.725
   19.03    .000    .001 -26.380
   19.06    .000    .001 -32.856
   19.09    .000    .001 -30.248
   19.12    .000    .001 -33.579
   19.15    .000    .001 -28.207
   19.18    .000    .001 -25.116
   19.21    .000    .001 -27.571
   20.00    .000    .001 -28.479
   20.03    .000    .001 -29.878
   20.06    .000    .001 -32.286
   20.09    .000    .001 -38.389
   20.12    .000    .001 -41.348
   20.15    .000    .001 -35.341
   20.18    .000    .001 -26.105
   20.21    .000    .001 -37.656
   21.00    .000    .000 -40.445
   21.03    .000    .000 -39.957
   21.06    .000    .001 -40.717
   21.09    .000    .000 -40.475
   21.12    .000    .000 -40.808
   21.15    .000    .001 -41.676
   21.18    .000    .000 -40.049
   21.21    .000    .001 -43.846
   22.00    .000    .001 -30.443
   22.03    .000    .001 -40.140
   22.06    .000    .001 -36.435
   22.09    .000    .001 -22.765
   22.12    .000    .001 -43.875
   22.15    .000    .000 -45.301
   22.18    .000    .001 -47.262
   22.21    .000    .000 -48.380
   23.00    .000    .001 -44.515
   23.03    .000    .001 -49.223
   23.06    .000    .001 -52.379
   23.09    .000    .001 -49.590
   23.12    .000    .001 -49.590
   23.15    .000    .001 -48.604
   23.18    .000    .001 -48.668
   23.21    .000    .000 -51.033
   24.00    .000    .000 -34.159
   24.03    .000    .001 -55.557
   24.06    .000    .000 -54.590
   24.09    .000    .000 -51.826
   24.12    .000    .000 -31.481
   24.15    .000    .001 -26.816
   24.18    .000    .001 -29.123
   24.21    .000    .001 -44.922
   25.00    .000    .001 -45.126
   25.03    .000    .001 -45.477
   25.06    .000    .001 -46.420
   25.09    .000    .001 -47.507
   25.12    .000    .000 -49.862
   25.15    .000    .001 -36.500
   25.18    .000    .001 -51.982
   25.21    .000    .000 -39.309
   26.00    .000    .001 -56.646
   26.03    .000    .000 -54.450
   26.06    .000    .001 -49.322
   26.09    .000    .000 -51.256
   26.12    .000    .001 -33.908
   26.15    .000    .001 -35.586
   26.18    .000    .001 -53.164
   26.21    .000    .001 -42.032
   27.00    .000    .001 -47.201
   27.03    .000    .001 -48.604
   27.06    .000    .001 -40.171
   27.09    .000    .002 -35.429
   27.12    .000    .002 -21.619
   27.15    .000    .001 -24.045
   27.18    .000    .001 -24.902
   27.21    .000    .002 -27.036
   28.00    .000    .001 -19.929
   28.03    .000    .001 -40.171
   28.06    .000    .000 -42.209
   28.09    .000    .000 -42.356
   28.12    .000    .000 -20.549
   28.15    .000    .001 -44.718
   28.18    .000    .000 -42.708
   28.21    .000    .001 -24.468
   29.00    .000    .001 -26.260
   29.03    .000    .001 -33.440
   29.06    .000    .001 -49.091
   29.09    .000    .000 -41.884
   29.12    .000    .001 -49.523
   29.15    .000    .000 -51.256
   29.18    .000    .001 -40.354
   29.21    .000    .001 -51.749
   30.00    .000    .001 -39.154
   30.03    .000    .001 -43.381
   30.06    .000    .002 -37.000
   30.09    .000    .002 -40.354
   30.12    .000    .001 -20.804
   30.15    .000    .001 -26.733
   30.18    .000    .002 -21.570
   30.21    .000    .001 -20.767
   31.00    .000    .001 -28.487
   31.03    .000    .001 -23.421
   31.06    .000    .001 -27.177
   31.09    .000    .002 -40.079
   31.12    .000    .001 -28.303
   31.15    .000    .001 -43.410
   31.18    .000    .001 -43.001
   31.21    .000    .001 -42.591
   32.00    .000    .001 -42.708
   32.03    .000    .001 -42.385
   32.06    .000    .001 -23.237
   32.09    .000    .001 -41.884
   32.12    .000    .000 -37.960
   32.15    .000    .001 -31.213
   32.18    .000    .001 -40.110
   32.21    .000    .000 -41.438
   33.00    .000    .000 -22.323
   33.03    .000    .001 -38.389
   33.06    .000    .001 -43.206
   33.09    .000    .000 -44.399
   33.12    .000    .000 -29.700
   33.15    .000    .001 -44.486
   33.18    .000    .001 -26.733
   33.21    .000    .001 -48.862
   34.00    .000    .000 -46.361
   34.03    .000    .001 -28.840
   34.06    .000    .001 -50.887
   34.09    .000    .000 -29.097
   34.12    .000    .001 -48.927
   34.15    .000    .000 -36.448
   34.18    .000    .001 -35.549
   34.21    .000    .001 -36.461
   35.00    .000    .001 -39.896
   35.03    .000    .001 -56.432
   35.06    .000    .001 -57.081
   35.09    .000    .001 -47.080
   35.12    .000    .001 -40.384
   35.15    .000    .001 -38.455
   35.18    .000    .001 -54.969
   35.21    .000    .001 -56.014
   36.00    .000    .000 -55.809
   36.03    .000    .001 -42.767
   36.06    .000    .001 -49.828
   36.09    .000    .001 -48.476
   36.12    .000    .001 -55.114
   36.15    .000    .001 -47.019
   36.18    .000    .001 -52.139
   36.21    .000    .001 -53.726
   37.00    .000    .001 -43.817
   37.03    .000    .001 -47.476
   37.06    .000    .001 -38.575
   37.09    .000    .001 -53.037
   37.12    .000    .001 -53.994
   37.15    .000    .001 -46.509
   37.18    .000    .001 -38.468
   37.21    .000    .001 -52.060
   38.00    .000    .001 -37.582
   38.03    .000    .001 -50.960
   38.06    .000    .001 -43.846
   38.09    .000    .001 -44.050
   38.12    .000    .001 -30.682
   38.15    .000    .001 -29.360
   38.18    .000    .001 -44.311
   38.21    .000    .001 -44.660
   39.00    .000    .001 -44.893
   39.03    .000    .000 -39.711
   39.06    .000    .001 -39.340
   39.09    .000    .001 -44.689
   39.12    .000    .001 -44.806
   39.15    .000    .001 -23.885
   39.18    .000    .001 -44.457
   39.21    .000    .000 -43.351
   40.00    .000    .001 -34.224
   40.03    .000    .001 -34.481
   40.06    .000    .001 -45.917
   40.09    .000    .001 -47.232
   40.12    .000    .001 -32.743
   40.15    .000    .001 -41.079
   40.18    .000    .001 -27.166
   40.21    .000    .001 -45.243
   41.00    .000    .000 -46.869
   41.03    .000    .000 -29.040
   41.06    .000    .001 -30.126
   41.09    .000    .001 -43.759
   41.12    .000    .001 -23.464
   41.15    .000    .001 -30.425
   41.18    .000    .001 -41.049
   41.21    .000    .001 -39.926
   42.00    .000    .001 -34.926
   42.03    .000    .001 -36.838
   42.06    .000    .000 -35.459
   42.09    .000    .001 -34.426
   42.12    .000    .001 -26.962
   42.15    .000    .002 -27.935
   42.18    .000    .002 -24.762
   42.21    .000    .001 -33.745
   43.00    .000    .001 -34.651
   43.03    .000    .001 -33.534
   43.06    .000    .001 -37.367
   43.09    .000    .001 -27.396
   43.12    .000    .001 -36.105
   43.15    .000    .001 -22.991
   43.18    .000    .001 -43.235
   43.21    .000    .001 -37.816
   44.00    .000    .001 -41.587
   44.03    .000    .001 -45.184
   44.06    .000    .001 -31.804
   44.09    .000    .001 -47.537
   44.12    .000    .001 -30.693
   44.15    .000    .001 -44.544
   44.18    .000    .001 -30.348
   44.21    .000    .001 -38.024
   45.00    .000    .001 -40.293
   45.03    .000    .001 -33.164
   45.06    .000    .001 -22.521
   45.09    .000    .001 -41.706
   45.12    .000    .001 -43.992
   45.15    .000    .001 -39.988
   45.18    .000    .001 -39.896
   45.21    .000    .001 -38.474
   46.00    .000    .002 -38.857
   46.03    .000    .001 -44.399
   46.06    .000    .001 -45.829
   46.09    .000    .001 -38.446
   46.12    .000    .001 -45.301
   46.15    .000    .001 -28.433
   46.18    .000    .001 -40.868
   46.21    .000    .001 -40.140
   47.00    .000    .000 -34.197
   47.03    .000    .002 -30.966
   47.06    .000    .001 -41.467
   47.09    .000    .001 -34.910
   47.12    .000    .001 -41.557
   47.15    .000    .001 -26.800
   47.18    .000    .001 -22.146
   47.21    .000    .001 -36.896
   48.00    .000    .001 -20.395
   48.03    .000    .001 -38.970
   48.06    .000    .001 -44.922
   48.09    .000    .000 -43.963
   48.12    .000    .000 -46.509
   48.15    .000    .000 -31.926
   48.18    .000    .001 -49.557
   48.21    .000    .001 -50.209
   49.00    .000    .000 -50.000
   49.03    .000    .000 -48.159
   49.06    .000    .001 -31.202
   49.09    .000    .001 -51.256
   49.12    .000    .000 -33.721
   49.15    .000    .001 -50.598
   49.18    .000    .000 -37.182
   49.21    .000    .001 -53.421
   50.00    .000    .000 -32.453
   50.03    .000    .001 -31.412
   50.06    .000    .001 -51.070
   50.09    .000    .000 -45.068
   50.12    .000    .001 -54.174
   50.15    .000    .001 -49.557
   50.18    .000    .000 -48.254
   50.21    .000    .000 -29.674
   51.00    .000    .001 -29.547
   51.03    .000    .001 -27.032
   51.06    .000    .001 -30.773
   51.09    .000    .001 -38.845
   51.12    .000    .001 -33.122
   51.15    .000    .001 -43.410
   51.18    .000    .001 -26.348
   51.21    .000    .001 -40.140
   52.00    .000    .001 -37.867
   52.03    .000    .001 -42.826
   52.06    .000    .001 -28.330
   52.09    .000    .001 -26.225
   52.12    .000    .001 -38.046
   52.15    .000    .001 -35.163
   52.18    .000    .002 -38.502
   52.21    .000    .001 -37.466
   53.00    .000    .001 -36.009
   53.03    .000    .001 -37.292
   53.06    .000    .001 -23.703
   53.09    .000    .001 -38.569
   53.12    .000    .001 -38.886
   53.15    .000    .001 -39.464
   53.18    .000    .001 -40.596
   53.21    .000    .001 -33.925
   54.00    .000    .001 -36.589
   54.03    .000    .001 -44.050
   54.06    .000    .001 -35.526
   54.09    .000    .001 -35.139
   54.12    .000    .001 -45.506
   54.15    .000    .000 -44.660
   54.18    .000    .000 -41.288
   54.21    .000    .000 -33.447
   55.00    .000    .001 -46.899
   55.03    .000    .001 -47.971
   55.06    .000    .001 -37.845
   55.09    .000    .001 -40.566
   55.12    .000    .001 -32.236
   55.15    .000    .001 -33.454
   55.18    .000    .001 -46.124
   55.21    .000    .001 -29.599
   56.00    .000    .001 -49.025
   56.03    .000    .000 -37.337
   56.06    .000    .001 -50.526
   56.09    .000    .000 -36.448
   56.12    .000    .001 -51.256
   56.15    .000    .001 -48.797
   56.18    .000    .001 -48.159
   56.21    .000    .001 -35.593
   57.00    .000    .001 -46.301
   57.03    .000    .000 -35.365
   57.06    .000    .001 -48.127
   57.09    .000    .001 -47.753
   57.12    .000    .000 -43.526
   57.15    .000    .001 -28.646
   57.18    .000    .001 -46.569
   57.21    .000    .000 -47.568
   58.00    .000    .001 -47.171
   58.03    .000    .000 -47.722
   58.06    .000    .001 -38.751
   58.09    .000    .001 -45.301
   58.12    .000    .000 -36.088
   58.15    .000    .001 -42.943
   58.18    .000    .001 -44.253
   58.21    .000    .001 -44.457
   59.00    .000    .001 -45.565
   59.03    .000    .001 -30.689
   59.06    .000    .001 -44.021
   59.09    .000    .001 -34.262
   59.12    .000    .001 -46.272
   59.15    .000    .001 -45.623
   59.18    .000    .001 -26.380
   59.21    .000    .001 -31.574
   60.00    .000    .001 -46.035
   60.03    .000    .000 -45.301
   60.06    .000    .001 -45.506
   60.09    .000    .000 -29.194
   60.12    .000    .001 -47.537
   60.15    .000    .001 -29.841
   60.18    .000    .001 -44.486
   60.21    .000    .000 -48.254
   61.00    .000    .000 -29.539
   61.03    .000    .001 -50.960
   61.06    .000    .000 -32.686
   61.09    .000    .001 -32.517
   61.12    .000    .001 -36.194
   61.15    .000    .001 -47.630
   61.18    .000    .000 -29.055
   61.21    .000    .001 -50.174
   62.00    .000    .000 -30.813
   62.03    .000    .001 -33.398
   62.06    .000    .001 -36.194
   62.09    .000    .001 -50.420
   62.12    .000    .001 -48.444
   62.15    .000    .001 -43.351
   62.18    .000    .000 -33.325
   62.21    .000    .001 -49.389
   63.00    .000    .001 -31.794
   63.03    .000    .001 -31.035
   63.06    .000    .001 -53.249
   63.09    .000    .001 -41.408
   63.12    .000    .001 -37.101
   63.15    .000    .001 -43.322
   63.18    .000    .001 -50.349
   63.21    .000    .000 -55.911
   64.00    .000    .001 -34.488
   64.03    .000    .001 -34.508
   64.06    .000    .001 -56.485
   64.09    .000    .001 -64.167
   64.12    .000    .000 -69.599
   64.15    .000    .000 -61.775
   64.18    .000    .001 -60.923
   64.21    .000    .000 -71.968
   65.00    .000    .000 -66.407
   65.03    .000    .000 -64.748
   65.06    .000    .001 -52.622
   65.09    .000    .000 -65.781
   65.12    .000    .000 -59.846
   65.15    .000    .001 -57.081
   65.18    .000    .000 -46.094
   65.21    .000    .001 -60.309
   66.00    .000    .001 -60.648
   66.03    .000    .000 -41.378
   66.06    .000    .001 -62.667
   66.09    .000    .000 -41.079
   66.12    .000    .001 -57.360
   66.15    .000    .001 -51.595
   66.18    .000    .000 -57.530
   66.21    .000    .000 -43.875
   67.00    .000    .001 -37.995
   67.03    .000    .001 -54.921
   67.06    .000    .001 -50.598
   67.09    .000    .000 -39.834
   67.12    .000    .001 -51.144
   67.15    .000    .001 -34.183
   67.18    .000    .001 -47.171
   67.21    .000    .001 -64.167
   68.00    .000    .000 -40.384
   68.03    .000    .001 -38.075
   68.06    .000    .001 -59.522
   68.09    .000    .001 -59.911
   68.12    .000    .000 -43.089
   68.15    .000    .001 -58.526
   68.18    .000    .000 -46.331
   68.21    .000    .001 -40.475
   69.00    .000    .001 -65.173
   69.03    .000    .000 -44.282
   69.06    .000    .000 -68.489
   69.09    .000    .000 -52.299
   69.12    .000    .000 -63.762
   69.15    .000    .000 -57.874
   69.18    .000    .001 -45.126
   69.21    .000    .001 -59.142
   70.00    .000    .000 -44.951
   70.03    .000    .001 -59.017
   70.06    .000    .001 -60.376
   70.09    .000    .000 -48.993
   70.12    .000    .001 -39.834
   70.15    .000    .001 -51.181
   70.18    .000    .000 -43.526
   70.21    .000    .001 -40.232
   71.00    .000    .001 -48.993
   71.03    .000    .001 -35.756
   71.06    .000    .001 -47.476
   71.09    .000    .000 -41.735
   71.12    .000    .001 -48.993
   71.15    .000    .001 -43.934
   71.18    .000    .000 -44.399
   71.21    .000    .001 -45.917
   72.00    .000    .001 -35.976
   72.03    .000    .001 -46.539
   72.06    .000    .001 -41.169
   72.09    .000    .002 -46.809
   72.12    .000    .001 -40.748
   72.15    .000    .002 -42.120
   72.18    .000    .001 -31.506
   72.21    .000    .001 -29.770
   73.00    .000    .001 -34.385
   73.03    .000    .001 -38.569
   73.06    .000    .001 -40.079
   73.09    .000    .001 -43.089
   73.12    .000    .001 -40.536
   73.15    .000    .001 -39.680
   73.18    .000    .000 -19.205
   73.21    .000    .001 -41.408
   74.00    .000    .001 -26.784
   74.03    .000    .001 -33.797
   74.06    .000    .001 -32.732
   74.09    .000    .001 -39.061
   74.12    .000    .001 -31.257
   74.15    .000    .001 -34.457
   74.18    .000    .000 -28.227
   74.21    .000    .001 -33.648
   75.00    .000    .000 -32.510
   75.03    .000    .001 -33.328
   75.06    .000    .001 -33.939
   75.09    .000    .001 -24.317
   75.12    .000    .001 -26.064
   75.15    .000    .001 -29.146
   75.18    .000    .001 -16.354
   75.21    .000    .001 -32.538
   76.00    .000    .001 -26.193
   76.03    .000    .001 -28.669
   76.06    .000    .001 -24.679
   76.09    .000    .001 -26.300
   76.12    .000    .002 -22.696
   76.15    .000    .001 -30.414
   76.18    .000    .001 -19.034
   76.21    .000    .001 -25.807
   77.00    .000    .001 -22.678
   77.03    .000    .001 -27.170
   77.06    .000    .002 -24.750
   77.09    .000    .001 -31.434
   77.12    .000    .001 -33.569
   77.15    .000    .001 -31.689
   77.18    .000    .001 -32.244
   77.21    .000    .001 -32.841
   78.00    .000    .001 -34.320
   78.03    .000    .001 -34.173
   78.06    .000    .001 -35.559
   78.09    .000    .001 -37.505
   78.12    .000    .001 -36.158
   78.15    .000    .001 -34.645
   78.18    .000    .001 -34.553
   78.21    .000    .001 -31.003
   79.00    .000    .001 -34.152
   79.03    .000    .001 -34.957
   79.06    .000    .001 -27.431
   79.09    .000    .001 -33.911
   79.12    .000    .002 -29.513
   79.15    .000    .001 -23.630
   79.18    .000    .001 -33.966
   79.21    .000    .001 -34.546
   80.00    .000    .001 -37.592
   80.03    .000    .000 -38.603
   80.06    .000    .001 -28.050
   80.09    .000    .001 -30.788
   80.12    .000    .001 -38.404
   80.15    .000    .001 -35.679
   80.18    .000    .001 -34.474
   80.21    .000    .001 -21.480
   81.00    .000    .001 -36.890
   81.03    .000    .001 -36.537
   81.06    .000    .001 -36.847
   81.09    .000    .001 -30.267
   81.12    .000    .002 -37.505
   81.15    .000    .001 -22.385
   81.18    .000    .001 -35.823
   81.21    .000    .001 -36.145
   82.00    .000    .001 -29.800
   82.03    .000    .001 -25.569
   82.06    .000    .001 -40.506
   82.09    .000    .001 -34.142
   82.12    .000    .001 -30.984
   82.15    .000    .001 -26.840
   82.18    .000    .002 -16.408
   82.21    .000    .001 -33.589
   83.00    .000    .001 -33.402
   83.03    .000    .001 -34.577
   83.06    .000    .001 -25.892
   83.09    .000    .001 -28.578
   83.12    .000    .001 -26.903
   83.15    .000    .001 -20.405
   83.18    .000    .001 -32.375
   83.21    .000    .001 -33.866
   84.00    .000    .001 -35.469
   84.03    .000    .001 -29.127
   84.06    .000    .001 -20.085
   84.09    .000    .001 -26.352
   84.12    .000    .001 -25.564
   84.15    .000    .001 -34.675
   84.18    .000    .000 -24.646
   84.21    .000    .001 -26.950
   85.00    .000    .001 -37.685
   85.03    .000    .000 -39.773
   85.06    .000    .001 -39.278
   85.09    .000    .000 -39.340
   85.12    .000    .000 -39.014
   85.15    .000    .000 -22.009
   85.18    .000    .001 -17.257
   85.21    .000    .001 -42.532
   86.00    .000    .000 -41.408
   86.03    .000    .000 -20.451
   86.06    .000    .001 -40.079
   86.09    .000    .000 -25.247
   86.12    .000    .001 -17.226
   86.15    .000    .001 -39.495
   86.18    .000    .000 -37.221
   86.21    .000    .001 -42.532
   87.00    .000    .001 -39.619
   87.03    .000    .001 -37.810
   87.06    .000    .001 -35.889
   87.09    .000    .001 -24.551
   87.12    .000    .001 -34.066
   87.15    .000    .001 -29.919
   87.18    .000    .001 -17.454
   87.21    .000    .001 -41.378
   88.00    .000    .000 -29.100
   88.03    .000    .001 -18.681
   88.06    .000    .001 -41.318
   88.09    .000    .000 -20.405
   88.12    .000    .001 -26.380
   88.15    .000    .001 -40.627
   88.18    .000    .000 -19.863
   88.21    .000    .001 -32.866
   89.00    .000    .001 -40.898
   89.03    .000    .001 -43.992
   89.06    .000    .001 -34.628
   89.09    .000    .001 -38.851
   89.12    .000    .001 -38.103
   89.15    .000    .000 -36.471
   89.18    .000    .001 -35.264
   89.21    .000    .000 -39.588
   90.00    .000    .000 -40.748
   90.03    .000    .000 -33.987
   90.06    .000    .001 -44.980
   90.09    .000    .000 -46.153
   90.12    .000    .000 -44.486
   90.15    .000    .000 -22.279
   90.18    .000    .001 -25.124
   90.21    .000    .001 -32.226
   91.00    .000    .001 -47.293
   91.03    .000    .000 -41.735
   91.06    .000    .001 -48.065
   91.09    .000    .000 -49.794
   91.12    .000    .001 -47.354
   91.15    .000    .001 -30.495
   91.18    .000    .001 -42.268
   91.21    .000    .000 -45.447
   92.00    .000    .001 -29.569
   92.03    .000    .001 -42.032
   92.06    .000    .001 -41.408
   92.09    .000    .001 -48.765
   92.12    .000    .001 -47.784
   92.15    .000    .001 -33.579
   92.18    .000    .001 -44.137
   92.21    .000    .000 -46.124
   93.00    .000    .001 -48.508
   93.03    .000    .001 -44.602
   93.06    .000    .001 -43.264
   93.09    .000    .001 -48.765
   93.12    .000    .001 -43.264
   93.15    .000    .000 -31.177
   93.18    .000    .001 -40.778
   93.21    .000    .001 -42.297
   94.00    .000    .000 -42.708
   94.03    .000    .001 -40.988
   94.06    .000    .001 -33.977
   94.09    .000    .001 -28.046
   94.12    .000    .001 -43.001
   94.15    .000    .001 -40.868
   94.18    .000    .000 -41.348
   94.21    .000    .000 -44.050
   95.00    .000    .000 -27.742
   95.03    .000    .001 -47.568
   95.06    .000    .000 -46.869
   95.09    .000    .000 -46.212
   95.12    .000    .001 -43.555
   95.15    .000    .000 -40.898
   95.18    .000    .000 -33.234
   95.21    .000    .001 -41.884
   96.00    .000    .000 -46.629
   96.03    .000    .000 -47.384
   96.06    .000    .000 -29.074
   96.09    .000    .001 -42.621
   96.12    .000    .001 -28.319
   96.15    .000    .001 -27.888
   96.18    .000    .001 -43.817
   96.21    .000    .000 -46.390
   97.00    .000    .001 -51.033
   97.03    .000    .000 -33.192
   97.06    .000    .001 -55.309
   97.09    .000    .001 -57.192
   97.12    .000    .000 -45.010
   97.15    .000    .001 -33.042
   97.18    .000    .001 -33.266
   97.21    .000    .001 -47.201
   98.00    .000    .000 -49.256
   98.03    .000    .000 -49.931
   98.06    .000    .000 -49.794
   98.09    .000    .000 -35.593
   98.12    .000    .001 -37.240
   98.15    .000    .001 -44.718
   98.18    .000    .001 -28.707
   98.21    .000    .001 -36.118
   99.00    .000    .001 -47.384
   99.03    .000    .000 -47.599
   99.06    .000    .001 -45.301
   99.09    .000    .001 -45.097
   99.12    .000    .001 -44.747
   99.15    .000    .001 -32.382
   99.18    .000    .001 -45.039
   99.21    .000    .000 -49.590
  100.00    .000    .000 -33.478
  100.03    .000    .001 -53.726
  100.06    .000    .001 -48.222
  100.09    .000    .000 -38.914
  100.12    .000    .001 -43.846
  100.15    .000    .001 -36.825
  100.18    .000    .001 -33.922
  100.21    .000    .000 -20.409
  101.00    .000    .001 -32.806
  101.03    .000    .000 -32.457
  101.06    .000    .000 -23.732
  101.09    .000    .001 -27.447
  101.12    .000    .000 -22.534
  101.15    .000    .001 -19.180
  101.18    .000    .001 -21.093
  101.21    .000    .001 -18.247
  102.00    .000    .001 -23.664
  102.03    .000    .001 -25.807
  102.06    .000    .001 -36.009
  102.09    .000    .000 -38.738
  102.12    .000    .000 -35.583
  102.15    .000    .000 -32.300
  102.18    .000    .001 -31.054
  102.21    .000    .001 -32.460
  103.00    .000    .000 -34.300
  103.03    .000    .000 -31.275
  103.06    .000    .001 -26.630
  103.09    .000    .001 -13.778
  103.12    .000    .001 -13.460
  103.15    .000    .001 -23.677
  103.18    .000    .000 -14.449
  103.21    .000    .001  -1.767
  104.00    .000    .001 -26.733
  104.03    .000    .000 -27.458
  104.06    .000    .001  -7.458
  104.09    .000    .001  -7.508
  104.12    .000    .001 -29.889
  104.15    .000    .000 -32.915
  104.18    .000    .000 -35.294
  104.21    .000    .000 -27.590
  105.00    .000    .001 -38.502
  105.03    .000    .000 -38.751
  105.06    .000    .000 -29.198
  105.09    .000    .001 -38.240
  105.12    .000    .000 -40.445
  105.15    .000    .000 -23.349
  105.18    .000    .001 -14.741
  105.21    .000    .001 -36.913
  106.00    .000    .000 -20.859
  106.03    .000    .001 -35.566
  106.06    .000    .000 -32.421
  106.09    .000    .001 -23.233
  106.12    .000    .002 -26.721
  106.15    .000    .001 -24.601
  106.18    .000    .000 -25.141
  106.21    .000    .000  -4.782
  107.00    .000    .001  -5.168
  107.03    .000    .001 -23.906
  107.06    .000    .000  -7.076
  107.09    .000    .001 -23.327
  107.12    .000    .001 -22.961
  107.15    .000    .001    .390
  107.18    .000    .001 -13.436
  107.21    .000    .001 -23.956
  108.00    .000    .000 -24.692
  108.03    .000    .001 -12.448
  108.06    .000    .001 -26.420
  108.09    .000    .000 -26.954
  108.12    .000    .000 -23.297
  108.15    .000    .001 -25.670
  108.18    .000    .001  -4.166
  108.21    .000    .001  -5.900
  109.00    .000    .001 -29.543
  109.03    .000    .000 -30.715
  109.06    .000    .000 -35.492
  109.09    .000    .000 -16.381
  109.12    .000    .001 -31.951
  109.15    .000    .001 -21.633
  109.18    .000    .001 -27.664
  109.21    .000    .001 -31.133
  110.00    .000    .001 -33.440
  110.03    .000    .001 -31.246
  110.06    .000    .001 -36.648
  110.09    .000    .001 -37.150
  110.12    .000    .001 -34.815
  110.15    .000    .001  -9.219
  110.18    .000    .001  -7.458
  110.21    .000    .001 -33.147
  111.00    .000    .001 -37.701
  111.03    .000    .001 -38.998
  111.06    .000    .001 -37.163
  111.09    .000    .001 -37.663
  111.12    .000    .001 -28.900
  111.15    .000    .001 -29.662
  111.18    .000    .001 -26.583
  111.21    .000    .001 -18.152
  112.00    .000    .001 -27.931
  112.03    .000    .001 -27.958
  112.06    .000    .002 -36.635
  112.09    .000    .001 -35.492
  112.12    .000    .001 -30.784
  112.15    .000    .000 -27.722
  112.18    .000    .001 -27.652
  112.21    .000    .000 -30.407
  113.00    .000    .000 -30.208
  113.03    .000    .001 -30.160
  113.06    .000    .001 -30.729
  113.09    .000    .000 -31.050
  113.12    .000    .000 -30.557
  113.15    .000    .001 -30.318
  113.18    .000    .000 -30.970
  113.21    .000    .000 -33.000
  114.00    .000    .000 -23.842
  114.03    .000    .001 -35.335
  114.06    .000    .000 -35.989
  114.09    .000    .000 -15.796
  114.12    .000    .001 -38.964
  114.15    .000    .000 -10.354
  114.18    .000    .001 -33.297
  114.21    .000    .000 -40.928
  115.00    .000    .000 -43.147
  115.03    .000    .001 -44.573
  115.06    .000    .001 -25.690
  115.09    .000    .001 -42.650
  115.12    .000    .001 -19.389
  115.15    .000    .001 -36.952
  115.18    .000    .000 -31.517
  115.21    .000    .000 -40.384
  116.00    .000    .000 -24.725
  116.03    .000    .001 -46.005
  116.06    .000    .001 -45.097
  116.09    .000    .000 -41.795
  116.12    .000    .001 -21.244
  116.15    .000    .001 -29.487
  116.18    .000    .001 -31.155
  116.21    .000    .001 -37.845
  117.00    .000    .000 -23.082
  117.03    .000    .001 -43.934
  117.06    .000    .001 -34.097
  117.09    .000    .001 -27.427
  117.12    .000    .001 -32.683
  117.15    .000    .001 -34.200
  117.18    .000    .000 -34.502
  117.21    .000    .001 -35.335
  118.00    .000    .001 -23.160
  118.03    .000    .001 -40.171
  118.06    .000    .001 -39.042
  118.09    .000    .001 -26.686
  118.12    .000    .001 -37.192
  118.15    .000    .001 -14.781
  118.18    .000    .001 -23.306
  118.21    .000    .001 -38.518
  119.00    .000    .001 -20.306
  119.03    .000    .001 -41.258
  119.06    .000    .001 -27.111
  119.09    .000    .001 -35.065
  119.12    .000    .001 -38.998
  119.15    .000    .001 -37.147
  119.18    .000    .000 -14.351
  119.21    .000    .001 -37.000
  120.00    .000    .000 -40.201
  120.03    .000    .001 -41.706
  120.06    .000    .001 -27.177
  120.09    .000    .001 -25.972
  120.12    .000    .001 -35.240
  120.15    .000    .000 -23.147
  120.18    .000    .001 -29.778
  120.21    .000    .001 -34.662
  121.00    .000    .000 -20.933
  121.03    .000    .001 -33.206
  121.06    .000    .001 -25.439
  121.09    .000    .001 -17.433
  121.12    .000    .001 -35.883
  121.15    .000    .000 -32.838
  121.18    .000    .000 -25.952
  121.21    .000    .001 -33.673
  122.00    .000    .000 -36.854
  122.03    .000    .001 -36.913
  122.06    .000    .001 -33.192
  122.09    .000    .001 -36.287
  122.12    .000    .001 -33.356
  122.15    .000    .001 -14.002
  122.18    .000    .001 -19.485
  122.21    .000    .001  -8.279
  123.00    .000    .001 -27.618
  123.03    .000    .001 -35.355
  123.06    .000    .000 -35.626
  123.09    .000    .000 -33.450
  123.12    .000    .001 -19.161
  123.15    .000    .001 -27.904
  123.18    .000    .001  -7.559
  123.21    .000    .001  -7.357
  124.00    .000    .001 -19.025
  124.03    .000    .001 -27.248
  124.06    .000    .001 -16.052
  124.09    .000    .001 -25.222
  124.12    .000    .000 -24.791
  124.15    .000    .000  -1.151
  124.18    .000    .001  -3.881
  124.21    .000    .001 -17.879
  125.00    .000    .001 -28.403
  125.03    .000    .000 -28.650
  125.06    .000    .000 -30.542
  125.09    .000    .000 -29.543
  125.12    .000    .000  -6.455
  125.15    .000    .001  -2.111
  125.18    .000    .001 -24.326
  125.21    .000    .000  -4.195
  126.00    .000    .001 -23.103
  126.03    .000    .001 -22.974
  126.06    .000    .001   -.007
  126.09    .000    .001 -22.752
  126.12    .000    .000 -22.783
  126.15    .000    .000 -22.752
  126.18    .000    .000 -23.310
  126.21    .000    .001 -24.225
  127.00    .000    .000  -6.794
  127.03    .000    .001 -30.004
  127.06    .000    .000 -10.558
  127.09    .000    .001 -31.094
  127.12    .000    .000 -29.878
  127.15    .000    .001 -12.004
  127.18    .000    .001 -28.532
  127.21    .000    .000 -17.111
  128.00    .000    .001 -30.586
  128.03    .000    .001 -28.635
  128.06    .000    .001 -22.415
  128.09    .000    .001 -19.432
  128.12    .000    .001 -27.377
  128.15    .000    .001 -27.201
  128.18    .000    .001 -10.467
  128.21    .000    .001 -28.635
  129.00    .000    .000 -18.117
  129.03    .000    .001 -15.248
  129.06    .000    .001 -29.017
  129.09    .000    .000 -29.198
  129.12    .000    .000 -28.223
  129.15    .000    .000 -26.404
  129.18    .000    .000 -26.268
  129.21    .000    .000 -29.273
  130.00    .000    .000  -5.740
  130.03    .000    .001 -28.722
  130.06    .000    .000 -19.576
  130.09    .000    .001 -19.677
  130.12    .000    .001 -28.791
  130.15    .000    .000 -28.532
  130.18    .000    .001  -6.194
  130.21    .000    .001  -7.103
  131.00    .000    .001 -36.847
  131.03    .000    .000 -23.494
  131.06    .000    .001 -32.785
  131.09    .000    .000 -18.690
  131.12    .000    .001 -19.205
  131.15    .000    .001 -22.726
  131.18    .000    .001 -10.263
  131.21    .000    .001 -23.885
  132.00    .000    .001 -27.962
  132.03    .000    .000 -30.824
  132.06    .000    .000  -7.408
  132.09    .000    .001 -28.042
  132.12    .000    .001 -26.376
  132.15    .000    .001 -24.422
  132.18    .000    .001 -22.310
  132.21    .000    .001  -2.111
  133.00    .000    .001 -23.494
  133.03    .000    .001 -29.157
  133.06    .000    .001 -24.238
  133.09    .000    .001 -16.986
  133.12    .000    .001 -25.698
  133.15    .000    .001 -18.352
  133.18    .000    .001 -18.740
  133.21    .000    .001 -14.661
  134.00    .000    .001 -18.936
  134.03    .000    .001 -30.955
  134.06    .000    .001 -12.739
  134.09    .000    .001 -26.938
  134.12    .000    .001 -31.144
  134.15    .000    .001  -5.928
  134.18    .000    .001 -11.334
  134.21    .000    .001 -28.131
  135.00    .000    .001 -31.300
  135.03    .000    .001 -27.819
  135.06    .000    .001 -31.079
  135.09    .000    .002 -34.217
  135.12    .000    .001 -27.150
  135.15    .000    .001 -21.280
  135.18    .000    .001 -28.825
  135.21    .000    .001 -28.741
  136.00    .000    .000 -31.307
  136.03    .000    .001 -33.031
  136.06    .000    .001 -34.967
  136.09    .000    .001 -31.195
  136.12    .000    .001 -21.348
  136.15    .000    .001 -29.461
  136.18    .000    .001 -22.442
  136.21    .000    .001 -27.621
  137.00    .000    .000 -30.744
  137.03    .000    .001 -23.464
  137.06    .000    .001 -32.460
  137.09    .000    .001 -30.498
  137.12    .000    .001 -27.474
  137.15    .000    .001 -21.642
  137.18    .000    .001 -23.121
  137.21    .000    .000  -3.724
  138.00    .000    .001  -9.894
  138.03    .000    .001 -21.412
  138.06    .000    .001 -26.105
  138.09    .000    .001 -17.726
  138.12    .000    .001 -23.851
  138.15    .000    .001  -8.500
  138.18    .000    .001  -4.096
