  138.21    .000    .001 -22.857
  139.00    .000    .001 -25.386
  139.03    .000    .001 -20.928
  139.06    .000    .001 -25.743
  139.09    .000    .001 -23.013
  139.12    .000    .001 -24.137
  139.15    .000    .001 -10.441
  139.18    .000    .001 -16.986
  139.21    .000    .001 -21.924
  140.00    .000    .000 -24.100
  140.03    .000    .000 -21.741
  140.06    .000    .001 -14.820
  140.09    .000    .001 -27.158
  140.12    .000    .000 -22.995
  140.15    .000    .000 -22.323
  140.18    .000    .001 -21.785
  140.21    .000    .000 -22.477
  141.00    .000    .001 -14.684
  141.03    .000    .001  -9.547
  141.06    .000    .001 -28.219
  141.09    .000    .000 -19.830
  141.12    .000    .001 -25.912
  141.15    .000    .001 -23.923
  141.18    .000    .000 -23.647
  141.21    .000    .000 -22.244
  142.00    .000    .001 -25.284
  142.03    .000    .000  -4.100
  142.06    .000    .001 -29.115
  142.09    .000    .000 -30.915
  142.12    .000    .001 -17.582
  142.15    .000    .001  -5.508
  142.18    .000    .001 -24.758
  142.21    .000    .000 -22.106
  143.00    .000    .000-109.918
  143.03    .000    .000-294.506
  143.06    .000    .000-186.615
  143.09    .000    .000-293.686
  143.12    .000    .000-293.686
  143.15    .000    .000-292.053
  143.18    .000    .000-292.868
  143.21    .000    .000-145.422
  144.00    .000    .000-292.868
  144.03    .000    .000-108.410
  144.06    .000    .000-108.659
  144.09    .000    .000-292.868
  144.12    .000    .000-292.868
  144.15    .000    .000-292.868
  144.18    .000    .000-292.868
  144.21    .000    .000-108.162
  145.00    .000    .000-144.674
  145.03    .000    .000-109.664
  145.06    .000    .000-300.308
  145.09    .000    .000-109.918
  145.12    .000    .000-264.175
  145.15    .000    .000-301.986
  145.18    .000    .000-297.807
  145.21    .000    .000-300.308
  146.00    .000    .000-316.631
  146.03    .000    .000-108.410
  146.06    .000    .000-169.822
  146.09    .000    .000-307.934
  146.12    .000    .000-175.373
  146.15    .000    .000-194.920
  146.18    .000    .000-301.146
  146.21    .000    .000-113.564
  147.00    .000    .000-119.668
  147.03    .000    .000-293.686
  147.06    .000    .000-293.686
  147.09    .000    .000-292.868
  147.12    .000    .000-152.777
  147.15    .000    .001-116.005
  147.18    .000    .000-292.868
  147.21    .000    .000-116.005
  148.00    .000    .000-224.253
  148.03    .000    .000-293.686
  148.06    .000    .000-293.686
  148.09    .000    .000-197.061
  148.12    .000    .000-233.763
  148.15    .000    .000-293.686
  148.18    .000    .000-293.686
  148.21    .000    .000-292.868
  149.00    .000    .000-292.868
  149.03    .000    .000-114.639
  149.06    .000    .000-117.957
  149.09    .000    .000-293.686
  149.12    .000    .000-292.868
  149.15    .000    .000-293.686
  149.18    .000    .000-293.686
  149.21    .000    .000-293.686
  150.00    .000    .000-293.686
  150.03    .000    .000-293.686
  150.06    .000    .000-293.686
  150.09    .000    .000-114.369
  150.12    .000    .000-293.686
  150.15    .000    .000-169.822
  150.18    .000    .001-143.931
  150.21    .000    .000-293.686
  151.00    .000    .000-293.686
  151.03    .000    .000-293.686
  151.06    .000    .000-245.739
  151.09    .000    .000-163.607
  151.12    .000    .000-194.920
  151.15    .000    .000-271.638
  151.18    .000    .000-233.763
  151.21    .000    .000-165.354
  152.00    .000    .000-180.649
  152.03    .000    .000-293.686
  152.06    .000    .000-293.686
  152.09    .000    .000-293.686
  152.12    .000    .000-293.686
  152.15    .000    .000-293.686
  152.18    .000    .000-161.881
  152.21    .000    .000-293.686
  153.00    .000    .000-293.686
  153.03    .000    .000-145.798
  153.06    .000    .000-293.686
  153.09    .000    .000-259.076
  153.12    .000    .000-187.631
  153.15    .000    .000-269.377
  153.18    .000    .000-293.686
  153.21    .000    .000-119.381
  154.00    .000    .000-261.249
  154.03    .000    .000-292.868
  154.06    .000    .000-293.686
  154.09    .000    .000-293.686
  154.12    .000    .000-293.686
  154.15    .000    .000-118.240
  154.18    .000    .000-293.686
  154.21    .000    .000-292.868
  155.00    .000    .000-252.668
  155.03    .000    .000-292.868
  155.06    .000    .000-292.868
  155.09    .000    .000-293.686
  155.12    .000    .000-147.314
  155.15    .000    .000-199.774
  155.18    .000    .000-293.686
  155.21    .000    .000-293.686
  156.00    .000    .000-293.686
  156.03    .000    .000-293.686
  156.06    .000    .000-293.686
  156.09    .000    .000-293.686
  156.12    .000    .000-179.192
  156.15    .000    .000-274.682
  156.18    .000    .000-115.183
  156.21    .000    .000-116.281
  157.00    .000    .000-187.122
  157.03    .000    .000-120.538
  157.06    .000    .000-293.686
  157.09    .000    .000-293.686
  157.12    .000    .000-183.604
  157.15    .000    .000-293.686
  157.18    .000    .000-239.008
  157.21    .000    .000-116.558
  158.00    .000    .000-189.166
  158.03    .000    .000-292.868
  158.06    .000    .000-259.076
  158.09    .000    .000-279.314
  158.12    .000    .000-293.686
  158.15    .000    .000-172.572
  158.18    .000    .000-294.506
  158.21    .000    .000-292.868
  159.00    .000    .000-292.868
  159.03    .000    .000-292.868
  159.06    .000    .000-115.456
  159.09    .000    .000-115.456
  159.12    .000    .000-157.663
  159.15    .000    .000-293.686
  159.18    .000    .000-293.686
  159.21    .000    .000-116.005
  160.00    .000    .000-292.868
  160.03    .000    .000-293.686
  160.06    .000    .000-282.446
  160.09    .000    .000-270.882
  160.12    .000    .000-204.763
  160.15    .000    .000-164.915
  160.18    .000    .000-158.496
  160.21    .000    .000-136.766
  161.00    .000    .000-292.868
  161.03    .000    .000-292.868
  161.06    .000    .000-265.651
  161.09    .000    .000-293.686
  161.12    .000    .000-293.686
  161.15    .000    .000-293.686
  161.18    .000    .000-293.686
  161.21    .000    .000-213.384
  162.00    .000    .000-293.686
  162.03    .000    .000-116.558
  162.06    .000    .000-293.686
  162.09    .000    .000-223.634
  162.12    .000    .000-293.686
  162.15    .000    .000-293.686
  162.18    .000    .000-293.686
  162.21    .000    .000-293.686
  163.00    .000    .000-131.042
  163.03    .000    .000-293.686
  163.06    .000    .000-233.763
  163.09    .000    .000-215.749
  163.12    .000    .000-293.686
  163.15    .000    .000-116.836
  163.18    .000    .000-293.686
  163.21    .000    .000-116.836
  164.00    .000    .000-115.183
  164.03    .000    .000-293.686
  164.06    .000    .000-189.681
  164.09    .000    .000-173.966
  164.12    .000    .000-293.686
  164.15    .000    .000-135.048
  164.18    .000    .000-257.637
  164.21    .000    .000-293.686
  165.00    .000    .000-292.868
  165.03    .000    .000-125.329
  165.06    .000    .000-193.860
  165.09    .000    .001-293.686
  165.12    .000    .000-293.686
  165.15    .000    .000-293.686
  165.18    .000    .000-293.686
  165.21    .000    .000-293.686
  166.00    .000    .000-119.381
  166.03    .000    .000-293.686
  166.06    .000    .000-294.506
  166.09    .000    .000-293.686
  166.12    .000    .000-159.755
  166.15    .000    .000-165.795
  166.18    .000    .000-168.018
  166.21    .000    .000-293.686
  167.00    .000    .000-293.686
  167.03    .000    .000-235.063
  167.06    .000    .000-177.271
  167.09    .000    .000-293.686
  167.12    .000    .000-198.141
  167.15    .000    .000-293.686
  167.18    .000    .000-292.868
  167.21    .000    .000-292.868
  168.00    .000    .000-293.686
  168.03    .000    .000-280.876
  168.06    .000    .000-293.686
  168.09    .000    .000-283.234
  168.12    .000    .000-186.109
  168.15    .000    .000-293.686
  168.18    .000    .000-293.686
  168.21    .000    .000-213.384
  169.00    .000    .000-122.900
  169.03    .000    .000-293.686
  169.06    .000    .000-293.686
  169.09    .000    .000-118.808
  169.12    .000    .000-293.686
  169.15    .000    .000-293.686
  169.18    .000    .000-163.173
  169.21    .000    .000-293.686
  170.00    .000    .000-293.686
  170.03    .000    .000-129.098
  170.06    .000    .000-161.027
  170.09    .000    .000-293.686
  170.12    .000    .000-293.686
  170.15    .000    .000-293.686
  170.18    .000    .000-114.369
  170.21    .000    .000-292.868
  171.00    .000    .000-292.868
  171.03    .000    .000-293.686
  171.06    .000    .000-220.565
  171.09    .000    .000-293.686
  171.12    .000    .000-141.369
  171.15    .000    .000-293.686
  171.18    .000    .000-293.686
  171.21    .000    .000-174.434
  172.00    .000    .000-236.370
  172.03    .000    .000-293.686
  172.06    .000    .000-262.708
  172.09    .000    .000-292.053
  172.12    .000    .000-293.686
  172.15    .000    .000-162.310
  172.18    .000    .000-228.639
  172.21    .000    .000-205.890
  173.00   1.134  12.570-237.685
  173.03    .000    .000-294.506
  173.06    .000    .000-256.207
  173.09    .000    .001-294.506
  173.12    .000    .000-294.506
  173.15    .000    .000-179.676
  173.18    .000    .000-296.152
  173.21    .000    .000-296.152
  174.00    .000    .000-155.196
  174.03    .000    .000-282.446
  174.06    .000    .000-213.973
  174.09    .000    .000-294.506
  174.12    .000    .000-294.506
  174.15    .000    .000-212.212
  174.18    .000    .000-296.152
  174.21    .000    .000-301.146
  175.00    .000    .000-273.918
  175.03    .000    .000-135.048
  175.06    .000    .000-201.975
  175.09    .000    .000-295.327
  175.12    .000    .000-161.027
  175.15    .039    .692-299.472
  175.18   2.093   7.010-312.253
  175.21   6.860   7.930-301.986
  176.00   7.770   8.510-266.392
  176.03   7.310   8.060-305.371
  176.06   3.287   8.840-277.762
  176.09    .000    .000-195.453
  176.12    .000    .000-207.024
  176.15    .000    .000-238.346
  176.18    .000    .000-335.685
  176.21    .000    .000-187.631
  177.00    .000    .000-304.521
  177.03    .000    .000-304.521
  177.06    .000    .000-288.815
  177.09    .000    .000-288.011
  177.12    .000    .000-207.593
  177.15    .000    .000-264.175
  177.18    .000    .000-315.751
  177.21    .000    .000-323.762
  178.00    .000    .000-283.234
  178.03    .000    .000-130.389
  178.06    .000    .000-298.638
  178.09    .000    .000-302.829
  178.12    .000    .000-313.997
  178.15    .000    .000-319.287
  178.18    .000    .000-326.477
  178.21    .000    .000-159.755
  179.00    .000    .000-245.057
  179.03    .000    .000-192.806
  179.06    .000    .000-296.152
  179.09    .000    .000-231.827
  179.12    .000    .000-296.978
  179.15    .000    .000-221.175
  179.18    .000    .000-326.477
  179.21    .000    .000-226.121
  180.00    .000    .000-310.518
  180.03    .000    .000-189.681
  180.06    .000    .000-167.570
  180.09    .000    .000-194.920
  180.12    .000    .000-206.456
  180.15    .000    .000-144.674
  180.18    .000    .000-305.371
  180.21    .000    .000-173.500
  181.00    .000    .000-222.401
  181.03    .000    .000-309.654
  181.06    .000    .000-307.077
  181.09    .000    .000-305.371
  181.12    .000    .000-182.613
  181.15    .000    .000-148.079
  181.18    .000    .000-313.997
  181.21    .000    .000-317.514
  182.00    .000    .000-195.987
  182.03    .000    .000-307.934
  182.06    .000    .000-288.011
  182.09    .000    .000-289.621
  182.12    .000    .000-284.818
  182.15    .000    .000-288.011
  182.18    .295   5.119-286.410
  182.21   4.848   9.160-121.416
  183.00   7.550   9.140 -46.272
  183.03   4.100   5.808-286.410
  183.06   4.079   5.127-284.818
  183.09   3.847   4.466-284.818
  183.12   3.766   4.303 -59.205
  183.15   2.559   4.147-284.818
  183.18    .281    .781-286.410
  183.21   1.535   3.286-283.234
  184.00   2.570   3.862-284.818
  184.03   1.829   2.788 -41.913
  184.06   1.868   2.326-262.708
  184.09   2.356   2.670 -30.930
  184.12   2.824   3.228-265.651
  184.15   2.240   2.819 -77.230
  184.18   2.196   2.972-262.708
  184.21   1.406   2.472 -33.928
  185.00   3.313   4.466-258.355
  185.03   2.325   4.061-269.377
  185.06    .000    .000-280.094
  185.09    .334   3.705-276.988
  185.12   4.577   5.762-281.660
  185.15   3.364   4.262-280.876
  185.18   2.623   3.520-283.234
  185.21   2.706   3.428-284.818
  186.00   2.596   3.311 -33.391
  186.03   2.406   2.791 -48.476
  186.06   3.773   4.661-173.500
  186.09   6.346   6.954-141.369
  186.12   6.027   7.190-272.396
  186.15   3.897   4.876-269.377
  186.18   2.206   2.882-271.638
  186.21   2.342   3.252-263.440
  187.00   3.475   5.405 -57.416
  187.03   4.983   5.727-255.495
  187.06   6.458   7.780-254.785
  187.09   8.360   9.850 -52.259
  187.12   9.800  10.420 -51.787
  187.15   9.390  10.630-284.818
  187.18   9.490  10.090-285.613
  187.21   9.080   9.830 -87.041
  188.00  10.010  10.700-181.138
  188.03  12.000  13.650-287.209
  188.06   5.905  13.370-288.815
  188.09    .000    .001-283.234
  188.12   3.791  13.720-113.298
  188.15  12.660  14.320-117.394
  188.18   9.940  10.890-271.638
  188.21   7.650   8.790 -69.190
  189.00   6.334   7.700-242.349
  189.03   5.616   6.247-247.109
  189.06   6.187   6.957-215.155
  189.09   5.444   6.234 -29.674
  189.12   4.923   6.120-225.497
  189.15   6.158   6.530-254.785
  189.18   5.897   6.863-273.156
  189.21   4.193   4.684-265.651
  190.00   3.656   4.154 -41.408
  190.03   4.212   4.809 -53.726
  190.06   5.079   5.461-262.708
  190.09   5.478   6.053 -35.846
  190.12   3.739   5.059-273.918
  190.15   2.864   3.265-272.396
  190.18   4.008   4.953-261.977
  190.21   3.586   4.430-267.880
  191.00   2.986   3.658 -22.683
  191.03   2.218   2.702-264.912
  191.06    .351   1.829-227.376
  191.09    .378   2.243-229.908
  191.12   1.946   2.587-241.007
  191.15   2.083   2.516 -14.798
  191.18   2.457   3.076-226.748
  191.21   3.384   4.551-238.346
  192.00   4.416   4.972-306.223
  192.03   4.248   4.641-216.345
  192.06   5.258   6.494-208.165
  192.09   5.983   6.814 448.335
  192.12   7.320   8.080 -57.933
  192.15   7.220   8.320 -43.089
  192.18   5.710   6.852 -21.194
  192.21   6.045   6.966-109.160
  193.00   7.560   9.250-156.013
  193.03   7.230   8.780-154.385
  193.06   5.019   6.578 744.966
  193.09   2.423   3.633-155.604
  193.12    .400   2.424 662.318
  193.15   2.514   3.581-157.248
  193.18   2.715   3.612-161.881
  193.21    .692   1.788 874.085
  194.00   1.304   2.154-159.334
  194.03   1.399   3.051 719.144
  194.06   2.804   4.113-174.434
  194.09   6.188   8.290 575.727
  194.12   7.680   8.800 694.053
  194.15   4.681   6.658 -32.300
  194.18   2.768   3.925-188.141
  194.21   1.506   2.120 602.372
  195.00   2.488   3.201-185.605
  195.03   4.427   5.986 449.672
  195.06   5.922   6.147 456.406
  195.09   6.750   7.310-191.758
  195.12   6.526   7.180-200.871
  195.15   5.039   5.728-114.639
  195.18   4.565   5.211 617.794
  195.21   4.272   4.652 637.075
  196.00   5.310   6.029-199.774
  196.03   6.527   7.290  51.493
  196.06   6.938   7.540-211.628
  196.09   6.317   6.798-211.047
  196.12   5.896   6.659-203.642
  196.15   4.587   5.374-203.085
  196.18   3.794   4.479 475.696
  196.21   1.907   3.418  13.072
  197.00   3.426   4.815-203.085
  197.03   3.013   4.321-205.326
  197.06   1.240   1.852-205.890
  197.09   2.954   4.367-208.165
  197.12   4.422   5.198 -29.191
  197.15   4.297   4.839-185.102
  197.18   4.226   4.826-212.212
  197.21   2.304   2.990-213.973
  198.00   1.933   2.736-213.384
  198.03   3.141   4.208-214.563
  198.06   3.736   4.344-217.542
  198.09   4.349   4.715-219.957
  198.12   4.354   5.358-223.016
  198.15   3.441   4.124 292.105
  198.18   3.983   4.329 312.525
  198.21   3.885   4.335-217.542
  199.00   4.565   5.957 -47.141
  199.03   4.541   5.019-221.175
  199.06   4.826   5.414 194.128
  199.09   4.172   5.012-231.186
  199.12   4.369   5.220-233.763
  199.15   3.924   5.648 -41.169
  199.18   2.851   3.314-227.376
  199.21   3.471   3.922-225.497
  200.00   4.414   5.333 226.138
  200.03   6.040   6.607-227.376
  200.06   5.776   6.492 133.384
  200.09   6.428   6.944-231.186
  200.12   4.936   5.896-234.412
  200.15   3.252   4.027 174.427
  200.18   1.837   2.356-230.546
  200.21   1.447   1.698-229.273
  201.00   2.004   3.577 214.051
  201.03   5.090   6.379-253.371
  201.06   7.310   8.090-239.673
  201.09   8.540   9.110 -12.398
  201.12   8.330   8.830 -33.084
  201.15   5.869   7.100-243.699
  201.18   4.542   5.268-241.677
  201.21   3.237   3.709-237.685
  202.00   3.704   4.364-153.579
  202.03   3.565   4.644  66.427
  202.06   2.635   4.357  31.227
  202.09   6.737   7.630-254.077
  202.12   6.573   8.240-247.797
  202.15   4.914   5.581-245.739
  202.18   3.236   3.986-242.349
  202.21   2.713   3.333-236.370
  203.00   2.245   2.703 211.843
  203.03   2.595   4.135  79.662
  203.06   1.492   2.284-245.057
  203.09   2.366   2.923-249.872
  203.12   1.942   3.166-246.423
  203.15    .910   1.898-242.349
  203.18   1.498   2.251-237.027
  203.21   2.302   3.029 285.541
  204.00   2.659   3.242-237.027
  204.03   4.087   5.078-249.178
  204.06   5.279   5.906-243.699
  204.09   6.508   7.560-247.109
  204.12   6.232   7.170 -73.114
  204.15   6.480   6.846 108.071
  204.18   4.261   6.115-253.371
  204.21   3.018   3.503-251.966
  205.00   4.932   5.954 -32.276
  205.03   7.090   7.610-259.076
  205.06   7.920   8.750-256.207
  205.09   8.120   8.940  13.990
  205.12   7.190   7.750-256.921
  205.15   5.620   6.900-265.651
  205.18   4.043   5.613 -38.240
  205.21   3.105   3.815-256.207
  206.00   3.755   4.683-259.076
  206.03   4.515   5.587-261.249
  206.06   5.221   6.842  58.807
  206.09   7.090   7.620 -56.808
  206.12   7.510   8.000-261.249
  206.15   6.694   7.500-189.166
  206.18   5.627   6.041-259.076
  206.21   5.076   5.517 138.160
  207.00   5.479   6.331-259.798
  207.03   6.384   6.989  83.663
  207.06   7.410   8.500-256.207
  207.09   8.160   9.090 149.271
  207.12   8.400   8.890-210.467
  207.15   6.849   8.660-260.522
  207.18   4.600   4.935-254.785
  207.21   3.316   4.256-246.423
  208.00   2.827   3.758-244.377
  208.03   4.679   6.152 376.089
  208.06   8.250  10.090 -27.365
  208.09  10.840  11.570-255.495
  208.12  11.490  12.460  30.289
  208.15  10.570  11.680-251.266
  208.18   8.780   9.930-251.266
  208.21   8.480   9.830-250.568
  209.00   7.730   8.240-249.178
  209.03   8.170   8.820-249.872
  209.06  10.070  11.490-254.785
  209.09  11.450  12.300-242.349
  209.12  11.010  11.490-256.921
  209.15   8.990  10.280-191.236
  209.18   8.230   9.290  -2.281
  209.21   7.530   8.350 -54.637
  210.00   6.765   7.490-262.708
  210.03   6.284   7.220 163.676
  210.06   7.860   8.860 -24.041
  210.09   9.000   9.900-172.572
  210.12   9.100   9.710 -36.909
  210.15   7.700   9.330-260.522
  210.18   7.230   7.870-263.440
  210.21   7.930   8.460-264.175
  211.00   8.380   9.360 -42.591
  211.03   9.220   9.780   7.869
  211.06   9.680  11.450-263.440
  211.09  11.540  13.190 -32.393
  211.12  13.910  14.950 -49.760
  211.15  13.230  14.780 -23.507
  211.18  12.760  13.570 -24.696
  211.21  13.850  15.500 -47.445
  212.00  14.130  15.840-259.798
  212.03  13.220  15.490-264.175
  212.06  13.750  14.340 -14.299
  212.09   9.180  11.720-271.638
  212.12   5.590   6.374 -57.759
  212.15   4.935   5.328-273.156
  212.18   4.069   4.855 -56.646
  212.21   3.586   3.948-276.988
  213.00   3.580   4.269-207.593
  213.03   4.123   4.890-279.314
  213.06   4.886   6.006-281.660
  213.09   5.324   6.299 -20.052
  213.12   5.765   6.180-280.876
  213.15   5.960   7.060 -31.260
  213.18   5.447   6.279-277.762
  213.21   3.351   4.157-280.094
  214.00   5.469   6.690-286.410
  214.03   7.090   7.700 -31.090
  214.06   7.240   8.170-276.218
  214.09   7.070   8.110-277.762
  214.12   8.170   8.920-279.314
  214.15   6.760   7.740 -16.902
  214.18   5.250   6.510-285.613
  214.21   2.230   5.741-288.011
  215.00    .000    .000-288.011
  215.03    .000    .001-288.815
  215.06    .000    .000 -55.708
  215.09    .000    .000-288.815
  215.12    .000    .000-289.621
  215.15    .000    .000-184.601
  215.18    .000    .000-204.202
  215.21    .000    .000-289.621
  216.00    .000    .000-143.193
  216.03    .000    .000-290.430
  216.06    .000    .000-289.621
  216.09    .000    .000 -52.339
  216.12    .000    .000-290.430
  216.15    .000    .000 -53.249
  216.18    .000    .000-291.240
  216.21    .000    .000-291.240
  217.00    .000    .000 -71.412
  217.03    .000    .000-289.621
  217.06    .000    .000-290.430
  217.09    .000    .000 -68.588
  217.12    .000    .000-292.053
  217.15    .000    .000-291.240
  217.18    .000    .000-292.053
  217.21    .000    .000-292.053
  218.00    .000    .000 -95.192
  218.03    .000    .000-292.868
  218.06    .000    .000-292.868
  218.09    .000    .000-292.868
  218.12    .000    .000-157.248
  218.15    .000    .000-292.868
  218.18    .000    .000-292.868
  218.21    .000    .000-292.868
  219.00    .000    .000-292.868
  219.03    .000    .000-172.110
  219.06    .000    .000-292.868
  219.09    .000    .000-197.600
  219.12    .000    .000-292.868
  219.15    .000    .000-292.868
  219.18    .000    .000-204.763
  219.21    .000    .000-145.798
  220.00    .000    .000-137.461
  220.03    .000    .000-114.911
  220.06    .000    .000-110.941
  220.09    .000    .000-292.868
  220.12    .000    .000-259.798
  220.15    .000    .000-129.419
  220.18    .000    .000-294.506
  220.21    .000    .000-294.506
  221.00    .000    .000-121.416
  221.03    .000    .000-198.141
  221.06    .000    .000-181.138
  221.09    .000    .000-288.011
  221.12    .000    .000-294.506
  221.15    .000    .000-231.186
  221.18    .000    .000-294.506
  221.21    .000    .000-242.349
  222.00    .000    .000-294.506
  222.03    .000    .000-294.506
  222.06    .000    .000-294.506
  222.09    .000    .000-115.456
  222.12    .000    .000-103.379
  222.15    .000    .000-292.868
  222.18    .000    .000-294.506
  222.21    .000    .000-122.007
  223.00    .000    .000-191.758
  223.03    .000    .000-294.506
  223.06    .000    .000-120.829
  223.09    .000    .000-176.794
  223.12    .000    .000-164.041
  223.15    .000    .000-192.281
  223.18    .000    .000-293.686
  223.21    .000    .000-293.686
  224.00    .000    .000-137.113
  224.03    .000    .000-293.686
  224.06    .000    .000-293.686
  224.09    .000    .000 -94.395
  224.12    .000    .000-293.686
  224.15    .000    .000-293.686
  224.18    .000    .000-118.240
  224.21    .000    .000-294.506
  225.00    .000    .000-293.686
  225.03    .000    .000-294.506
  225.06    .000    .000-293.686
  225.09    .000    .000-198.141
  225.12    .000    .000-143.193
  225.15    .000    .000-170.733
  225.18    .000    .000-209.312
  225.21    .000    .000-293.686
  226.00    .000    .000-293.686
  226.03    .000    .000-293.686
  226.06    .000    .000-293.686
  226.09    .000    .000-293.686
  226.12    .000    .000-181.628
  226.15    .000    .000-293.686
  226.18    .000    .000-283.234
  226.21    .000    .000 -99.359
  227.00    .000    .000-293.686
  227.03    .000    .000-293.686
  227.06    .000    .000-230.546
  227.09    .000    .000-293.686
  227.12    .000    .000-293.686
  227.15    .000    .000-293.686
  227.18    .000    .000 -98.715
  227.21    .000    .000-293.686
  228.00    .000    .000-293.686
  228.03    .000    .000-293.686
  228.06    .000    .000-293.686
  228.09    .000    .000-100.230
  228.12    .000    .000-292.868
  228.15    .000    .000 -98.929
  228.18    .000    .000-295.327
  228.21    .000    .000-294.506
  229.00    .000    .000-294.506
  229.03    .000    .000-294.506
  229.06    .000    .000-294.506
  229.09    .000    .000-294.506
  229.12    .000    .000-294.506
  229.15    .000    .000-218.143
  229.18    .000    .000-295.327
  229.21    .000    .000 -98.715
  230.00    .000    .000-292.868
  230.03    .000    .000 -98.289
  230.06    .000    .000-182.613
  230.09    .000    .000 -98.929
  230.12    .000    .000-175.373
  230.15    .000    .000-293.686
  230.18    .000    .000 -99.144
  230.21    .000    .000-293.686
  231.00    .000    .000-121.122
  231.03    .000    .000-101.113
  231.06    .000    .000-293.686
  231.09    .000    .000-293.686
  231.12    .000    .000-261.249
  231.15    .000    .000-277.762
  231.18    .000    .000-217.542
  231.21    .000    .000-161.453
  232.00    .000    .000-176.794
  232.03    .000    .000 -98.715
  232.06    .000    .000-293.686
  232.09    .000    .000-293.686
  232.12    .000    .000-293.686
  232.15    .000    .000-158.914
  232.18    .000    .000-115.183
  232.21    .000    .000 -98.501
  233.00    .000    .000 -98.715
  233.03    .000    .000 -99.359
  233.06    .000    .000-293.686
  233.09    .000    .000-293.686
  233.12    .000    .000-293.686
  233.15    .000    .000-293.686
  233.18    .000    .000-293.686
  233.21    .000    .000-293.686
  234.00    .000    .000 -98.501
  234.03    .000    .000-293.686
  234.06    .000    .000-293.686
  234.09    .000    .000-293.686
  234.12    .000    .000 -99.793
  234.15    .000    .000-293.686
  234.18    .000    .000-293.686
  234.21    .000    .000-293.686
  235.00    .000    .000-293.686
  235.03    .000    .000-293.686
  235.06    .000    .000-293.686
  235.09    .000    .000 -99.793
  235.12    .000    .000-107.177
  235.15    .000    .000-293.686
  235.18    .000    .000-293.686
  235.21    .000    .000-100.450
  236.00    .000    .000-293.686
  236.03    .000    .000-184.601
  236.06    .000    .000-247.109
  236.09    .000    .000-293.686
  236.12    .000    .000-293.686
  236.15   6.213   9.010-224.874
  236.18   7.730   8.550 118.720
  236.21   7.020   7.820-267.880
  237.00   7.350   8.320-261.249
  237.03   7.110   8.260 -67.331
  237.06   6.980   7.520 122.903
  237.09   6.592   7.060-270.882
  237.12   6.035   7.550-271.638
  237.15   5.234   5.807-271.638
  237.18   5.932   6.533   9.023
  237.21   2.842   5.448   -.218
  238.00   2.904   4.114-273.156
  238.03   2.533   3.462-273.918
  238.06   1.868   2.948-273.156
  238.09   3.780   4.740-274.682
  238.12   3.788   6.227-273.918
  238.15   3.756   6.009 215.533
  238.18   2.397   3.385-273.918
  238.21   3.630   4.808 -24.758
  239.00   2.145   4.057-274.682
  239.03   4.393   5.603-274.682
  239.06   5.365   6.113-274.682
  239.09   5.298   5.948 -60.854
  239.12   5.107   5.586 -70.758
  239.15   5.149   5.463-274.682
  239.18   3.602   5.333-274.682
  239.21   2.004   5.142-274.682
  240.00   6.149   6.924-274.682
  240.03   4.668   6.437-274.682
  240.06   1.146   2.298 201.069
  240.09   2.993   3.760-156.013
  240.12   8.030  10.990 114.690
  240.15   8.500   9.860 199.665
  240.18   5.698   7.290-275.449
  240.21   5.051   5.830 -60.512
  241.00   4.176   5.201-273.918
  241.03   5.409   6.341 -23.885
  241.06   7.310   8.460-275.449
  241.09  10.120  11.860-276.218
  241.12  12.390  13.960-274.682
  241.15  11.770  12.910 -44.428
  241.18   9.420  10.830-274.682
  241.21   8.880   9.500 -45.010
  242.00   7.980   8.690-276.218
  242.03   7.860   8.570-102.236
  242.06   7.590   8.440-275.449
  242.09   8.170   9.390-276.218
  242.12   6.411   8.690-276.218
  242.15   6.093   7.320 -15.873
  242.18   5.113   6.872 -31.202
  242.21   4.888   5.825-276.218
  243.00   3.018   3.773 -31.495
  243.03   2.800   3.274-276.218
  243.06   3.662   5.305-276.218
  243.09   5.226   6.077-275.449
  243.12   8.780  10.530-276.218
  243.15   9.350   9.800-274.682
  243.18  10.600  11.170-274.682
  243.21  11.480  12.400-274.682
  244.00  11.880  12.490 -83.601
  244.03  11.940  12.790-189.681
  244.06  12.340  13.300-275.449
  244.09  12.750  13.000 -47.415
  244.12  12.230  12.910-275.449
  244.15  10.820  11.600-211.047
  244.18  10.510  11.220 -27.310
  244.21   9.180  10.450-275.449
  245.00   8.550  10.020 -43.963
  245.03   8.900   9.680-276.218
  245.06  10.090  10.930-276.218
  245.09  10.480  11.030-276.218
  245.12  10.010  10.720 111.344
  245.15   9.350  10.060-274.682
  245.18   7.960   8.570-276.218
  245.21   7.580   8.770-276.218
  246.00   9.360  10.160 -32.371
  246.03  10.870  11.280-275.449
  246.06  11.420  12.240 -35.913
  246.09  11.990  13.450-276.218
  246.12  12.950  14.000 -35.031
  246.15  11.880  12.960 -21.848
  246.18  11.090  12.130 -59.716
  246.21   7.240   9.060 243.632
  247.00   5.717   6.950-276.218
  247.03   5.981   6.890-274.682
  247.06   4.303   5.472 222.304
  247.09   5.361   5.775-277.762
  247.12   6.148   6.813-275.449
  247.15   5.960   6.698-276.988
  247.18   4.289   5.852-276.218
  247.21   2.572   3.649-276.988
  248.00   1.386   2.648 291.160
  248.03   1.398   2.523-277.762
  248.06   3.294   4.461 229.242
  248.09   6.948   8.730 -58.955
  248.12   8.420   9.220  58.436
  248.15   7.590   8.340  -6.540
  248.18   6.055   7.430-276.988
  248.21   4.048   4.740-276.988
  249.00   5.265   6.389-276.988
  249.03   7.820   8.770  23.310
  249.06   9.000   9.730 165.602
  249.09  10.410  11.960-277.762
  249.12  11.640  12.010 -72.421
  249.15  10.810  11.810 -39.185
  249.18   7.540  10.180 270.980
  249.21   5.398   7.510 -99.359
  250.00   7.510  10.080 -24.422
  250.03   4.401   6.097-276.218
  250.06   4.949   5.899-274.682
  250.09   5.976  10.150-274.682
  250.12   7.600   9.340 162.362
  250.15   8.780  10.160-274.682
  250.18   9.570  10.560   5.008
  250.21   7.790   9.230-274.682
  251.00   5.436   7.100-275.449
  251.03   5.766   6.406-273.156
  251.06   6.816   7.630  37.151
  251.09   5.135   6.442-276.988
  251.12   4.663   6.627-275.449
  251.15   8.760  10.040-276.218
  251.18   8.440   9.430 -18.066
  251.21   9.490  10.870 -48.993
  252.00   8.040   9.450-276.218
  252.03   5.682   6.690-276.988
  252.06   4.665   5.686-277.762
  252.09   3.347   4.866-276.218
  252.12   2.072   2.634    .099
  252.15   1.793   2.409-277.762
  252.18   2.785   3.262-276.218
  252.21   2.531   4.349-272.396
  253.00   3.490   4.507 246.925
  253.03   3.308   3.986-254.785
  253.06   4.608   5.718 -20.951
  253.09   5.679   6.072 -63.923
  253.12   6.326   7.460-263.440
  253.15   8.400   9.070 -47.568
  253.18   8.130   8.740-263.440
  253.21   9.820  11.050-264.175
  254.00  11.710  13.110-262.708
  254.03  13.760  14.410 -26.626
  254.06  14.670  15.390-268.627
  254.09  14.090  14.780-272.396
  254.12  11.740  12.490-262.708
  254.15  11.750  12.760-270.882
  254.18  12.620  13.270 -48.033
  254.21  12.150  12.760 -40.838
  255.00  11.960  12.660 -27.509
  255.03  11.640  13.220 -45.682
  255.06  12.170  12.860-109.918
  255.09  12.250  13.510-265.651
  255.12  12.530  13.250-273.156
  255.15  13.050  13.720-269.377
  255.18  10.860  12.980-273.156
  255.21   9.830  10.310-275.449
  256.00   8.110   9.580 -66.048
  256.03   6.949   7.760-276.218
  256.06   7.800   9.350  21.379
  256.09   9.560  10.210-275.449
  256.12   8.880   9.900-276.218
  256.15   6.982   8.130-275.449
  256.18   5.854   6.530-276.218
  256.21   4.027   4.973 120.323
  257.00   3.298   4.993-274.682
  257.03   6.156   7.580  54.051
  257.06   8.030   8.580-276.218
  257.09   9.150  10.040 -38.373
  257.12   9.780  10.440  -3.111
  257.15   9.540   9.990 -53.551
  257.18   8.450   8.950 -34.426
  257.21   6.952   7.790-276.218
  258.00   5.910   6.426 -22.252
  258.03   6.344   6.634 -67.711
  258.06   4.722   6.446-276.218
  258.09   6.660   7.280-276.988
  258.12   4.340   6.329-276.988
  258.15   3.402   4.524-276.218
  258.18   4.415   4.766 -33.052
  258.21   4.363   5.753 -36.171
  259.00    .831   3.197 106.288
  259.03    .000    .000  78.997
  259.06    .000    .000   7.068
  259.09    .000    .000  69.032
  259.12    .000    .000 -10.622
  259.15    .000    .003  55.443
  259.18   3.032   5.800-285.613
  259.21   3.311   6.009-281.660
  260.00   1.869   7.030 -75.293
  260.03    .000    .004-291.240
  260.06    .000    .000-291.240
  260.09    .000    .000 -98.289
  260.12    .000    .000-162.310
  260.15    .000    .000-177.271
  260.18    .000    .000-167.124
  260.21    .000    .000-292.868
  261.00    .000    .000-173.966
  261.03    .000    .000-123.501
  261.06    .000    .000-292.868
  261.09    .000    .000-292.868
  261.12    .000    .000-292.868
  261.15    .000    .000-166.680
  261.18    .000    .000-175.373
  261.21    .000    .000-292.868
  262.00    .000    .000-141.008
  262.03    .000    .000-292.868
  262.06    .000    .000-231.186
  262.09    .000    .000-292.868
  262.12    .000    .000-292.868
  262.15    .000    .000-292.868
  262.18    .000    .000-292.868
  262.21    .000    .000-292.868
  263.00    .000    .000-209.312
  263.03    .000    .000-292.868
  263.06    .000    .000-292.868
  263.09    .000    .000-292.868
  263.12    .000    .000-292.868
  263.15    .000    .000-292.868
  263.18    .000    .000-292.868
  263.21    .000    .000-129.098
  264.00    .000    .000-293.686
  264.03    .000    .000-267.135
  264.06    .000    .000 -98.077
  264.09    .000    .000-115.456
  264.12    .000    .000-288.815
  264.15    .000    .000-215.749
  264.18    .000    .000-292.868
  264.21    .000    .000-140.289
  265.00    .000    .000-292.868
  265.03    .000    .000-292.868
  265.06    .000    .000-292.868
  265.09    .000    .000-120.829
  265.12    .000    .000-292.868
  265.15    .000    .000-167.570
  265.18    .000    .000-150.014
  265.21    .000    .000-188.141
  266.00    .000    .000-265.651
  266.03    .000    .000-192.281
  266.06    .000    .000 -94.593
  266.09    .000    .000-292.868
  266.12    .000    .000-292.868
  266.15    .000    .000-155.604
  266.18    .000    .000-292.868
  266.21    .000    .000-292.868
  267.00    .000    .000-292.868
  267.03    .000    .000-205.326
  267.06    .000    .000-292.868
  267.09    .000    .000-105.014
  267.12    .000    .000-261.249
  267.15    .000    .000-292.868
  267.18    .000    .000-292.868
  267.21    .000    .000-292.868
  268.00    .000    .000-107.668
  268.03    .000    .000-292.868
  268.06    .000    .000-104.778
  268.09    .000    .000-254.785
  268.12    .000    .000-166.680
  268.15    .000    .000-292.868
  268.18    .000    .000-264.175
  268.21    .000    .000-135.732
  269.00    .000    .000-151.585
  269.03    .000    .000-201.975
  269.06    .000    .000-292.868
  269.09    .000    .000-142.460
  269.12    .000    .000-180.162
  269.15    .000    .000-124.715
  269.18    .000    .000-292.868
  269.21    .000    .000-292.868
  270.00    .000    .000-292.868
  270.03    .000    .000-292.868
  270.06    .000    .000-200.322
  270.09    .000    .000-293.686
  270.12    .000    .000-148.079
  270.15    .000    .000-293.686
  270.18    .000    .000-292.868
  270.21    .000    .000-270.128
  271.00    .000    .000-292.868
  271.03    .000    .000-115.456
  271.06    .000    .000-119.668
  271.09    .000    .000-256.207
  271.12    .000    .000-107.668
  271.15    .000    .000-215.155
  271.18    .000    .000-261.249
  271.21    .000    .000-105.967
  272.00    .000    .000-235.063
  272.03    .000    .000-292.868
  272.06    .000    .000-292.868
  272.09    .000    .000-124.106
  272.12    .000    .000-116.005
  272.15    .000    .000-152.777
  272.18    .000    .000-293.686
  272.21    .000    .000-292.868
  273.00    .000    .000-123.803
  273.03    .000    .000-232.470
  273.06    .000    .000-292.868
  273.09    .000    .000-292.868
  273.12    .000    .000-292.868
  273.15    .000    .000-292.868
  273.18    .000    .000-163.173
  273.21    .000    .000-292.868
  274.00    .000    .000-292.868
  274.03    .000    .000-292.868
  274.06    .000    .000-141.732
  274.09    .000    .000-146.553
  274.12    .000    .000-159.334
  274.15    .000    .000-292.868
  274.18    .000    .000-292.868
  274.21    .000    .000-102.236
  275.00    .000    .000-103.842
  275.03    .000    .000-270.882
  275.06    .000    .000-287.209
  275.09    .000    .000-135.732
  275.12    .000    .000-102.919
  275.15    .000    .000-293.686
  275.18    .000    .000-124.410
  275.21    .000    .000-292.868
  276.00    .000    .000-293.686
  276.03    .000    .000-292.868
  276.06    .000    .000-292.868
  276.09    .000    .000-155.604
  276.12    .000    .000-293.686
  276.15    .000    .000-103.379
  276.18    .000    .000-292.868
  276.21    .000    .000-122.601
  277.00    .000    .000-115.456
  277.03    .000    .000-292.868
  277.06    .000    .000-292.868
  277.09    .000    .000-260.522
  277.12    .000    .000-157.663
  277.15    .000    .000-129.419
  277.18    .000    .000-229.908
  277.21    .000    .000-293.686
  278.00    .000    .000-256.921
  278.03    .000    .000-292.868
  278.06    .000    .000-230.546
  278.09    .000    .000-147.696
  278.12    .000    .000-292.868
  278.15    .000    .000-173.035
  278.18    .000    .000-176.319
  278.21    .000    .000-293.686
  279.00    .000    .000-161.453
  279.03    .000    .000-286.410
  279.06    .000    .000-171.649
  279.09    .000    .000-292.868
  279.12    .000    .000-222.401
  279.15    .000    .000-205.326
  279.18    .000    .000-293.686
  279.21    .000    .000-256.207
  280.00    .000    .000-293.686
  280.03    .000    .000-294.506
  280.06    .000    .000-293.686
  280.09    .000    .000-292.868
  280.12    .000    .000-292.868
  280.15    .000    .000-135.732
  280.18    .000    .000-293.686
  280.21    .000    .000-289.621
  281.00    .000    .000-286.410
  281.03    .000    .000-223.634
  281.06    .000    .000-293.686
  281.09    .000    .000-292.868
  281.12    .000    .000-275.449
  281.15    .000    .000-207.593
  281.18    .000    .000-107.177
  281.21    .000    .000-239.673
  282.00    .000    .000-256.921
  282.03    .000    .000-284.818
  282.06    .000    .000-125.021
  282.09    .000    .000-292.868
  282.12    .000    .000-145.048
  282.15    .000    .000-274.682
  282.18    .000    .000-293.686
  282.21    .000    .000-104.075
  283.00    .000    .000-102.919
  283.03    .000    .000-102.691
  283.06    .000    .000-292.868
  283.09    .000    .000-292.868
  283.12    .000    .000-229.908
  283.15    .000    .000-129.098
  283.18    .000    .000-152.777
  283.21    .000    .000-112.504
  284.00    .000    .000-103.149
  284.03    .000    .000-202.529
  284.06    .000    .000-292.868
  284.09    .000    .000-293.686
  284.12    .000    .000-292.868
  284.15    .000    .000-292.868
  284.18    .000    .000-266.392
  284.21    .000    .000-292.868
  285.00    .000    .000-246.423
  285.03    .000    .000-207.024
  285.06    .000    .000-109.664
  285.09    .000    .000-141.369
  285.12    .000    .000-247.109
  285.15    .000    .000-221.175
  285.18    .000    .000-292.868
  285.21    .000    .000-129.742
  286.00    .000    .000-292.868
  286.03    .000    .000-103.149
  286.06    .000    .000-292.868
  286.09    .000    .000-292.868
  286.12    .000    .000-292.868
  286.15    .000    .000-272.396
  286.18    .000    .000-103.149
  286.21    .000    .000-292.868
  287.00    .000    .000-162.310
  287.03    .000    .000-292.868
  287.06    .000    .000-292.868
  287.09    .000    .000-292.868
  287.12    .000    .000-292.868
  287.15    .000    .000-292.868
  287.18    .000    .000-205.890
  287.21    .000    .000-135.048
  288.00    .000    .000-293.686
  288.03    .000    .000-293.686
  288.06    .000    .000-171.190
  288.09    .000    .000-169.369
  288.12    .000    .000-221.175
  288.15    .000    .000-157.248
  288.18    .000    .000-293.686
  288.21    .000    .000-155.604
  289.00    .000    .000-114.911
  289.03    .000    .000-292.868
  289.06    .000    .000-212.797
  289.09    .000    .000-150.797
  289.12    .000    .000-293.686
  289.15    .000    .000-292.868
  289.18    .000    .000-159.334
  289.21    .000    .000-289.621
  290.00    .000    .000-167.124
  290.03    .000    .000-292.868
  290.06    .000    .000-292.868
  290.09    .000    .000-105.014
  290.12    .000    .000-241.677
  290.15    .000    .000-228.639
  290.18    .000    .000-293.686
  290.21    .000    .000-292.868
  291.00    .000    .000-184.102
  291.03    .000    .000-292.868
  291.06    .000    .000-292.868
  291.09    .000    .000-132.359
  291.12    .000    .000-172.572
  291.15    .000    .000-160.177
  291.18    .000    .000-292.868
  291.21    .000    .000-169.822
  292.00    .000    .000-292.868
  292.03    .000    .000-110.428
  292.06    .000    .000-243.023
  292.09    .000    .000-175.846
  292.12    .000    .000-103.379
  292.15    .000    .000-292.868
  292.18    .000    .000-204.763
  292.21    .000    .000-103.149
  293.00    .000    .000-104.778
  293.03    .000    .000-147.314
  293.06    .000    .000-128.459
  293.09    .000    .000-204.202
  293.12    .000    .000-292.868
  293.15    .000    .000-292.868
  293.18    .000    .000-292.868
  293.21    .000    .000-292.868
  294.00    .000    .000-292.868
  294.03    .000    .000-292.868
  294.06    .000    .000-292.868
  294.09    .000    .000-292.868
  294.12    .000    .000-292.868
  294.15    .000    .000-292.868
  294.18    .000    .000-292.868
  294.21    .000    .000-292.868
  295.00    .000    .000-101.784
  295.03    .000    .000-101.784
  295.06    .000    .000-101.784
  295.09    .000    .000-101.784
  295.12    .000    .000-101.784
  295.15    .000    .000-126.257
  295.18    .000    .000-239.673
  295.21    .000    .000-292.868
  296.00    .000    .000-133.359
  296.03    .000    .000-292.868
  296.06    .000    .000-102.691
  296.09    .000    .000-292.868
  296.12    .000    .000-292.868
  296.15    .000    .000-102.463
  296.18    .000    .000-292.868
  296.21    .000    .000-180.162
  297.00    .000    .000-102.691
  297.03    .000    .000-102.691
  297.06    .000    .000-161.881
  297.09    .000    .000-156.835
  297.12    .000    .000-292.868
  297.15    .000    .000-182.613
  297.18    .000    .000-292.868
  297.21    .000    .000-113.032
  298.00    .000    .000-159.334
  298.03    .000    .000-103.610
  298.06    .000    .000-292.868
  298.09    .000    .000-292.868
  298.12    .000    .000-110.172
  298.15    .000    .000-292.868
  298.18    .000    .000-292.868
  298.21    .000    .000-246.423
  299.00    .000    .000-177.749
  299.03    .000    .000-292.868
  299.06    .000    .000-251.966
  299.09    .000    .000-264.175
  299.12    .000    .000-170.733
  299.15    .000    .000-293.686
  299.18    .000    .000-200.322
  299.21    .000    .000-241.677
  300.00    .000    .000-293.686
  300.03    .000    .000-293.686
  300.06    .000    .000-292.868
  300.09    .000    .000-292.868
  300.12    .000    .000-293.686
  300.15    .000    .000-216.345
  300.18    .000    .000-292.868
  300.21    .000    .000-213.384
  301.00    .000    .000-292.868
  301.03    .000    .000-292.868
  301.06    .000    .000-292.868
  301.09    .000    .000-288.011
  301.12    .000    .000-171.649
  301.15    .000    .000-293.686
  301.18    .000    .000-103.149
  301.21    .000    .000-292.868
  302.00    .000    .000-293.686
  302.03    .000    .000-293.686
  302.06    .000    .000-293.686
  302.09    .000    .000-293.686
  302.12    .000    .000-292.868
  302.15    .000    .000-293.686
  302.18    .000    .000-293.686
  302.21    .000    .000-293.686
  303.00    .000    .000-293.686
  303.03    .000    .000-293.686
  303.06    .000    .000-292.868
  303.09    .000    .000-292.868
  303.12    .000    .000-158.079
  303.15    .000    .000-122.601
  303.18    .000    .000-132.691
  303.21    .000    .000-277.762
  304.00    .000    .000-292.868
  304.03    .000    .000-292.868
  304.06    .000    .000-216.345
  304.09    .000    .000-292.868
  304.12    .000    .000-224.253
  304.15    .000    .000-292.868
  304.18    .000    .000-292.868
  304.21    .000    .000-233.763
  305.00    .000    .000-292.868
  305.03    .000    .000-292.868
  305.06    .000    .000-135.390
  305.09    .000    .000-161.881
  305.12    .000    .000-292.868
  305.15    .000    .000-184.102
  305.18    .000    .000-192.281
  305.21    .000    .000-254.077
  306.00    .000    .000-273.156
  306.03    .000    .000-292.868
  306.06    .000    .000-292.868
  306.09    .000    .000-288.011
  306.12    .000    .000-292.868
  306.15    .000    .000-292.868
  306.18    .000    .000-292.868
  306.21    .000    .000-185.102
  307.00    .000    .000-130.715
  307.03    .000    .000-292.868
  307.06    .000    .000-220.565
  307.09    .000    .000-292.868
  307.12    .000    .000-292.868
  307.15    .000    .000-271.638
  307.18    .000    .000-292.868
  307.21    .000    .000-265.651
  308.00    .000    .000-150.405
  308.03    .000    .000-192.806
  308.06    .000    .000-292.868
  308.09    .000    .000-292.868
  308.12    .000    .000-103.842
  308.15    .000    .000-292.868
  308.18    .000    .000-292.868
  308.21    .000    .000-131.698
  309.00    .000    .000-292.868
  309.03    .000    .000-156.424
  309.06    .000    .000-168.018
  309.09    .000    .000-229.908
  309.12    .000    .000-151.981
  309.15    .000    .000-148.849
  309.18    .000    .000-105.727
  309.21    .000    .000-235.063
  310.00    .000    .000-292.868
  310.03    .000    .000-292.868
  310.06    .000    .000-116.005
  310.09    .000    .000-292.053
  310.12    .000    .000-114.639
  310.15    .000    .000-292.868
  310.18    .000    .000-182.613
  310.21    .000    .000-158.914
  311.00    .000    .000-192.281
  311.03    .000    .000-293.686
  311.06    .000    .000-143.931
  311.09    .000    .000-292.868
  311.12    .000    .000-264.912
  311.15    .000    .000-111.719
  311.18    .000    .000-113.298
  311.21    .000    .000-109.412
  312.00    .000    .000-161.027
  312.03    .000    .000-293.686
  312.06    .000    .000-292.868
  312.09    .000    .000-181.138
  312.12    .000    .000-205.890
  312.15    .000    .000-110.172
  312.18    .000    .000-192.806
  312.21    .000    .000-203.642
  313.00    .000    .000-204.763
  313.03    .000    .000-292.868
  313.06    .000    .000-292.868
  313.09    .000    .000-292.868
  313.12    .000    .000-270.128
  313.15    .000    .000-292.868
  313.18    .000    .000-239.008
  313.21    .000    .000-163.173
  314.00    .000    .000-292.868
  314.03    .000    .000-292.868
  314.06    .000    .000-292.868
  314.09    .000    .000-124.410
  314.12    .000    .000-292.868
  314.15    .000    .000-134.031
  314.18    .000    .000-122.303
  314.21    .000    .000-204.202
  315.00    .000    .000-292.868
  315.03    .000    .000-189.166
  315.06    .000    .000-164.478
  315.09    .000    .000-111.200
  315.12    .000    .000-225.497
  315.15    .000    .000-292.868
  315.18    .000    .000-292.868
  315.21    .000    .000-292.868
  316.00    .000    .000-155.604
  316.03    .000    .000-189.166
  316.06    .000    .000-157.248
  316.09    .000    .000-292.868
  316.12    .000    .000-292.868
  316.15    .000    .000-219.350
  316.18    .000    .000-292.868
  316.21    .000    .000-292.868
  317.00    .000    .000-133.359
  317.03    .000    .000-292.868
  317.06    .000    .000-118.808
  317.09    .000    .000-292.868
  317.12    .000    .000-292.868
  317.15    .000    .000-128.778
  317.18    .000    .000-292.868
  317.21    .000    .000-119.668
  318.00    .000    .000-292.868
  318.03    .000    .000-275.449
  318.06    .000    .000-292.868
  318.09    .000    .000-127.824
  318.12    .000    .000-292.868
  318.15    .000    .000-259.076
  318.18    .000    .000-292.868
  318.21    .000    .000-292.868
  319.00    .000    .000-237.027
  319.03    .000    .000-191.758
  319.06    .000    .000-159.334
  319.09    .000    .000-292.868
  319.12    .000    .000-195.987
  319.15    .000    .000-125.637
  319.18    .000    .000-267.135
  319.21    .000    .000-292.868
  320.00    .000    .000-135.390
  320.03    .000    .000-292.868
  320.06    .000    .000-172.110
  320.09    .000    .000-226.748
  320.12    .000    .000-245.739
  320.15    .000    .000-292.868
  320.18    .000    .000-162.310
  320.21    .000    .000-273.156
  321.00    .000    .000-142.826
  321.03    .000    .000-292.868
  321.06    .000    .000-292.868
  321.09    .000    .000-292.868
  321.12    .000    .000-259.798
  321.15    .000    .000-134.369
  321.18    .000    .000-292.868
  321.21    .000    .000-134.369
  322.00    .000    .000-247.797
  322.03    .000    .000-292.868
  322.06    .000    .000-292.868
  322.09    .000    .000-292.868
  322.12    .000    .000-197.061
  322.15    .000    .000-243.023
  322.18    .000    .000-292.868
  322.21    .000    .000-187.631
  323.00    .000    .000-137.113
  323.03    .000    .000-179.676
  323.06    .000    .000-286.410
  323.09    .000    .000-185.605
  323.12    .000    .000-251.966
  323.15    .000    .000-292.868
  323.18    .000    .000-263.440
  323.21    .000    .000-185.605
  324.00    .000    .000-165.795
  324.03    .000    .000********
