108,163,2120,2.8438,3.5337,2.941,30.466,27.703,26.598,.447,.447,.447,0,12.084
108,163,2130,2.895,3.6071,2.9648,29.411,27.684,24.824,.447,.447,.447,-.00363,12.105
108,164,1620,-10.395,-10.154,-10.561,57.059,54.38,57.802,10.893,11.347,11.562,0,12.234
108,164,1630,-10.971,-10.754,-11.104,60.024,57.913,60.269,12.047,11.934,12.307,.00044,12.226
108,164,1640,-11.473,-10.966,-11.535,62.907,59.562,62.327,12.767,12.434,12.754,.00087,12.218
108,164,1650,-11.73,-11.275,-11.797,64.556,61.278,63.252,13.32,13.034,13.387,0,12.21
108,164,1700,-11.675,-11.52,-11.833,64.972,62.777,64.071,12.68,12.427,12.707,0,12.206
108,164,1710,-11.485,-11.395,-11.596,64.484,62.467,63.294,11.274,11.08,11.447,0,12.199
108,164,1720,-11.449,-11.318,-11.293,64.021,62.19,62.068,11.874,11.607,11.86,0,12.188
108,164,1730,-11.643,-11.504,-11.186,64.69,62.785,61.224,12.06,11.78,12.12,0,12.179
108,164,1740,-11.508,-11.565,-11.095,63.664,62.885,60.799,11.727,11.527,11.867,0,12.163
108,164,1750,-11.26,-11.479,-11.128,62.165,62.439,60.817,11.607,11.42,11.734,0,12.146
108,164,1800,-11.14,-11.51,-11.451,61.53,62.586,61.747,11.734,11.487,11.794,0,12.129
108,164,1810,-11.292,-11.714,-11.799,62.159,63.553,62.841,10.807,10.6,10.88,0,12.113
108,164,1820,-11.558,-12.124,-12.39,66.687,68.523,67.522,11.08,10.84,11.134,.00828,12.191
108,164,1830,-11.673,-12.477,-13.181,68.82,71.278,72.926,10.534,10.307,10.647,.01613,12.18
108,164,1840,-11.802,-12.31,-13.018,69.365,70.456,72.613,9.467,9.2736,9.647,.02354,12.179
108,164,1850,-12.738,-12.945,-13.126,74.19,73.649,72.747,8.4003,8.2203,8.587,.03531,12.158
108,164,1900,-12.808,-13.033,-13.116,74.801,74.076,72.63,7.567,7.4203,7.8136,.02615,12.178
108,164,1910,-12.91,-13.035,-13.093,74.849,73.616,71.984,6.647,6.6003,7.2203,.02092,12.17
108,164,1920,-13.02,-13.135,-13.194,74.722,73.43,71.764,5.8937,5.8803,6.407,.01264,12.174
108,164,1930,-13.311,-13.281,-13.265,75.362,73.451,71.538,4.7603,4.7137,5.1537,.00479,12.163
108,164,1940,-13.822,-13.451,-13.648,76.655,72.97,71.593,3.5155,3.5155,4.0963,148.65,12.158
108,164,1950,-14.21,-13.91,-13.933,77.705,73.807,71.925,2.1937,2.6537,4.2203,138.11,12.159
108,164,2000,-13.867,-13.369,-13.276,74.712,69.623,67.969,.9462,1.0182,1.1078,123,12.164
108,164,2010,-13.762,-13.56,-13.835,71.747,68.443,69.39,1.1203,1.1057,1.0337,153.36,12.148
108,164,2020,-14.656,-14.019,-13.871,75.725,69.636,67.591,1.2363,1.275,1.383,214.16,12.151
108,164,2030,-15.363,-15.023,-15.008,75.112,70.721,68.927,1.6057,1.6083,1.699,213.34,12.14
108,164,2040,-16.147,-16.468,-16.743,70.298,70.994,70.255,2.0363,1.9657,1.859,201.43,12.138
108,164,2050,-15.339,-16.072,-15.973,77.116,79.106,74.783,1.5137,1.479,1.4377,193.72,12.143
108,164,2100,-14.733,-14.688,-14.672,76.052,74.027,71.864,1.8403,1.7577,1.687,203.49,12.153
108,164,2110,-14.852,-15.081,-15.211,73.023,72.442,70.951,1.7683,1.7257,1.6457,196.91,12.133
108,164,2120,-14.764,-15.198,-15.349,71.248,72.457,71.482,1.455,1.4377,1.3937,190.51,12.122
108,164,2130,-15.317,-15.138,-15.189,72.155,69.897,69.491,1.6283,1.5843,1.5123,198.08,12.131
108,164,2140,-15.694,-15.598,-15.632,71.435,69.568,68.473,1.8857,1.8217,1.7217,200.92,12.133
108,164,2150,-15.909,-16.209,-16.29,69.678,70.264,69.365,1.8003,1.7803,1.6897,195.95,12.12
108,164,2200,-16.589,-16.902,-16.993,69.692,70.729,69.489,1.855,1.8363,1.763,192.66,12.117
108,164,2210,-17.121,-17.653,-17.728,68.55,70.723,69.712,1.9577,1.9163,1.8723,189.84,12.116
108,164,2220,-18.234,-18.739,-18.855,68.865,71.311,69.688,2.0763,2.011,2.0003,186.39,12.119
108,164,2230,-19.8,-20.069,-20.18,73.27,74.256,71.07,2.083,2.0097,2.031,181.08,12.12
108,164,2240,-20.535,-20.66,-20.681,76.893,76.117,72.089,2.083,1.979,2.0803,173.1,12.107
108,164,2250,-19.775,-19.864,-19.884,76.046,74.734,71.247,2.2577,2.1577,2.2523,165.1,12.106
108,164,2300,-20.522,-20.574,-20.695,72.922,71.587,69.001,2.2017,2.1137,2.203,165.62,12.107
108,164,2310,-22.001,-22.062,-22.176,72.021,71.01,68.052,2.235,2.1377,2.235,167.99,12.106
108,164,2320,-21.348,-21.64,-21.613,74.478,74.087,69.936,2.1243,2.0377,2.0857,180.58,12.101
108,164,2330,-21.25,-21.463,-21.497,73.324,72.587,69.021,2.0577,1.9643,2.0483,176.63,12.104
108,164,2340,-21.349,-21.45,-21.45,72.969,71.789,68.584,1.967,1.8843,1.967,167.82,12.092
108,164,2350,-21.56,-21.708,-21.749,72.386,71.211,68.116,1.9657,1.8803,1.9617,176.94,12.097
108,165,0,-21.906,-22.02,-22.066,71.45,70.317,67.642,2.031,1.9337,2.027,175.46,12.097
108,165,10,-22.514,-22.631,-22.665,71.238,69.967,67.17,2.2763,2.175,2.275,176.83,12.091
108,165,20,-22.465,-22.593,-22.58,72.738,71.45,67.992,2.0497,1.947,2.0497,169.64,12.09
108,165,30,-21.869,-22.018,-21.98,73.297,72.018,68.535,1.8203,1.7163,1.8203,175,12.084
108,165,40,-21.527,-21.692,-21.646,73.178,71.895,68.6,1.827,1.7323,1.8217,176.07,12.092
108,165,50,-20.662,-20.851,-20.765,75.594,74.53,70.146,2.0097,1.9043,1.9963,178.01,12.075
108,165,100,-18.672,-18.791,-18.693,78.632,77.576,72.479,2.3203,2.2283,2.287,180.2,12.088
108,165,110,-17.729,-17.837,-17.772,77.463,76.026,71.988,2.4283,2.343,2.3537,184.57,12.097
108,165,120,-17.582,-17.689,-17.645,76.403,74.913,71.41,2.5603,2.4777,2.4363,189.68,12.083
108,165,130,-17.859,-17.99,-17.942,76.071,74.623,71.105,2.4017,2.323,2.3057,187.24,12.064
108,165,140,-18.178,-18.302,-18.273,74.759,73.357,70.343,2.4417,2.3523,2.3777,182.77,12.072
108,165,150,-18.825,-18.945,-18.906,74.776,73.458,70.14,2.347,2.231,2.3003,178.6,12.075
108,165,200,-18.815,-18.926,-18.893,75.041,73.66,70.302,2.3457,2.231,2.3203,175.64,12.063
108,165,210,-19.264,-19.368,-19.357,73.812,72.416,69.494,2.2737,2.1577,2.2497,174.09,12.063
108,165,220,-19.555,-19.66,-19.619,74.393,72.986,69.709,2.143,2.0323,2.1257,173.54,12.063
108,165,230,-19.161,-19.264,-19.192,75.538,74.198,70.478,2.103,1.9857,2.075,173.79,12.052
108,165,240,-18.592,-18.697,-18.637,76.411,75.035,71.1,2.211,2.095,2.1697,177.82,12.044
108,165,250,-18.023,-18.151,-18.084,76.943,75.554,71.538,2.3443,2.2483,2.2697,184.13,12.041
108,165,300,-17.505,-17.618,-17.529,77.393,76.039,71.978,2.9243,2.7897,2.703,199.33,12.047
108,165,310,-17.266,-17.362,-17.277,77.16,75.76,71.927,3.2483,3.0643,3.007,205.84,12.052
108,165,320,-17.34,-17.43,-17.362,76.735,75.361,71.65,3.087,2.879,2.835,206.23,12.033
108,165,330,-17.319,-17.402,-17.339,76.92,75.529,71.744,3.0163,2.8443,2.895,208.59,12.038
108,165,340,-17.349,-17.436,-17.379,76.809,75.418,71.666,2.895,2.779,2.9297,210.3,12.033
108,165,350,-17.348,-17.433,-17.367,77.06,75.687,71.787,3.1577,3.0417,3.1617,210.36,12.036
108,165,400,-17.154,-17.245,-17.174,77.264,75.9,71.974,3.2123,3.0977,3.247,211.02,12.025
108,165,410,-17.059,-17.151,-17.081,77.375,76.013,72.05,3.1323,3.031,3.2003,211.23,12.025
108,165,420,-16.889,-16.976,-16.903,77.774,76.406,72.304,3.0657,3.0897,3.415,213.22,12.025
108,165,430,-16.678,-16.776,-16.715,77.89,76.449,72.375,2.0897,2.591,3.667,222.56,12.014
108,165,440,-16.663,-16.77,-16.723,77.694,76.271,72.295,1.9657,2.5377,3.8337,225.52,12.008
108,165,450,-16.759,-16.864,-16.83,77.368,75.939,72.079,1.9097,2.4003,3.7977,227.73,12.011
108,165,500,-16.924,-17.024,-16.986,77.234,75.824,71.95,1.827,2.3323,3.6443,227.23,12.011
108,165,510,-17.075,-17.183,-17.147,76.944,75.525,71.738,2.019,2.6097,3.9803,225.09,12.003
108,165,520,-17.404,-17.513,-17.485,76.294,74.931,71.296,2.1163,2.687,4.1737,226.69,12.005
108,165,530,-17.687,-17.795,-17.761,76.143,74.837,71.119,2.1363,2.6763,4.235,228.54,12.005
108,165,540,-17.786,-17.891,-17.853,76.135,74.867,71.111,2.003,2.4163,3.8097,230.28,12.003
108,165,550,-17.989,-18.089,-18.062,75.632,74.364,70.786,1.7417,2.1737,3.4283,227.92,11.992
108,165,600,-18.242,-18.343,-18.306,75.642,74.415,70.718,1.663,2.063,3.2577,228.11,12
108,165,610,-18.237,-18.345,-18.297,75.909,74.669,70.867,1.7643,2.2057,3.443,227.64,11.995
108,165,620,-18.141,-18.252,-18.197,75.897,74.652,70.911,2.0243,2.391,3.7683,231.1,11.984
108,165,630,-18.542,-18.635,-18.626,74.597,73.342,70.048,1.643,2.0097,3.1483,228.71,11.975
108,165,640,-18.793,-18.898,-18.849,75.282,74.069,70.317,1.7137,2.1777,3.3497,225.83,11.984
108,165,650,-18.565,-18.68,-18.615,75.559,74.335,70.567,1.835,2.2617,3.523,227.68,11.981
108,165,700,-18.735,-18.858,-18.822,74.851,73.62,70.091,1.9537,2.4217,3.8203,228.18,11.986
108,165,710,-19.023,-19.149,-19.105,74.737,73.503,69.925,1.8977,2.439,3.7457,226.26,11.981
108,165,720,-19.389,-19.527,-19.492,73.716,72.489,69.282,2.0497,2.6177,3.7097,222.7,11.975
108,165,730,-19.845,-19.974,-19.925,73.438,72.228,68.992,1.907,2.4243,3.451,222.71,11.961
108,165,740,-20.082,-20.186,-20.131,73.223,72.091,68.874,1.563,2.007,2.9177,223.34,11.966
108,165,750,-20.533,-20.599,-20.578,72.095,70.96,68.137,1.4763,1.8417,2.5963,222.19,11.958
108,165,800,-20.926,-20.932,-20.849,72.536,71.468,68.316,1.8603,1.975,2.3203,216.61,11.958
108,165,810,-20.229,-20.286,-20.173,74.565,73.43,69.513,1.7083,2.027,2.8723,224.82,11.966
108,165,820,-19.701,-19.806,-19.729,74.399,73.323,69.623,2.187,2.439,3.5523,233.72,11.964
108,165,830,-19.693,-19.794,-19.723,73.73,72.643,69.297,2.3297,2.4537,3.4337,237.22,11.969
108,165,840,-19.823,-19.916,-19.858,73.352,72.257,69.059,2.687,2.7283,3.595,240.17,11.95
108,165,850,-20.072,-20.167,-20.109,73.139,72.077,68.852,2.391,2.423,3.1937,240.22,11.942
108,165,900,-20.05,-20.142,-20.061,73.052,72.007,68.867,2.2137,2.219,2.8857,241.32,11.939
108,165,910,-20.246,-20.342,-20.279,72.843,71.755,68.614,2.1617,2.2163,3.0217,238.68,11.95
108,165,920,-20.357,-20.465,-20.399,72.88,71.794,68.619,2.199,2.2483,3.087,238.35,11.933
108,165,930,-20.812,-20.923,-20.901,71.329,70.252,67.627,1.667,1.9923,3.0377,228.76,11.933
108,165,940,-20.885,-20.999,-20.892,73.087,72.1,68.589,2.1417,2.2097,2.9697,240.12,11.931
108,165,950,-20.389,-20.472,-20.354,73.319,72.276,68.929,2.535,2.507,3.0217,246.09,11.944
108,165,1000,-20.278,-20.351,-20.258,72.804,71.753,68.698,2.6723,2.655,3.2297,245.66,11.923
108,165,1010,-20.429,-20.509,-20.419,72.72,71.705,68.572,2.795,2.7763,3.2817,247.77,11.925
108,165,1020,-20.152,-20.237,-20.143,73.123,72.121,68.933,3.0483,3.0243,3.5497,248.56,11.928
108,165,1030,-20.145,-20.242,-20.187,72.842,71.794,68.693,2.7777,2.895,3.8683,239.69,11.92
108,165,1040,-19.804,-19.906,-19.82,73.848,72.872,69.463,3.7283,3.7217,4.3777,247.74,11.901
108,165,1050,-19.426,-19.515,-19.464,73.977,72.97,69.644,3.843,3.8363,4.5737,246.92,11.91
108,165,1100,-19.105,-19.199,-19.175,74.155,73.144,69.905,4.359,4.363,4.9483,251.73,11.915
108,165,1110,-18.69,-18.775,-18.758,73.992,73.039,70.126,4.4177,4.4203,5.0443,250.4,11.915
108,165,1120,-18.358,-18.472,-18.468,73.657,72.786,70.205,4.6057,4.6057,5.3217,249.57,11.907
108,165,1130,-18.129,-18.232,-18.244,73.386,72.544,70.274,4.575,4.5763,5.127,252.65,11.904
108,165,1140,-17.864,-17.976,-18.024,72.382,71.89,70.343,5.323,5.299,5.579,260.39,11.913
108,165,1150,-17.965,-18.052,-18.22,69.676,69.586,69.466,5.5057,5.4737,5.6537,267.11,11.897
108,165,1200,-18.266,-18.369,-18.483,70.352,70.122,69.533,5.3323,5.2736,5.407,273.59,11.91
108,165,1210,-18.12,-18.228,-18.318,70.393,70.141,69.786,5.6017,5.5377,5.671,276.92,11.905
108,165,1220,-18.073,-18.202,-18.335,68.95,68.703,69.242,5.843,5.771,5.9123,274.77,11.899
108,165,1230,-17.966,-18.391,-18.349,67.908,68.898,69.154,5.999,5.923,6.0617,300.51,11.889
108,165,1240,-17.729,-18.116,-18.083,68.479,69.344,69.367,5.5843,5.5283,5.6603,302.7,11.903
108,165,1250,-17.622,-17.74,-17.903,68.209,67.726,69.213,5.7723,5.707,5.855,301.18,11.903
108,165,1300,-17.406,-17.53,-17.741,67.285,66.579,68.834,5.787,5.7337,5.919,296.42,11.886
108,165,1310,-17.252,-17.36,-17.611,66.605,65.46,68.224,5.8217,5.7843,5.9883,294.26,11.878
108,165,1320,-17.271,-17.476,-17.674,66.389,65.916,67.681,5.947,5.903,6.0976,262.5,11.897
108,165,1330,-17.364,-17.59,-17.745,67.02,66.779,67.658,5.9377,5.891,6.0803,257.81,11.882
108,165,1340,-16.953,-17.157,-17.353,66.769,66.108,67.776,5.7883,5.7403,5.927,298.17,11.862
108,165,1350,-16.842,-16.987,-17.242,66.244,65.29,67.132,5.8563,5.8257,6.0696,294.03,11.886
108,165,1400,-16.993,-17.104,-17.289,66.664,65.394,66.61,6.0856,6.067,6.375,292.96,11.89
108,165,1410,-16.796,-16.926,-17.089,66.601,65.36,66.442,6.331,6.327,6.6936,290.46,11.892
108,165,1420,-16.538,-16.654,-16.821,65.677,64.292,65.568,6.5403,6.5296,6.9696,288.62,11.871
108,165,1430,-16.433,-16.544,-16.712,65.899,64.53,65.414,6.3656,6.3496,6.8656,286.68,11.863
108,165,1440,-16.325,-16.434,-16.637,65.799,64.368,65.519,6.343,6.339,6.7683,289.46,11.874
108,165,1450,-16.384,-16.482,-16.733,65.298,63.933,65.169,6.5696,6.5496,6.8963,291.47,11.882
108,165,1500,-16.226,-16.358,-16.583,65.118,63.897,65.017,6.7416,6.723,7.0576,292.9,11.86
108,165,1510,-16.157,-16.277,-16.549,64.756,63.564,64.814,6.639,6.607,6.8856,293.79,11.854
108,165,1520,-16.432,-16.55,-16.782,65.481,64.292,65.252,6.5723,6.5403,6.8323,292.89,11.857
108,165,1530,-16.468,-16.588,-16.788,65.477,64.289,65.039,6.4723,6.4603,6.8496,289.93,11.852
108,165,1540,-16.599,-16.745,-16.909,66.259,65.15,65.536,6.175,6.191,6.8256,284.87,11.857
108,165,1550,-16.479,-16.657,-16.779,66.549,65.559,65.843,6.1603,6.1683,6.8163,284.91,11.854
108,165,1600,-16.33,-16.509,-16.66,66.038,65.066,65.581,6.2456,6.2256,6.5563,291.92,11.854
108,165,1610,-16.141,-16.342,-16.518,65.72,64.885,65.549,6.2003,6.2043,6.7656,285.9,11.849
108,165,1620,-16.096,-16.3,-16.456,65.721,64.957,65.484,6.3963,6.403,7.0376,285.11,11.849
108,165,1630,-16.41,-16.55,-16.694,66.709,65.675,65.912,6.2056,6.2016,6.8363,285.23,11.846
108,165,1640,-16.502,-16.629,-16.759,67.196,66.018,66.136,6.2056,6.2176,6.9083,283.53,11.839
108,165,1650,-16.549,-16.649,-16.787,66.515,65.183,65.497,6.4163,6.423,7.1003,284.3,11.915
108,165,1700,-16.908,-16.982,-17.13,67.256,65.946,65.904,6.1096,6.1336,7.0376,280.54,11.917
108,165,1710,-16.809,-16.922,-17.024,68.158,66.863,66.705,6.207,6.2256,7.1216,280.85,11.909
108,165,1720,-16.323,-16.464,-16.609,67.087,65.946,66.304,6.1616,6.1856,7.0496,280.74,11.917
108,165,1730,-16.238,-16.404,-16.565,66.945,65.987,66.314,6.0056,6.047,7.0003,279.59,11.923
108,165,1740,-16.315,-16.498,-16.644,66.318,65.512,65.766,6.1976,6.223,7.1243,280.96,11.909
108,165,1750,-16.742,-16.901,-17.051,66.267,65.385,65.548,5.635,5.6577,6.4016,282.29,11.912
108,165,1800,-17.252,-17.407,-17.469,68.007,67.084,66.494,5.2897,5.3057,5.9403,282.56,11.912
108,165,1810,-17.332,-17.505,-17.553,69.063,68.214,67.292,5.2323,5.2523,6.107,278.89,11.926
108,165,1820,-16.915,-17.182,-17.221,68.396,67.952,67.291,5.2337,5.2537,5.983,281.26,11.906
108,165,1830,-16.576,-16.912,-16.995,66.87,66.826,66.525,5.435,5.4523,6.3376,279.34,11.904
108,165,1840,-16.48,-16.814,-16.887,67.443,67.387,67.015,5.2683,5.2897,6.039,280.68,11.906
108,165,1850,-16.492,-16.84,-16.942,66.93,67.011,66.765,5.2883,5.3243,6.2523,278.2,11.909
108,165,1900,-16.499,-16.884,-17.005,66.921,67.209,66.99,5.275,5.3097,6.295,276.55,11.901
108,165,1910,-16.774,-17.083,-17.171,67.564,67.461,67.034,5.1817,5.195,5.9323,280.8,11.906
108,165,1920,-17.264,-17.528,-17.6,68.119,67.848,67.128,4.7697,4.7883,5.563,279.01,11.917
108,165,1930,-17.346,-17.618,-17.662,68.981,68.702,67.722,4.4363,4.567,5.7097,273.49,11.906
108,165,1940,-17.266,-17.562,-17.62,68.605,68.413,67.631,4.7417,4.8137,5.739,276.97,11.906
108,165,1950,-17.315,-17.551,-17.595,68.51,68.029,67.234,4.8977,4.9057,5.591,281.04,11.904
108,165,2000,-17.578,-17.77,-17.825,68.575,67.884,67.099,4.587,4.6017,5.3243,279.09,11.915
108,165,2010,-17.773,-17.934,-17.95,70.034,69.179,67.951,3.907,3.919,4.5763,278.55,11.906
108,165,2020,-17.895,-18.005,-18.001,70.235,69.101,67.837,3.8737,3.887,4.4803,279.7,11.912
108,165,2030,-18.322,-18.391,-18.395,70.062,68.854,67.549,3.1937,3.1977,3.759,277.95,11.904
108,165,2040,-18.83,-18.895,-18.898,70.251,69.067,67.568,2.8243,2.8377,3.4403,275.17,11.906
108,165,2050,-19.155,-19.245,-19.244,70.348,69.266,67.717,2.467,2.479,3.1363,272.69,11.895
108,165,2100,-19.847,-19.867,-19.92,70.109,68.813,67.373,1.4377,1.6203,2.4377,263.51,11.89
108,165,2110,-20.49,-20.465,-20.518,70.758,69.254,67.575,1.1603,1.4417,2.339,258.3,11.895
108,165,2120,-21.037,-21.033,-21.05,70.674,69.217,67.329,1.1323,1.4523,2.2857,255.25,11.9
108,165,2130,-21.04,-21.086,-21.041,71.724,70.382,67.857,1.1057,1.4243,2.1457,254.68,11.897
108,165,2140,-20.617,-20.632,-20.595,71.07,69.558,67.414,1.247,1.6097,2.2697,252.18,11.895
108,165,2150,-21.237,-20.986,-20.792,69.514,66.654,64.391,1.7403,1.871,2.183,246.4,11.897
108,165,2200,-21.804,-21.726,-21.65,66.369,64.948,63.19,2.115,2.067,2.0323,235.42,11.889
108,165,2210,-22.285,-22.73,-22.822,63.981,65.935,65.141,2.1323,2.099,1.9643,228.75,11.862
108,165,2220,-22.502,-23.174,-23.203,64.381,67.498,66.09,2.1643,2.1443,2.0417,222.78,11.875
108,165,2230,-23.077,-23.649,-23.682,64.704,67.278,65.797,1.9057,1.851,1.8723,209.35,11.878
108,165,2240,-23.331,-23.528,-23.5,71.548,71.604,68.241,2.2897,2.2337,2.2803,203.84,11.884
108,165,2250,-22.513,-22.765,-22.723,72.032,72.092,68.813,2.431,2.363,2.407,208.45,11.881
108,165,2300,-22.137,-22.34,-22.329,72.18,71.871,68.722,2.603,2.5603,2.6137,205.04,11.872
108,165,2310,-22.476,-22.667,-22.69,70.015,69.529,67.343,2.3803,2.3417,2.383,203.12,11.877
108,165,2320,-23.384,-23.561,-23.571,69.302,68.535,66.447,2.475,2.4377,2.479,202.73,11.875
108,165,2330,-24.284,-24.454,-24.467,68.61,67.849,65.785,2.343,2.3137,2.3443,202.66,11.866
108,165,2340,-25.053,-25.175,-25.188,69.344,68.237,65.77,2.5257,2.4763,2.503,194.88,11.877
108,165,2350,-25.246,-25.353,-25.355,69.717,68.471,65.804,2.4483,2.3977,2.419,189.19,11.877
108,166,0,-25.447,-25.557,-25.579,68.619,67.352,65.219,2.619,2.559,2.591,184.95,11.884
108,166,10,-26.007,-26.126,-26.137,68.685,67.456,64.992,2.6643,2.5963,2.623,184.83,11.873
108,166,20,-26.294,-26.407,-26.406,69.836,68.829,65.505,2.727,2.6563,2.679,182.16,11.876
108,166,30,-26.464,-26.584,-26.586,70.245,69.26,65.918,2.895,2.8283,2.8577,179.01,11.875
108,166,40,-26.761,-26.897,-26.883,69.06,68.22,65.171,2.8217,2.7537,2.7803,177.8,11.859
108,166,50,-27.197,-27.322,-27.34,68.063,67.242,64.498,2.871,2.799,2.8297,176.38,11.864
108,166,100,-27.507,-27.63,-27.632,67.901,67.085,64.252,2.863,2.8097,2.8403,175.26,11.869
108,166,110,-27.518,-27.627,-27.606,68.432,67.489,64.425,3.047,2.9963,3.0283,172.35,11.871
108,166,120,-27.107,-27.222,-27.214,68.411,67.416,64.553,3.0497,2.9897,3.011,176.24,11.863
108,166,130,-26.702,-26.797,-26.781,68.593,67.529,64.71,3.0963,3.0377,3.0537,175.92,11.865
108,166,140,-26.225,-26.328,-26.302,68.144,66.957,64.525,3.215,3.151,3.1657,177.71,11.867
108,166,150,-26.989,-27.166,-27.136,65.525,64.261,62.727,3.1857,3.119,3.1443,173.9,11.865
108,166,200,-27.413,-27.523,-27.499,66.655,65.563,63.378,3.2163,3.1523,3.1723,175.03,11.861
108,166,210,-27.204,-27.304,-27.298,67.101,65.9,63.669,3.3457,3.2617,3.287,173.77,11.85
108,166,220,-27.426,-27.558,-27.528,65.988,64.868,62.96,3.5977,3.5043,3.5203,177.23,11.852
108,166,230,-27.611,-27.701,-27.677,66.754,65.722,63.484,3.4403,3.3483,3.363,177.29,11.834
108,166,240,-26.413,-26.431,-26.425,70.051,69.034,65.556,3.143,3.063,3.0803,181.12,11.86
108,166,250,-24.648,-24.69,-24.658,69.968,68.854,66.015,3.5643,3.475,3.4923,183.38,11.849
108,166,300,-24.895,-25.02,-24.987,66.752,65.493,63.982,3.479,3.395,3.4123,184.45,11.841
108,166,310,-26.062,-26.227,-26.208,64.731,63.376,62.405,3.4177,3.3403,3.3657,184.27,11.849
108,166,320,-26.827,-26.939,-26.934,65.398,64.029,62.559,3.3377,3.2737,3.2923,186.91,11.849
108,166,330,-26.963,-27.076,-27.083,65.077,63.742,62.397,3.2097,3.1403,3.159,184.02,11.844
108,166,340,-26.849,-26.94,-26.927,66.195,64.818,63.059,3.423,3.359,3.371,183.68,11.83
108,166,350,-26.81,-26.913,-26.902,65.724,64.332,62.784,3.359,3.2763,3.2843,181.79,11.844
108,166,400,-26.466,-26.562,-26.542,66.661,65.294,63.423,3.3257,3.2577,3.267,185.78,11.827
108,166,410,-26.439,-26.534,-26.515,65.924,64.542,63.025,3.1897,3.1297,3.1577,184.54,11.819
108,166,420,-26.505,-26.59,-26.572,66.064,64.699,63.056,3.195,3.1217,3.1363,185.94,11.825
108,166,430,-26.243,-26.315,-26.29,67.224,65.892,63.779,3.3257,3.2817,3.319,190.39,11.825
108,166,440,-25.835,-25.91,-25.894,66.985,65.608,63.761,3.503,3.455,3.4923,193.01,11.819
108,166,450,-26.389,-26.475,-26.473,65.272,63.894,62.622,3.507,3.4443,3.491,192.31,11.81
108,166,500,-26.508,-26.595,-26.584,65.64,64.225,62.842,3.7163,3.643,3.6977,191.98,11.819
108,166,510,-27.254,-27.359,-27.343,64.85,63.527,62.09,3.2883,3.215,3.2577,188.16,11.808
108,166,520,-27.065,-27.132,-27.13,65.26,63.94,62.531,3.355,3.279,3.3163,185.17,11.816
108,166,530,-27.323,-27.423,-27.416,64.617,63.242,62.024,3.071,3.0123,3.055,182.3,11.816
108,166,540,-27.072,-27.145,-27.129,66.101,64.859,63,2.9523,2.887,2.9217,183.72,11.812
108,166,550,-26.637,-26.717,-26.71,65.799,64.434,62.912,3.0403,2.9723,3.0057,179.44,11.805
108,166,600,-26.912,-27.007,-27.011,64.93,63.578,62.313,3.259,3.187,3.2297,178.25,11.804
108,166,610,-27.357,-27.44,-27.45,64.404,63.083,61.926,3.2963,3.2083,3.247,176.4,11.808
108,166,620,-27.432,-27.504,-27.504,64.792,63.457,62.124,3.3977,3.323,3.3523,179.03,11.816
108,166,630,-27.279,-27.343,-27.335,64.999,63.674,62.31,3.6257,3.5377,3.5683,181.42,11.802
108,166,640,-26.99,-27.034,-27.018,66.125,64.883,62.982,3.5203,3.4443,3.471,184.81,11.81
108,166,650,-26.125,-26.161,-26.15,66.814,65.425,63.627,3.8123,3.7577,3.8003,190.37,11.81
108,166,700,-26.793,-26.889,-26.91,64.126,62.684,61.829,3.6217,3.5523,3.5857,186.37,11.81
108,166,710,-27.364,-27.428,-27.417,64.51,63.191,61.963,3.5177,3.4497,3.479,186.18,11.799
108,166,720,-27.194,-27.241,-27.217,65.069,63.741,62.364,3.3963,3.3217,3.3577,181.94,11.813
108,166,730,-27.121,-27.17,-27.14,65.44,64.156,62.586,3.3737,3.2937,3.3217,178.91,11.815
108,166,740,-26.903,-26.951,-26.91,65.49,64.201,62.714,3.491,3.3937,3.427,176.72,11.812
108,166,750,-26.887,-26.936,-26.892,65.413,64.138,62.634,3.3857,3.2857,3.323,176.46,11.816
108,166,800,-26.502,-26.54,-26.497,66.177,64.905,63.196,3.6057,3.5137,3.5443,180.24,11.817
108,166,810,-26.436,-26.468,-26.431,66.113,64.858,63.161,3.5963,3.515,3.5457,182.72,11.821
108,166,820,-26.245,-26.25,-26.205,66.751,65.541,63.57,3.7057,3.603,3.643,183.08,11.806
108,166,830,-25.885,-25.88,-25.84,66.703,65.481,63.723,3.7523,3.655,3.699,179.71,11.808
108,166,840,-25.384,-25.369,-25.331,67.763,66.485,64.406,3.943,3.8657,3.915,185.24,11.811
108,166,850,-25.305,-25.317,-25.296,67.367,66.073,64.175,3.9177,3.835,3.867,184.39,11.808
108,166,900,-25.253,-25.266,-25.253,67.297,66.041,64.146,3.8643,3.775,3.8043,179.56,11.797
108,166,910,-24.884,-24.869,-24.843,68.299,67.039,64.824,3.999,3.9123,3.9443,180.19,11.808
108,166,920,-24.322,-24.303,-24.264,69.027,67.763,65.387,3.971,3.8883,3.915,182.17,11.792
108,166,930,-23.869,-23.874,-23.857,69.351,68.008,65.639,4.027,3.939,3.979,185.43,11.804
108,166,940,-23.542,-23.546,-23.542,69.73,68.408,65.969,4.2457,4.1537,4.2003,189.25,11.801
108,166,950,-23.422,-23.404,-23.417,69.299,68.011,65.759,4.6777,4.5963,4.663,193.17,11.799
108,166,1000,-23.354,-23.314,-23.335,69.381,68.074,65.831,4.675,4.5817,4.639,189.95,11.791
108,166,1010,-23.436,-23.403,-23.436,69.163,67.809,65.634,4.291,4.2083,4.2523,189.81,11.791
108,166,1020,-23.409,-23.368,-23.407,69.424,68.131,65.777,4.199,4.119,4.171,189.92,11.793
108,166,1030,-23.148,-23.076,-23.116,69.936,68.632,66.17,4.2483,4.1723,4.2297,192.8,11.797
108,166,1040,-22.915,-22.875,-22.894,70.1,68.696,66.287,4.2657,4.1803,4.243,193.45,11.709
108,166,1050,-22.68,-22.617,-22.644,70.548,69.168,66.665,4.6723,4.6057,4.6697,195.23,11.701
108,166,1100,-22.441,-22.38,-22.407,70.508,69.184,66.776,4.7697,4.711,4.787,194.84,11.712
108,166,1110,-22.166,-22.107,-22.122,70.983,69.678,67.065,4.8803,4.8017,4.8697,195.79,11.706
108,166,1120,-21.812,-21.75,-21.772,71.397,69.934,67.309,4.591,4.523,4.5897,196.54,11.712
108,166,1130,-21.606,-21.561,-21.583,71.646,70.204,67.492,4.3177,4.2763,4.331,197.48,11.717
108,166,1140,-21.3,-21.264,-21.28,71.875,70.476,67.737,4.3257,4.271,4.3377,199.14,11.715
108,166,1150,-21.07,-21.018,-21.036,72.132,70.734,67.955,4.6003,4.5603,4.615,200.85,11.699
108,166,1200,-20.862,-20.821,-20.849,72.104,70.638,67.979,4.515,4.4683,4.5177,202.6,11.721
108,166,1210,-20.936,-20.887,-20.908,71.723,70.213,67.695,4.5817,4.5403,4.595,202.66,11.715
108,166,1220,-20.89,-20.852,-20.863,71.998,70.525,67.872,4.5297,4.4897,4.5257,205.09,11.713
108,166,1230,-20.753,-20.723,-20.721,72.009,70.475,67.887,4.651,4.5977,4.639,204.76,11.692
108,166,1240,-20.443,-20.403,-20.412,72.945,71.187,68.419,4.6297,4.5803,4.631,204.88,11.703
108,166,1250,-20.211,-20.17,-20.196,72.826,70.932,68.385,4.6523,4.6057,4.639,206.16,11.675
108,166,1300,-20.046,-19.985,-20.019,72.881,70.821,68.467,4.8297,4.7817,4.8297,205.4,11.7
108,166,1310,-19.9,-19.854,-19.87,73.178,71.048,68.629,4.5403,4.4817,4.5417,201.99,11.703