"TOA5","CR1000","CR1000","59715","CR1000.Std.26","CPU:GOES_SwissCamp10mtower2018_radarAh (2).CR1","47367","Table046"
"TIMESTAMP","RECORD","LoggerID","Year","Day_of_Year","Hour","sw_in_Avg","sw_ref_Avg","net_rad_Avg","tc_air_Avg","t_air1_Avg","t_air2_Avg","rh_Avg(1)","rh_Avg(2)","U_Avg(1)","U_Avg(2)","Dir_Avg(1)","Dir_Avg(2)","pressure_Avg","SD_1_Avg","SD_2_Avg","tc_air_Max","tc_air_Min","U_Max(1)","U_Max(2)","Battery"
"TS","RN","","","","","","","","","","","","","","","","","","","","","","","",""
"","","Smp","Smp","Smp","Smp","Avg","Avg","Avg","Avg","Avg","Avg","Avg","Avg","Avg","Avg","Avg","Avg","Avg","Avg","Avg","Max","Min","Max","Max","Smp"
"2018-05-05 21:00:00",0,0,2018,125,21,3.093,1.944,0.283,-16.69,-11.6,-10.59,51.94,48.78,1,1.418,127.9,111.2,395,1.122,1.082,-16.63,-16.74,1.183,1.692,13.24
"2018-05-05 22:00:00",1,0,2018,125,22,2.594,1.567,0.005,-16.87,-17.07,-15.06,76.4,70.74,0.927,1.026,160.5,148,564.3,1.603,1.547,-16.24,-17.55,1.039,1.503,13.04
"2018-05-05 23:00:00",2,0,2018,125,23,1.69,0.874,-0.409,-18.19,-18.51,-14.91,79.73,68.83,0.901,1.012,114.7,90,564.7,1.606,1.551,-17.37,-19.43,1.052,1.895,12.82
"2018-05-06 00:00:00",3,0,2018,126,0,0.815,0.343,-1.719,-20.59,-20.89,-18.31,79.88,78.39,1.09,2.301,73.64,55.96,565.3,1.612,1.558,-19.47,-21.59,1.405,2.568,12.72
"2018-05-06 01:00:00",4,0,2018,126,1,0.178,0.074,-2.185,-22.95,-23.33,-20.45,80.5,79.87,1.333,3.003,87.9,59.13,565.8,1.621,1.566,-21.56,-25.35,1.725,4.077,12.68
"2018-05-06 02:00:00",5,0,2018,126,2,0.021,0.014,-2.086,-25.56,-26.12,-22.73,79.49,77.12,2.187,4.318,87.7,68.09,566.2,1.63,1.574,-24.99,-26.11,2.737,4.756,12.66
"2018-05-06 03:00:00",6,0,2018,126,3,0.005,0.004,-1.844,-25.51,-26.11,-24.01,79.07,75.88,2.56,4.149,82.9,68.83,566.5,1.628,1.573,-24.95,-26.07,3.299,4.743,12.65
"2018-05-06 04:00:00",7,0,2018,126,4,0.003,0.002,-1.616,-24.64,-25.27,-22.65,79.51,76.63,2.392,3.933,99.3,75.84,566.7,1.627,1.572,-24.1,-25.16,2.751,4.43,12.64
"2018-05-06 05:00:00",8,0,2018,126,5,0.009,0.008,-1.274,-24.08,-24.71,-20.81,79.65,77.73,1.994,3.511,113.2,85.9,567.1,1.626,1.571,-22.79,-24.94,2.548,4.338,12.63
"2018-05-06 06:00:00",9,0,2018,126,6,0.038,0.032,-0.42,-21.95,-22.57,-20.15,81,78.23,1.583,2.436,139.6,107.6,567.6,1.619,1.564,-20.94,-22.88,2.006,3.156,12.63
"2018-05-06 07:00:00",10,0,2018,126,7,0.146,0.121,-0.374,-20.24,-20.74,-19.35,81.7,78.62,1.483,2.118,154.4,124.5,568.1,1.613,1.56,-19.97,-20.91,1.718,2.437,12.63
"2018-05-06 08:00:00",11,0,2018,126,8,0.487,0.409,0.04,-20.26,-20.67,-19.43,81.2,78.37,1.566,2.291,154.3,117.1,568.5,1.613,1.56,-20.06,-20.6,1.842,2.594,12.66
"2018-05-06 09:00:00",12,0,2018,126,9,1.058,0.89,-0.029,-21.34,-21.73,-19.98,78.79,76.9,2.159,3.255,117,87.5,569.1,1.614,1.562,-20.49,-21.99,2.679,3.998,12.73
"2018-05-06 10:00:00",13,0,2018,126,10,1.943,1.629,-0.522,-20.36,-20.72,-19.36,77.97,75.53,2.596,3.453,122.8,92.9,569.6,1.61,1.568,-19.69,-20.89,3.456,4.338,12.84
"2018-05-06 11:00:00",14,0,2018,126,11,2.667,2.247,-1.787,-19.35,-19.66,-18.46,77.85,74.71,2.503,3.251,145.7,109.6,569.9,1.607,1.557,-18.95,-19.93,3.195,3.933,12.94
"2018-05-06 12:00:00",15,0,2018,126,12,4.112,3.466,-4.208,-18.34,-18.55,-17.42,76.99,73.7,2.815,3.282,154.5,118.2,570.2,1.605,1.55,-17.82,-18.94,3.809,3.966,13.11
"2018-05-06 13:00:00",16,0,2018,126,13,4.87,4.041,-5.148,-17.56,-17.73,-16.72,76.95,73.52,3.583,3.933,161.7,125.7,570.5,1.602,1.547,-17.21,-17.96,4.436,4.697,13.26
"2018-05-06 14:00:00",17,0,2018,126,14,5.88,4.943,-7.035,-17.19,-17.32,-16.44,75.84,73.06,3.879,4.2,184.9,148.9,570.9,1.605,1.547,-16.67,-17.45,4.671,5.044,13.43
"2018-05-06 15:00:00",18,0,2018,126,15,6.544,5.497,-8.07,-16.71,-16.79,-15.78,74.9,71.01,3.526,3.74,182.2,145.7,570.9,1.603,1.546,-16.31,-17.06,4.443,4.73,13.57
"2018-05-06 16:00:00",19,0,2018,126,16,6.469,5.372,-7.995,-16.47,-16.61,-15.67,74.72,70.62,3.738,3.99,180.5,144.5,571,1.597,1.544,-16.17,-16.81,4.547,4.671,13.7
"2018-05-06 17:00:00",20,0,2018,126,17,5.861,4.734,-5.436,-16.37,-16.56,-15.66,75.09,70.55,3.506,3.745,182.1,145.9,571.1,1.596,1.542,-15.97,-16.65,4.168,4.501,13.48
"2018-05-06 18:00:00",21,0,2018,126,18,5.912,4.668,-2.936,-16.02,-16.22,-15.11,73.07,66.76,2.76,2.959,185,148.4,571.3,1.595,1.541,-15.31,-16.68,4.181,4.279,13.23
"2018-05-06 19:00:00",22,0,2018,126,19,5.464,4.238,-0.939,-15.84,-16.06,-14.65,72.24,64.39,1.785,2.127,209.5,172.8,571.4,1.596,1.541,-14.83,-16.51,3.162,3.502,13.32
"2018-05-06 20:00:00",23,0,2018,126,20,4.347,3.255,-0.941,-16.74,-16.86,-15.75,74.31,68.91,2.883,3.361,153.3,115.4,571.6,1.601,1.545,-15.94,-17.93,3.959,4.586,13.16
"2018-05-06 21:00:00",24,0,2018,126,21,3.208,2.17,-0.848,-18.47,-18.78,-17.01,73.78,68.62,2.198,3.397,144.3,110.5,571.7,1.606,1.552,-17.95,-18.9,3.175,4.175,13.37
"2018-05-06 22:00:00",25,0,2018,126,22,2.645,1.625,-0.082,-20.04,-20.27,-17.74,70.73,62.33,1.996,3.372,122.5,91.4,571.6,1.612,1.558,-18.71,-21.18,2.751,4.175,13.17
"2018-05-06 23:00:00",26,0,2018,126,23,1.734,0.916,-0.603,-22.02,-22.4,-19.51,71.57,62.55,2.414,4.274,112.3,82.8,571.7,1.618,1.564,-20.92,-23.08,3.005,5.129,12.93
"2018-05-07 00:00:00",27,0,2018,127,0,0.902,0.385,-1.966,-23.51,-24.05,-21.13,70.56,61.39,2.732,5.058,92.1,74.31,571.9,1.623,1.569,-22.43,-24.09,3.652,6.154,12.8
"2018-05-07 01:00:00",28,0,2018,127,1,0.239,0.093,-3.028,-24.84,-25.35,-23.15,71.18,63.02,3.987,6.317,77.73,55.99,571.6,1.626,1.572,-23.81,-26.57,5.573,7.814,12.76
"2018-05-07 02:00:00",29,0,2018,127,2,0.028,0.02,-3.452,-24.84,-25.48,-23.89,70.85,62.93,5.286,7.388,76.12,57.74,571.2,1.624,1.571,-24.28,-25.49,6.318,8.3,12.74
"2018-05-07 03:00:00",30,0,2018,127,3,0.006,0.005,-3.446,-24.95,-25.49,-24.09,72.54,66.37,5.992,8.11,58.96,71.21,570.9,1.624,1.57,-24.52,-25.35,7.278,9.43,12.73
"2018-05-07 04:00:00",31,0,2018,127,4,0.004,0.003,-3.372,-25.46,-26,-24.73,74.32,69.15,6.624,8.78,63.31,75.01,570.6,1.626,1.573,-25.05,-25.86,8.13,10.17,12.72
"2018-05-07 05:00:00",32,0,2018,127,5,0.012,0.009,-3.175,-25.32,-25.92,-24.71,75.19,70.36,7.421,9.64,64.26,74.82,570.5,1.626,1.541,-24.87,-25.65,8.61,10.7,12.71
"2018-05-07 06:00:00",33,0,2018,127,6,0.073,0.057,-3.485,-25.5,-26.02,-24.81,74.24,69.31,7.359,9.61,66.32,74.34,570.3,1.627,1.551,-24.89,-25.89,8.71,10.73,12.71
"2018-05-07 07:00:00",34,0,2018,127,7,0.37,0.318,-3.946,-26.04,-26.54,-25.35,72.86,68.29,6.995,9.1,66.34,72.15,570.3,1.629,1.561,-25.68,-26.23,8.11,10.28,12.73
"2018-05-07 08:00:00",35,0,2018,127,8,1.058,0.901,-4.559,-25.95,-26.35,-25.28,71.54,67.28,8.5,10.71,64.7,76.17,570.1,1.63,1.567,-25.64,-26.16,9.84,12.08,12.77
"2018-05-07 09:00:00",36,0,2018,127,9,1.903,1.705,-5.022,-25.47,-25.79,-24.81,70.45,66.5,8.29,10.53,50.86,78.55,569.8,1.632,1.559,-24.66,-25.84,9.9,12.25,12.83
"2018-05-07 10:00:00",37,0,2018,127,10,2.751,2.509,-5.373,-24.45,-24.73,-23.83,70.03,66.55,7.75,9.71,72.71,77.39,569.7,1.629,1.554,-23.92,-24.9,9.18,10.98,12.9
"2018-05-07 11:00:00",38,0,2018,127,11,3.681,3.333,-6.234,-23.1,-23.34,-22.5,70.04,66.65,7.806,9.66,77.37,78.67,569.6,1.627,1.54,-22.51,-23.97,9.17,11.12,12.97
"2018-05-07 12:00:00",39,0,2018,127,12,4.544,4.108,-7.788,-22.1,-22.32,-21.52,69.3,65.58,8.41,10.35,76.96,79.16,569.3,1.631,1.54,-21.33,-22.79,9.7,11.77,13.1
"2018-05-07 13:00:00",40,0,2018,127,13,5.321,4.741,-9.97,-20.57,-20.76,-19.95,68,63.7,7.983,9.71,89.2,89.8,569,1.626,1.555,-19.75,-21.36,9.26,11.16,13.41
"2018-05-07 14:00:00",41,0,2018,127,14,5.907,5.152,-12.09,-19.27,-19.44,-18.59,68.12,63.45,7.145,8.63,125.2,101.7,568.8,1.568,1.554,-18.68,-19.8,8.69,9.9,13.67
"2018-05-07 15:00:00",42,0,2018,127,15,6.274,5.372,-12.55,-18.21,-18.38,-17.69,67.32,62.82,6.992,8.25,145.2,112.2,568.6,1.618,1.55,-17.84,-18.75,8.07,9.44,13.84
"2018-05-07 16:00:00",43,0,2018,127,16,6.398,5.322,-10.78,-17.71,-17.84,-17.27,68.55,65.39,6.406,7.445,153.1,119.6,568.4,1.616,1.548,-17.35,-17.96,7.513,8.68,13.93
"2018-05-07 17:00:00",44,0,2018,127,17,6.276,5.059,-7.741,-17.21,-17.33,-16.63,67.9,64.63,4.908,5.584,156.7,120.3,568.5,1.612,1.546,-16.97,-17.54,6.161,6.919,13.96
"2018-05-07 18:00:00",45,0,2018,127,18,5.908,4.603,-4.592,-16.96,-17.1,-16.35,67.41,64.4,4.294,4.843,163.9,126.9,568.4,1.616,1.545,-16.8,-17.11,5.481,5.913,13.94
"2018-05-07 19:00:00",46,0,2018,127,19,5.311,3.976,-2.198,-16.79,-16.96,-16.05,68.03,64.71,3.254,3.718,165.8,128.8,568.4,1.614,1.545,-16.67,-16.87,4.227,4.802,13.85
"2018-05-07 20:00:00",47,0,2018,127,20,4.533,3.231,-0.986,-16.98,-17.12,-15.94,69.41,65.11,2.038,2.709,166.2,129.2,568.4,1.614,1.546,-16.61,-17.37,2.509,3.358,13.72
"2018-05-07 21:00:00",48,0,2018,127,21,3.652,2.431,-0.231,-17.71,-17.91,-16.12,71.14,65.3,1.568,2.539,136.5,109,568.3,1.617,1.549,-17.37,-18.03,1.986,2.894,13.52
"2018-05-07 22:00:00",49,0,2018,127,22,2.717,1.637,0.212,-18.49,-18.75,-16.93,72.51,67.59,1.246,2.337,147,115.1,568.2,1.624,1.552,-17.96,-18.9,1.581,2.737,13.29
"2018-05-07 23:00:00",50,0,2018,127,23,1.804,0.945,-0.272,-19.62,-19.96,-18.05,74.74,69.68,1.291,2.147,145.8,114,568.2,1.632,1.556,-18.82,-20.49,1.81,2.535,13.03
"2018-05-08 00:00:00",51,0,2018,128,0,0.989,0.421,-1.65,-21.14,-21.55,-19.21,77.03,71.58,0.982,1.732,113.3,97.7,568.2,1.636,1.56,-20.48,-22.12,1.751,2.195,12.9
"2018-05-08 01:00:00",52,0,2018,128,1,0.312,0.111,-2.521,-24.04,-24.47,-20.98,75.43,71.11,2.087,3.703,96.2,76.44,568.2,1.645,1.57,-22.12,-25.27,2.646,4.841,12.85
"2018-05-08 02:00:00",53,0,2018,128,2,0.037,0.023,-2.84,-25.61,-26.14,-23.71,74.6,69.11,2.878,5.079,76.37,74.92,568.1,1.651,1.574,-25.15,-25.97,3.515,5.495,12.83
"2018-05-08 03:00:00",54,0,2018,128,3,0.009,0.006,-2.914,-26.11,-26.7,-24.55,74.1,69.08,3.444,5.676,64.17,73.58,567.9,1.652,1.575,-25.88,-26.35,4.201,6.494,12.82
"2018-05-08 04:00:00",55,0,2018,128,4,0.006,0.005,-3.041,-25.92,-26.49,-24.69,73.6,68.78,4.545,6.781,50.07,77,567.5,1.649,1.574,-25.56,-26.39,5.357,7.461,12.81
"2018-05-08 05:00:00",56,0,2018,128,5,0.018,0.013,-3.138,-25.29,-25.88,-24.27,73.48,68.88,5.184,7.316,63.95,79.22,567.2,1.65,1.573,-24.69,-25.87,6.037,8.22,12.8
"2018-05-08 06:00:00",57,0,2018,128,6,0.099,0.076,-3.272,-24.86,-25.38,-24.07,72.41,67.93,5.798,7.79,60.86,76.74,567,1.651,1.571,-24.64,-25.13,6.867,8.77,12.8
"2018-05-08 07:00:00",58,0,2018,128,7,0.444,0.375,-3.987,-24.72,-25.15,-23.92,69.78,65.31,6.328,8.27,63.15,76.51,566.9,1.651,1.571,-24.42,-25.06,7.651,9.46,12.83
"2018-05-08 08:00:00",59,0,2018,128,8,1.143,0.951,-4.346,-24.18,-24.59,-23.39,67.4,62.71,7.094,9.19,76.34,79.46,566.6,1.645,1.63,-23.69,-24.77,8.43,10.37,12.87
"2018-05-08 09:00:00",60,0,2018,128,9,1.938,1.706,-4.659,-23.37,-23.67,-22.55,65.12,60.54,6.767,8.62,88.5,81.8,566.5,1.638,1.566,-22.71,-23.94,8.08,9.98,12.93
"2018-05-08 10:00:00",61,0,2018,128,10,2.809,2.529,-5.022,-22.39,-22.63,-21.62,63.46,59.17,6.844,8.58,85.9,83.1,566.2,1.636,1.561,-21.71,-22.93,8.42,10.3,13
"2018-05-08 11:00:00",62,0,2018,128,11,3.734,3.343,-5.926,-21.26,-21.46,-20.5,62.85,58.8,6.458,8.04,105.6,84.3,566.2,1.632,1.56,-20.64,-21.78,8.3,9.55,13.08
"2018-05-08 12:00:00",63,0,2018,128,12,4.607,4.069,-7.172,-19.96,-20.13,-19.25,63.26,58.85,6.92,8.61,87.4,84.1,566.3,1.63,1.556,-19.26,-20.65,7.958,9.78,13.22
"2018-05-08 13:00:00",64,0,2018,128,13,5.365,4.742,-9.65,-18.54,-18.67,-17.75,62.68,58.19,6.481,8.01,90.8,86.2,566.2,1.622,1.553,-17.88,-19.28,7.807,9.24,13.58
"2018-05-08 14:00:00",65,0,2018,128,14,5.942,5.158,-11.37,-17.41,-17.52,-16.56,62.81,58.01,6.24,7.508,127.6,93.9,566.1,1.619,1.549,-16.88,-17.89,7.729,9.3,13.9
"2018-05-08 15:00:00",66,0,2018,128,15,6.312,5.38,-11.52,-16.46,-16.56,-15.6,61.84,57.04,5.689,6.767,126.6,100.6,566.2,1.617,1.547,-15.97,-16.9,7.043,8.09,14.15
"2018-05-08 16:00:00",67,0,2018,128,16,6.445,5.344,-9.73,-15.8,-15.85,-15.12,59.39,55.29,5.2,5.96,147.1,112,566.2,1.611,1.545,-15.52,-16.13,6.625,7.357,14.36
"2018-05-08 17:00:00",68,0,2018,128,17,6.323,5.084,-6.895,-15.39,-15.46,-14.52,60.61,56.61,4.031,4.537,143.4,112.4,566.2,1.609,1.544,-15.15,-15.6,5.952,6.638,14.44
"2018-05-08 18:00:00",69,0,2018,128,18,5.948,4.626,-4.024,-15.34,-15.45,-14.59,62.53,58.82,3.533,3.946,155.5,119.1,566.4,1.609,1.544,-15.19,-15.45,4.234,4.658,14.4
"2018-05-08 19:00:00",70,0,2018,128,19,5.357,4.008,-2.056,-15.46,-15.56,-14.65,64.13,60.95,2.273,2.52,189.2,151.9,566.7,1.61,1.545,-15.27,-15.6,3.443,3.842,14.14
"2018-05-08 20:00:00",71,0,2018,128,20,4.599,3.274,-1.492,-14.92,-15.06,-13.02,59.88,53.54,0.683,0.814,220.6,173.1,567.1,1.612,1.547,-13.02,-15.7,1.581,1.718,13.94
"2018-05-08 21:00:00",72,0,2018,128,21,3.716,2.483,-0.102,-15.42,-15.04,-11.79,56.57,46.3,0.399,0.523,89.4,57.45,567.5,1.612,1.549,-11.76,-16.55,0.823,0.993,13.7
"2018-05-08 22:00:00",73,0,2018,128,22,2.765,1.674,0.431,-16.49,-16.55,-14.54,64.55,57.17,0.614,0.861,63.98,44.76,567.8,1.614,1.55,-15.97,-16.99,0.908,1.065,13.43
"2018-05-08 23:00:00",74,0,2018,128,23,1.85,0.978,0.043,-17.68,-17.98,-15.66,72.37,63.72,0.898,1.645,85.4,66.14,567.9,1.618,1.553,-16.7,-18.67,1.294,2.378,13.15
"2018-05-09 00:00:00",75,0,2018,129,0,1.041,0.451,-1.25,-19.69,-20.04,-17.74,77.8,71.13,1.047,2.077,81.7,60.7,568.2,1.624,1.559,-18.41,-20.95,1.607,2.483,12.99
"2018-05-09 01:00:00",76,0,2018,129,1,0.366,0.13,-2.287,-21.81,-22.22,-20.04,79.19,72.18,1.153,1.939,42.21,36.32,568.4,1.63,1.566,-20.69,-22.83,1.47,2.457,12.93
"2018-05-09 02:00:00",77,0,2018,129,2,0.052,0.028,-2.566,-24.95,-25.38,-23.13,76.12,71.99,1.918,3.54,69.14,44.24,568.5,1.641,1.575,-22.81,-26.59,3.084,5.168,12.91
"2018-05-09 03:00:00",78,0,2018,129,3,0.011,0.008,-2.562,-26.33,-26.94,-24.61,74.47,69.2,2.16,4.165,79.13,62.17,568.4,1.646,1.579,-25.97,-26.58,2.933,5.037,12.9
"2018-05-09 04:00:00",79,0,2018,129,4,0.009,0.007,-2.611,-26.11,-26.67,-24.49,73.2,67.84,3.159,5.36,64.96,65.51,568.3,1.644,1.578,-25.81,-26.51,4.123,6.409,12.89
"2018-05-09 05:00:00",80,0,2018,129,5,0.023,0.017,-2.779,-25.74,-26.3,-24.53,70.66,65.46,4.317,6.484,62.14,67.09,568.3,1.643,1.577,-25.45,-26.06,4.763,6.971,12.88
"2018-05-09 06:00:00",81,0,2018,129,6,0.113,0.086,-2.905,-25.41,-25.97,-24.4,69.4,64.48,5.196,7.346,47.39,69.81,568.2,1.642,1.576,-25.06,-25.8,6.514,8.59,12.88
"2018-05-09 07:00:00",82,0,2018,129,7,0.48,0.4,-3.507,-24.92,-25.38,-24.01,67.52,62.71,6.155,8.23,55.72,71.45,568.4,1.64,1.575,-24.62,-25.24,7.036,8.98,12.91
"2018-05-09 08:00:00",83,0,2018,129,8,1.198,0.982,-3.278,-24.31,-24.7,-23.44,65.83,61.18,6.366,8.37,60.39,71.48,568.2,1.637,1.573,-23.75,-24.9,7.174,9.01,12.96
"2018-05-09 09:00:00",84,0,2018,129,9,1.998,1.744,-2.937,-23.31,-23.62,-22.51,65.06,60.67,6.65,8.58,63.97,70.98,568.1,1.635,1.57,-22.76,-23.89,7.755,9.49,13.03
"2018-05-09 10:00:00",85,0,2018,129,10,2.88,2.567,-2.91,-22.26,-22.51,-21.53,64.43,60.13,6.788,8.63,54.46,70.2,567.9,1.632,1.567,-21.72,-22.88,7.971,9.76,13.11
"2018-05-09 11:00:00",86,0,2018,129,11,3.797,3.374,-4.898,-21.17,-21.41,-20.46,63.58,59.27,6.63,8.37,60.27,71.54,567.8,1.629,1.563,-20.41,-21.75,7.716,9.73,13.19
"2018-05-09 12:00:00",87,0,2018,129,12,4.673,4.145,-7.628,-19.72,-19.89,-18.97,62.11,57.59,6.421,7.954,65.2,71.71,567.6,1.624,1.559,-18.99,-20.43,7.631,9.49,13.36
"2018-05-09 13:00:00",88,0,2018,129,13,5.443,4.779,-8.93,-18.31,-18.46,-17.53,61.27,56.55,6.167,7.546,72.56,73.9,567.3,1.62,1.555,-17.58,-19.03,7.474,8.78,13.79
"2018-05-09 14:00:00",89,0,2018,129,14,6.029,5.212,-8.32,-17.05,-17.19,-16.18,60.96,55.56,5.991,7.243,79.05,76.99,567.2,1.616,1.551,-16.48,-17.59,6.945,8.38,14.39
"2018-05-09 15:00:00",90,0,2018,129,15,6.394,5.426,-6.852,-15.8,-15.91,-14.89,60.33,54.77,5.695,6.916,100.8,81.7,567.1,1.611,1.548,-15.14,-16.49,7.461,8.9,14.99
"2018-05-09 16:00:00",91,0,2018,129,16,6.524,5.387,-5.39,-14.78,-14.83,-13.8,58.02,52.33,5.251,6.283,113.9,89.1,566.9,1.608,1.545,-14.47,-15.21,6.677,7.657,15.78
"2018-05-09 17:00:00",92,0,2018,129,17,6.394,5.125,-4.011,-14.37,-14.42,-13.58,56.53,51.75,4.757,5.518,145.9,109.2,566.9,1.607,1.544,-14.23,-14.47,5.593,6.403,15.95
"2018-05-09 18:00:00",93,0,2018,129,18,6.021,4.673,-2.756,-14.17,-14.29,-13.4,57.8,53.33,3.568,4.065,154.6,117.5,567,1.606,1.543,-14.01,-14.3,4.586,5.018,15.77
"2018-05-09 19:00:00",94,0,2018,129,19,5.427,4.055,-1.598,-14.21,-14.32,-13.12,61.85,55.92,2.852,3.517,142.6,105.8,567.1,1.607,1.544,-14.14,-14.28,3.541,4.227,15.08
"2018-05-09 20:00:00",95,0,2018,129,20,4.648,3.316,-0.468,-14.39,-14.48,-13.14,64.52,58.37,2.02,2.719,150.9,113.2,567.4,1.608,1.545,-14.12,-14.69,2.96,3.365,14.43
"2018-05-09 21:00:00",96,0,2018,129,21,3.765,2.526,0.403,-14.67,-14.88,-13.23,61.88,55.23,1.477,1.983,149.3,112.2,567.4,1.611,1.547,-14.5,-14.94,1.927,2.607,13.93
"2018-05-09 22:00:00",97,0,2018,129,22,2.833,1.728,0.54,-16.06,-16.21,-13.87,64.51,57.31,1.372,2.25,94.9,73.06,567.3,1.615,1.552,-14.77,-17.39,2.084,3.724,13.6
"2018-05-09 23:00:00",98,0,2018,129,23,1.915,1.023,0.026,-18.32,-18.67,-15.96,68.96,62.15,2.418,4.484,93.5,71.12,567.4,1.623,1.558,-16.86,-19.22,3.169,5.821,13.28
"2018-05-10 00:00:00",99,0,2018,130,0,1.105,0.487,-1.517,-19.78,-20.17,-17.15,69.45,61.88,3.501,5.855,93.5,75.46,567.4,1.627,1.562,-18.84,-20.57,4.103,6.435,13.09
"2018-05-10 01:00:00",100,0,2018,130,1,0.419,0.153,-2.812,-21.07,-21.5,-18.77,67.88,60.43,3.595,5.997,86.8,74.04,567.6,1.631,1.566,-20.37,-21.61,4.201,6.514,13.02
"2018-05-10 02:00:00",101,0,2018,130,2,0.081,0.038,-3.084,-22.05,-22.57,-19.71,66.87,58.97,2.972,5.441,88.6,71.85,567.5,1.634,1.569,-21.39,-22.57,3.528,6.076,12.99
"2018-05-10 03:00:00",102,0,2018,130,3,0.019,0.014,-3.092,-22.23,-22.77,-20.09,69.77,63.15,3.033,5.231,86.9,73.01,567.5,1.635,1.57,-21.62,-22.73,3.626,6.017,12.97
"2018-05-10 04:00:00",103,0,2018,130,4,0.015,0.011,-2.736,-21.68,-22.18,-20.02,71.3,65.53,2.839,4.666,90,74.58,567.4,1.633,1.568,-21.29,-22.13,3.574,5.789,12.96
"2018-05-10 05:00:00",104,0,2018,130,5,0.023,0.017,-1.964,-20.98,-21.55,-19.02,71.66,65.17,3.41,5.742,89.4,78.78,567.4,1.63,1.565,-19.97,-21.69,4.149,6.951,12.95
"2018-05-10 06:00:00",105,0,2018,130,6,0.077,0.06,-1.838,-20.07,-20.56,-18.05,71.86,65.42,3.559,5.909,85.8,78.83,567.4,1.627,1.562,-19.34,-20.61,4.338,6.71,12.95
"2018-05-10 07:00:00",106,0,2018,130,7,0.543,0.431,-2.502,-18.89,-19.28,-17.14,71.1,65.6,4.017,6.188,97.4,84.5,567.6,1.624,1.559,-17.81,-19.64,5.547,7.847,12.99
"2018-05-10 08:00:00",107,0,2018,130,8,1.285,1.032,-3.091,-17.98,-18.28,-16.34,68.56,63.67,4.125,6.251,105.5,85.4,567.7,1.62,1.556,-17.33,-18.74,6.037,8.4,13.05
"2018-05-10 09:00:00",108,0,2018,130,9,1.927,1.662,-2.996,-16.88,-17.12,-15.52,67.81,63.16,5.524,7.595,102.3,83.7,567.6,1.617,1.553,-16.24,-17.64,6.501,8.52,13.12
"2018-05-10 10:00:00",109,0,2018,130,10,2.899,2.557,-3.439,-15.57,-15.73,-14.44,67.01,63,5.48,7.112,94.2,79.38,567.6,1.612,1.549,-14.9,-16.33,7.441,9.02,13.22
"2018-05-10 11:00:00",110,0,2018,130,11,3.805,3.352,-5.963,-14.04,-14.24,-12.89,67.45,62.95,4.106,5.393,92.5,74.89,567.5,1.607,1.544,-12.82,-15.33,5.56,7.265,13.31
"2018-05-10 12:00:00",111,0,2018,130,12,4.636,4.098,-8.73,-12.02,-12.11,-11.15,67.3,62.75,6.077,7.736,117.1,92.7,567.4,1.6,1.538,-11.3,-12.86,7.337,8.89,13.49
"2018-05-10 13:00:00",112,0,2018,130,13,5.401,4.732,-9.48,-10.86,-10.89,-10.01,67.45,62.54,6.546,8.09,119.7,95.8,567.5,1.597,1.534,-10.34,-11.36,7.951,9.77,14.15
"2018-05-10 14:00:00",113,0,2018,130,14,5.977,5.156,-8.27,-9.92,-9.94,-8.99,67.79,62.12,5.935,7.284,117.7,94.4,567.5,1.594,1.531,-9.51,-10.37,7.108,8.34,15.94
"2018-05-10 15:00:00",114,0,2018,130,15,6.349,5.376,-6.559,-8.92,-8.98,-8.1,67.83,63.19,4.873,5.823,145,109.5,567.5,1.592,1.529,-8.47,-9.49,6.769,8.26,16.41
"2018-05-10 16:00:00",115,0,2018,130,16,6.475,5.338,-4.949,-8.14,-8.17,-7.415,67.54,63.38,4.867,5.652,150.6,113.6,567.4,1.59,1.528,-7.826,-8.48,5.697,6.533,16.56
"2018-05-10 17:00:00",116,0,2018,130,17,6.354,5.084,-3.507,-7.733,-7.736,-7.026,68.69,64.72,4.485,5.313,153.5,116.6,567.1,1.589,1.526,-7.67,-7.849,5.71,6.507,16.53
"2018-05-10 18:00:00",117,0,2018,130,18,5.987,4.64,-2.214,-7.776,-7.801,-6.91,71.01,66.5,3.588,4.381,147.5,112.5,567,1.589,1.527,-7.633,-7.858,4.913,5.599,16.43
"2018-05-10 19:00:00",118,0,2018,130,19,5.398,4.032,-1.06,-7.515,-7.549,-6.234,74.67,69.31,2.498,3.365,138.5,106.6,567,1.589,1.527,-7.35,-7.666,3.136,4.103,16.3
"2018-05-10 20:00:00",119,0,2018,130,20,4.623,3.299,0.305,-7.655,-7.784,-6.113,74.7,67.98,3.261,4.296,123,91.6,566.8,1.589,1.527,-7.406,-7.942,3.868,5.05,15.5
"2018-05-10 21:00:00",120,0,2018,130,21,3.739,2.507,1.091,-8.2,-8.37,-6.6,71.15,63.87,3.883,5.43,114.2,85.8,566.7,1.591,1.529,-7.683,-8.79,4.691,6.455,14.31
"2018-05-10 22:00:00",121,0,2018,130,22,2.846,1.733,1.214,-9.1,-9.28,-7.612,69.08,62.14,4.377,6.082,107.7,80.1,566.5,1.594,1.532,-7.956,-10.11,5.945,7.52,13.87
"2018-05-10 23:00:00",122,0,2018,130,23,1.948,1.04,0.331,-10.64,-10.89,-9.02,69.04,61.47,4.63,6.821,101.8,76.18,566.3,1.598,1.537,-9.92,-11.82,5.514,7.69,13.46
"2018-05-11 00:00:00",123,0,2018,131,0,1.192,0.537,-1.123,-12.6,-12.93,-11.15,70.21,63.49,3.808,5.838,95.5,72.44,566.1,1.604,1.543,-11.83,-13.36,4.887,7.069,13.22
"2018-05-11 01:00:00",124,0,2018,131,1,0.428,0.158,-2.485,-13.84,-14.22,-12.38,69.14,62.61,3.324,5.013,116.8,86.9,566,1.608,1.546,-12.79,-14.74,4.861,6.383,13.11
"2018-05-11 02:00:00",125,0,2018,131,2,0.093,0.036,-2.625,-15.2,-15.57,-13.29,69.02,62.31,3.14,4.365,126.8,96.5,566.1,1.614,1.551,-14.26,-17.01,4.201,5.632,13.06
"2018-05-11 03:00:00",126,0,2018,131,3,0.03,0.021,-2.396,-17.49,-17.93,-15.75,71.57,65.27,2.292,3.79,124.8,89.8,566.1,1.62,1.557,-16.65,-18.31,3.731,5.344,13.04
"2018-05-11 04:00:00",127,0,2018,131,4,0.023,0.016,-2.295,-18.51,-18.96,-17.11,70.41,64.68,3.225,4.795,111.1,87.6,566.2,1.622,1.559,-17.34,-19.52,4.501,5.906,13.02
"2018-05-11 05:00:00",128,0,2018,131,5,0.031,0.023,-2.505,-19.51,-19.98,-18.27,71.22,65.95,3.692,5.488,107.9,89.6,566.3,1.626,1.562,-18,-20.48,4.998,6.638,13.01
"2018-05-11 06:00:00",129,0,2018,131,6,0.169,0.124,-2.552,-20.75,-21.18,-19.27,75.77,72.36,3.973,6.016,96.9,83.3,566.2,1.629,1.566,-19.89,-21.11,5.651,7.376,13.01
"2018-05-11 07:00:00",130,0,2018,131,7,0.454,0.356,-2.36,-20.99,-21.45,-19.74,76.87,73.44,4.643,6.688,98.5,82,566.2,1.63,1.567,-20.48,-21.54,5.743,7.82,13.05
"2018-05-11 08:00:00",131,0,2018,131,8,0.673,0.53,-0.505,-19.33,-19.85,-18.71,78.45,74.83,5.474,7.341,87.3,83.8,566.3,1.624,1.564,-18.02,-20.75,6.475,8.3,13.1
"2018-05-11 09:00:00",132,0,2018,131,9,1.656,1.329,-0.715,-17.49,-17.88,-16.95,77.57,74.05,6.088,7.781,105.2,85.8,566.4,1.619,1.564,-16.42,-18.07,6.906,8.51,13.28
"2018-05-11 10:00:00",133,0,2018,131,10,2.341,1.862,-0.304,-15.73,-16.08,-15.26,78.01,74.29,6.567,8.16,118.7,94.4,566.3,1.613,1.552,-15.13,-16.46,7.592,9.23,13.48
"2018-05-11 11:00:00",134,0,2018,131,11,3.943,3.313,-3.843,-14.73,-14.91,-14.11,75.03,72.02,5.96,7.299,131.2,100.6,566.3,1.61,1.547,-14.33,-15.15,6.965,8.37,13.74
"2018-05-11 12:00:00",135,0,2018,131,12,4.877,4.087,-4.644,-13.84,-13.92,-13.23,73.46,69.97,6.357,7.588,134,99.8,566.4,1.607,1.544,-13.21,-14.29,7.481,8.66,13.98
"2018-05-11 13:00:00",136,0,2018,131,13,4.481,3.738,-4.409,-13.24,-13.36,-12.65,73.19,69.6,6.67,7.967,133.9,100.3,566.3,1.605,1.542,-12.67,-13.65,9.73,11.37,15.44
"2018-05-11 14:00:00",137,0,2018,131,14,5.462,4.515,-3.567,-13.26,-13.33,-12.74,71.23,67.05,8.04,9.53,129.7,100.7,566.3,1.606,1.541,-12.94,-13.42,10.11,11.26,16.08
"2018-05-11 15:00:00",138,0,2018,131,15,5.882,4.894,-4.485,-12.94,-12.98,-12.32,70.81,66.95,6.212,7.308,136.3,106.4,566.3,1.604,1.539,-12.54,-13.32,8.15,9.62,16.45
"2018-05-11 16:00:00",139,0,2018,131,16,6.23,4.987,-1.952,-12.56,-12.6,-12.08,73.35,70.17,6.987,8.17,142.6,110,566.1,1.603,1.538,-12.26,-12.89,8.77,10.04,16.93
"2018-05-11 17:00:00",140,0,2018,131,17,6.291,5.006,-3.327,-12.38,-12.4,-11.98,73.32,70.45,7.265,8.41,156.8,121.9,566,1.602,1.54,-12.19,-12.53,8.74,9.9,16.83
"2018-05-11 18:00:00",141,0,2018,131,18,6.049,4.674,-2.304,-12.35,-12.4,-11.88,66.12,62.09,6.293,7.29,157.8,121.7,566,1.602,1.548,-12.18,-12.65,7.657,8.79,16.63
"2018-05-11 19:00:00",142,0,2018,131,19,5.439,4.042,-1.007,-12.82,-12.91,-12.32,66.39,62.1,6.7,8.01,147.5,112.6,565.8,1.603,1.55,-12.6,-12.98,8.04,9.89,16.25
"2018-05-11 20:00:00",143,0,2018,131,20,4.672,3.309,0.337,-12.64,-12.81,-12.05,71.16,67,6.66,8.1,134.5,104.2,565.6,1.602,1.55,-12.4,-12.83,7.69,9.23,15.29
"2018-05-11 21:00:00",144,0,2018,131,21,3.816,2.533,1.143,-12.17,-12.43,-11.52,71.46,66.37,7.69,9.54,120.5,94.9,565,1.601,1.545,-11.59,-12.47,9.14,11.28,14.57
"2018-05-11 22:00:00",145,0,2018,131,22,2.835,1.713,1.024,-11.29,-11.59,-10.51,70.45,64.58,7.467,9.57,116.8,91.5,564.7,1.598,1.541,-10.87,-11.74,8.77,11.15,14.19
"2018-05-11 23:00:00",146,0,2018,131,23,2.017,1.075,0.069,-10.71,-11,-9.78,72.88,66.99,6.963,9.09,104.5,87.2,564.2,1.596,1.538,-10.19,-11.53,8.13,10.13,13.77
"2018-05-12 00:00:00",147,0,2018,132,0,1.039,0.529,-1.526,-10.78,-11.17,-9.8,75.52,69.35,6.412,8.62,105.9,89.6,563.6,1.596,1.537,-10.21,-11.65,7.624,9.85,13.45
"2018-05-12 01:00:00",148,0,2018,132,1,0.217,0.158,-1.151,-9.32,-9.74,-8.79,80.8,74.7,7.325,9.4,121.5,98.8,563.3,1.591,1.255,-8.74,-10.36,8.66,10.97,13.26
"2018-05-12 02:00:00",149,0,2018,132,2,0.083,0.061,-1.192,-8.81,-9.19,-8.36,82.8,77.17,7.226,9.16,142.9,107.8,563.5,1.589,1.55,-8.6,-9.16,8.32,10.43,13.16
"2018-05-12 03:00:00",150,0,2018,132,3,0.025,0.018,-1.455,-8.71,-9.11,-8.24,84.8,79.07,6.768,8.69,143.3,108.1,563.8,1.588,1.554,-7.86,-9.31,7.86,9.73,13.11
"2018-05-12 04:00:00",151,0,2018,132,4,0.012,0.009,-0.794,-7.675,-8.02,-7.326,86.4,81.1,6.929,8.64,149.1,116,564.1,1.585,1.543,-7.26,-8.27,8.21,9.66,13.08
"2018-05-12 05:00:00",152,0,2018,132,5,0.024,0.019,-0.496,-7.384,-7.741,-7.151,91.9,87,6.025,7.367,156.9,122.1,564.5,1.584,1.249,-7.022,-7.845,6.958,8.43,13.06
"2018-05-12 06:00:00",153,0,2018,132,6,0.066,0.053,-0.385,-7.373,-7.72,-7.112,92,87.1,5.713,6.995,157.5,123.1,564.7,1.584,1.547,-7.203,-7.557,6.422,7.696,13.04
"2018-05-12 07:00:00",154,0,2018,132,7,0.223,0.177,0.032,-6.825,-7.167,-6.62,92.4,87.5,6.353,7.692,152.5,118.7,565.1,1.581,1.498,-6.145,-7.321,8.57,10.07,13.07
"2018-05-12 08:00:00",155,0,2018,132,8,0.57,0.45,0.285,-5.799,-6.101,-5.627,92.8,88.3,7.52,9.03,151.2,116.1,565.3,1.579,1.54,-5.271,-6.3,10.07,11.49,13.15
"2018-05-12 09:00:00",156,0,2018,132,9,1.338,1.05,0.455,-5.247,-5.493,-5.046,92.2,88.2,8.49,10.14,150.9,114.8,565.5,1.577,1.53,-5.02,-5.414,11.56,13.35,13.34
"2018-05-12 10:00:00",157,0,2018,132,10,2.129,1.715,-0.611,-5.127,-5.296,-4.887,88,83.6,11.93,14.19,147.3,115.8,565.7,1.579,1.521,-4.875,-5.365,14.52,16.83,13.61
"2018-05-12 11:00:00",158,0,2018,132,11,2.629,2.146,-0.785,-5.073,-5.208,-4.838,87.4,83.6,13.22,15.71,135.6,108.5,565.9,1.579,1.522,-4.834,-5.374,16.07,18.44,13.77
"2018-05-12 12:00:00",159,0,2018,132,12,3.771,3.028,-0.2,-5.157,-5.277,-4.84,85.8,81.5,13.69,16.35,125.7,107.2,565.9,1.579,1.436,-4.988,-5.375,15.87,18.67,14.45
"2018-05-12 13:00:00",160,0,2018,132,13,3.705,2.913,0.251,-5.016,-5.148,-4.747,87,83.2,13.02,15.43,134.7,108.7,566.1,1.578,1.472,-4.762,-5.165,16.78,19.35,14.39
"2018-05-12 14:00:00",161,0,2018,132,14,5.414,4.242,-0.061,-4.7,-4.712,-4.369,86.4,83.8,14.03,16.71,136.8,110.4,565.7,1.578,1.521,-4.429,-4.943,16.4,19.99,15.86
"2018-05-12 15:00:00",162,0,2018,132,15,5.425,4.271,-0.774,-4.49,-4.551,-4.145,87.3,84,14.77,17.42,137.4,112,565.6,1.581,1.487,-4.184,-4.624,17.73,20.76,15.77
"2018-05-12 16:00:00",163,0,2018,132,16,6.485,5.075,-0.506,-4.214,-4.214,-3.847,86.6,83.9,15.01,17.63,135.4,117,565.6,1.582,1.277,-3.992,-4.378,17.26,20.56,15.28
"2018-05-12 17:00:00",164,0,2018,132,17,5.091,3.989,-0.38,-4.229,-4.268,-3.94,87.9,84.7,15.3,17.93,142,116.8,565.6,1.582,0.666,-4.157,-4.278,19.06,21.54,14.56
"2018-05-12 18:00:00",165,0,2018,132,18,4.057,3.236,-0.849,-4.283,-4.346,-4.051,89.2,86,13.95,16.22,145.6,117.8,566.2,1.574,0.723,-4.227,-4.336,17.12,19.65,14.48
"2018-05-12 19:00:00",166,0,2018,132,19,3.215,2.589,-0.771,-4.442,-4.586,-4.224,89.6,85.8,14.42,16.86,142.1,116.2,566.2,1.546,0,-4.284,-4.574,16.86,18.92,14.37
"2018-05-12 20:00:00",167,0,2018,132,20,2.653,2.111,-0.062,-4.265,-4.44,-4.061,89.8,85.6,14.52,16.93,135.9,116.1,566.2,1.603,0,-3.952,-4.492,17.57,19.8,14.27
"2018-05-12 21:00:00",168,0,2018,132,21,2.823,2.149,1.059,-4.029,-4.153,-3.763,88.6,84.1,14.5,17.11,133.6,112.2,566.4,1.577,0,-3.859,-4.19,17.7,20.78,15.25
"2018-05-12 22:00:00",169,0,2018,132,22,1.426,1.08,0.001,-4.31,-4.491,-4.029,88.9,83.1,14.53,17.27,127.8,108.1,566.7,1.581,0,-3.902,-4.672,17.92,21.24,13.93
"2018-05-12 23:00:00",170,0,2018,132,23,0.52,0.416,-0.669,-4.771,-5.016,-4.514,88.9,82.2,13.61,16.22,122.2,105.3,567.5,1.58,0,-4.293,-5.246,17.69,20.41,13.73
"2018-05-13 00:00:00",171,0,2018,133,0,0.449,0.346,-1.649,-5.452,-5.729,-5.162,89.1,82.9,13.89,16.63,125.9,105,568,1.582,0,-5.124,-5.905,17.91,21.55,13.53
"2018-05-13 01:00:00",172,0,2018,133,1,0.118,0.086,-3.358,-6.084,-6.396,-5.694,88.8,81.9,14.01,16.86,118.6,103.9,568.6,1.584,0,-5.632,-6.533,17.02,20.79,13.36
"2018-05-13 02:00:00",173,0,2018,133,2,0.047,0.036,-1.354,-5.37,-5.742,-5.09,89.2,82.3,13.28,15.88,126.6,106.4,569.3,1.581,0,-4.678,-6.062,16.37,19.1,13.26
"2018-05-13 03:00:00",174,0,2018,133,3,0.017,0.014,-1.545,-5.333,-5.635,-5.015,88.8,81.8,13.53,16.24,126.1,104.2,569.6,1.581,0,-5.018,-5.586,15.66,18.12,13.18
"2018-05-13 04:00:00",175,0,2018,133,4,0.015,0.012,-1.066,-5.219,-5.537,-4.927,88.2,80.8,13.55,16.26,119.3,104.4,569.9,1.58,0,-4.846,-5.429,15.79,18.45,13.13
"2018-05-13 05:00:00",176,0,2018,133,5,0.055,0.044,-1.109,-5.268,-5.591,-5.009,88.7,81.7,13.01,15.62,127.4,105.1,570.5,1.579,0,-5.061,-5.472,15.26,18.02,13.1
"2018-05-13 06:00:00",177,0,2018,133,6,0.178,0.138,-0.994,-5.16,-5.518,-4.861,87.5,80.2,12.82,15.43,116.9,105.2,570.9,1.579,0,-4.611,-5.483,15.14,17.97,13.09
"2018-05-13 07:00:00",178,0,2018,133,7,0.65,0.505,-0.749,-4.928,-5.233,-4.567,86.2,79.05,12.51,15.04,120.1,103.9,571.3,1.578,0,-4.542,-5.242,15.8,18.41,13.17
"2018-05-13 08:00:00",179,0,2018,133,8,0.853,0.669,-0.782,-4.881,-5.135,-4.485,84.9,77.97,11.6,14.02,113.4,100.2,571.6,1.577,0,-4.437,-5.105,14.29,16.24,13.23
"2018-05-13 09:00:00",180,0,2018,133,9,1.559,1.34,-2.925,-4.974,-5.174,-4.412,82.7,76.4,11.27,13.75,112.4,96.3,571.7,1.577,1.441,-4.354,-5.373,13.47,16.7,13.37
"2018-05-13 10:00:00",181,0,2018,133,10,2.657,2.377,-4.988,-4.805,-4.858,-4.128,80.7,74.97,11.6,14.16,114.9,92.7,571.9,1.577,1.541,-4.138,-5.276,13.5,16.3,13.57
"2018-05-13 11:00:00",182,0,2018,133,11,3.391,2.956,-4.714,-4.085,-4.181,-3.425,80.1,74.62,10.36,12.72,118.9,91.9,571.8,1.575,1.531,-3.233,-4.982,12.8,15.38,14.23
"2018-05-13 12:00:00",183,0,2018,133,12,3.788,3.031,-0.195,-2.507,-2.59,-1.863,78.09,72.01,9.32,11.47,111.9,88.6,572,1.57,1.524,-1.707,-3.334,11.2,13.09,15.7
"2018-05-13 13:00:00",184,0,2018,133,13,4.252,3.335,0.356,-1.768,-1.862,-1.069,77.47,71.19,9.63,11.77,112.5,89.7,572,1.567,1.519,-1.306,-2.032,11.44,14.02,15.35
"2018-05-13 14:00:00",185,0,2018,133,14,4.547,3.56,0.353,-1.383,-1.439,-0.641,77.88,71.1,10.85,13.28,102.6,85.7,571.6,1.566,1.519,-0.847,-1.76,13.11,16.46,15.18
"2018-05-13 15:00:00",186,0,2018,133,15,4.99,3.914,-0.083,-0.69,-0.744,0.155,74.97,68.48,8.75,10.84,105.8,84.9,571.6,1.564,1.513,-0.288,-1.054,11.24,13.45,14.89
"2018-05-13 16:00:00",187,0,2018,133,16,4.796,3.772,-0.347,-0.14,-0.175,0.73,73.97,67.34,8.37,10.35,111.6,88.1,571.4,1.563,1.511,0.427,-0.614,11.01,12.98,14.7
"2018-05-13 17:00:00",188,0,2018,133,17,4.476,3.515,-0.279,-0.025,-0.041,0.809,73.8,67.55,8.34,10.25,109.5,82.5,571.1,1.562,1.511,0.305,-0.514,11.2,13.34,14.55
"2018-05-13 18:00:00",189,0,2018,133,18,3.63,2.859,-0.052,0.5,0.366,1.411,68.03,59.64,9.43,11.51,110.4,92.5,571.1,1.562,1.51,1.522,-0.475,13.73,16.17,14.51
"2018-05-13 19:00:00",190,0,2018,133,19,3.635,2.853,-0.018,0.394,0.334,1.297,67.95,60.16,9.16,11.2,107.7,86.3,571.2,1.562,1.51,1.925,-0.371,12.78,14.99,14.5
"2018-05-13 20:00:00",191,0,2018,133,20,2.764,2.174,-0.021,0.656,0.485,1.399,65.76,59.18,8.92,10.63,130.2,102.7,571.5,1.562,1.509,1.561,0.016,12.86,15.44,14.38
"2018-05-13 21:00:00",192,0,2018,133,21,2.538,1.978,0.34,0.592,0.48,1.312,62.82,56.17,8.34,9.87,153.9,117.3,571.7,1.562,1.508,1.504,-0.001,13.88,16.18,14.37
"2018-05-13 22:00:00",193,0,2018,133,22,2.107,1.618,0.451,-0.023,-0.153,0.807,65.22,57.44,8.61,10.55,137.2,103.2,571.7,1.563,1.511,0.998,-0.754,12.15,14.23,14.25
"2018-05-13 23:00:00",194,0,2018,133,23,1.258,0.916,0.14,-1.476,-1.637,-0.783,71.11,63.72,9.35,11.58,110.6,87.5,571.4,1.568,1.516,-0.167,-2.384,12.13,14.75,14.1
"2018-05-14 00:00:00",195,0,2018,134,0,1.477,0.899,0.719,-2.789,-2.963,-2.104,74.73,67.18,9.44,11.75,105.1,84.1,571.7,1.571,1.52,-2.154,-3.361,11.03,13.05,13.98
"2018-05-14 01:00:00",196,0,2018,134,1,0.647,0.357,-1.03,-3.434,-3.684,-2.763,76.16,68,10.3,12.87,93,82.8,571.8,1.573,1.522,-2.639,-4.107,12.81,14.99,13.75
"2018-05-14 02:00:00",197,0,2018,134,2,0.073,0.054,-3.305,-4.757,-5.027,-4.056,75.88,67.71,9.81,12.37,90.8,77.74,572.1,1.577,1.526,-3.711,-5.875,11.21,13.79,13.59
"2018-05-14 03:00:00",198,0,2018,134,3,0.022,0.016,-2.374,-5.512,-5.833,-4.92,76.73,68.49,10.29,12.9,89.4,75.21,572.2,1.579,1.529,-5.08,-6.111,11.89,14.27,13.46
"2018-05-14 04:00:00",199,0,2018,134,4,0.017,0.014,-1.954,-5.346,-5.683,-4.785,76.18,68.08,10.06,12.56,92.1,78.02,572.1,1.578,1.528,-4.669,-5.892,12.84,14.77,13.35
"2018-05-14 05:00:00",200,0,2018,134,5,0.119,0.089,-1.017,-4.795,-5.119,-4.287,75.46,67.21,10.37,12.84,79.36,80.9,572.2,1.577,1.526,-4.274,-5.193,13.03,15.56,13.28
"2018-05-14 06:00:00",201,0,2018,134,6,0.353,0.265,-0.548,-4.399,-4.685,-3.877,75.35,67.32,10.33,12.82,89.1,78.98,572.2,1.575,1.525,-3.489,-4.808,14.16,16.86,13.23
"2018-05-14 07:00:00",202,0,2018,134,7,0.306,0.241,-0.451,-4.527,-4.843,-4.034,76.39,68.72,9.32,11.67,86,75.15,572.5,1.575,1.525,-4.091,-4.813,11.35,14.08,13.23
"2018-05-14 08:00:00",203,0,2018,134,8,0.756,0.594,-0.041,-4.756,-5.024,-4.317,76.49,69.21,9.32,11.62,78.6,69.94,572.6,1.576,1.527,-4.467,-4.991,11.07,13.05,13.37
"2018-05-14 09:00:00",204,0,2018,134,9,2.383,1.895,0.142,-4.382,-4.591,-3.836,75.67,68.65,9.92,12.34,78,68.73,572.2,1.575,1.527,-3.863,-4.732,11.98,14.14,14.04
"2018-05-14 10:00:00",205,0,2018,134,10,3.216,2.742,-2.563,-4.203,-4.252,-3.525,75.69,70.07,9.13,11.37,82.5,69.91,572.2,1.575,1.526,-3.586,-4.465,10.65,13.51,14.2
"2018-05-14 11:00:00",206,0,2018,134,11,3.179,2.602,-1.483,-4.007,-4.151,-3.45,77.45,71.68,9.26,11.45,81.1,71.05,572.3,1.574,1.525,-3.62,-4.396,11.43,13.64,15.42
"2018-05-14 12:00:00",207,0,2018,134,12,3.574,2.808,0.179,-3.608,-3.743,-2.971,72.29,65.01,9.83,12.16,83.8,69.81,572.6,1.573,1.524,-3.181,-3.944,11.38,13.99,16.09
"2018-05-14 13:00:00",208,0,2018,134,13,4.011,3.153,0.014,-2.843,-3.018,-2.184,71.53,64.94,8.58,10.58,96.4,77.9,572.6,1.571,1.521,-1.579,-3.406,10.9,13.12,15.76
"2018-05-14 14:00:00",209,0,2018,134,14,4.265,3.335,0.045,-1.583,-1.673,-0.832,69.7,64.01,7.504,9.37,100.9,73.04,572.8,1.568,1.517,-0.221,-2.389,9.59,12.24,14.75
"2018-05-14 15:00:00",210,0,2018,134,15,5.239,4.096,-0.024,-1.263,-1.299,-0.441,67.14,60.86,8.1,10.11,95.9,64.12,572.3,1.567,1.518,-0.566,-1.752,10.78,13.45,15.2
"2018-05-14 16:00:00",211,0,2018,134,16,5.742,4.469,0.174,-0.966,-1.03,-0.069,68.34,61.49,7.997,9.99,97.4,69.91,572.2,1.566,1.517,1.651,-1.456,11.11,13.35,15.12


