
103,.201,.214,.191,-.8
205,164,450,.282,401.5,-7.43,87,.287,401.5,-7.43,87.1,.277,401.5,-7.43,86.9,142.5
103,.229,.244,.215,-.749
205,164,500,.259,401.3,-7.54,88,.281,401.4,-7.46,88.7,.227,401.2,-7.61,87.3,145.5
103,.241,.256,.229,-.968
205,164,510,.245,401.1,-7.71,89.3,.259,401.3,-7.61,89.5,.21,400.8,-7.88,88.9,138.6
103,.27,.286,.255,-.69
205,164,520,.248,400.6,-8.03,89.8,.264,400.7,-7.92,90,.23,400.5,-8.1,89.6,139.8
103,.304,.319,.286,.01
205,164,530,.265,400.8,-7.99,90.6,.282,401,-7.89,91,.25,400.6,-8.08,90.1,140.9
103,.349,.367,.328,.006
205,164,540,.284,401.1,-7.81,91.3,.308,401.2,-7.71,91.6,.258,401,-7.88,91,141.8
103,.388,.406,.364,.292
205,164,550,.287,401.5,-7.55,92,.319,401.6,-7.47,92.2,.262,401.3,-7.68,91.7,145.3
103,.432,.454,.406,-.042
205,164,600,.316,401.6,-7.42,92.4,.346,401.6,-7.38,92.5,.279,401.5,-7.46,92.2,142.4
103,.479,.503,.45,.122
205,164,610,.317,401.6,-7.4,92.5,.351,401.7,-7.35,92.7,.289,401.5,-7.44,92.5,149.4
103,.52,.546,.489,.204
205,164,620,.35,401.9,-7.24,92.9,.391,401.9,-7.16,92.9,.306,401.7,-7.33,92.8,156.6
103,.578,.603,.54,.24
205,164,630,.324,402,-7.1,93,.352,402,-7.08,93.1,.3,401.9,-7.14,93,143.4
103,.601,.627,.562,.145
205,164,640,.325,402,-7.07,93.1,.335,402.1,-7.03,93.1,.303,401.9,-7.11,93,151.5
103,.656,.686,.614,.097
205,164,650,.333,402.1,-6.998,93.1,.378,402.1,-6.971,93.1,.308,402.1,-7.04,92.9,149.5
103,.661,.69,.621,.323
205,164,700,.369,402,-7.05,92.8,.388,402.1,-6.991,92.9,.355,401.8,-7.13,92.6,147.3
103,.769,.801,.718,.139
205,164,710,.363,401.8,-7.2,92.5,.383,401.8,-7.16,92.6,.341,401.7,-7.23,92.5,147.3
103,.988,1.029,.918,.257
205,164,720,.333,401.8,-7.23,92.4,.37,401.9,-7.18,92.4,.309,401.7,-7.26,92.3,155.2
103,1.329,1.382,1.232,.434
205,164,730,.357,402,-7.07,92.2,.387,402.1,-6.986,92.3,.312,401.9,-7.16,92.2,152.5
103,1.408,1.465,1.307,.454
205,164,740,.36,402.3,-6.882,92,.382,402.4,-6.802,92.2,.335,402.2,-6.967,92,156.6
103,1.052,1.095,.987,.338
205,164,750,.34,402.5,-6.75,92,.363,402.6,-6.719,92,.314,402.4,-6.773,91.9,150.1
103,.781,.815,.736,.218
205,164,800,.287,402.4,-6.759,91.9,.304,402.6,-6.72,92,.257,402.3,-6.817,91.9,150.6
103,.626,.652,.593,.11
205,164,810,.319,402.4,-6.744,92.1,.354,402.6,-6.708,92.2,.289,402.4,-6.807,91.9,171.2
103,1.022,1.057,.953,.271
205,164,820,.378,402.3,-6.76,92,.399,402.4,-6.733,92.1,.353,402.3,-6.797,91.9,169.9
103,1.206,1.248,1.125,.333
205,164,830,.391,402.2,-6.792,92,.423,402.3,-6.767,92,.341,402.2,-6.832,91.9,165.8
103,1.448,1.495,1.341,.415
205,164,840,.386,402.3,-6.741,92.1,.407,402.4,-6.679,92.3,.352,402.3,-6.778,92,175.3
103,1.584,1.64,1.473,.462
205,164,850,.379,402.3,-6.666,92.4,.417,402.4,-6.649,92.5,.346,402.3,-6.694,92.3,176.9
103,1.617,1.678,1.503,.531
205,164,900,.376,402.4,-6.643,93,.412,402.5,-6.579,93.4,.336,402.3,-6.684,92.6,177.9
103,1.941,2.009,1.797,.715
205,164,910,.4,402.7,-6.502,93.8,.439,402.9,-6.471,94.2,.354,402.5,-6.57,93.4,189.5
103,1.909,1.979,1.771,.636
205,164,920,.343,403.1,-6.371,95,.393,403.4,-6.235,95.6,.286,402.7,-6.471,94.3,198.1
103,2.153,2.225,1.994,.69
205,164,930,.347,403.4,-6.134,96.5,.412,403.6,-6.083,97.2,.305,403.1,-6.219,95.8,212.6
103,2.336,2.412,2.163,.682
205,164,940,.345,403.5,-5.967,98,.394,403.7,-5.852,98.5,.307,403.3,-6.082,97.4,209.2
103,2.541,2.621,2.349,.709
205,164,950,.41,403.8,-5.74,98.9,.451,403.9,-5.685,99.2,.367,403.7,-5.832,98.6,211.7
103,2.256,2.327,2.09,.506
205,164,1000,.364,403.9,-5.614,99.3,.402,404.2,-5.474,99.5,.319,403.7,-5.675,99.2,204.6
103,2.577,2.654,2.384,.607
205,164,1010,.304,404.1,-5.332,99.5,.341,404.3,-5.285,99.5,.283,403.9,-5.421,99.5,223.4
103,2.854,2.939,2.64,.552
205,164,1020,.342,404,-5.383,99.5,.399,404.1,-5.314,99.6,.288,403.8,-5.45,99.5,223.5
103,2.707,2.787,2.51,.353
205,164,1030,.368,403.8,-5.53,99.6,.39,403.9,-5.44,99.6,.346,403.7,-5.577,99.5,236.5
103,2.911,2.997,2.692,.546
205,164,1040,.343,404,-5.478,99.6,.402,404,-5.357,99.7,.3,403.8,-5.572,99.6,238.2
103,3.276,3.37,3.019,.721
205,164,1050,.282,404.2,-5.24,99.5,.333,404.3,-5.099,99.7,.245,404,-5.362,99.4,236.7
103,3.168,3.26,2.929,.499
205,164,1100,.256,404.4,-5.04,99.2,.295,404.5,-5.021,99.4,.205,404.2,-5.056,99.1,226.8
103,3.634,3.734,3.349,.67
205,164,1110,.277,404.5,-5.003,99.1,.301,404.6,-4.88,99.1,.249,404.3,-5.074,99,245.9
103,3.498,3.6,3.224,.738
205,164,1120,.306,404.4,-4.979,98.7,.403,404.6,-4.88,98.9,.234,404.3,-5.186,98.5,238.9
103,4.115,4.221,3.759,1.462
205,164,1130,.319,404.6,-5.024,98.3,.376,404.9,-4.841,98.4,.276,404.4,-5.167,98.1,231.4
103,4.395,4.516,4.037,1.241
205,164,1140,.331,405,-4.759,98,.37,405.2,-4.662,98.1,.304,404.7,-4.86,97.9,219.2
103,4.46,4.578,4.095,.893
205,164,1150,.317,405.1,-4.644,97.8,.356,405.2,-4.613,97.9,.283,404.9,-4.686,97.7,233.2
103,4.258,4.371,3.918,.463
205,164,1200,.302,404.9,-4.68,97.5,.351,404.9,-4.564,97.7,.241,404.7,-4.744,97.3,240.7
103,4.494,4.617,4.136,.666
205,164,1210,.236,405.1,-4.247,96.9,.271,405.3,-4.1,97.2,.21,405,-4.482,96.5,235
103,4.537,4.663,4.174,.534
205,164,1220,.214,405.4,-3.916,96.3,.241,405.6,-3.762,96.5,.183,405.2,-4.095,96.1,235.9
103,4.693,4.813,4.312,.596
205,164,1230,.271,405.6,-3.95,96.1,.325,405.7,-3.719,96.2,.179,405.4,-4.191,96,222.1
103,4.887,5.005,4.48,.507
205,164,1240,.255,406.1,-4.031,96.3,.299,407,-3.651,96.4,.199,405.4,-4.211,96.2,207.8
103,6.531,6.664,5.934,1.828
205,164,1250,.323,406.4,-3.577,95.9,.352,406.7,-3.478,96.2,.282,406,-3.719,95.7,218.7
103,4.535,4.66,4.172,.328
205,164,1300,.317,406,-3.725,95.4,.446,406.6,-3.482,95.6,.252,405.5,-4.013,95.3,200.2
103,4.046,4.146,3.726,-.214
205,164,1310,.34,406.1,-4.004,95.8,.36,406.2,-3.969,96,.326,405.9,-4.027,95.6,211.4
103,5.316,5.445,4.87,.559
205,164,1320,.323,406.4,-3.712,96,.367,406.6,-3.613,96.2,.283,406.1,-3.955,95.6,205.1
103,5.712,5.777,5.143,-.296
205,164,1330,.279,407.2,-3.244,95.4,.338,407.5,-3.131,95.7,.249,406.6,-3.521,95,210.9
103,7.27,7.37,6.576,.785
205,164,1340,.269,407.8,-2.718,94.2,.318,408.5,-2.412,95,.237,407.2,-2.978,93.7,214.3
103,4.3,4.426,3.947,-1.171
205,164,1350,.239,406.9,-2.968,93,.302,407.9,-2.503,93.4,.193,406.1,-3.353,92.7,220
103,5.833,5.914,5.282,-.327
205,164,1400,.263,406.9,-3.103,93.2,.352,407.8,-2.939,93.5,.196,406.2,-3.304,93,230.3
103,5.703,5.766,5.099,-1.819
205,164,1410,.237,406.3,-3.419,93.1,.347,406.8,-3.204,93.2,.165,406,-3.564,92.9,222.4
103,6.04,6.162,5.503,.518
205,164,1420,.247,407.6,-2.774,93,.274,408,-2.671,93.3,.194,407.1,-3.055,92.6,215.8
103,6.237,6.382,5.716,.334
205,164,1430,.214,407.6,-2.729,92.7,.279,408.3,-2.489,92.9,.162,406.8,-2.949,92.5,190.6
103,6.476,6.634,5.919,.296
205,164,1440,.21,408.5,-2.363,92.5,.235,409.7,-2.02,92.6,.16,407.6,-2.513,92.4,205.2
103,6.267,6.367,5.635,-1.138
205,164,1450,.132,409.3,-1.64,91.4,.172,410.7,-1.494,92.3,.085,408.2,-1.809,90.6,204.5
103,4.8,4.875,4.341,-1.257
205,164,1500,.175,408.8,-1.825,90.3,.218,409.5,-1.528,90.6,.136,408.3,-2.125,90.2,204.9
103,6.47,6.477,5.691,-4.2
205,164,1510,.145,409.4,-1.565,89.9,.183,410.1,-1.327,90.3,.089,407.8,-1.781,89.5,203.7
103,6.032,6.109,5.426,-.913
205,164,1520,.161,409.7,-1.314,89,.195,410.5,-1.242,89.3,.109,408.3,-1.389,88.7,202.5
103,6.092,6.207,5.504,-1.922
205,164,1530,.173,410,-1.234,88,.205,410.3,-1.16,88.8,.134,409.2,-1.456,87.5,200
103,5.75,5.818,5.171,-1.703
205,164,1540,.188,409.2,-1.582,87.6,.23,410.2,-1.442,87.8,.136,408.3,-1.786,87.5,189.1
103,5.793,5.935,5.303,-.011
205,164,1550,.202,408.7,-1.882,88,.221,409.9,-1.748,88.2,.175,407.7,-1.968,87.7,197.4
103,6.078,6.204,5.533,.428
205,164,1600,.211,407.5,-2.228,88.6,.264,407.9,-1.982,88.8,.174,407.3,-2.36,88.2,178.3
103,5.686,5.814,5.095,3.518
103,7.9,7.86,6.777,2.231
205,164,1800,2.187,407.9,-2.215,84.4,2.986,408.7,-1.1,88.5,1.556,407,-2.609,81.3,168.6
103,4.943,4.864,4.163,-.497
103,5.062,4.968,4.159,-.366
103,4.143,4.065,3.403,-.833
205,164,2100,2.262,406.7,-3.622,87.9,2.743,407.5,-2.935,89.4,1.85,404.3,-4.696,85.7,99.7
103,3.212,3.137,2.631,-1.429
103,2.336,2.258,1.891,-2.068
103,1.586,.76,1.282,-2.665
205,165,0,4.022,400.9,-7.13,83.3,6.1,403.7,-5.249,85.6,2.655,398.4,-9.14,81.3,95.6
103,.994,.941,.788,-3.631
103,.48,.499,.466,-4.303
103,.138,.299,.307,-4.737
205,165,300,7.24,397.2,-9.88,81.5,7.74,398.2,-9.25,82.1,6.433,395.1,-10.96,80.8,100.6
103,.173,.273,.282,-4.274
103,.366,.371,.387,-4.562