134,1995,139,410,.04587,.03945,.00564,.04211,.78184,-.00673,-4.5675,.09879,-1.3141,.63332,242.26,-8.0629,-7.2433,-6.5271,92.484,93.245,96.476,2.466,3.2318,9.2977,136.37,1.2465,2.1379,-8.2682,-7.7545,-7.2742
134,1995,139,420,.0457,.03945,.00038,.04088,.77562,-.0211,-4.471,.1057,-.98087,.64283,256.44,-8.6725,-7.9138,-7.263,92.013,92.773,96.1,2.503,3.3217,8.56,160.89,1.4557,2.4968,-8.8556,-8.4435,-7.94
134,1995,139,430,.05655,.04685,.00592,.0531,.77776,-.01562,-4.3459,.11934,-.59296,.76475,258.92,-9.3595,-8.6752,-7.9673,91.772,92.686,96.28,2.4763,3.3057,8.8321,160.54,1.4571,2.4996,-9.4308,-8.9392,-8.2433
134,1995,139,440,.07545,.05896,.02115,.06636,.78132,-.00323,-4.3183,.1366,1.5572,2.5048,235.57,-9.5188,-8.8806,-8.1054,92.116,93.115,96.639,2.6537,3.5043,8.6099,160.32,1.4572,2.4996,-9.4303,-8.9841,-8.5304
134,1995,139,450,.14296,.06953,.05814,.08586,.7988,.01288,-4.0169,.15595,20.781,21.74,242.55,-9.5658,-9.0322,-8.3982,92.245,93.217,96.695,2.715,3.571,8.1975,159.51,1.4572,2.4997,-9.3974,-9.0369,-8.6516
126,1995,139,458,.094,.057,.027,.064,.784,-.002,-4.296,.135,10.49,12.45,248,-9.25,-8.61,-7.93,92.1,93,96.5,2.607,3.445,8.55,158.5,1.443,2.475,-9.25,-8.82,-8.34
134,1995,139,500,.18766,.07904,.06292,.08858,.79075,.02488,-4.213,.17748,43.799,49.764,248.5,-9.6175,-9.1186,-8.5255,92.175,93.176,96.698,2.869,3.7756,8.1866,159.06,1.4579,2.5004,-9.528,-9.1602,-8.7815
134,1995,139,510,.26769,.09869,.0874,.10516,.85316,.77174,-3.2862,.20407,83.574,100.98,482.97,-9.6038,-9.1391,-8.5554,92.201,93.241,96.774,2.6017,3.4003,7.8085,157.09,1.4577,2.5012,-9.4162,-9.0925,-8.6623
134,1995,139,520,.33746,.12094,.11689,.13267,.89577,1.9577,-2.8737,.23493,121.89,151.04,849.77,-9.2662,-8.8832,-8.3334,92.498,93.491,96.988,2.7763,3.5723,8.2778,157.85,1.4564,2.4992,-9.0186,-8.6956,-8.3803
134,1995,139,530,.26218,.13673,.105,.16183,.86156,.83683,-3.5432,.27177,57.174,69.46,482.85,-8.3309,-7.9165,-7.2988,93.334,94.474,97.778,2.6563,3.4777,8.9246,157.35,1.4529,2.4921,-7.7904,-7.2439,-6.7465
134,1995,139,540,.36818,.16118,.1813,.1836,.80152,1.2891,-4.3029,.31694,131.34,139.56,622.62,-8.3902,-7.7603,-7.1094,92.668,93.701,97.027,2.5937,3.3617,8.5781,157.09,1.4545,2.4947,-8.4163,-7.8713,-7.4016
134,1995,139,550,.57551,.19823,.29743,.17187,.78744,2.9109,-5.1627,.365,308.34,325.94,1083.9,-7.6844,-7.1275,-6.4713,93.042,93.992,97.081,2.8937,3.7403,8.9185,156.43,1.4519,2.4899,-7.4105,-6.8431,-6.4872
126,1995,139,558,.4,.154,.177,.154,.831,1.734,-4.006,.296,171.7,186.2,760,-8.55,-8.04,-7.43,92.7,93.7,97,2.744,3.56,8.54,157,1.454,2.495,-8.33,-7.87,-7.45
134,1995,139,600,.64935,.22753,.30466,.17959,.78036,2.9433,-5.0655,.41802,380.11,377.02,1147.8,-7.7891,-7.1618,-6.5593,92.181,92.945,96.147,3.0421,3.9024,8.8133,154.9,1.4528,2.4918,-7.7567,-7.2459,-6.8453
134,1995,139,610,.73921,.27161,.3234,.20015,.77911,1.203,-4.9366,.4791,457,428.98,1182.9,-7.8372,-7.1927,-6.6165,91.875,92.601,95.816,2.9217,3.7497,9.0868,156.31,1.4532,2.4923,-7.8176,-7.2556,-6.7979
134,1995,139,620,.83064,.31634,.34583,.21939,.78235,1.163,-4.807,.54713,339.42,236.84,897.84,-8.0869,-7.4418,-6.8801,91.458,92.196,95.346,2.7737,3.5417,8.8768,157.8,1.454,2.494,-8.1083,-7.6717,-7.3231
134,1995,139,630,.93102,.36398,.37428,.24066,.78386,1.0241,-4.6483,.62228,312.26,257.28,305.89,-8.4991,-7.9358,-7.4071,90.82,91.742,94.908,2.7523,3.515,8.701,157.98,1.4559,2.4965,-8.6172,-8.2562,-7.9408
134,1995,139,640,1.0532,.42806,.42231,.27056,.79601,.37589,-4.4521,.70526,663.61,582.18,263.09,-8.1528,-7.6832,-7.1685,91.217,92.207,95.265,2.867,3.6243,9.1651,157.71,1.4543,2.4949,-8.1087,-7.6691,-7.3691
134,1995,139,650,1.1627,.4872,.45964,.28986,.79931,.10276,-4.2251,.79657,713.78,595.89,270.53,-8.0977,-7.5987,-7.1735,90.852,91.763,94.994,2.943,3.7203,9.6337,158,1.4544,2.4949,-8.1017,-7.665,-7.3891
126,1995,139,658,.98,.394,.399,.252,.79,.732,-4.555,.66,534.9,446.2,557.2,-8.11,-7.55,-7.04,91.2,92,95.2,2.927,3.716,9.24,157.4,1.454,2.494,-8.13,-7.69,-7.36
134,1995,139,700,1.2772,.55325,.50346,.31262,.80598,.07673,-4.0947,.89413,800.71,621.53,273.54,-7.9981,-7.4825,-7.0994,90.689,91.495,94.812,3.3186,4.1635,10.083,157.18,1.4545,2.4949,-8.0727,-7.7031,-7.4177
134,1995,139,710,1.3985,.62253,.54471,.33053,.80048,.06423,-3.998,1.0041,881.11,658.1,278.43,-8.2851,-7.7186,-7.3776,90.137,90.918,94.381,2.839,3.579,8.855,157.42,1.4557,2.4978,-8.5233,-8.2739,-7.9521
134,1995,139,720,1.53,.702,.5937,.35925,.80974,.06736,-3.7929,1.1219,940.28,673.74,277.88,-8.1971,-7.7496,-7.4086,90.203,91.045,94.516,3.0843,3.863,9.2802,158.47,1.4554,2.4955,-8.1452,-7.8315,-7.5625
134,1995,139,730,1.6615,.78628,.64796,.38807,.81237,.07157,-3.7089,1.2487,977.18,550.34,280.42,-7.6444,-7.2025,-6.8553,90.338,91.118,94.471,3.4017,4.1803,10.066,158.24,1.4537,2.4942,-7.6943,-7.3928,-7.1864
134,1995,139,740,1.7798,.86559,.69191,.40945,.81018,.06111,-3.5746,1.3838,850.25,318.57,278.45,-7.7528,-7.2859,-6.9958,89.665,90.355,93.904,3.271,4.0377,10.61,158.53,1.4542,2.4949,-7.8119,-7.5273,-7.3514
134,1995,139,750,1.9143,.95799,.74688,.44425,.81627,.06516,-3.4083,1.5272,528.96,96.448,285.2,-7.2819,-6.8799,-6.5828,89.893,90.521,93.943,4.0163,4.911,11.761,159.2,1.453,2.4925,-7.2234,-6.9415,-6.8012
126,1995,139,758,1.697,.816,.661,.396,.81,.065,-3.654,1.304,754,403.9,281.3,-7.74,-7.27,-6.957,90,90.7,94.2,3.442,4.249,10.33,158.3,1.454,2.495,-7.79,-7.5,-7.29
134,1995,139,800,2.0288,1.0473,.79466,.4701,.81427,.05994,-3.3072,1.679,204.11,10.582,291.98,-7.0893,-6.6428,-6.3787,89.46,89.952,93.525,4.3066,5.2302,11.798,158.21,1.4527,2.4918,-7.1305,-6.8527,-6.7389
134,1995,139,810,2.1499,1.1446,.85178,.59591,.81211,.05891,-3.2111,1.8459,31.194,5.6802,305.93,-7.0078,-6.5511,-6.3194,89.015,89.464,93.027,4.1377,4.9897,11.528,159.18,1.4525,2.4922,-7.0499,-6.7729,-6.7352
134,1995,139,820,2.2682,1.243,.9101,2.0023,.81212,.05825,-3.1515,2.0196,18.022,4.9487,314.92,-6.902,-6.4549,-6.2255,88.691,89.08,92.69,4.2363,5.1003,11.6,160.09,1.4525,2.4913,-6.9495,-6.8201,-6.6388
134,1995,139,830,2.3805,1.3442,.97166,2.598,.81132,.0611,-3.1345,2.2012,16.42,4.3613,316.95,-6.7343,-6.3049,-6.073,88.562,88.898,92.475,4.063,4.8883,11.276,160.76,1.4522,2.4909,-6.7776,-6.5986,-6.5055
134,1995,139,840,2.4875,1.4433,1.0339,2.7243,.8129,.06378,-3.0473,2.3893,15.151,4.0898,314.77,-6.6463,-6.1991,-5.965,88.359,88.712,92.315,3.4137,4.087,10.069,161.47,1.4521,2.4913,-6.8455,-6.6302,-6.5632
134,1995,139,850,2.6123,1.5436,1.0954,2.8553,.8118,.06093,-2.8873,2.581,14.237,3.8349,303.16,-6.6106,-6.2952,-5.9211,88.288,88.959,92.35,3.1523,3.8257,9.2339,161.84,1.4519,2.4913,-6.8924,-6.6401,-6.5671
126,1995,139,858,2.42,1.377,.993,2.224,.812,.06,-3.044,2.27,19.89,4.502,310.2,-6.744,-6.356,-6.066,88.6,89.1,92.6,3.779,4.557,10.63,160.7,1.452,2.491,-6.88,-6.661,-6.576
134,1995,139,900,2.7468,1.6478,1.1629,2.9966,.81213,.05797,-2.7376,2.7747,13.656,3.6633,303.63,-6.4557,-6.258,-5.7878,88.341,89.276,92.419,3.4505,4.1845,9.6935,161.59,1.4516,2.4901,-6.6991,-6.4758,-6.4256
134,1995,139,910,2.8777,1.7531,1.2296,3.1313,.8136,.0543,-2.5893,2.9801,13.172,3.8126,298.16,-6.5149,-6.1233,-5.8363,88.213,89.046,92.339,2.875,3.4643,9.3818,162.46,1.4523,2.4916,-6.9274,-6.7999,-6.6945
134,1995,139,920,3.0203,1.8617,1.3011,2.1023,.81043,3.5526,-2.4414,3.1855,802.64,617.24,956.16,-6.2227,-5.8515,-5.6245,88.672,89.449,92.864,3.2497,3.9617,11.096,163.35,1.4513,2.4894,-6.4324,-6.2477,-6.2612
134,1995,139,930,3.1731,1.9758,1.3786,.60986,.80175,6.8849,-2.409,3.3959,1558.5,1223.8,1583.3,-5.9709,-5.5609,-5.3428,89.382,90.118,93.56,3.2323,3.891,11.197,163.55,1.4505,2.4889,-6.2201,-6.0212,-6.0671
134,1995,139,940,3.3273,2.0855,1.4543,.62624,.80137,6.9702,-2.3465,3.6083,1580.1,1268.6,1600.4,-5.779,-5.3664,-5.1518,89.509,90.285,93.819,3.0777,3.6723,10.77,164.26,1.4504,2.488,-6.1148,-5.9248,-5.9514
134,1995,139,950,3.4727,2.194,1.5294,.6394,.80017,7.0644,-2.307,3.8317,1620.9,1284.9,1623.1,-5.7265,-5.2898,-5.0614,88.927,89.659,93.275,2.715,3.2417,9.1433,165.4,1.4507,2.4892,-6.2552,-6.109,-6.0873
126,1995,139,958,3.224,2.01,1.402,1.359,.805,5.082,-2.397,3.472,1161,913,1246,-6.005,-5.607,-5.37,88.9,89.6,93.1,3.031,3.65,10.18,164,1.451,2.489,-6.364,-6.199,-6.189
134,1995,139,1000,3.6242,2.3028,1.5925,.64989,.80296,7.1223,-2.1989,4.0542,1664.7,1294.6,1631.5,-5.6685,-5.2951,-5.0708,88.42,89.228,92.851,2.9831,3.5726,9.436,165.44,1.4503,2.4882,-6.1011,-5.9467,-5.9366
134,1995,139,1010,3.7668,2.4118,1.6666,.67108,.8098,6.5978,-2.1227,4.287,1692.2,1290.5,1589,-5.4124,-5.0577,-4.8181,87.873,88.646,92.234,2.775,3.3123,9.1129,166.07,1.4496,2.4875,-5.8654,-5.7276,-5.6892
134,1995,139,1020,3.9115,2.5223,1.7395,.68904,.80775,5.167,-2.0912,4.523,1689.6,1297.5,1235,-5.1836,-4.8499,-4.6127,87.631,88.36,91.852,3.1243,3.7163,9.7937,167.51,1.4491,2.4858,-5.556,-5.4412,-5.4449
134,1995,139,1030,4.0587,2.6338,1.8168,.70413,.808,3.4622,-2.0751,4.7601,1687.5,1333,613.69,-5.0338,-4.6957,-4.4759,87.603,88.328,91.798,3.107,3.7123,9.9927,168.12,1.4487,2.4861,-5.425,-5.3281,-5.341
134,1995,139,1040,4.1943,2.7409,1.8909,.72016,.8054,1.9002,-2.0806,4.9903,1676.4,1363.7,362.17,-4.8712,-4.5369,-4.3162,87.884,88.648,92.085,2.9483,3.491,9.6585,168.86,1.4484,2.4856,-5.3507,-5.2533,-5.2701
134,1995,139,1050,4.2332,2.793,1.8943,1.0056,.82538,.80697,-1.957,5.1713,1497.5,1198.2,363.49,-4.7045,-4.3802,-4.1768,88.351,89.155,92.597,3.0563,3.5497,10.249,169.29,1.448,2.4845,-5.1727,-5.0861,-5.1385
126,1995,139,1058,3.993,2.607,1.774,.974,.834,3.238,-1.763,4.781,1503,1175,793,-4.978,-4.645,-4.425,88.1,88.9,92.3,2.977,3.521,9.82,168,1.449,2.486,-5.403,-5.301,-5.317
134,1995,139,1100,3.7998,2.5727,1.6318,2.4751,1.0021,.31633,.55165,5.1255,505.62,356.38,382.53,-4.4058,-4.1063,-3.9158,89.743,90.56,93.826,2.6803,3.127,10.44,169.69,1.4466,2.4833,-4.7836,-4.7191,-4.7934
134,1995,139,1110,3.7214,2.6822,1.6991,3.0326,1.0874,.18164,1.7559,5.3066,270.65,179.83,366.42,-3.748,-3.4336,-3.3149,93.059,93.829,96.579,2.4657,2.8817,12.381,170.28,1.4445,2.4801,-4.0728,-4.0667,-4.1924
134,1995,139,1120,3.8448,2.7256,1.7265,3.1736,1.0914,.14822,2.0884,5.4589,214.84,137.61,367.12,-3.0763,-2.7031,-2.6697,93.978,94.823,97.695,2.3337,2.6883,12.713,171.71,1.443,2.4777,-3.5659,-3.5675,-3.7918
134,1995,139,1130,3.8372,2.7206,1.6966,3.2769,1.1213,.0964,2.6382,5.5704,132.03,81.96,374.09,-2.7995,-2.3721,-2.3268,94.183,94.992,97.934,2.291,2.583,11.716,172.88,1.4426,2.477,-3.3886,-3.4083,-3.5855
134,1995,139,1140,3.7484,2.7192,1.6738,3.3129,1.1369,.0711,2.3666,5.6715,100.21,61.738,386.72,-2.5245,-2.0485,-2.0179,94.704,95.432,98.38,2.0683,2.3257,11.981,174.41,1.4419,2.4763,-3.2168,-3.2162,-3.397
134,1995,139,1150,3.9758,2.8895,1.7981,3.4968,1.143,.06189,2.6848,5.945,100.89,60.475,387.26,-2.2678,-1.7027,-1.8657,94.718,95.417,98.415,2.0123,2.259,13.521,175.68,1.4418,2.476,-3.1755,-3.2179,-3.4109
126,1995,139,1158,3.867,2.778,1.735,3.302,1.12,.107,2.411,5.66,156.6,99.6,377.1,-2.809,-2.362,-2.372,94.1,94.9,97.8,2.221,2.532,12.54,173.3,1.443,2.477,-3.437,-3.461,-3.642
134,1995,139,1200,4.0601,2.9496,1.8173,3.6087,1.1552,.04569,2.8785,6.1516,72.5,42.403,385.77,-2.0042,-1.4174,-1.6208,94.702,95.29,98.347,2.2281,2.533,13.453,176.49,1.4414,2.4756,-2.8937,-3.0095,-3.2148
134,1995,139,1210,4.1228,3.0066,1.8347,3.7021,1.1653,.0495,2.9903,6.2861,53.374,31.037,393.22,-1.8708,-1.1973,-1.4415,94.434,95.029,98.236,1.8217,2.0203,12.92,177.44,1.4416,2.4756,-2.9318,-3.008,-3.2202
134,1995,139,1220,4.196,3.0637,1.8843,3.7047,1.1698,.05136,2.9165,6.4197,66.746,36.512,393.64,-1.3548,-.54737,-1.0288,93.729,94.273,97.758,1.6963,1.8683,13.798,179.26,1.4412,2.4769,-2.8704,-2.9921,-3.1934
134,1995,139,1230,4.4254,3.2562,2.045,3.7356,1.1349,.06817,2.4758,6.627,101.27,52.68,399.88,-1.3438,-.34733,-.86384,92.892,93.262,97.008,1.531,1.6817,13.286,181,1.4416,2.4762,-2.9438,-3.0499,-3.277
134,1995,139,1240,4.4618,3.2276,1.941,4.0223,1.193,.03225,3.4786,6.881,28.129,16.545,400.8,-.77395,.11612,-.64155,92.104,92.395,96.33,1.5963,1.7337,16.01,182.26,1.4411,2.4749,-2.8123,-2.9125,-3.1135
134,1995,139,1250,5.3646,3.8992,2.5515,4.001,1.1071,.09713,3.0924,7.3652,121.98,76.105,408.05,-.64318,.60796,-.15342,90.997,90.891,95.335,1.567,1.7097,13.281,183.91,1.4411,2.4754,-2.6757,-2.8561,-3.1372
126,1995,139,1258,4.426,3.223,2.001,3.777,1.147,.059,2.621,6.669,69.18,40.12,399.8,-1.09,-.122,-.704,92.4,92.7,96.6,1.644,1.81,13.89,181.3,1.441,2.476,-2.84,-2.965,-3.196
134,1995,139,1300,4.3103,3.0986,1.9011,3.7048,1.1184,.05342,1.3533,6.7307,45.917,30.561,405.92,-.34302,.90787,.07663,89.376,89.289,93.973,1.6007,1.7649,14.338,184.25,1.4409,2.4757,-2.7414,-2.9575,-3.2321
134,1995,139,1310,6.1105,4.322,2.932,3.3366,1.0266,2.2186,2.1422,7.8591,704.42,560.59,691.94,-.27601,.82997,-.1392,89.124,88.812,93.585,1.803,1.9843,15.378,185.67,1.4415,2.4755,-2.5996,-2.8799,-3.2204
134,1995,139,1320,4.1342,3.0076,1.8062,3.3788,1.0966,.45664,-.13261,6.7394,169.67,124.63,458.25,-.02911,1.2122,.28379,87.665,87.339,92.57,1.0563,1.1163,15.077,188.38,1.4413,2.4759,-2.7663,-2.8407,-3.2145
134,1995,139,1330,5.0877,3.6061,2.281,4.3501,1.1543,.29824,3.3776,7.5483,140.72,91.674,429.37,.57718,2.112,.99316,85.517,85.138,90.286,1.3723,1.4897,14.629,189.79,1.441,2.4746,-2.5585,-2.5911,-2.9721
134,1995,139,1340,6.3267,4.4516,2.9523,3.8901,1.0969,2.644,3.8479,8.2825,735.03,606.01,790.04,-.04824,1.6526,.7634,86.318,85.509,90.308,1.4777,1.611,12.582,191.04,1.4412,2.4749,-2.3861,-2.4325,-2.7482
134,1995,139,1350,5.3755,3.8516,2.4972,3.2864,1.0139,2.0284,.06152,7.6172,638.9,506.74,671.72,.17829,1.9747,1.0599,85.612,85.091,89.754,1.423,1.5537,13.55,192.44,1.4413,2.4759,-2.4473,-2.6044,-2.9035
126,1995,139,1358,5.431,3.863,2.501,3.701,1.08,1.461,1.975,7.64,463.7,364.9,597.2,.051,1.583,.623,86.7,86.3,91.2,1.452,1.579,14.15,189.8,1.441,2.476,-2.559,-2.674,-3.004
134,1995,139,1400,5.5172,3.916,2.5308,3.8547,1.0837,1.3279,2.0883,7.8107,455.33,347.85,565.13,-.04526,1.8963,.99743,85.568,85.004,89.786,1.3733,1.487,13.193,193.22,1.4418,2.4768,-2.5781,-2.6189,-2.8878
134,1995,139,1410,6.0526,4.2389,2.8557,3.3121,1.0327,2.9387,2.385,8.1367,838.57,692.86,841.92,-.00719,1.9622,1.1884,85.382,84.954,89.553,1.4017,1.5537,12.819,194.67,1.4417,2.4766,-2.5208,-2.6547,-2.9178
134,1995,139,1420,5.9879,4.1566,2.8139,2.4064,.9298,4.1949,.79385,8.1358,1156.2,975.33,1171.9,-.42371,1.323,.71568,85.757,85.381,89.825,1.5897,1.735,11.314,196.42,1.4416,2.4764,-2.4744,-2.6042,-2.9122
134,1995,139,1430,5.697,4.0171,2.6114,3.5124,1.0327,1.99,2.3133,8.0503,623.31,497.01,804.39,-.56794,.99676,.46489,86.413,86.167,90.423,1.643,1.7923,11.876,196.61,1.4412,2.4752,-2.3953,-2.5054,-2.8749
134,1995,139,1440,6.0202,4.2254,2.8229,2.7547,.96411,3.9107,2.5481,8.2546,1046.9,883.35,927.74,-.76223,.62786,.33989,87.069,87.06,90.986,1.5697,1.7057,11.494,197.69,1.441,2.4753,-2.4323,-2.5551,-2.8143
134,1995,139,1450,6.4335,4.5136,3.0965,2.1844,.93692,5.5562,2.8187,8.5169,1413.6,1224.3,996.44,.02042,1.5338,1.0279,85.974,86.207,90.371,1.187,1.299,11.844,197.76,1.4414,2.4762,-2.3225,-2.3966,-2.6993
126,1995,139,1458,6.046,4.228,2.847,2.787,.977,3.785,2.245,8.23,1033,869,916,-.251,1.445,.888,85.8,85.7,90,1.442,1.573,11.9,196.6,1.441,2.476,-2.426,-2.532,-2.82
134,1995,139,1500,6.2141,4.3073,2.9562,2.2615,.93518,4.7932,2.882,8.3877,1274.4,1083.5,774.9,.2668,2.3117,1.7214,83.861,84.033,88.158,1.3228,1.4154,11.927,197.2,1.4413,2.4766,-2.4092,-2.4837,-2.6791
134,1995,139,1510,6.2715,4.3246,3.0046,1.5019,.88366,6.5558,3.4543,8.4041,1608.5,1414.5,687.77,.41108,2.2661,1.7565,83.813,84.247,88.019,1.0843,1.1723,11.901,197.57,1.4408,2.4749,-2.1292,-2.1955,-2.4684
134,1995,139,1520,6.1527,4.1819,3.0023,1.2441,.88217,6.7846,2.861,8.3228,1650,1458.2,847.75,2.8731,4.2824,3.7978,78.304,79.627,82.162,.53233,.57767,11.968,199.12,1.4405,2.4737,-1.7636,-1.785,-1.9186
134,1995,139,1530,6.2873,4.2537,3.1055,.76209,.85775,8.234,4.3096,8.2648,1907.3,1705.1,1797.4,5.4395,7.1171,6.6328,67.576,68.6,67.98,.48967,.48167,11.969,199.13,1.4405,2.4732,-.91972,-1.1424,-.80388
134,1995,139,1540,6.4044,4.3811,3.1561,1.5281,.93931,7.07,7.3956,8.269,1674.8,1461.2,1565.8,7.2433,9.1312,8.8175,58.505,55.219,54.934,.53367,.53233,11.964,199.6,1.4404,2.4713,-.09395,-.53793,.59801
134,1995,139,1550,6.6428,4.5957,3.091,4.0105,1.058,2.8097,7.2506,8.4727,815.83,655.8,876.88,4.647,6.1517,5.9873,63.068,53.836,60.341,1.5363,1.691,23.233,202.18,1.4397,2.4712,.22638,-.25837,-.74839
126,1995,139,1558,6.257,4.288,2.992,2.222,.953,5.462,5.04,8.3,1341,1169,1066,3.7,5.226,4.858,71,68.18,71.4,.974,1.047,16.47,199.9,1.44,2.473,-.987,-1.264,-1.234
134,1995,139,1600,5.6937,3.9092,2.5022,4.9252,1.1466,.2165,5.3913,8.0114,121.15,83.486,557.73,1.6186,2.1156,1.9274,73.781,65.328,73.897,1.6793,1.8393,31.469,202.95,1.4405,2.4729,-1.0086,-1.4863,-1.9598
134,1995,139,1610,5.568,3.8879,2.4129,4.9269,1.1733,.17879,5.4879,8.016,113.78,75.724,555.24,.48636,2.9179,1.7128,79.706,70.328,81.266,1.499,1.6497,20.531,203.07,1.4404,2.474,-1.1218,-.77437,-1.2414
134,1995,139,1620,5.5948,3.9459,2.4561,5.0879,1.2215,.12943,5.6139,8.1014,69.362,42.606,538.64,1.497,5.1794,3.8041,78.48,64.919,76.742,.97767,1.0443,11.413,203.84,1.4401,2.4739,-.21282,-.30635,.25024
134,1995,139,1630,6.5626,4.4852,3.0365,4.8177,1.1779,1.4402,8.3885,8.5177,458.3,358.93,578.13,2.4078,4.1891,3.741,75.849,62.21,72.913,1.039,1.1377,32.519,203.5,1.4399,2.4755,-.36011,-.84397,-1.0074
134,1995,139,1640,6.754,4.593,3.2269,4.5697,1.1718,1.9391,8.6722,8.487,610.11,484.18,590.48,4.0084,4.0339,3.9407,72.486,64.023,71.232,.94433,.95767,30.736,203.84,1.4393,2.4753,-1.018,-1.4389,-1.5859
134,1995,139,1650,6.104,4.1024,2.9034,3.5695,1.0909,2.62,6.8303,7.8548,744.88,613.98,578.26,4.0128,3.3489,4.0835,70.917,65.145,69.876,.991,1.0817,29.294,205.27,1.4389,2.4733,-.49952,-1.0139,-1.0335
126,1995,139,1658,6.101,4.191,2.811,4.391,1.147,1.562,6.95,8.13,473.2,380.2,568.8,2.51,4.014,3.616,75,65.37,73.8,1.09,1.169,25.69,204.1,1.44,2.474,-.64,-.865,-.868
134,1995,139,1700,5.7286,3.9266,2.7085,2.9066,1.0103,3.2589,5.7895,7.5003,907.17,755.41,574.59,2.7842,5.0801,5.095,71.249,64.688,68.576,1.08,1.1361,29.597,205.56,1.4397,2.4733,-.75935,-.89283,-.5813
134,1995,139,1710,5.5937,3.7834,2.6058,2.9777,.99988,2.8799,6.403,7.4719,826.9,689,566.09,1.6777,4.5142,4.3398,72.706,67.623,68.874,1.0017,1.1003,34.65,206.17,1.4399,2.4719,-1.3255,-1.4579,-1.3988
134,1995,139,1720,4.4893,3.1442,2.0745,3.1251,1.0741,1.3663,4.2134,6.7306,393.69,320.18,552.97,3.7193,5.6442,5.6815,69.682,66.738,66.925,.49633,.51367,35.596,207.4,1.44,2.4716,-.91675,-1.0231,-.85455
134,1995,139,1730,4.0035,2.7656,1.7483,3.566,1.1304,.15819,2.4859,6.4439,50.199,30.817,533.12,5.4581,6.6128,5.5174,65.314,63.555,62.169,.62567,.663,35.597,207.64,1.4402,2.4705,-1.3585,-1.3726,-1.5212
134,1995,139,1740,5.0974,3.5334,2.3549,3.3401,1.067,1.4833,2.5808,6.99,541.96,446.81,547.88,5.104,4.825,5.001,65.956,64.191,62.413,.92167,1.035,35.084,207.72,1.4398,2.4707,-.43279,-.73121,-.93604
134,1995,139,1750,4.5087,3.1058,2.0494,2.3157,.91266,1.6128,2.4955,6.4798,705.87,576.24,550.28,2.7044,4.1946,3.8309,69.418,63.622,67.112,1.2897,1.475,34.545,207.06,1.4398,2.4709,.16827,-.09283,-.52205
126,1995,139,1758,4.925,3.383,2.278,2.909,1.021,1.788,4.552,6.893,640.9,542.2,548.9,3.53,5.008,4.64,69.07,64.91,66.22,.896,.989,34.87,206.9,1.44,2.471,-.723,-.889,-1.033
134,1995,139,1800,5.9761,4.0532,2.9142,2.0362,.93232,3.3908,9.8202,7.2527,1421.8,1276.2,541.83,2.6599,3.8219,3.0698,71.179,63.572,70.311,1.0856,1.2091,34.095,205.23,1.4402,2.4708,-.40786,-.61205,-.98199
134,1995,139,1810,3.8832,2.6531,1.723,2.3762,.92416,.60454,1.2438,6.0632,416.17,321.18,547.33,1.9947,1.7031,1.9406,72.546,68.266,71.693,1.5937,1.7563,30.123,204.73,1.4403,2.471,-1.062,-1.3068,-1.6894
134,1995,139,1820,4.6034,3.157,2.1518,1.9612,.87967,1.1208,4.0841,6.3302,907.09,787.95,548.66,.71547,1.2718,.98395,77.085,71.528,77.872,1.4843,1.6603,31.434,204.81,1.4401,2.471,-.35105,-.85065,-1.3075
134,1995,139,1830,4.082,2.6789,1.8731,2.0438,.89027,1.2197,2.1805,5.9984,658.81,527.82,574.01,.53247,.57085,.72464,78.498,73.707,80.655,1.3617,1.5163,30.406,203.53,1.4405,2.4715,-.99165,-1.3176,-1.5554
134,1995,139,1840,4.3609,2.9351,2.0482,1.5413,.84691,4.1273,3.1412,6.03,1113.3,921.93,1165.8,.07377,1.0266,.48966,79.632,73.658,82.395,1.5817,1.791,32.533,202.48,1.4407,2.472,-.52586,-.84334,-1.4152
134,1995,139,1850,5.3867,3.6773,2.6254,2.1336,.9462,5.4725,7.6024,6.5399,1367.6,1174.8,1049.8,.36839,1.2356,.63499,80.253,73.182,84.067,1.527,1.7457,31.881,200.99,1.4407,2.4724,-.32508,-.88006,-1.286
126,1995,139,1858,4.495,3.047,2.101,2.147,.915,2.433,3.802,6.186,857,712,752,.744,1.096,.936,77.8,72.2,79.8,1.539,1.724,31.24,202.8,1.441,2.472,-.735,-1.138,-1.526
134,1995,139,1900,4.6938,3.2105,2.2043,3.019,1.031,2.04,5.0102,6.0825,634.84,498.99,624.49,.36908,.36762,.43097,80.468,74.807,84.654,1.7256,1.9319,30.77,199.04,1.4409,2.473,-1.1619,-1.6515,-1.9376
134,1995,139,1910,4.1373,2.831,1.935,2.7043,1.0038,1.6552,3.0035,5.5611,524.39,412.57,588.62,.16006,.40393,.30582,81.53,76.943,86.2,1.4043,1.5763,30.899,198.37,1.4412,2.4732,-.4906,-1.0436,-1.2936
134,1995,139,1920,4.1532,2.8326,1.9663,2.6548,.9944,1.7286,3.2409,5.4626,577.3,462.64,585.67,.39679,1.2938,.74369,80.441,74.93,85.516,1.5083,1.743,32.411,198.67,1.4411,2.473,-.57092,-.82238,-1.3601
134,1995,139,1930,3.7344,2.5605,1.731,2.7314,1.0267,.83129,2.772,5.211,356.06,267.21,578.99,.24204,1.5295,.57454,80.716,72.812,85.856,1.3923,1.547,33.127,198.56,1.4412,2.4731,-.8441,-1.0098,-1.5393
134,1995,139,1940,4.8238,3.2965,2.4125,1.5961,.88445,2.9752,4.714,5.487,1469.2,1311.4,572.2,.27825,2.0713,.71103,80.477,72.128,85.889,1.3177,1.4497,33.77,197.62,1.4414,2.4736,-.13909,-.29301,-.68306
134,1995,139,1950,3.8848,2.6446,1.9114,.8279,.79011,1.477,1.3449,4.8862,1454.8,1310.2,570.22,.50108,3.4405,1.541,79.76,68.616,84.792,1.479,1.6803,35.139,197.27,1.4413,2.4732,-.8817,-.47322,-1.0282
126,1995,139,1958,4.131,2.812,1.987,1.935,.921,1.612,2.864,5.266,970,846,589.1,.284,1.935,.842,80.6,72.3,85.4,1.452,1.639,33.2,197.8,1.441,2.473,-.625,-.743,-1.251
134,1995,139,2000,3.8731,2.5578,1.8957,.56472,.76747,1.939,1.2869,4.7296,1657.4,1516.1,820.66,.04726,3.359,1.2828,80.343,66.498,83.646,1.5768,1.8098,34.513,195.9,1.4417,2.4734,-.7746,-.65507,-1.5055
134,1995,139,2010,3.7123,2.4031,1.8266,.51758,.76917,6.8599,1.2832,4.5144,1553.4,1377.4,1721.3,-.07897,3.1714,1.1254,80.685,66.6,84.451,1.499,1.687,18.399,195.24,1.4412,2.4728,-.94811,-.63293,-1.1616
134,1995,139,2020,3.5653,2.4059,1.7532,.50654,.76909,7.4058,.86478,4.3053,1672.2,1478.3,1869.3,-.07873,3.5433,1.689,80.582,65.819,83.17,1.5243,1.739,34.202,195.82,1.4411,2.4722,-1.018,-.58466,-1.0674
134,1995,139,2030,3.4118,2.314,1.6705,.49331,.76855,7.3515,.78124,4.0954,1648.1,1465.4,1871.5,.10292,4.5244,2.7147,80.153,64.329,78.261,1.5617,1.7777,.70105,194.76,1.4409,2.4725,-1.1559,-.91595,-1.0295
134,1995,139,2040,3.2499,2.2201,1.5884,.48272,.76826,7.2748,.62666,3.8861,1619.4,1440.8,1869.2,.30866,5.471,3.4029,79.372,62.859,71.829,1.635,1.895,1.5954,194.23,1.441,2.4728,-1.327,-1.3335,-1.2706
134,1995,139,2050,3.0844,2.1228,1.509,.47312,.76776,7.1839,.36588,3.6801,1590,1412,1866.6,.1651,5.1099,3.2714,78.867,63.388,69.968,1.7017,2.011,2.3844,193.39,1.4412,2.473,-1.5364,-1.6673,-1.6216
126,1995,139,2058,3.352,2.263,1.644,.491,.769,7.21,.705,4.029,1611,1431,1840,.075,4.303,2.446,79.8,64.84,76.9,1.586,1.843,10.87,194.3,1.441,2.473,-1.233,-1.109,-1.309
134,1995,139,2100,2.9265,2.024,1.4381,.45692,.76685,7.0951,.09377,3.4775,1560,1392.4,1863,.02474,4.0686,2.7217,78.907,66.208,71.549,1.6456,2.047,2.8425,191.74,1.4414,2.4733,-1.5454,-1.7676,-1.8345
134,1995,139,2110,2.7723,1.9345,1.3665,.43955,.7497,6.994,-.26095,3.2722,1531.4,1373.8,1861,-.41202,2.4989,1.8413,79.146,69.73,74.004,1.7083,2.0963,4.1056,190.5,1.4416,2.4734,-1.7209,-2.0375,-2.031
134,1995,139,2120,2.6183,1.835,1.3003,.41253,.7531,6.909,-.66588,3.0723,1501.8,1357,1856.4,-.22824,2.476,1.9469,79.16,71.067,74.902,1.4617,1.7737,3.1976,190.69,1.4416,2.4735,-1.7199,-1.9403,-1.9507
134,1995,139,2130,2.4644,1.7328,1.2286,.38572,.75284,6.801,-1.0617,2.8742,1470.1,1327.6,1850.1,-.32657,2.2648,1.8162,79.071,71.75,75.283,1.3457,1.7217,3.2673,189.78,1.4418,2.4738,-1.8153,-2.0637,-2.0799
134,1995,139,2140,2.3119,1.6299,1.158,.36477,.75456,6.69,-1.4639,2.6805,1435.2,1298.7,1841.9,-.29709,2.2819,1.8308,78.982,72.265,75.677,1.1763,1.5803,3.3098,188.97,1.442,2.4741,-1.9124,-2.137,-2.1221
134,1995,139,2150,2.158,1.5244,1.0856,.34169,.75672,6.5681,-1.885,2.4915,1396.6,1262.4,1833.8,-.31978,2.326,1.9615,78.932,72.553,75.721,1.0657,1.395,3.3061,188.41,1.4424,2.4745,-2.0746,-2.3128,-2.2356
126,1995,139,2158,2.416,1.696,1.204,.382,.754,6.753,-1.19,2.817,1455,1313,1846,-.331,2.376,1.897,79,71.6,75.1,1.342,1.701,3.412,189.4,1.442,2.474,-1.905,-2.155,-2.128
134,1995,139,2200,2.0111,1.4219,1.0098,.32191,.75499,6.4362,-2.2232,2.3113,1358.8,1223,1828,-.4908,2.1261,1.8358,78.978,73.106,75.98,1.1951,1.5109,3.3094,187.1,1.4428,2.4752,-2.3227,-2.5595,-2.4449
134,1995,139,2210,1.8644,1.3215,.93164,.30719,.74967,6.2686,-2.4785,2.1323,1314.8,1170.7,1818.8,-.95722,1.2773,1.0132,79.485,74.804,77.96,1.3177,1.6297,3.2986,186.8,1.4434,2.4762,-2.6496,-2.8634,-2.6869
134,1995,139,2220,1.7301,1.2317,.86329,.3003,.75022,6.1171,-2.6446,1.9667,1271.2,1133.2,1805.9,-1.4413,.32468,.089,80.299,77.26,81.028,1.3083,1.6683,3.2887,186.9,1.4439,2.4769,-2.901,-3.0875,-2.8859
134,1995,139,2230,1.5965,1.1405,.7991,.28984,.74957,5.9627,-2.809,1.8058,1221.4,1096.5,1794.5,-1.8338,-.34436,-.55009,80.846,79.35,83.327,1.3083,1.707,3.2879,186.44,1.4448,2.478,-3.2823,-3.3548,-3.0601
134,1995,139,2240,1.4726,1.0541,.73481,.28006,.74838,5.7818,-3.027,1.6524,1166.8,1054.1,1805.5,-2.3549,-1.196,-1.4079,81.566,81.596,85.442,1.5963,2.015,4.4877,185.43,1.4454,2.4791,-3.6016,-3.6154,-3.3504
134,1995,139,2250,1.3533,.97064,.67307,.27288,.74783,5.5999,-3.2998,1.5089,1112.3,1011.9,1762.7,-3.0078,-2.0717,-2.2001,82.24,82.984,86.573,1.8817,2.3163,6.3281,185.1,1.4461,2.48,-3.9155,-3.9373,-3.7501
126,1995,139,2258,1.564,1.117,.78,.288,.749,5.887,-2.933,1.766,1199,1079,1790,-2.106,-.658,-.848,81.1,79.7,83.4,1.541,1.942,4.459,185.8,1.445,2.478,-3.383,-3.47,-3.253
134,1995,139,2300,1.2369,.89543,.6143,.26771,.74864,5.4157,-3.5665,1.3753,1054.8,963.94,1737.4,-3.592,-2.7706,-2.821,83.236,84.304,87.757,2.0133,2.5481,6.749,183.58,1.4471,2.4814,-4.2951,-4.2597,-4.0815
134,1995,139,2310,1.1181,.82218,.5569,.25724,.74955,5.2164,-3.8288,1.2459,992.42,905.24,1718.3,-4.1225,-3.3408,-3.3338,84.155,85.41,88.848,1.899,2.4577,7.2037,182.6,1.448,2.483,-4.7129,-4.6531,-4.462
134,1995,139,2320,1.0056,.73909,.49913,.24625,.7501,5.0067,-4.0962,1.1252,923.46,849.99,1647.3,-4.5774,-3.8292,-3.771,84.815,86.222,89.595,1.951,2.535,7.41,182.92,1.449,2.4846,-5.1117,-5.0106,-4.8006
134,1995,139,2330,.89546,.67137,.44333,.23056,.74915,4.7915,-4.379,1.0121,851.21,789.21,1641.7,-5.0579,-4.2929,-4.2145,85.184,86.626,89.994,1.9497,2.5417,7.3615,181.95,1.4502,2.4862,-5.592,-5.4931,-5.272
134,1995,139,2340,.79412,.60012,.39161,.21814,.74863,4.569,-4.6253,.90683,778.21,737.96,1614.3,-5.467,-4.7673,-4.6704,85.485,86.904,90.286,2.2257,2.8363,7.0865,180.55,1.4509,2.4873,-5.7982,-5.7091,-5.5163
134,1995,139,2350,.701,.53261,.34352,.2037,.74765,4.3358,-4.8622,.80978,704.96,677.13,1584.5,-5.8602,-5.1923,-5.072,85.51,86.873,90.203,2.3537,2.955,6.7569,179.28,1.4518,2.4886,-6.1504,-6.0997,-5.9078
126,1995,139,2358,.872,.651,.431,.227,.749,4.707,-4.428,.988,826,774,1632,-5.148,-4.426,-4.35,85.1,86.4,89.8,2.14,2.731,7.13,180.9,1.45,2.486,-5.579,-5.504,-5.304
134,1995,140,0,.6112,.46863,.29851,.19006,.7472,4.0885,-5.0183,.72179,627.08,621.71,1549.3,-6.2437,-5.6032,-5.4822,85.521,86.853,90.231,2.614,3.2372,6.9261,177.01,1.4526,2.4897,-6.4816,-6.4264,-6.2257
134,1995,140,10,.52585,.40759,.25512,.17557,.7461,3.8069,-5.1435,.6383,542.51,553.64,1504.2,-6.6643,-6.0385,-5.8777,85.499,86.739,90.106,2.519,3.1177,7.1825,176.24,1.4538,2.4912,-6.9234,-6.8654,-6.6825
134,1995,140,20,.44166,.34826,.21122,.15916,.74695,3.5012,-5.1856,.56343,455.1,488.54,1453.1,-7.1982,-6.5464,-6.3865,85.415,86.666,90.089,2.211,2.831,7.8444,175.88,1.455,2.4932,-7.434,-7.3004,-7.0668
134,1995,140,30,.37287,.29545,.17182,.14559,.74541,3.1613,-5.2158,.49573,366.15,417.19,1390.3,-7.6559,-7.0263,-6.803,85.478,86.638,90.038,2.5763,3.2483,7.6443,174.35,1.4563,2.4951,-7.8494,-7.7466,-7.5537
134,1995,140,40,.31704,.25336,.14341,.13826,.74902,2.8929,-5.2554,.43537,297.18,359.34,1336,-7.9188,-7.4096,-7.1317,85.763,86.904,90.27,2.9857,3.7257,7.6951,172.79,1.4564,2.4952,-7.8696,-7.7892,-7.5716
134,1995,140,50,.25864,.2116,.10958,.12343,.74488,2.6432,-5.3175,.38071,239.66,301.8,1288.4,-8.2776,-7.7557,-7.4704,85.512,86.553,89.923,3.111,3.8017,7.1667,171.46,1.4577,2.4979,-8.3464,-8.2951,-8.1105
126,1995,140,58,.367,.29,.169,.145,.746,3.112,-5.23,.485,360,405.1,1376,-7.66,-7.09,-6.863,85.5,86.6,90,2.776,3.452,7.48,173.6,1.456,2.495,-7.8,-7.71,-7.52
134,1995,140,100,.21925,.17521,.09051,.11242,.7462,2.3527,-5.3103,.33312,186.28,244.9,1221.2,-8.6858,-8.2145,-7.9388,85.263,86.271,89.661,3.4449,4.207,7.3828,169.56,1.4587,2.4991,-8.7623,-8.6495,-8.5046
134,1995,140,110,.18152,.14603,.07153,.10117,.74783,2.151,-5.5472,.28937,152.6,202.68,1171.4,-9.0504,-8.6077,-8.3302,85.187,86.143,89.577,3.2217,3.951,7.7589,168.27,1.4596,2.5005,-9.0705,-8.9806,-8.7935
134,1995,140,120,.15069,.11897,.0596,.0912,.74632,1.9877,-5.2134,.25213,121.05,168.2,1134.6,-9.3906,-8.9608,-8.6734,85.074,86.048,89.42,3.4017,4.1203,7.7793,167.48,1.4606,2.5023,-9.4176,-9.3199,-9.1625
134,1995,140,130,.12456,.08885,.04733,.08299,.74359,1.7665,-5.0563,.21965,88.335,129.28,1095.8,-9.7363,-9.3312,-9.0282,84.795,85.756,89.141,3.7323,4.5003,7.9219,166.15,1.4618,2.5036,-9.7716,-9.6644,-9.5454
134,1995,140,140,.10211,.07488,.03785,.07401,.74544,1.5472,-4.9961,.19124,62.096,95.751,1033,-9.9721,-9.6353,-9.3028,84.672,85.594,88.961,3.919,4.6803,8.2967,164.25,1.4621,2.5044,-9.8436,-9.7167,-9.619
134,1995,140,150,.08738,.06547,.03254,.06711,.74633,1.2585,-4.8645,.16676,42.786,72.044,964.58,-10.095,-9.7462,-9.3911,84.35,85.192,88.464,4.163,4.9763,8.6261,163.3,1.4626,2.5052,-9.9745,-9.8472,-9.7976
126,1995,140,158,.124,.095,.047,.081,.746,1.65,-5.079,.216,86.3,123.8,1049,-9.73,-9.34,-9.02,84.7,85.6,89,3.776,4.554,8.09,165.4,1.462,2.504,-9.69,-9.58,-9.47
134,1995,140,200,.07313,.06206,.0244,.06211,.74353,.98501,-4.6612,.14724,27.22,45.977,836.65,-10.414,-10.055,-9.7104,83.915,84.712,87.915,4.4344,5.3495,8.3435,161.23,1.4635,2.5068,-10.355,-10.228,-10.144
