134,1995,143,420,.06906,.06083,.02261,.06906,1.0827,-.00082,-.05097,.15003,-2.66,-.45719,-.3325,-8.0687,-7.9343,-7.7199,96.253,96.735,99.672,1.147,1.117,25.02,122.75,1.0944,1.8727,-7.9722,-8.0115,-8.0279
134,1995,143,430,.07695,.06259,.02718,.07629,1.0847,.00159,-.0342,.1591,-2.6766,-.40454,-.32142,-8.0826,-7.9421,-7.7271,96.187,96.715,99.675,1.195,1.139,24.904,159.24,1.4596,2.5015,-7.9598,-7.9839,-7.9864
134,1995,143,440,.07585,.06248,.02099,.07519,1.0843,-.00066,-.04001,.17253,-2.6379,-.4655,-.30479,-8.1076,-7.9702,-7.7558,96.181,96.732,99.596,1.6123,1.571,22.755,158.89,1.464,2.5061,-8.005,-8.0283,-8.0241
134,1995,143,450,.08862,.07185,.02817,.08802,1.0817,-.00373,-.02181,.19576,-2.7044,-.37129,-.3325,-8.1808,-8.0526,-7.839,96.111,96.678,99.501,1.767,1.767,23.181,159.31,1.4551,2.5129,-8.0833,-8.1091,-8.0938
126,1995,143,458,.086,.07,.028,.085,1.083,-.001,-.026,.184,-2.678,-.396,-.327,-8.15,-8.01,-7.8,96.1,96.7,99.6,1.529,1.504,23.61,157.9,1.446,2.486,-8.04,-8.07,-8.06,11.91,0,0
134,1995,143,500,.11333,.09122,.04088,.1114,1.0809,-.00187,.00193,.22343,-2.7173,-.3325,-.3497,-8.2459,-8.1249,-7.9057,96.038,96.649,99.439,1.7449,1.8387,23.524,158.59,1.4522,2.5114,-8.1652,-8.1876,-8.1774
134,1995,143,510,.1397,.11186,.05398,.13811,1.0798,-.00252,.03283,.25517,-2.9593,-.22721,-.32142,-8.3065,-8.2013,-7.9678,96.032,96.602,99.362,2.0403,2.367,24.855,158.89,1.4536,2.5041,-8.2164,-8.2426,-8.2288
134,1995,143,520,.14825,.12019,.05442,.14589,1.0774,-.00274,.02433,.29019,-3.2031,-.20504,-.31034,-8.3713,-8.2643,-8.0435,95.95,96.556,99.328,1.5843,1.5003,24.285,158.89,1.4514,2.499,-8.3411,-8.3728,-8.3654
134,1995,143,530,.15756,.12775,.05431,.16217,1.072,-.00362,.02039,.33201,-3.4359,-.3325,-.32142,-8.4717,-8.3614,-8.1434,95.923,96.478,99.238,1.8257,2.0683,23.325,158.9,1.4515,2.4947,-8.4413,-8.4679,-8.4624
134,1995,143,540,.17537,.14304,.05826,.17932,1.0647,-.0051,.00499,.37771,-3.3195,-.32696,-.29925,-8.5962,-8.5078,-8.2777,95.821,96.358,99.175,1.9723,2.2563,25.012,159.21,1.4554,2.4971,-8.6462,-8.6697,-8.6682
134,1995,143,550,.2139,.16995,.07612,.21741,1.0645,-.00164,.03135,.43011,-3.2364,-.22721,-.28263,-8.7026,-8.6037,-8.3758,95.731,96.317,99.145,1.5123,1.6777,25.156,158.74,1.4551,2.4989,-8.7355,-8.759,-8.7606
126,1995,143,558,.177,.142,.064,.179,1.07,-.002,.021,.353,-3.162,-.248,-.289,-8.51,-8.41,-8.19,95.9,96.4,99.2,1.682,1.866,24.6,158.8,1.454,2.5,-8.52,-8.54,-8.54,12.06,0,0
134,1995,143,600,.26422,.20889,.10436,.26624,1.0602,.00404,.0289,.48546,-2.7884,-.09333,-.15167,-8.721,-8.6254,-8.3903,95.697,96.281,99.112,.8456,.94384,25.154,157.74,1.455,2.5067,-8.8553,-8.8669,-8.8714
134,1995,143,610,.37015,.28855,.16798,.37224,1.06,.01041,.12359,.55337,-2.6877,.02217,-.15517,-8.6371,-8.5518,-8.3224,95.777,96.337,99.08,.49633,.57367,25.156,158.16,1.4577,2.4976,-8.8842,-8.895,-8.8968
134,1995,143,620,.4756,.36506,.22958,.47165,1.0106,.01052,-.08435,.61316,-2.2998,.37129,-.08313,-8.5636,-8.498,-8.2555,95.713,96.33,99.098,.55367,.75233,25.153,158.73,1.457,2.4964,-9.3807,-9.2174,-9.1956
134,1995,143,630,.47576,.36747,.22251,.47308,1.0274,.01326,.11564,.68314,-2.2887,.31034,-.17179,-8.6105,-8.4097,-8.2027,95.603,96.288,99.081,.447,.50833,25.156,158.57,1.4581,2.4947,-9.6086,-9.4061,-9.3621
134,1995,143,640,.49012,.38621,.2179,.49406,1.026,.00893,.07821,.75877,-2.2167,.19396,-.15517,-8.9814,-8.4177,-8.1482,95.378,96.126,98.945,.543,.57633,25.156,158.63,1.4607,2.4915,-9.6463,-9.3759,-9.3016
134,1995,143,650,.57458,.44924,.25627,.57211,1.02,.00318,.13406,.8451,-1.5129,.43779,-.04433,-9.2379,-8.6248,-8.2781,95.048,95.962,98.757,.53633,.775,25.156,158.8,1.4614,2.4909,-9.8402,-9.4119,-9.2935
126,1995,143,658,.497,.387,.227,.497,1.03,.009,.095,.718,-2.072,.337,-.103,-8.86,-8.53,-8.26,95.5,96.2,98.9,.519,.649,25.16,158.4,1.459,2.494,-9.47,-9.27,-9.21,12.09,0,0
134,1995,143,700,.66125,.52019,.30005,.66125,1.0387,.00473,.22972,.93804,-1.19,.80501,0,-9.1796,-8.687,-8.3493,95.112,95.902,98.65,.50595,.65753,25.156,157.54,1.4622,2.4886,-9.529,-9.3954,-9.2995
134,1995,143,710,.63508,.50717,.2828,.64078,1.0585,.0114,.22306,1.0146,-1.7401,.52646,-.0665,-8.7704,-8.4436,-8.1629,95.479,96.049,98.745,.45367,.45233,25.156,157.51,1.4615,2.4888,-9.2416,-9.1514,-9.0369
134,1995,143,720,.74801,.60524,.34205,.76402,1.0706,.01798,.34446,1.1128,-1.79,.36575,-.0665,-8.327,-7.9881,-7.7674,95.787,96.359,98.93,.491,.503,25.156,158.18,1.4591,2.4889,-9.0688,-9.0406,-9.0148
134,1995,143,730,.75449,.63254,.33044,.78562,1.0668,.00345,.06308,1.1829,-1.463,.23275,-.09975,-8.1482,-7.8719,-7.8282,95.534,96.168,98.846,.95767,1.047,25.156,158.14,1.4521,2.4904,-8.971,-8.9788,-8.9784
134,1995,143,740,.69939,.58643,.27957,.71736,1.0687,.00137,.11953,1.2454,-1.3633,.39346,-.07758,-8.1972,-8.0174,-7.9889,95.278,95.98,98.754,.84167,.839,25.156,158.31,1.4509,2.4928,-9.0423,-9.0586,-9.0812
134,1995,143,750,.61136,.53288,.22766,.63915,1.0712,.0023,-.07651,1.2451,-1.3411,.18288,-.133,-8.2807,-8.0837,-8.0555,95.261,95.917,98.732,.563,.587,25.154,158.64,1.4521,2.4948,-9.1182,-9.1275,-9.1346
126,1995,143,758,.715,.595,.305,.737,1.068,.01,.111,1.188,-1.509,.396,-.082,-8.31,-8.04,-7.93,95.5,96.1,98.8,.627,.648,25.16,158.1,1.455,2.492,-9.08,-9.07,-9.05,12.11,0,0
134,1995,143,800,.8856,.74656,.38629,.92229,1.0772,.02977,-.04361,1.4053,-1.3475,.7,-.035,-7.8801,-7.6532,-7.6109,95.776,96.404,98.953,.447,.447,25.156,157.84,1.4535,2.5003,-8.9773,-8.9651,-8.9891
134,1995,143,810,.98638,.81846,.44118,.99432,1.0588,.04242,-.12506,1.4802,4.6772,5.0984,1.3799,-7.3543,-7.0909,-6.9605,96.228,96.823,99.169,.447,.447,25.156,158.33,1.4611,2.501,-9.0851,-9.0474,-9.056
134,1995,143,820,1.4129,1.1005,.67574,1.3163,.99876,.11394,-.03776,1.6335,55.977,39.407,21.457,-7.3361,-6.8732,-6.9463,95.739,96.373,98.877,.607,.643,25.156,159.35,1.4554,2.5001,-9.4396,-9.2751,-9.2551
134,1995,143,830,1.2234,.99563,.56958,1.2472,1.035,.03212,.0211,1.689,3.3527,2.8041,.798,-7.6587,-6.996,-7.2495,94.793,95.784,98.651,.58433,.75633,25.156,159.42,1.4514,2.5014,-9.8876,-9.4936,-9.3479
134,1995,143,840,1.5886,1.2851,.72759,1.5439,1.0358,.03782,-.37585,1.8989,15.362,8.5619,1.6403,-8.3222,-7.456,-7.6403,94.406,94.976,97.929,1.3537,1.479,22.337,159.54,1.4488,2.5001,-9.476,-9.4344,-9.3983
134,1995,143,850,1.9889,1.5205,.90532,1.7381,.9763,.26334,-.47395,2.1083,107.84,64.771,28.024,-9.0367,-8.3078,-8.5165,93.559,94.027,97.214,2.2257,2.3683,14.66,159.72,1.4481,2.4996,-10.063,-10.028,-9.9528
126,1995,143,858,1.661,1.324,.76,1.458,1.017,.589,-.299,1.862,148.6,125.6,99.8,-8.08,-7.51,-7.63,94.8,95.4,98.2,1.229,1.326,21.51,159.2,1.452,2.5,-9.6,-9.49,-9.42,12.14,0,0
134,1995,143,900,3.2096,2.5897,1.4309,2.0961,.97876,3.9883,-1.1375,2.5924,915.09,827.96,720.56,-8.9996,-8.5299,-8.7306,93.497,93.927,96.949,2.694,2.8414,14.666,158.77,1.4483,2.4976,-9.7462,-9.8224,-9.6315
134,1995,143,910,3.2971,2.8133,1.4855,1.9554,.94209,5.4017,-2.8792,2.838,1188.3,1113.6,990,-8.5737,-8.1436,-8.5215,93.335,93.767,96.639,2.8017,3.0563,15.993,159.53,1.4483,2.4966,-9.5709,-9.7479,-9.4871
134,1995,143,920,2.5396,2.2193,1.205,1.608,.90713,3.3905,-3.4936,2.7392,778.79,708.3,599.86,-8.7735,-7.9722,-8.4295,92.905,93.237,96.145,2.7323,3.1777,14.286,160.76,1.4487,2.4966,-10,-9.977,-9.9209
134,1995,143,930,2.1104,1.6937,.93332,2.0519,1.0115,.02559,-1.2961,2.6686,12.984,6.7442,1.1859,-9.3591,-8.7285,-8.9766,92.598,92.877,95.84,2.991,3.487,14.089,161.18,1.4482,2.4968,-9.9176,-9.9256,-9.9534
134,1995,143,940,2.3933,1.8789,1.0576,2.3539,1.0388,.0108,.56287,3.4626,6.7498,3.8349,.47659,-9.5257,-9.0727,-9.1609,92.974,93.183,96.009,3.011,3.5217,12.381,161.85,1.4484,2.4977,-9.9467,-10.007,-10.071
134,1995,143,950,2.9761,2.2542,1.3333,2.7357,1.0319,.03507,1.0066,3.9432,26.112,15.229,3.6409,-10.163,-9.6626,-9.6681,92.275,92.419,95.372,2.9443,3.3443,9.4424,161.63,1.451,2.5021,-10.8,-10.95,-11.031
126,1995,143,958,2.728,2.201,1.232,2.223,.988,1.62,-.963,3.246,369.6,338.8,292.5,-9.46,-8.92,-9.13,92.6,92.9,95.8,2.911,3.326,12.84,160.9,1.449,2.499,-10.2,-10.28,-10.26,12.18,0,0
134,1995,143,1000,3.0143,2.2803,1.3663,2.785,1.0125,-.0045,.83649,4.0912,16.829,9.9692,1.5867,-10.684,-10.323,-10.325,91.315,91.541,94.618,2.9845,3.4,9.7766,160.8,1.4524,2.5044,-11.229,-11.351,-11.453
134,1995,143,1010,3.1535,2.3896,1.4245,2.9266,1.0422,.00115,1.2096,4.3472,15.439,8.9665,1.3799,-10.434,-10.27,-10.175,91.749,92.108,94.992,3.0097,3.4617,9.4068,161.03,1.4512,2.5024,-10.653,-10.794,-10.901
134,1995,143,1020,3.1473,2.3869,1.3976,2.9522,1.0469,-.00586,1.2573,4.5259,9.9418,5.6581,.80355,-9.9115,-9.7572,-9.6738,92.568,93.046,95.7,3.351,3.9737,12.135,161.46,1.4497,2.5001,-10.06,-10.132,-10.252
134,1995,143,1030,3.2241,2.4485,1.428,3.0074,1.0478,.00214,1.2976,4.709,12.153,6.9659,1.0308,-9.6932,-9.4418,-9.3831,92.808,93.273,95.929,3.3737,3.9723,11.976,161.28,1.4495,2.4999,-9.9266,-10.022,-10.137
134,1995,143,1040,3.1257,2.3883,1.3649,2.9116,1.0422,-.00712,.99952,4.782,10.84,6.1624,.9033,-9.5915,-9.2914,-9.2864,92.799,93.292,95.991,3.5763,4.287,13.277,161.12,1.4492,2.4993,-9.8743,-9.9575,-10.03
134,1995,143,1050,3.1584,2.4242,1.3581,2.97,1.0458,-.00833,1.0635,4.98,8.4289,4.4999,.64838,-9.6808,-9.3447,-9.364,92.649,93.079,95.852,3.363,4.0177,12.824,161.29,1.4498,2.5007,-9.966,-10.037,-10.12
126,1995,143,1058,3.186,2.428,1.401,2.979,1.046,-.003,1.17,4.734,11.09,6.263,.919,-9.84,-9.59,-9.55,92.5,93,95.7,3.313,3.913,11.92,161.1,1.45,2.501,-10.09,-10.18,-10.28,12.22,0,0
134,1995,143,1100,3.3782,2.5926,1.4538,3.1788,1.0562,.0034,1.234,5.2665,8.6101,4.6259,.64167,-9.5161,-9.2061,-9.1925,92.732,93.164,95.937,3.2358,3.821,12.322,160.58,1.4495,2.5005,-9.8478,-9.882,-9.9798
134,1995,143,1110,3.6494,2.8,1.5766,3.4219,1.0655,.00537,1.319,5.6079,8.6173,4.6717,.73705,-9.2224,-8.9089,-8.8971,92.776,93.155,95.876,2.731,3.2177,11.768,160.64,1.4488,2.5003,-9.6574,-9.6682,-9.7811
134,1995,143,1120,3.9777,3.0332,1.7509,3.7163,1.0689,.01206,1.5057,5.9514,12.336,6.711,1.1471,-8.9689,-8.576,-8.59,92.684,92.994,95.735,2.5337,2.927,10.441,161.59,1.4489,2.5001,-9.5514,-9.6041,-9.6884
134,1995,143,1130,4.0352,3.0811,1.7605,3.7811,1.0633,-.01321,1.3504,6.1362,10.463,5.6082,.75367,-8.8982,-8.4645,-8.4876,92.383,92.673,95.442,2.6617,3.067,10.127,162.34,1.4504,2.4994,-9.4895,-9.5707,-9.6535
134,1995,143,1140,3.8656,2.9665,1.6668,3.6386,1.0676,-.01101,.93507,6.1723,7.171,3.6575,.67609,-8.8794,-8.3912,-8.387,92.124,92.494,95.283,2.1243,2.3963,9.1247,163.17,1.4511,2.4987,-9.5846,-9.6344,-9.6656
134,1995,143,1150,4.1272,3.1671,1.7912,3.8627,1.0652,-.00301,1.0259,6.4847,8.4012,4.2449,.67609,-8.7267,-8.0955,-8.1493,91.914,92.221,94.987,2.1803,2.4803,9.4159,164.15,1.4521,2.4999,-9.5574,-9.6242,-9.6859
126,1995,143,1158,3.993,3.056,1.736,3.737,1.064,-.005,1.224,6.154,9.24,4.909,.82,-8.96,-8.49,-8.51,92.2,92.6,95.3,2.516,2.898,10.16,162.6,1.451,2.499,-9.6,-9.65,-9.73,12.25,0,0
134,1995,143,1200,4.4928,3.4285,1.9645,4.1686,1.0543,-.01673,1.2124,6.8342,8.5867,4.6667,1.0092,-9.0042,-8.3868,-8.4595,91.242,91.561,94.443,2.7544,3.1586,10.069,164.76,1.4532,2.4979,-9.7419,-9.7816,-9.8916
134,1995,143,1210,4.7038,3.5874,2.0776,4.2705,1.0448,.04581,1.1007,7.0814,15.689,8.235,2.8706,-9.0563,-8.4871,-8.6278,90.806,91.101,94.046,2.4977,2.851,10.5,165.82,1.4557,2.4977,-9.7255,-9.8007,-9.9358
134,1995,143,1220,5.3452,4.0492,2.4544,4.4128,.99503,.43064,.58817,7.5807,66.489,30.446,37.224,-9.5653,-8.7172,-8.7902,89.321,89.477,92.527,3.0897,3.555,8.9943,167.38,1.4612,2.5037,-10.417,-10.597,-10.666
134,1995,143,1230,5.7524,4.3829,2.6888,3.4187,.88133,2.6647,-1.0622,7.9045,300.5,107.96,377.71,-10.64,-10.132,-10.228,86.461,86.582,89.814,3.4123,3.9857,9.1823,168.23,1.4747,2.5075,-11.159,-11.367,-11.412
134,1995,143,1240,6.0799,4.5986,2.9258,1.8429,.77004,6.5352,-2.736,8.1718,832.84,228.76,1046,-10.91,-10.442,-10.531,85.69,85.762,88.865,3.1897,3.7097,8.8025,167.98,1.4787,2.5097,-11.465,-11.618,-11.64
134,1995,143,1250,5.6537,4.2845,2.6936,1.2173,.71245,6.8759,-3.8981,8.051,1444.5,260.25,1134.9,-11.253,-10.74,-10.809,85.017,85.103,88.097,2.7883,3.2283,8.9746,167.71,1.4711,2.512,-11.916,-12.005,-11.988
126,1995,143,1258,5.531,4.196,2.586,2.793,.861,3.807,-1.479,7.81,683,178.7,606.5,-10.4,-9.81,-9.91,87.2,87.3,90.4,2.938,3.401,9.32,167.2,1.468,2.507,-11.06,-11.19,-11.23,12.3,0,0
134,1995,143,1300,5.8636,4.43,2.8109,1.016,.69804,7.6477,-3.7236,8.2859,1758.2,676.28,1266.9,-11.333,-10.756,-10.843,84.848,84.91,87.816,2.673,3.1221,9.1405,166.18,1.4675,2.5151,-12.037,-12.118,-12.108
134,1995,143,1310,5.9466,4.5249,2.8728,.94215,.68653,7.9414,-3.613,8.4667,1817.7,1713.5,1316.1,-11.225,-10.647,-10.773,84.76,84.793,87.641,2.5163,2.963,9.6357,165.39,1.4624,2.5154,-11.916,-11.966,-12.002
134,1995,143,1320,5.9805,4.499,2.882,.89261,.67924,-99999,-3.4483,8.5685,1558.3,1393.7,996.16,-11.169,-10.569,-10.739,84.475,84.411,87.235,2.6403,3.1283,9.6721,182,1.4617,2.5153,-11.856,-11.858,-11.929
