126,1995,144,158,.102,.082,.033,.102,.714,-6999,-3.562,.215,2.224,-7.05,44.71,-19,-18.79,-18.49,80.4,81.5,84.5,3.829,4.571,6.583,122.3,1.213,2.076,-18.64,-18.54,-18.48,0,0
135,1995,144,200,.10069,.0822,.03156,.10069,.70675,-99999,-3.6454,.21348,1.4096,-4.7967,28.751,-19.063,-18.792,-18.487,80.368,81.498,84.469,3.7788,4.5388,6.7069,128.38,1.309,2.2394,-18.859,-18.71,-18.625
135,1995,144,210,.08614,.07259,.02008,.08597,.68187,-.01081,-3.9644,.19927,-.04438,-.5492,-.48818,-19.502,-19.087,-18.747,80.13,81.239,84.184,3.911,4.7817,6.9021,135.58,1.4854,2.5397,-19.513,-19.334,-19.214
135,1995,144,220,.0811,.06782,.01953,.08082,.67192,-.01147,-4.0312,.18167,.0111,-.41609,-.47157,-19.976,-19.566,-19.216,80.064,81.206,84.169,3.7257,4.5857,6.1779,134.66,1.4871,2.5418,-19.989,-19.799,-19.684
135,1995,144,230,.07572,.06255,.01816,.07561,.67528,-.00834,-3.9529,.16741,.33291,.09988,-.45497,-20.386,-19.987,-19.639,79.936,81.11,84.102,3.7363,4.5843,6.1204,134.14,1.4882,2.5445,-20.291,-20.077,-19.939
135,1995,144,240,.07012,.06189,.01761,.06831,.67282,-.00829,-3.9392,.15666,.42726,.12762,-.44945,-20.651,-20.222,-19.863,79.85,81.001,83.966,3.743,4.627,6.6018,133.7,1.4898,2.5446,-20.606,-20.417,-20.3
135,1995,144,250,.06458,.05959,.01503,.0637,.67288,-.01075,-3.8867,.14705,.08878,-.11098,-.5216,-21.046,-20.67,-20.329,79.575,80.719,83.655,3.8923,4.7163,6.3273,132.58,1.4901,2.5471,-20.904,-20.775,-20.635
126,1995,144,258,.075,.065,.018,.074,.676,-.009,-3.936,.168,.137,-.2,-.473,-20.37,-19.98,-19.63,79.9,81,84,3.854,4.711,6.511,134,1.488,2.544,-20.3,-20.13,-20,0,0
135,1995,144,300,.06452,.06007,.01756,.06411,.68227,.00029,-3.8401,.14163,.03505,-.27453,-.4264,-21.002,-20.696,-20.37,79.742,80.879,83.818,4.4358,5.3565,6.8824,131.08,1.4906,2.546,-20.797,-20.663,-20.562
135,1995,144,310,.06289,.05663,.01646,.06294,.68459,.00401,-3.8337,.13922,-.08324,-.49941,-.33849,-20.942,-20.606,-20.277,79.804,80.952,83.881,3.955,4.8217,6.5507,130.35,1.4899,2.546,-20.774,-20.595,-20.424
135,1995,144,320,.06498,.06075,.02195,.06591,.73282,.03216,-3.3025,.13874,-.00555,.03331,3.0855,-20.257,-20.065,-19.736,80.368,81.521,84.502,3.9377,4.8097,6.9289,130.94,1.4863,2.5403,-19.879,-19.701,-19.576
135,1995,144,330,.07508,.06202,.03128,.07289,.75082,.12239,-3.169,.14006,1.2209,4.3509,30.063,-19.551,-19.344,-19.016,80.821,81.941,84.915,3.9723,4.8377,6.9503,129.79,1.4845,2.5369,-19.242,-19.088,-18.979
135,1995,144,340,.07344,.06257,.02514,.06899,.69938,.05428,-3.8565,.1426,.49393,1.9036,12.948,-19.285,-18.916,-18.562,80.799,81.914,84.89,3.583,4.4457,7.2262,129.29,1.4829,2.5361,-19.29,-19.026,-18.884
135,1995,144,350,.07273,.06257,.01707,.06592,.68397,.05972,-3.8469,.15007,1.0711,2.7916,18.143,-19.82,-19.33,-18.934,80.229,81.338,84.326,3.2563,4.067,7.4354,128.95,1.483,2.5387,-19.911,-19.577,-19.394
126,1995,144,358,.071,.061,.022,.068,.706,.053,-3.631,.144,.616,1.857,12.83,-20.03,-19.68,-19.32,80.3,81.5,84.5,3.726,4.596,7.08,129.6,1.485,2.54,-19.89,-19.65,-19.49,0,0
135,1995,144,400,.08106,.06327,.02224,.07413,.68317,.0535,-3.7799,.15993,1.2443,3.3299,16.392,-20.225,-19.719,-19.258,80.069,81.241,84.306,3.4056,4.3333,7.636,127.73,1.4835,2.5404,-20.204,-19.871,-19.582
135,1995,144,410,.08892,.06867,.02591,.0831,.69078,.04803,-3.7707,.17087,1.5706,3.4298,12.598,-20.161,-19.745,-19.309,80.324,81.469,84.473,3.4363,4.263,7.1579,127.3,1.4836,2.5396,-20.016,-19.758,-19.585
135,1995,144,420,.12383,.0786,.03952,.08947,.68272,.51432,-3.9336,.18794,16.372,43.711,151.1,-20.177,-19.784,-19.393,80.337,81.444,84.399,3.6643,4.5097,6.592,127.83,1.4827,2.5397,-20.071,-19.871,-19.702
135,1995,144,430,.16138,.08909,.05868,.09584,.67459,1.3433,-4.1159,.20573,47.291,124.04,394.05,-20.405,-20.014,-19.625,80.096,81.21,84.145,3.535,4.323,6.6967,128.02,1.4828,2.541,-20.382,-20.184,-20.017
135,1995,144,440,.14606,.10248,.06455,.09979,.67624,1.6568,-4.2419,.23169,71.523,170.16,499.31,-20.469,-20.133,-19.755,80.049,81.202,84.101,3.8417,4.7203,7.2512,128.22,1.4826,2.5405,-20.407,-20.214,-20.066
135,1995,144,450,.17631,.11522,.06406,.10951,.67434,1.8747,-4.3212,.2587,96.281,214.83,562.48,-20.628,-20.264,-19.887,79.908,81.051,83.92,4.2403,5.1897,7.3476,127.69,1.4822,2.5419,-20.593,-20.441,-20.299
126,1995,144,458,.147,.096,.05,.098,.679,1.194,-4.119,.22,55.65,128,355.6,-20.42,-20.05,-19.66,80.1,81.2,84.1,3.822,4.686,7.05,127.7,1.483,2.541,-20.34,-20.15,-19.99,164,11
135,1995,144,500,.20951,.13371,.05304,.11874,.67176,2.0899,-4.4585,.28931,124.91,259.9,620.94,-20.759,-20.459,-20.091,79.637,80.813,83.658,4.4456,5.3551,7.1314,126.75,1.4824,2.5412,-20.61,-20.458,-20.314
135,1995,144,510,.2469,.15391,.06241,.13064,.66835,2.3031,-4.4837,.32759,160,308.57,674.51,-20.899,-20.524,-20.173,79.41,80.534,83.298,4.1323,5.0057,7.1708,126.73,1.4823,2.5422,-20.875,-20.679,-20.52
135,1995,144,520,.28505,.17686,.06351,.14135,.66737,2.5257,-4.4136,.36975,202.35,367.42,723.95,-21.272,-20.906,-20.541,78.982,80.077,82.807,3.9923,4.8977,7.6863,126.99,1.483,2.5442,-21.144,-20.962,-20.758
135,1995,144,530,.33486,.2069,.10825,.15903,.67257,2.7639,-4.4675,.41868,248.57,424.11,767.44,-21.037,-20.722,-20.341,79.176,80.277,82.973,4.035,4.9737,7.7145,126.76,1.4819,2.5422,-20.834,-20.58,-20.388
135,1995,144,540,.38401,.23968,.1978,.1732,.67205,2.9932,-4.5277,.47327,300.62,490.41,810.63,-20.728,-20.435,-20.064,79.099,80.103,82.665,4.4083,5.367,8.0341,126.55,1.4815,2.541,-20.559,-20.335,-20.18
135,1995,144,550,.43287,.27877,.22618,.18918,.67129,3.2204,-4.5542,.53487,356.34,555.11,851.04,-20.452,-20.112,-19.768,78.926,79.81,82.204,4.383,5.343,7.9058,126.35,1.4808,2.5388,-20.364,-20.144,-19.968
126,1995,144,558,.355,.223,.146,.164,.67,2.837,-4.494,.445,271.7,450.2,779,-20.82,-20.48,-20.12,79.1,80.1,82.7,4.217,5.15,7.7,126.5,1.482,2.541,-20.7,-20.49,-20.3,164,11
135,1995,144,600,.50108,.31541,.25456,.20411,.66971,3.4373,-4.5179,.60157,415.56,620.06,892.14,-20.466,-20.104,-19.763,78.601,79.42,81.681,4.3249,5.2989,7.8161,125.28,1.4808,2.5389,-20.38,-20.199,-19.945
135,1995,144,610,.58385,.37018,.2914,.2241,.66933,1.0146,-4.5582,.67877,484.67,694.91,935.28,-20.048,-19.765,-19.403,78.667,79.48,81.646,4.2817,5.167,7.668,125.77,1.4795,2.5362,-19.912,-19.684,-19.503
135,1995,144,620,.66862,.42898,.32769,.24079,.66302,3.5859,-4.5724,.76228,290.66,316.1,949.88,-19.86,-19.52,-19.175,78.322,79.078,80.811,4.6097,5.555,7.7211,126.32,1.4796,2.536,-19.791,-19.61,-19.457
135,1995,144,630,.77567,.48822,.36503,.25907,.66027,4.2058,-4.5345,.85495,412.67,627.73,196.1,-19.771,-19.494,-19.158,77.888,78.567,79.897,4.7457,5.7003,7.9332,126.67,1.4794,2.5362,-19.768,-19.574,-19.412
135,1995,144,640,.84913,.55767,.41015,.27609,.66049,4.3059,-4.5065,.9553,701.4,894.93,1037.6,-19.544,-19.275,-18.96,77.693,78.372,79.444,4.8003,5.7657,8.2292,127.16,1.4792,2.5349,-19.578,-19.323,-19.2
135,1995,144,650,.93025,.62935,.45796,.29409,.65686,4.6758,-4.4429,1.0654,748.59,923.25,1069,-19.401,-19.101,-18.806,77.475,78.089,78.972,4.971,5.927,8.2659,127.46,1.4789,2.5346,-19.499,-19.271,-19.123
126,1995,144,658,.79,.518,.386,.264,.661,3.732,-4.498,.899,567.1,733,868,-19.69,-19.39,-19.07,77.9,78.6,80,4.758,5.714,8,126.7,1.479,2.536,-19.68,-19.46,-19.3,164,11
135,1995,144,700,1.0228,.70495,.50882,.31003,.65658,4.8879,-4.3298,1.1826,842.59,1012.5,1056.8,-19.307,-19.036,-18.768,77.255,77.815,78.545,5.3803,6.4316,8.2299,127.15,1.4788,2.5347,-19.338,-19.15,-18.984
135,1995,144,710,1.1215,.78861,.56651,.32799,.65588,5.1101,-4.2363,1.3125,911.34,1072.8,1118.1,-19.097,-18.806,-18.539,77.247,77.776,78.425,4.9083,5.839,8.4963,127.68,1.4781,2.5329,-19.173,-18.999,-18.833
135,1995,144,720,1.2525,.87168,.62055,.34489,.65338,5.2973,-4.0997,1.4493,974.43,1122.9,1138.4,-19.002,-18.71,-18.455,77.068,77.569,78.111,5.039,6.0177,8.3748,128.34,1.4782,2.5319,-19.07,-18.902,-18.746
135,1995,144,730,1.3834,.95982,.67878,.36212,.65342,5.481,-3.9384,1.5952,1034.7,1167.6,1156.1,-18.773,-18.494,-18.247,77.003,77.48,77.913,4.9537,5.887,8.4823,128.85,1.4774,2.5315,-18.848,-18.662,-18.535
135,1995,144,740,1.4943,1.0512,.73778,.37787,.64782,5.6508,-3.7385,1.7517,1095.8,1206.9,1174,-18.835,-18.521,-18.285,76.622,77.036,77.275,5.1083,6.1123,8.4419,129.28,1.4779,2.5319,-18.972,-18.81,-18.703
135,1995,144,750,1.6056,1.1459,.79914,.3946,.64638,5.8074,-3.5438,1.9176,1150.2,1244.2,1186.9,-18.924,-18.616,-18.37,76.379,76.776,76.837,4.8777,5.8177,7.9754,129.93,1.4781,2.5326,-19.097,-18.902,-18.793
126,1995,144,758,1.41,.994,.701,.367,.651,5.523,-3.859,1.659,1051,1176,1159,-18.91,-18.62,-18.37,76.8,77.3,77.6,4.985,5.945,8.3,128.9,1.478,2.532,-19.01,-18.84,-18.71,164,11
135,1995,144,800,1.7287,1.2435,.86237,.41229,.64981,5.9707,-3.4439,2.0883,1200.9,1288.1,1199.4,-18.756,-18.493,-18.254,76.442,76.855,76.875,4.9944,5.9516,8.0247,129.49,1.4775,2.5306,-18.815,-18.64,-18.538
135,1995,144,810,1.8671,1.3498,.9332,.43298,.65044,6.1352,-3.4816,2.2735,1253.9,1333,1212.7,-18.449,-18.168,-17.937,76.587,76.997,76.996,4.623,5.543,7.9662,129.71,1.4767,2.5298,-18.587,-18.34,-18.239
135,1995,144,820,2.0021,1.4563,1.0036,.45064,.65222,6.29,-3.5278,2.4594,1301.1,1370.9,1223.7,-17.935,-17.659,-17.424,76.815,77.228,77.205,4.5363,5.3763,8.0489,130.76,1.4752,2.5273,-18.071,-17.973,-17.745
135,1995,144,830,2.134,1.5595,1.0679,.46572,.64793,6.4097,-3.4947,2.6497,1342.7,1399.7,1232.7,-17.649,-17.334,-17.092,76.762,77.15,77.099,4.5897,5.4537,7.9684,131.59,1.4747,2.5258,-17.844,-17.672,-17.509
135,1995,144,840,2.2872,1.6698,1.1386,.4824,.64606,6.5427,-3.4279,2.8488,1385.4,1437.1,1243.3,-17.323,-17.043,-16.788,76.777,77.159,77.089,4.6497,5.5203,8.2777,132.43,1.474,2.5248,-17.456,-17.268,-17.156
135,1995,144,850,2.4428,1.7842,1.2136,.5027,.6528,6.6798,-3.3763,3.0504,1422.4,1472.5,1252.5,-16.615,-16.485,-16.152,76.93,77.398,77.191,4.887,5.8217,9.2157,133.27,1.4718,2.5213,-16.629,-16.408,-16.334
126,1995,144,858,2.196,1.6,1.095,.472,.65,6.452,-3.444,2.722,1353,1414,1236,-17.43,-17.19,-16.9,76.8,77.2,77,4.698,5.592,8.33,131.7,1.474,2.525,-17.57,-17.38,-17.25,164,11
135,1995,144,900,2.5907,1.8948,1.2866,.51484,.6458,6.7868,-3.3202,3.2545,1455.5,1510.9,1260.2,-16.205,-16.02,-15.605,76.639,77.193,76.578,4.6575,5.567,8.4874,133.33,1.4712,2.5197,-16.521,-16.277,-16.193
135,1995,144,910,2.7362,2.0085,1.3571,.52937,.64495,6.9054,-3.1979,3.4716,1490.2,1544.9,1268.3,-15.885,-15.647,-15.347,76.603,77.169,76.508,4.171,4.9803,8.9048,134.57,1.47,2.517,-16.074,-15.903,-15.756
135,1995,144,920,2.8845,2.128,1.427,.54798,.64527,7.014,-3.1464,3.6921,1526,1565.9,1277.3,-15.384,-15.106,-14.864,76.686,77.11,76.481,4.7083,5.6457,9.5781,136.09,1.469,2.5159,-15.564,-15.352,-15.284
135,1995,144,930,3.0364,2.2457,1.4925,.56564,.63773,7.0947,-3.0592,3.915,1555.5,1589.7,1284,-15.224,-14.866,-14.646,76.386,76.634,75.953,5.2657,6.2203,9.2756,137.34,1.4689,2.5154,-15.442,-15.276,-15.232
135,1995,144,940,3.1869,2.3567,1.5655,.57953,.6406,7.1622,-2.8497,4.144,1576.8,1605.4,1290.1,-15.467,-15.11,-14.902,75.902,76.055,75.214,5.1043,6.0337,8.9798,137.95,1.4696,2.5166,-15.709,-15.571,-15.49
135,1995,144,950,3.3487,2.4723,1.6446,.59521,.6594,7.2475,-2.6541,4.3756,1599.4,1611.6,1291.4,-15.348,-15.051,-14.83,75.835,76.006,75.091,4.4883,5.3377,8.7744,138.96,1.469,2.5155,-15.589,-15.424,-15.333
126,1995,144,958,3.092,2.28,1.523,.568,.648,7.11,-2.927,3.996,1558,1589,1284,-15.44,-15.13,-14.89,76.2,76.5,75.8,4.722,5.616,9.05,137.2,1.469,2.516,-15.66,-15.5,-15.41,164,11
135,1995,144,1000,3.5254,2.5899,1.7308,.60828,.6617,7.3534,-2.5164,4.6126,1628.2,1640.6,1298,-15.112,-14.803,-14.587,75.856,76.029,75.076,4.9144,5.8533,8.826,138.97,1.4686,2.5145,-15.34,-15.206,-15.122
135,1995,144,1010,3.7078,2.714,1.8143,.62537,.66186,7.4392,-2.4048,4.8542,1655.6,1672.2,1302.7,-14.861,-14.608,-14.383,75.819,75.95,74.933,5.1163,6.0563,8.8715,139.25,1.4679,2.5139,-15.016,-14.893,-14.821
135,1995,144,1020,3.8778,2.8351,1.8979,.63892,.65746,7.5301,-2.2596,5.0915,1680.8,1712.7,1308.5,-14.698,-14.41,-14.191,75.571,75.642,74.486,5.2403,6.2217,8.8388,141.18,1.4677,2.5131,-14.878,-14.771,-14.699
135,1995,144,1030,4.0332,2.9552,1.9734,.64852,.65236,7.6251,-2.1162,5.3279,1704.4,1758.5,1313.8,-14.587,-14.314,-14.099,75.548,75.61,74.382,5.2617,6.239,8.9192,141.9,1.4675,2.5127,-14.764,-14.69,-14.61
135,1995,144,1040,4.1829,3.0722,2.0324,.66315,.64565,7.6974,-1.9892,5.5633,1724.6,1796,1317.6,-14.538,-14.247,-14.05,75.365,75.398,74.135,5.5243,6.5497,9.3165,142.44,1.4676,2.5122,-14.72,-14.664,-14.598
135,1995,144,1050,4.3346,3.1795,2.0915,.67906,.64642,7.7565,-1.8059,5.8025,1741.8,1824.1,1318.1,-14.534,-14.284,-14.096,75.385,75.369,74.085,6.211,7.3377,9.1398,142.65,1.4701,2.5113,-14.637,-14.61,-14.555
126,1995,144,1058,4.076,2.979,1.984,.657,.653,7.63,-1.957,5.404,1707,1759,1307,-14.57,-14.32,-14.11,75.6,75.7,74.4,5.842,6.927,9.03,141.5,1.47,2.51,-14.7,-14.64,-14.57,164,11
135,1995,144,1100,4.484,3.2175,2.173,.70472,.65489,7.7964,-.80353,6.0256,1754.7,1822.7,1277.9,-14.004,-13.886,-13.683,76.179,75.947,74.509,8.4849,10.106,9.2186,142.54,1.4815,2.4962,-13.936,-13.938,-13.885
135,1995,144,1110,4.626,3.3008,2.2579,.71904,.65497,7.8563,-.10785,6.2548,1774.8,1848.4,1314.5,-13.621,-13.455,-13.26,76.144,75.652,73.962,7.7523,9.1683,9.761,143.57,1.4808,2.5238,-13.606,-13.615,-13.586
135,1995,144,1120,4.7478,3.3798,2.3208,.72872,.6544,7.8907,.24113,6.4734,1788.6,1844.3,1320.4,-13.442,-13.256,-13.079,76.208,75.686,73.99,7.5137,8.835,9.9438,144.57,1.48,2.5228,-13.454,-13.464,-13.445
135,1995,144,1130,4.8642,3.4637,2.3689,.74204,.66053,7.8995,.68154,6.6868,1802,1807.7,1326,-13.332,-13.162,-12.983,76.305,75.706,73.936,7.483,8.843,9.7981,145.37,1.4798,2.5221,-13.32,-13.348,-13.32
135,1995,144,1140,4.9865,3.5633,2.4294,.74658,.66858,7.9444,1.0394,6.895,1812.1,1802.5,1333.2,-12.979,-12.823,-12.663,75.826,75.275,73.532,6.1803,7.255,9.8678,145.87,1.4759,2.5196,-13.048,-13.074,-13.074
135,1995,144,1150,5.1248,3.6657,2.4841,.76371,.66838,7.961,1.2555,7.0984,1820.6,1811,1331.9,-12.863,-12.674,-12.512,76.373,75.818,74.101,7.5697,8.8497,10.137,146.54,1.4781,2.5206,-12.876,-12.897,-12.889
126,1995,144,1158,4.912,3.507,2.39,.745,.663,7.92,.701,6.749,1803,1820,1325,-13.19,-13.02,-12.84,76.3,75.8,74.1,7.46,8.79,9.86,145.3,1.479,2.521,-13.2,-13.22,-13.2,164,11
135,1995,144,1200,5.2547,3.7642,2.5365,.78643,.67501,7.9906,1.4121,7.3059,1832,1805.6,1331.9,-12.701,-12.543,-12.37,77.171,76.623,75.004,8.0133,9.4982,9.6911,146.58,1.4782,2.5196,-12.667,-12.706,-12.672
135,1995,144,1210,5.3792,3.8643,2.5957,.80258,.68406,8.0344,1.3944,7.4961,1840.7,1818.5,1336.9,-12.274,-12.145,-11.985,77.835,77.433,76.076,6.963,8.2057,10.594,147.46,1.4765,2.5179,-12.237,-12.284,-12.283
135,1995,144,1220,5.4936,3.9674,2.6478,.81016,.6871,8.0601,1.4481,7.6749,1847.6,1813.5,1340.2,-11.827,-11.679,-11.534,78.205,77.893,76.711,6.2723,7.3817,10.883,148.38,1.4738,2.5151,-11.813,-11.858,-11.888
135,1995,144,1230,5.6118,4.0367,2.6989,.81966,.68536,8.095,1.3278,7.8437,1855.2,1823.5,1342.2,-11.466,-11.306,-11.164,78.298,78.034,76.93,6.295,7.355,10.176,149.78,1.473,2.5128,-11.469,-11.513,-11.511
135,1995,144,1240,5.7207,4.0835,2.7514,.82725,.68747,8.1238,.99247,8.003,1858.8,1836.8,1343.6,-11.059,-10.907,-10.772,78.45,78.241,77.197,5.7377,6.7203,11.34,150.15,1.4719,2.5121,-11.053,-11.099,-11.139
135,1995,144,1250,5.8183,4.1437,2.7998,.83638,.68581,8.137,.67079,8.1427,1859.9,1847.4,1346,-10.711,-10.494,-10.376,78.449,78.225,77.227,5.7577,6.7923,11.469,150.59,1.4716,2.5098,-10.747,-10.797,-10.851
126,1995,144,1258,5.637,4.037,2.714,.822,.686,8.1,1.084,7.88,1853,1830,1342,-11.37,-11.2,-11.06,78.3,78,76.8,6.241,7.33,10.91,149.3,1.473,2.513,-11.37,-11.41,-11.44,164,11
135,1995,144,1300,5.9075,4.1983,2.8413,.84727,.68473,8.1418,.49553,8.2746,1859.3,1849.1,1346.6,-10.509,-10.308,-10.178,78.5,78.219,77.195,6.2463,7.2877,11.13,149.76,1.4705,2.5088,-10.522,-10.575,-10.626
135,1995,144,1310,6.002,4.2513,2.8868,.86138,.67829,8.1476,.52262,8.4104,1858.8,1864.1,1345.9,-10.404,-10.163,-10.027,78.599,78.222,77.121,6.967,8.2177,10.624,150.45,1.4707,2.5093,-10.387,-10.437,-10.456
135,1995,144,1320,6.0918,4.3037,2.9291,.87413,.68118,8.1674,1.4247,8.554,1862.8,1875.2,1346.1,-10.38,-10.152,-10.006,78.815,78.389,77.254,7.3497,8.6683,11.089,152.31,1.4712,2.5104,-10.298,-10.359,-10.378
135,1995,144,1330,6.1664,4.3537,2.9713,.87681,.68402,8.1961,2.3133,8.6711,1866.2,1885.8,1347.8,-10.204,-9.9919,-9.8427,78.721,78.284,77.141,6.867,8.1083,11.121,152.97,1.4652,2.5097,-10.122,-10.197,-10.224
135,1995,144,1340,6.2345,4.4026,3.0068,.87286,.68629,8.2339,2.7291,8.7865,1875.8,1886.2,1351.3,-9.9492,-9.7402,-9.6134,78.572,78.217,77.123,5.9003,6.9483,11.294,153.89,1.4334,2.5073,-9.8947,-9.9921,-10.054
135,1995,144,1350,6.2973,4.4509,3.0357,.87313,.68778,8.2551,2.9463,8.8909,1884.1,1885,1354.9,-9.7565,-9.5343,-9.4249,78.198,77.813,76.692,5.715,6.6523,11.438,154.66,1.4302,2.5056,-9.7279,-9.8305,-9.8917
126,1995,144,1358,6.179,4.368,2.976,.871,.684,8.21,2.101,8.7,1872,1879,1350,-10.07,-9.84,-9.71,78.5,78.1,77,6.463,7.6,11.17,153,1.453,2.507,-10.02,-10.1,-10.14,164,11
135,1995,144,1400,6.3588,4.4939,3.0634,.8716,.68909,8.289,3.1252,8.9845,1893.7,1887.3,1358.7,-9.5331,-9.3041,-9.1964,78.106,77.716,76.558,5.8533,6.8526,11.612,154.61,1.44,2.4942,-9.4904,-9.5908,-9.6796
135,1995,144,1410,6.4126,4.536,3.0895,.87283,.69216,8.3163,3.1827,9.0618,1902.2,1889,1360.2,-9.2854,-9.0473,-8.9449,77.746,77.335,76.083,5.495,6.3963,11.788,155.04,1.4444,2.4685,-9.2374,-9.3361,-9.4332
135,1995,144,1420,6.4585,4.5701,3.1117,.87463,.69089,8.3315,3.1936,9.1179,1904.6,1899.4,1363,-9.0799,-8.8201,-8.735,77.614,77.131,75.791,5.5697,6.515,11.759,156.23,1.4494,2.467,-9.0293,-9.1513,-9.2564
135,1995,144,1430,6.4983,4.5998,3.1289,.87496,.68876,8.3363,3.2812,9.1693,1905.7,1908.3,1363.5,-9.0184,-8.7703,-8.661,77.742,77.166,75.761,5.747,6.8017,11.398,157.11,1.4555,2.4668,-8.9546,-9.0721,-9.1583
135,1995,144,1440,6.5346,4.6273,3.1483,.87469,.68785,8.3533,3.3947,9.2163,1908.4,1921,1366.4,-8.8862,-8.6267,-8.5165,77.691,77.142,75.709,5.7963,6.795,11.195,157.77,1.4595,2.4658,-8.8207,-8.9133,-9.0098
135,1995,144,1450,6.5607,4.6504,3.1628,.87247,.68876,8.3674,3.5448,9.2544,1912.4,1925.7,1368.7,-8.7568,-8.5095,-8.3922,77.78,77.198,75.728,5.7657,6.7577,11.138,158.27,1.461,2.4652,-8.6588,-8.7629,-8.8602
126,1995,144,1458,6.502,4.604,3.133,.873,.69,8.35,3.366,9.18,1908,1911,1365,-8.96,-8.71,-8.6,77.7,77.2,75.8,5.707,6.688,11.44,157,1.455,2.466,-8.89,-8.99,-9.09,164,11
135,1995,144,1500,6.5811,4.667,3.1715,.86893,.69165,8.3867,3.7034,9.2814,1916,1929,1370.8,-8.5713,-8.3363,-8.2112,77.64,77.044,75.541,5.8238,6.8091,11.232,158.14,1.461,2.464,-8.4595,-8.5514,-8.6683
135,1995,144,1510,6.5946,4.6796,3.1787,.86148,.69208,8.4079,3.8548,9.2913,1919,1936.2,1374.3,-8.3977,-8.1349,-8.0077,77.297,76.655,75.055,5.6937,6.671,11.213,158.91,1.4593,2.4631,-8.2872,-8.3631,-8.4755
135,1995,144,1520,6.6049,4.6895,3.1804,.85824,.69399,8.4249,3.9655,9.2999,1923.6,1938,1377.3,-8.2242,-7.9562,-7.8217,77.048,76.353,74.63,5.6403,6.6043,11.356,160.41,1.4585,2.4619,-8.081,-8.1666,-8.2906
135,1995,144,1530,6.5914,4.6864,3.1753,.85783,.69594,8.42,4.0328,9.2791,1920.8,1930.5,1376.1,-8.0479,-7.7635,-7.6274,77.012,76.289,74.494,5.6163,6.5923,11.358,161.01,1.4587,2.4613,-7.9326,-8.0147,-8.1403
135,1995,144,1540,6.5707,4.6719,3.166,.85628,.69779,8.4107,4.0982,9.2412,1917.5,1919.6,1375.2,-7.8534,-7.5885,-7.4494,76.87,76.115,74.228,5.2123,6.075,11.295,161.38,1.4597,2.46,-7.7214,-7.8089,-7.9373
135,1995,144,1550,6.5367,4.6543,3.1467,.86701,.68463,8.3933,4.133,9.1815,1924.1,1894.4,1354,-7.7091,-7.4069,-7.2717,76.364,75.548,73.563,5.1803,6.0657,11.392,161.74,1.4594,2.4596,-7.595,-7.6847,-7.8132
126,1995,144,1558,6.571,4.672,3.165,.86,.692,8.41,4.035,9.24,1922,1920,1369,-7.98,-7.7,-7.57,76.8,76.1,74.3,5.407,6.323,11.36,160.7,1.459,2.461,-7.86,-7.95,-8.07,164,11
135,1995,144,1600,6.5134,4.6456,3.1377,.85656,.68822,8.409,4.2031,9.1421,1927.1,1895.4,1355.5,-7.4483,-7.1514,-7.0267,76.097,75.319,73.207,4.727,5.5057,11.705,162.11,1.4588,2.458,-7.3402,-7.4644,-7.5894
135,1995,144,1610,6.487,4.6299,3.1275,.85079,.68784,8.4164,4.2322,9.088,1928.2,1902.9,1357.3,-7.2156,-6.9029,-6.7605,75.516,74.664,72.398,4.483,5.2537,11.999,162.75,1.4587,2.4696,-7.1402,-7.2722,-7.4143
135,1995,144,1620,6.4554,4.613,3.1117,.84489,.68475,8.4164,3.9294,9.0145,1923.4,1914.5,1360.9,-7.1287,-6.7607,-6.635,74.673,73.669,70.904,4.7243,5.5523,11.893,163.36,1.4586,2.4865,-7.0615,-7.1725,-7.2921
135,1995,144,1630,6.4147,4.5895,3.0907,.84022,.68292,8.4108,3.9478,8.934,1919,1918.3,1362.2,-7.1184,-6.7542,-6.6206,74.232,73.091,70.026,5.091,5.9723,11.647,163.68,1.4585,2.4836,-6.9914,-7.0826,-7.1765
135,1995,144,1640,6.3481,4.5521,3.0631,.83342,.68697,8.3889,3.988,8.8252,1911.6,1905.8,1361.8,-6.9521,-6.5992,-6.4807,73.993,72.763,69.539,4.6763,5.4563,12.098,163.74,1.4578,2.4816,-6.8206,-6.938,-7.0397
135,1995,144,1650,6.2835,4.5165,3.0322,.823,.6851,8.3681,4.0421,8.7162,1906.3,1900.7,1362.8,-6.9205,-6.525,-6.4157,73.216,71.921,68.479,4.7883,5.607,12.063,164.81,1.4578,2.4812,-6.8217,-6.9316,-7.0203
126,1995,144,1658,6.379,4.569,3.076,.836,.685,8.39,4.05,8.88,1916,1908,1361,-7.06,-6.7,-6.574,74.2,73.1,70.1,4.763,5.586,11.91,163.8,1.458,2.48,-6.963,-7.08,-7.18,164,11
135,1995,144,1700,6.2238,4.4792,3.0025,.81771,.68194,8.3519,4.1562,8.6108,1901.5,1903.8,1363.4,-6.944,-6.5498,-6.4259,73.442,72.13,68.645,5.2923,6.2281,11.788,165.15,1.4577,2.4809,-6.837,-6.9472,-7.0326
135,1995,144,1710,6.1484,4.4308,2.9682,.81238,.68012,8.3366,4.3039,8.4856,1896,1903.7,1363.3,-6.9561,-6.5508,-6.4254,73.927,72.64,69.267,4.9657,5.8337,11.892,165.04,1.4578,2.4811,-6.8353,-6.9504,-7.0339
135,1995,144,1720,6.0627,4.3757,2.9271,.8081,.68615,8.3071,4.4615,8.3489,1885.7,1890.1,1361.4,-6.8423,-6.4702,-6.3341,74.113,72.871,69.543,4.5563,5.3057,11.92,166.07,1.4573,2.4806,-6.691,-6.8152,-6.9231
135,1995,144,1730,5.9765,4.3192,2.8853,.80497,.68663,8.2682,4.5666,8.2034,1875.6,1883.4,1360.2,-6.8225,-6.4191,-6.2841,73.756,72.47,69.064,4.8857,5.7203,11.8,166.51,1.4573,2.4821,-6.6764,-6.7721,-6.8632
135,1995,144,1740,5.8788,4.2541,2.8382,.80075,.69167,8.2306,4.7656,8.0428,1864.9,1867.3,1358.7,-6.6935,-6.3075,-6.1612,73.709,72.437,69.018,4.711,5.467,12.134,166.79,1.4568,2.4785,-6.4978,-6.6023,-6.7023
135,1995,144,1750,5.7721,4.1836,2.7921,.78996,.69825,8.1979,4.9661,7.8764,1854.5,1844.5,1357.5,-6.3877,-5.9679,-5.8749,74.029,72.866,69.623,4.243,4.9177,12.703,167.49,1.4559,2.4779,-6.2455,-6.3598,-6.4927
126,1995,144,1758,5.932,4.288,2.865,.8,.69,8.25,4.67,8.13,1872,1872,1360,-6.681,-6.27,-6.155,73.9,72.7,69.37,4.744,5.539,12.24,166.5,1.457,2.48,-6.536,-6.646,-6.752,164,11
135,1995,144,1800,5.6689,4.1124,2.7419,.78026,.6977,8.1561,5.0757,7.6987,1844.8,1830.3,1356.8,-6.2804,-5.7854,-5.7467,74.055,72.9,69.714,4.5883,5.3803,13.217,167.71,1.4556,2.4771,-6.1725,-6.2804,-6.401
135,1995,144,1810,5.5625,4.0354,2.6931,.78481,.68871,8.1266,5.3988,7.521,1834.7,1826.6,1355.4,-6.1846,-5.6931,-5.688,74.049,72.902,69.728,4.5297,5.283,13.225,168.28,1.4574,2.4772,-6.1016,-6.2131,-6.3317
135,1995,144,1820,5.4481,3.9612,2.6437,.77758,.68526,8.0866,4.8233,7.3154,1820.3,1830.4,1353.9,-6.1494,-5.6364,-5.6662,73.715,72.54,69.344,4.5017,5.2403,13.064,168.48,1.4575,2.4757,-6.0389,-6.1488,-6.2682
135,1995,144,1830,5.3409,3.8847,2.5849,.76852,.68366,8.0579,4.4511,7.1335,1812.8,1820.6,1353.5,-6.1795,-5.6448,-5.6407,73.877,72.623,69.319,4.631,5.451,12.767,168.81,1.4577,2.4765,-6.0665,-6.1366,-6.2441
135,1995,144,1840,5.2262,3.802,2.5256,.75902,.68353,8.014,4.0488,6.9409,1802.1,1811.2,1352.3,-6.2436,-5.7166,-5.6643,74.123,72.796,69.45,4.9803,5.887,12.266,169.6,1.4578,2.4763,-6.086,-6.127,-6.2188
135,1995,144,1850,5.1009,3.7125,2.4654,.74605,.68672,7.9635,3.6131,6.7413,1789.8,1783.9,1350.5,-6.2099,-5.695,-5.6294,74.407,73.111,69.803,4.6083,5.399,12.489,169.88,1.4576,2.4759,-6.0164,-6.0714,-6.1747
126,1995,144,1858,5.299,3.853,2.565,.763,.687,8.04,4.323,7.07,1809,1808,1353,-6.178,-5.659,-5.639,74.1,72.9,69.64,4.584,5.369,12.81,169.1,1.457,2.476,-6.046,-6.123,-6.234,164,11
135,1995,144,1900,4.9791,3.6236,2.4137,.72911,.68898,7.9294,3.2042,6.5451,1779.7,1761.5,1349.9,-6.0604,-5.5082,-5.4971,74.595,73.445,70.314,4.7579,5.5625,13.05,170.29,1.4571,2.475,-5.9288,-5.993,-6.124
135,1995,144,1910,4.8104,3.5092,2.3589,.7057,.6925,7.8776,2.729,6.3035,1761,1737.5,1346.7,-5.6483,-5.1284,-5.3361,75.085,74.047,71.197,2.899,3.3283,16.213,170.19,1.4571,2.4755,-6.1385,-6.2033,-6.3464
135,1995,144,1920,4.644,3.4016,2.3043,.67824,.68771,7.8418,2.3175,6.0669,1745.4,1743.6,1344.6,-5.4249,-4.6194,-5.024,74.998,73.924,71.449,2.6563,3.0537,15.008,170.82,1.4572,2.4757,-6.1554,-6.209,-6.3751
135,1995,144,1930,4.4835,3.2944,2.2309,.66534,.68429,7.7661,1.8836,5.8305,1726.8,1727.2,1340.3,-5.7454,-4.8745,-5.1263,75.131,74.102,71.595,2.6617,3.0657,13.161,171.26,1.4574,2.4758,-6.2567,-6.2261,-6.4248
135,1995,144,1940,4.3221,3.1914,2.1686,.64729,.68229,7.7107,1.3611,5.6064,1709.3,1714.1,1337.5,-5.7641,-4.8365,-5.1599,75.775,74.926,72.62,2.3803,2.763,13.632,171.33,1.4579,2.4768,-6.4838,-6.4478,-6.6498
135,1995,144,1950,4.2111,3.0887,2.0935,.64256,.6792,7.6335,.9301,5.3807,1690.8,1705.6,1334.4,-6.0151,-5.2274,-5.3331,75.399,74.643,72.289,3.0217,3.4923,12.67,171.96,1.4576,2.4761,-6.4029,-6.3087,-6.456
126,1995,144,1958,4.449,3.26,2.208,.663,.685,7.74,1.681,5.757,1720,1722,1339,-5.762,-4.981,-5.216,75.3,74.4,71.9,2.767,3.2,13.94,171.3,1.457,2.476,-6.299,-6.292,-6.46,164,11
135,1995,144,2000,4.1028,2.9845,2.0385,.62488,.68553,7.5879,.48047,5.1624,1670.9,1697.1,1330.3,-5.9883,-5.1892,-5.2931,75.592,74.848,72.427,2.3684,2.7628,12.683,171.54,1.4578,2.4765,-6.4027,-6.4003,-6.5481
135,1995,144,2010,3.9387,2.8674,1.977,.59948,.68738,7.5427,-.05625,4.9264,1648.3,1673.7,1325.5,-5.4774,-4.5384,-4.8749,74.841,74.068,71.706,1.675,1.9643,12.994,172,1.4576,2.4765,-6.3091,-6.2911,-6.455
135,1995,144,2020,3.7697,2.7408,1.9097,.56591,.69154,7.4946,-.71438,4.6771,1624,1646.2,1320.6,-4.1883,-3.5064,-4.2109,74.036,73.387,71.291,1.0897,1.3323,13.163,173.88,1.4583,2.4776,-6.5238,-6.5352,-6.6443
135,1995,144,2030,3.603,2.6131,1.8334,.52745,.69761,7.4578,-.96344,4.4248,1601.4,1639.9,1316.6,-2.5134,-2.1759,-2.9253,71.045,71.374,68.701,.70833,.803,13.164,174.68,1.4588,2.4782,-6.5472,-6.4756,-6.5174
135,1995,144,2040,3.4173,2.4841,1.743,.49217,.69475,7.3754,-1.2685,4.1646,1572.3,1619.5,1310.4,-2.6105,-1.0292,-2.3282,68.36,68.85,65.779,.59233,.795,13.162,175.67,1.459,2.4787,-6.6112,-6.5145,-6.6265
135,1995,144,2050,3.2614,2.3768,1.6267,.48154,.67152,7.2581,-1.4691,3.9354,1549.6,1607.9,1306.6,-4.1225,-1.75,-3.0791,67.423,67.561,64.688,1.347,1.5937,12.521,176.64,1.4586,2.4779,-6.7389,-6.6024,-6.7136
126,1995,144,2058,3.544,2.58,1.787,.527,.687,7.4,-.968,4.351,1591,1632,1314,-3.998,-2.718,-3.563,71.1,71,68.34,1.11,1.332,12.87,174.7,1.459,2.478,-6.606,-6.522,-6.614,164,11
135,1995,144,2100,3.0988,2.2737,1.5434,.47141,.67789,7.1666,-1.6687,3.7345,1522.1,1581.6,1301,-5.0416,-3.0634,-3.7897,70.185,70.026,67.2,1.0674,1.334,12.139,176.33,1.4595,2.479,-7.072,-6.8345,-6.8163
135,1995,144,2110,2.9371,2.1659,1.4468,.46321,.665,7.005,-1.8827,3.5247,1488.3,1552.4,1293.6,-5.8757,-4.2196,-4.7373,72.648,72.855,70.363,1.5803,2.015,12.095,177.29,1.4606,2.4807,-7.4865,-7.3599,-7.3284
135,1995,144,2120,2.8034,2.0604,1.3725,.47947,.66455,6.8753,-1.6715,3.3394,1462.2,1519.8,1279.8,-6.6687,-5.653,-5.7944,74.813,75.18,73.069,2.3243,2.855,11.154,177.37,1.4604,2.4802,-7.4194,-7.3274,-7.3143
135,1995,144,2130,2.6593,1.9891,1.3116,.48812,.6668,6.7579,-2.1098,3.1492,1424.5,1489.8,1267.4,-7.2041,-6.3769,-6.3622,76.018,76.287,74.305,2.3483,2.9097,11.342,177.48,1.4611,2.481,-7.6574,-7.5843,-7.5638
135,1995,144,2140,2.5015,1.8829,1.2487,.47672,.67309,6.6417,-2.4657,2.9545,1381.4,1461.2,1257.8,-7.4977,-6.6993,-6.6729,76.858,77.116,75.334,2.079,2.639,11.139,177.52,1.4618,2.4822,-7.9834,-7.8761,-7.8129
135,1995,144,2150,2.3412,1.777,1.1812,.45712,.67352,6.5316,-2.8479,2.7635,1342.9,1431,1249.3,-7.7452,-6.8483,-6.8585,77.046,77.283,75.673,1.8963,2.483,11.289,177.16,1.4626,2.4837,-8.3567,-8.1811,-8.1023
126,1995,144,2158,2.598,1.942,1.291,.469,.669,6.727,-2.322,3.085,1407,1482,1267,-7.08,-6.033,-6.156,75.6,75.9,73.9,2.012,2.548,11.41,177.1,1.461,2.482,-7.86,-7.74,-7.7,164,11
135,1995,144,2200,2.1952,1.6763,1.1149,.44066,.67352,6.4245,-3.2495,2.5808,1305.2,1409.3,1241.1,-7.914,-7.0165,-7.0405,77.273,77.541,76.084,2.0077,2.5888,11.35,175.56,1.463,2.4844,-8.4898,-8.35,-8.2865
135,1995,144,2210,2.0726,1.5803,1.0436,.43018,.67352,6.3096,-3.5552,2.4031,1270.3,1394,1233.6,-8.2634,-7.4229,-7.3904,77.379,77.694,76.347,2.4603,3.0803,11.592,174.88,1.4635,2.4851,-8.693,-8.5112,-8.4309
135,1995,144,2220,1.9447,1.4863,.97771,.42066,.67621,6.1773,-3.8155,2.2317,1228.6,1366.7,1223.5,-8.6365,-7.8832,-7.7799,77.589,77.905,76.546,2.7203,3.3843,11.541,174.94,1.464,2.4862,-8.8936,-8.7372,-8.6245
135,1995,144,2230,1.8118,1.39,.91465,.40593,.6828,6.036,-4.0061,2.065,1183.6,1325.9,1212.5,-8.8121,-8.1132,-7.9661,77.657,77.964,76.62,2.7217,3.3963,11.371,173.99,1.4643,2.4856,-8.9894,-8.8189,-8.6759
135,1995,144,2240,1.6837,1.2945,.84882,.39095,.68569,5.8876,-4.16,1.9057,1140,1274.8,1201,-9.0129,-8.3196,-8.1644,77.619,77.879,76.529,3.0257,3.7377,11.007,172.85,1.4646,2.4869,-9.1664,-8.9943,-8.836
135,1995,144,2250,1.561,1.1959,.78284,.37275,.68727,5.7288,-4.3205,1.7523,1093.5,1216.4,1188.7,-9.3327,-8.6503,-8.5021,77.916,78.173,76.884,2.8843,3.5843,10.492,171.4,1.4656,2.4886,-9.5531,-9.3304,-9.1854
126,1995,144,2258,1.774,1.358,.892,.398,.682,5.977,-4.029,2.022,1167,1299,1208,-8.9,-8.17,-8.05,77.7,78,76.6,2.748,3.425,11.11,173.2,1.465,2.487,-9.15,-8.97,-8.83,164,11
135,1995,144,2300,1.4373,1.1045,.72002,.35249,.6886,5.5696,-4.5248,1.6074,1041.3,1173.4,1173.5,-9.6154,-8.9388,-8.7888,78.005,78.302,77.141,2.7838,3.5066,10.496,170.01,1.4665,2.4898,-9.8144,-9.6419,-9.4423
135,1995,144,2310,1.3049,1.0155,.65745,.33385,.68763,5.3937,-4.744,1.4656,983.96,1131.7,1155.2,-9.9239,-9.1943,-9.044,78.029,78.329,77.251,2.723,3.4257,10.294,169.23,1.4673,2.4912,-10.209,-10.014,-9.8114
135,1995,144,2320,1.1637,.92923,.59617,.31652,.68721,5.2036,-4.9651,1.334,924.11,1087.6,1135.2,-10.34,-9.6558,-9.492,78.079,78.395,77.365,2.9123,3.5857,9.9096,168.84,1.4684,2.4927,-10.581,-10.369,-10.199
135,1995,144,2330,1.0334,.84464,.5384,.29736,.68769,5.0025,-5.1113,1.2106,864.77,1031.5,1115.7,-10.853,-10.16,-10.026,78.022,78.297,77.366,2.8817,3.563,9.4319,167.62,1.4698,2.4955,-11.101,-10.976,-10.826
135,1995,144,2340,.93775,.75822,.48019,.2771,.69154,4.7764,-5.196,1.0951,796.72,956.38,1091,-11.395,-10.716,-10.602,78.021,78.374,77.622,2.6523,3.2843,9.0576,167.29,1.4712,2.4976,-11.633,-11.486,-11.31
135,1995,144,2350,.86463,.68559,.43198,.26587,.70208,4.5755,-5.2605,.98762,731.84,887.51,1065.3,-11.384,-10.824,-10.623,78.275,78.686,78.045,3.043,3.7643,9.4949,165.92,1.4706,2.497,-11.38,-11.157,-10.949
126,1995,144,2358,1.033,.822,.525,.293,.694,4.923,-5.082,1.184,840,997,1105,-10.81,-10.16,-9.99,78.1,78.4,77.5,2.925,3.621,9.74,167.3,1.469,2.495,-10.98,-10.79,-10.6,164,11
135,1995,145,0,.78258,.61706,.38771,.2523,.71066,4.3746,-5.3449,.89013,670.46,818.35,1042,-11.186,-10.654,-10.403,78.052,78.348,77.642,3.5698,4.3572,10.204,163.49,1.4699,2.4955,-11.135,-10.901,-10.651
135,1995,145,10,.68992,.54375,.33956,.23733,.71238,4.1114,-5.4482,.79549,594.58,732.07,1007.2,-11.069,-10.502,-10.23,77.5,77.622,76.648,3.5083,4.3057,10.548,162.55,1.4695,2.4947,-11.03,-10.806,-10.616
135,1995,145,20,.60228,.47786,.29432,.21817,.70945,3.8763,-5.4891,.71137,527.76,663.28,976.93,-11.235,-10.621,-10.363,76.937,76.949,75.733,3.3643,4.1203,10.4,162.23,1.4702,2.4964,-11.272,-11.051,-10.814
135,1995,145,30,.52288,.4173,.25412,.19851,.70868,3.6583,-5.4697,.63504,467.66,602.61,945.42,-11.492,-10.845,-10.58,76.602,76.533,75.14,3.2617,4.0257,10.414,161.06,1.4708,2.4969,-11.579,-11.339,-11.046
135,1995,145,40,.4473,.36072,.21332,.18653,.6941,3.4086,-5.4537,.5656,403.43,542.29,905.19,-12.056,-11.275,-11.036,76.34,76.183,74.706,2.9737,3.6883,9.3543,160.68,1.4728,2.5009,-12.423,-12.193,-11.959
135,1995,145,50,.37314,.31028,.16851,.16736,.69383,3.1671,-5.3712,.50345,344.64,483.06,860.24,-12.888,-12.25,-11.979,76.628,76.615,75.279,3.2097,4.0217,8.1314,159.65,1.475,2.5035,-13.007,-12.775,-12.552
126,1995,145,58,.507,.406,.243,.197,.703,3.569,-5.368,.622,448.8,585.4,926,-11.93,-11.29,-11.03,76.8,76.8,75.6,3.336,4.112,9.61,160.8,1.472,2.499,-12.03,-11.81,-11.58,164,11
135,1995,145,100,.33366,.27061,.14901,.1591,.69392,2.9475,-4.8112,.44979,291.4,423.68,818.16,-13.221,-12.671,-12.392,76.96,76.974,75.726,3.741,4.5452,8.5163,157.92,1.4759,2.5055,-13.282,-13.14,-12.932
135,1995,145,110,.28849,.23374,.12605,.14698,.69695,2.7208,-4.5129,.39947,236.94,366.28,770.42,-13.442,-12.947,-12.672,77.016,77.081,75.944,3.8817,4.695,8.8889,156.89,1.4763,2.5065,-13.475,-13.343,-13.065
135,1995,145,120,.25299,.20208,.10852,.13834,.69974,2.5167,-5.2611,.35565,191.6,315.03,725.74,-13.493,-13.051,-12.747,76.876,76.925,75.803,4.403,5.2643,9.1103,156.81,1.4763,2.5063,-13.455,-13.306,-13.107
135,1995,145,130,.21623,.1715,.08961,.12612,.70042,2.3113,-5.3202,.31637,153.67,268.16,679.54,-13.648,-13.227,-12.91,76.812,76.857,75.721,4.491,5.4043,9.1793,154.98,1.4769,2.5077,-13.584,-13.443,-13.252
135,1995,145,140,.18291,.1435,.07378,.11593,.69997,2.1239,-5.4093,.28251,121.72,223.4,635.97,-13.712,-13.273,-12.928,76.721,76.738,75.573,4.7097,5.6043,8.9579,154.04,1.477,2.5076,-13.661,-13.504,-13.403
135,1995,145,150,.15469,.10941,.0615,.10355,.69788,1.7576,-5.5957,.25375,89.988,172.25,562.04,-13.989,-13.567,-13.204,76.577,76.582,75.373,4.3857,5.2297,8.6001,153.59,1.4779,2.5092,-14.001,-13.836,-13.711
126,1995,145,158,.209,.163,.087,.122,.699,2.194,-5.19,.312,148.7,253.1,646.3,-13.74,-13.3,-12.97,76.8,76.8,75.7,4.344,5.214,8.87,154.9,1.477,2.508,-13.72,-13.56,-13.39,164,11
135,1995,145,200,.12731,.09078,.04565,.0917,.69736,1.3809,-5.1078,.22876,60.557,117.98,425.8,-14.348,-13.963,-13.581,76.596,76.643,75.452,4.2379,5.1459,8.4236,151.71,1.4789,2.5103,-14.327,-14.11,-14.015
135,1995,145,210,.11119,.08378,.03887,.08701,.69896,1.1935,-4.8161,.20687,41.671,84.44,352.37,-14.432,-14.108,-13.715,76.622,76.738,75.566,4.0043,4.787,8.7136,150.2,1.4789,2.5107,-14.335,-14.166,-14.032
135,1995,145,220,.09859,.0783,.03619,.08241,.70589,1.1959,-4.7542,.18933,36.746,80.343,378.34,-14.227,-13.922,-13.498,76.503,76.619,75.438,4.3603,5.1603,9.0964,150.87,1.4782,2.5089,-14.094,-13.813,-13.678
135,1995,145,230,.09201,.07495,.03619,.07923,.70969,1.0457,-4.749,.17508,27.588,61.868,327.99,-13.781,-13.491,-13.058,76.193,76.211,74.878,4.895,5.8057,9.8245,150.01,1.4773,2.5073,-13.648,-13.409,-13.221
135,1995,145,240,.08505,.06871,.03268,.0726,.70586,.94526,-4.6953,.164,22.085,51.228,303.56,-13.719,-13.357,-12.971,75.776,75.678,74.18,5.251,6.1923,9.9232,148.88,1.4773,2.5076,-13.669,-13.452,-13.324
135,1995,145,250,.07765,.06531,.02659,.06673,.69942,.81934,-4.4647,.15562,17.229,41.261,264.93,-13.9,-13.512,-13.144,75.773,75.617,74.055,5.2217,6.2203,9.5502,147.99,1.4782,2.5084,-13.923,-13.68,-13.553
126,1995,145,258,.09,.073,.033,.076,.703,.97,-4.674,.175,26.99,59.16,307.4,-14.04,-13.7,-13.31,76.1,76.1,74.7,4.805,5.693,9.35,149.2,1.478,2.509,-13.98,-13.75,-13.61,164,11
135,1995,145,300,.06959,.06251,.02067,.06569,.69766,.54648,-4.4888,.14877,10.602,26.229,179.28,-14.183,-13.796,-13.436,75.81,75.673,74.145,5.0643,5.919,9.0314,147.06,1.4786,2.51,-14.186,-13.965,-13.844
135,1995,145,310,.06547,.06152,.01788,.06394,.69573,.43094,-4.5445,.14526,8.1128,20.329,142.52,-14.493,-14.083,-13.729,75.806,75.689,74.233,4.7083,5.5697,8.6387,146.58,1.4795,2.5114,-14.514,-14.321,-14.194
135,1995,145,320,.06597,.06065,.01864,.06388,.69823,-99999,-4.552,.14499,25.048,13.642,117.51,-14.754,-14.424,-14.075,75.904,75.862,74.451,5.095,6.0137,8.6527,146.24,1.4803,2.5128,-14.707,-14.505,-14.389
135,1995,145,330,.06976,.0629,.02276,.06636,.70337,.37894,-4.5596,.14604,7.1424,18.394,121.07,-14.741,-14.417,-14.073,75.958,75.879,74.497,5.615,6.607,9.1404,146.26,1.4806,2.5128,-14.653,-14.49,-14.362
135,1995,145,340,.07678,.06565,.02813,.06916,.70517,.3794,-4.5884,.15082,7.2202,17.613,111.46,-14.685,-14.361,-14.003,75.919,75.78,74.367,5.7017,6.7283,9.2716,144.82,1.4803,2.513,-14.614,-14.427,-14.303
135,1995,145,350,.08369,.06636,.0328,.07206,.70019,.97359,-4.6397,.15861,19.188,50.755,304.67,-14.722,-14.394,-14.036,75.841,75.691,74.243,5.7937,6.759,9.1101,144.17,1.481,2.5135,-14.695,-14.487,-14.351
126,1995,145,358,.074,.064,.025,.068,.7,-6999,-4.586,.151,14.34,28.99,181.4,-14.67,-14.33,-13.97,75.9,75.8,74.3,5.445,6.413,9.01,145.4,1.48,2.513,-14.62,-14.43,-14.3,164,11
135,1995,145,400,.08947,.07184,.03552,.07581,.70081,1.048,-4.6716,.16621,22.452,61.924,330.59,-14.704,-14.394,-14.028,75.805,75.662,74.171,6.7066,7.9142,9.3013,144.03,1.4808,2.5136,-14.607,-14.406,-14.276
135,1995,145,410,.09763,.07684,.03839,.0814,.69861,1.2478,-4.6897,.17947,32.236,80.375,397.62,-14.852,-14.503,-14.154,75.754,75.552,74.065,6.1003,7.1177,8.9919,142.78,1.4812,2.5139,-14.889,-14.648,-14.514
135,1995,145,420,.11228,.08507,.04525,.08743,.69797,1.4347,-4.7404,.19483,43.471,102.78,453.78,-14.96,-14.643,-14.298,75.791,75.612,74.122,6.1377,7.179,9.1497,142.82,1.4818,2.5143,-14.905,-14.677,-14.584
135,1995,145,430,.12891,.09429,.05612,.09473,.70125,1.6079,-4.8274,.2153,57.196,131.37,499.54,-14.851,-14.577,-14.228,75.933,75.805,74.351,6.199,7.3817,9.4659,142.26,1.4817,2.5142,-14.767,-14.589,-14.46
135,1995,145,440,.14949,.10648,.06407,.1039,.70184,1.7804,-4.929,.23797,75.945,166.66,547.39,-14.777,-14.471,-14.123,75.874,75.726,74.274,6.3177,7.5163,9.3529,142.06,1.4816,2.5138,-14.731,-14.509,-14.408
135,1995,145,450,.17247,.11822,.0604,.113,.70189,1.961,-4.9977,.26463,100.22,202.15,596.05,-14.743,-14.439,-14.094,75.811,75.689,74.247,6.0163,7.1403,9.4287,141.77,1.4812,2.5133,-14.665,-14.515,-14.395
126,1995,145,458,.14,.101,.051,.099,.7,1.672,-4.864,.228,70,149.7,516.3,-14.83,-14.51,-14.17,75.8,75.7,74.2,6.232,7.35,9.28,142.3,1.481,2.514,-14.78,-14.58,-14.47,164,11
135,1995,145,500,.2002,.13529,.04279,.12213,.69898,2.1567,-5.0568,.29594,128.38,242.74,645.77,-14.785,-14.456,-14.123,75.809,75.692,74.268,6.2603,7.3775,9.2928,140.64,1.4813,2.5137,-14.735,-14.564,-14.426
135,1995,145,510,.236,.15465,.04433,.13402,.6979,2.3684,-5.0677,.33337,163.59,286.23,698.42,-14.902,-14.575,-14.244,75.884,75.753,74.347,6.2777,7.3683,9.2232,140.37,1.4819,2.514,-14.834,-14.619,-14.511
135,1995,145,520,.27468,.17955,.04948,.14719,.69748,2.5669,-5.072,.37518,204.43,333.98,742.07,-14.928,-14.603,-14.276,75.97,75.807,74.408,6.5643,7.7417,9.2566,140.79,1.4825,2.5147,-14.837,-14.631,-14.525
135,1995,145,530,.32148,.20688,.09655,.162,.6959,2.811,-5.0386,.42336,256.18,392.16,793.58,-14.994,-14.648,-14.33,76.135,75.934,74.549,6.6097,7.7443,8.9556,140.55,1.4826,2.515,-14.977,-14.773,-14.674
135,1995,145,540,.36987,.2376,.18258,.17341,.69339,3.046,-4.9741,.47751,311.11,450.01,842,-15.192,-14.873,-14.572,76.21,76.068,74.798,6.039,7.0737,8.6894,140.46,1.4828,2.5158,-15.14,-14.943,-14.82
135,1995,145,550,.42314,.27551,.21407,.19415,.69893,3.2697,-4.924,.53863,364.43,502.12,878.7,-14.989,-14.708,-14.399,76.297,76.214,75.034,6.1097,7.163,8.7161,139.71,1.4822,2.5142,-14.853,-14.678,-14.568
126,1995,145,558,.343,.222,.132,.167,.697,2.888,-5.001,.449,278.6,411.7,804,-14.99,-14.67,-14.35,76.1,76,74.7,6.345,7.44,8.94,140.3,1.482,2.515,-14.92,-14.72,-14.61,164,11
135,1995,145,600,.48503,.31075,.24618,.20484,.69796,3.5014,-4.8905,.60504,425.71,562.16,915.21,-14.932,-14.617,-14.325,76.266,76.162,75.022,6.5074,7.6161,8.7621,139.47,1.4824,2.5148,-14.867,-14.702,-14.567
135,1995,145,610,.57111,.36159,.28237,.22235,.69778,1.3915,-4.822,.68127,488.82,625.7,953.23,-14.878,-14.584,-14.271,76.347,76.291,75.161,6.0057,7.067,8.6682,139.76,1.4819,2.514,-14.864,-14.647,-14.504
135,1995,145,620,.668,.41651,.32039,.23903,.69581,3.4883,-4.7517,.7628,333.59,320.84,982.27,-14.839,-14.536,-14.222,76.503,76.44,75.28,6.2443,7.335,8.7478,140.15,1.4817,2.5141,-14.77,-14.596,-14.437
135,1995,145,630,.74106,.47554,.364,.25757,.69334,4.2024,-4.7128,.85326,400.35,557.41,206.1,-14.7,-14.421,-14.121,76.494,76.396,75.223,6.9097,8.043,9.0428,140.44,1.4824,2.514,-14.722,-14.488,-14.378
135,1995,145,640,.81859,.53973,.41102,.2742,.69416,4.2765,-4.6337,.95053,694.27,813.14,1038.7,-14.551,-14.283,-13.992,76.608,76.486,75.327,6.9843,8.151,9.227,140.52,1.482,2.5131,-14.564,-14.338,-14.244
135,1995,145,650,.91865,.60496,.45804,.29329,.69564,4.6097,-4.4897,1.0563,734.29,832.24,1062,-14.443,-14.165,-13.881,76.83,76.655,75.503,7.4523,8.8323,9.6145,140.71,1.4823,2.5141,-14.418,-14.25,-14.121
126,1995,145,658,.772,.501,.383,.263,.696,3.754,-4.638,.895,566.8,665.1,877,-14.64,-14.36,-14.06,76.6,76.5,75.3,6.835,8.04,9.12,140.2,1.482,2.514,-14.63,-14.44,-14.31,164,11
135,1995,145,700,1.0057,.67312,.50848,.30913,.69639,4.7997,-4.3061,1.1678,821.7,903.5,1051,-14.365,-14.059,-13.79,76.876,76.665,75.522,7.64,9.0477,9.5905,139.6,1.4823,2.5133,-14.368,-14.211,-14.082
135,1995,145,710,1.104,.74649,.56189,.32736,.69498,4.9772,-4.1213,1.292,881.34,946,1107.2,-14.379,-14.094,-13.825,76.863,76.659,75.529,7.123,8.4017,9.5175,140.19,1.482,2.5133,-14.392,-14.228,-14.088
135,1995,145,720,1.2368,.82632,.61708,.34497,.69718,5.1721,-3.9165,1.4239,944.68,993.63,1126.2,-14.21,-13.939,-13.666,76.868,76.673,75.549,7.1497,8.443,9.6866,140.97,1.4817,2.5123,-14.195,-14.052,-13.965
135,1995,145,730,1.3689,.90832,.67588,.36219,.69387,5.3572,-3.7219,1.5659,1008.2,1041.2,1144,-14.144,-13.846,-13.579,76.782,76.548,75.409,7.275,8.683,9.6904,141.03,1.4816,2.5127,-14.166,-14.003,-13.906
135,1995,145,740,1.4857,.9944,.73699,.38079,.69234,5.5304,-3.5167,1.7152,1063.6,1087.1,1161.1,-14.074,-13.815,-13.553,76.82,76.597,75.455,7.327,8.5857,9.9307,141.07,1.4816,2.5123,-14.064,-13.906,-13.83
135,1995,145,750,1.6055,1.0878,.79987,.39977,.69333,5.698,-3.3449,1.8738,1120.4,1127.8,1174.9,-13.939,-13.656,-13.4,76.819,76.561,75.41,7.7257,9.007,9.968,141.88,1.4816,2.5123,-13.954,-13.76,-13.674
126,1995,145,758,1.401,.942,.699,.369,.694,5.402,-3.669,1.626,1022,1054,1147,-14.12,-13.84,-13.58,76.8,76.6,75.5,7.45,8.77,9.81,141,1.482,2.513,-14.12,-13.96,-13.87,164,11
135,1995,145,800,1.7374,1.1811,.86302,.41843,.69324,5.8595,-3.2119,2.0389,1174.2,1171.4,1186,-13.886,-13.611,-13.358,76.95,76.674,75.493,8.2786,9.6919,10.161,140.78,1.4818,2.5122,-13.871,-13.709,-13.641
135,1995,145,810,1.8754,1.2805,.92867,.43885,.69569,5.9998,-3.1556,2.2186,1222.5,1202.3,1193.9,-13.785,-13.499,-13.249,77.141,76.838,75.66,8.0217,9.475,10.148,141.71,1.4819,2.5119,-13.8,-13.643,-13.584
135,1995,145,820,2.0074,1.3779,.99484,.45776,.69698,6.1333,-3.0797,2.4035,1268.5,1226.9,1203,-13.597,-13.309,-13.061,77.235,76.895,75.733,8.1097,9.4497,10.053,142.28,1.4816,2.5111,-13.633,-13.552,-13.403
135,1995,145,830,2.1461,1.4794,1.0631,.4764,.69713,6.2685,-2.9107,2.5977,1315.2,1258.7,1202.9,-13.563,-13.274,-13.037,77.287,76.963,75.811,8.0803,9.431,10.063,142.83,1.4814,2.5109,-13.566,-13.449,-13.34
135,1995,145,840,2.3008,1.5868,1.1346,.49521,.69646,6.3987,-2.7205,2.7993,1358.3,1289.7,1221.5,-13.521,-13.226,-12.998,77.391,77.059,75.936,7.8537,9.2403,10.122,143.02,1.4816,2.5109,-13.516,-13.395,-13.344
135,1995,145,850,2.4524,1.6899,1.2043,.51441,.69723,6.507,-2.5306,3.002,1393,1316,1229.3,-13.381,-13.165,-12.874,77.562,77.33,76.15,7.9003,9.3283,10.15,143.1,1.4811,2.5103,-13.364,-13.245,-13.208
126,1995,145,858,2.205,1.516,1.088,.483,.697,6.297,-2.825,2.671,1323,1267,1210,-13.54,-13.28,-13.02,77.4,77.1,75.9,8.09,9.51,10.16,142.6,1.482,2.511,-13.54,-13.42,-13.35,164,11
135,1995,145,900,2.5993,1.7897,1.2704,.5361,.69991,6.5948,-2.397,3.2076,1423.7,1331.5,1212.7,-13.299,-13.11,-12.788,77.608,77.436,76.169,8.8035,10.398,10.478,143.13,1.4817,2.5109,-13.263,-13.128,-13.112
135,1995,145,910,2.7513,1.8999,1.3415,.56071,.71083,6.6943,-2.145,3.4293,1454.3,1354.7,1209,-13.219,-12.949,-12.709,77.582,77.251,76.074,8.5003,10.039,10.213,144.28,1.4823,2.5104,-13.189,-13.103,-13.038
135,1995,145,920,2.9019,2.0113,1.4152,.57897,.71066,6.7894,-1.9148,3.6523,1483.2,1385.6,1149.3,-13.218,-12.941,-12.723,77.605,77.223,76.095,8.9617,10.535,10.442,145.35,1.4823,2.5109,-13.19,-13.101,-13.079
135,1995,145,930,3.0567,2.1211,1.4908,.59455,.71374,6.8936,-1.6833,3.8762,1513.4,1407.1,1098.6,-13.061,-12.816,-12.585,77.747,77.35,76.194,8.7617,10.288,10.38,145.96,1.4822,2.5099,-13.008,-12.909,-12.868
135,1995,145,940,3.2078,2.2268,1.5698,.60949,.7137,6.9781,-1.4951,4.0931,1534.2,1425,1148.9,-12.779,-12.541,-12.304,77.827,77.431,76.264,8.663,10.108,10.595,146.24,1.4816,2.5088,-12.716,-12.615,-12.576
135,1995,145,950,3.3672,2.3345,1.6452,.62362,.71208,7.0507,-1.3185,4.3105,1549,1453.9,1128.3,-12.552,-12.304,-12.078,77.895,77.478,76.331,8.6203,10.122,10.552,146.66,1.4814,2.5081,-12.501,-12.416,-12.384
126,1995,145,958,3.109,2.154,1.518,.598,.712,6.908,-1.653,3.944,1513,1413,1141,-12.89,-12.64,-12.41,77.8,77.4,76.2,8.75,10.28,10.45,145.8,1.482,2.509,-12.85,-12.76,-12.72,164,11
135,1995,145,1000,3.5311,2.4419,1.7225,.63941,.71024,7.1283,-1.1501,4.5336,1567.4,1473.7,1092.3,-12.364,-12.108,-11.885,77.917,77.499,76.334,8.9481,10.555,10.598,147.18,1.4801,2.5071,-12.309,-12.217,-12.186
135,1995,145,1010,3.7004,2.5551,1.8031,.65157,.70905,7.2175,-.9849,4.7713,1590.4,1495.1,1180.2,-12.202,-11.94,-11.727,77.962,77.539,76.374,8.1497,9.647,10.772,147.33,1.4803,2.5064,-12.154,-12.079,-12.051
135,1995,145,1020,3.8654,2.6703,1.8806,.66889,.71013,7.3126,-.78745,5.0146,1619.1,1528.5,1256.3,-11.968,-11.727,-11.506,77.969,77.546,76.383,8.2017,9.6097,10.652,148.59,1.4802,2.5052,-11.906,-11.827,-11.796
135,1995,145,1030,4.012,2.7826,1.9541,.68728,.7114,7.3846,-.59142,5.2465,1635.4,1550.5,1253.9,-11.688,-11.453,-11.231,78.007,77.6,76.434,8.059,9.5097,10.791,149.24,1.4796,2.5039,-11.608,-11.541,-11.516
135,1995,145,1040,4.1531,2.89,2.022,.70546,.71187,7.4377,-.40507,5.469,1650.1,1571,1264.3,-11.41,-11.16,-10.939,77.942,77.467,76.274,8.1923,9.635,10.892,149.44,1.4792,2.503,-11.364,-11.273,-11.233
135,1995,145,1050,4.3007,3.0007,2.0893,.7231,.7123,7.4983,-.21994,5.7044,1668.7,1589.1,1277.1,-11.186,-10.932,-10.713,77.926,77.374,76.113,8.0977,9.5603,11.137,150.29,1.4785,2.502,-11.131,-11.043,-11.011
126,1995,145,1058,4.055,2.817,1.973,.694,.711,7.39,-.532,5.317,1638,1552,1245,-11.6,-11.35,-11.13,78,77.5,76.3,8.25,9.73,10.87,149,1.479,2.504,-11.54,-11.45,-11.42,164,11
135,1995,145,1100,4.4601,3.1193,2.1621,.74644,.71469,7.5798,-.00335,5.9424,1687.5,1601,1267.6,-10.863,-10.614,-10.39,77.898,77.297,75.972,8.8035,10.382,10.946,149.77,1.4778,2.5005,-10.806,-10.718,-10.684
135,1995,145,1110,4.5735,3.2083,2.2169,.7549,.71284,7.5854,.10067,6.1473,1702.2,1606.7,1078.9,-10.694,-10.423,-10.224,77.929,77.319,75.952,7.9417,9.3683,10.748,150.64,1.4773,2.5,-10.672,-10.574,-10.543
135,1995,145,1120,4.6235,3.2601,2.2359,.76114,.71306,7.4892,.11789,6.3178,1685.9,1564.6,884.38,-10.501,-10.241,-10.037,78.014,77.424,76.061,8.147,9.5977,10.755,152.29,1.4774,2.4993,-10.441,-10.366,-10.324
135,1995,145,1130,4.845,3.4184,2.3465,.76459,.71234,7.7449,.48577,6.5818,1746.4,1568.1,831.6,-10.292,-10.038,-9.8399,78.033,77.436,76.056,7.9017,9.3403,10.461,152.46,1.4765,2.4985,-10.245,-10.177,-10.132
135,1995,145,1140,4.9776,3.5144,2.4055,.77188,.71294,7.7968,.66825,6.7921,1759,1530.7,876.58,-10.109,-9.8538,-9.6601,78.092,77.461,76.051,7.9257,9.3457,10.362,153.08,1.4758,2.4973,-10.054,-9.9897,-9.9431
135,1995,145,1150,5.1068,3.6056,2.4611,.78634,.71325,7.8337,.8228,6.9937,1769.1,1453.6,902.61,-9.8741,-9.6213,-9.4207,77.974,77.282,75.814,8.0537,9.4803,11.034,153.6,1.4754,2.4968,-9.8021,-9.7322,-9.7021
126,1995,145,1158,4.872,3.434,2.355,.771,.712,7.71,.501,6.635,1738,1553,921,-10.22,-9.96,-9.77,78,77.4,75.9,7.99,9.43,10.75,152.5,1.476,2.498,-10.18,-10.11,-10.07,164,11
135,1995,145,1200,5.2387,3.6989,2.5235,.79775,.70888,7.8816,.97285,7.1873,1779.8,1587.6,894.1,-9.6925,-9.4042,-9.2366,77.879,77.198,75.683,8.0372,9.5193,11.236,153.59,1.4747,2.496,-9.6698,-9.6242,-9.6051
135,1995,145,1210,5.3779,3.799,2.5836,.81341,.7098,7.931,1.188,7.3989,1793.1,1571.1,906.49,-9.665,-9.3981,-9.2284,78.167,77.483,75.971,7.6043,8.943,10.672,154.61,1.475,2.4961,-9.5981,-9.5609,-9.5332
135,1995,145,1220,5.5,3.8832,2.6371,.82909,.71353,7.9551,1.445,7.585,1803.1,1601.7,908.82,-9.5102,-9.2498,-9.0866,78.39,77.759,76.332,7.4963,8.931,11.024,155.88,1.4748,2.4959,-9.4294,-9.4126,-9.3962
135,1995,145,1230,5.6274,3.9714,2.6922,.8672,.72106,7.9591,1.6076,7.7674,1805.5,1473.2,765.91,-9.3946,-9.1233,-8.9548,78.762,78.076,76.694,8.4297,10.042,11.315,156.62,1.4749,2.4958,-9.2896,-9.2732,-9.2453
135,1995,145,1240,5.7102,4.036,2.7276,.86417,.72061,7.9658,1.783,7.9265,1805.5,1332.6,670.43,-9.3576,-9.0779,-8.9231,79.126,78.429,77.086,8.4563,10.1,11.739,156.95,1.4748,2.4962,-9.2348,-9.2428,-9.2265
135,1995,145,1250,5.8202,4.1187,2.7812,.86141,.72081,8.0367,1.8896,8.0985,1822.2,1288.5,573.72,-9.2582,-8.9944,-8.8502,79.364,78.667,77.411,8.5377,10.076,11.902,158.04,1.475,2.4964,-9.1157,-9.139,-9.1364
126,1995,145,1258,5.641,3.986,2.7,.848,.717,7.98,1.648,7.81,1809,1438,728,-9.41,-9.14,-8.98,78.9,78.2,76.8,8.24,9.79,11.39,156.4,1.475,2.496,-9.3,-9.29,-9.27,164,11
135,1995,145,1300,5.9241,4.1901,2.8304,.86571,.7202,8.0837,2.1858,8.2581,1832.6,1314,473.23,-9.134,-8.8853,-8.7353,79.662,78.967,77.799,8.8666,10.646,11.853,156.85,1.4741,2.4964,-8.973,-9.0071,-8.9991
135,1995,145,1310,6.0258,4.2643,2.8806,.87856,.7206,8.117,2.3982,8.4106,1841.3,1357.4,450.73,-8.9412,-8.6902,-8.5546,80.05,79.338,78.345,8.3963,10.031,12.154,157.25,1.4735,2.4953,-8.7756,-8.8225,-8.8222
135,1995,145,1320,6.1381,4.3467,2.9339,.91167,.72143,8.1403,2.6096,8.5696,1848.6,1348.4,399.78,-8.8117,-8.5549,-8.4334,80.291,79.537,78.627,8.395,10.019,12.354,158.66,1.4729,2.4969,-8.6272,-8.6807,-8.6843
135,1995,145,1330,6.2247,4.4122,2.9772,.93835,.72378,8.1339,2.8947,8.6986,1847.2,1496.1,413.2,-8.5958,-8.3349,-8.2421,80.27,79.557,78.718,7.8883,9.327,12.459,158.75,1.472,2.495,-8.4086,-8.5013,-8.5156
135,1995,145,1340,6.142,4.358,2.9263,1.0331,.72639,7.6783,2.6911,8.7195,1755.3,1637,511.71,-8.3745,-8.1055,-8.0364,80.469,79.801,79.081,7.2803,8.6497,12.625,158.95,1.471,2.4942,-8.2034,-8.2924,-8.317
135,1995,145,1350,6.3146,4.4756,3.0265,1.1896,.73454,7.625,3.4137,8.8373,1740.5,1673.3,601.16,-8.1003,-7.8392,-7.7793,80.941,80.304,79.85,7.4243,8.8297,12.634,159.64,1.4705,2.4931,-7.9226,-8.0162,-8.0612
126,1995,145,1358,6.195,4.39,2.962,1.024,.727,7.89,2.876,8.68,1797,1518,496.5,-8.48,-8.22,-8.13,80.5,79.8,79.1,7.9,9.39,12.49,158.7,1.472,2.495,-8.3,-8.38,-8.4,164,11
135,1995,145,1400,6.3916,4.5307,3.0568,1.2429,.74115,7.5818,3.4017,8.9531,1733.7,1653.9,652.62,-7.8375,-7.5735,-7.5199,81.481,80.865,80.783,7.3617,8.7337,12.952,160.29,1.4694,2.4921,-7.6436,-7.7421,-7.7916
135,1995,145,1410,6.4907,4.6018,3.1061,1.0451,.73724,8.0663,3.4183,9.0822,1838.1,1754.9,831.18,-7.4971,-7.2217,-7.203,81.941,81.441,81.776,6.8403,8.1377,13.526,160.53,1.4682,2.49,-7.3442,-7.4568,-7.5109
135,1995,145,1420,6.5299,4.6332,3.1278,.94089,.73136,8.2693,3.3477,9.1301,1884.5,1797.7,950.07,-7.2137,-6.9073,-6.9354,82.484,82.134,82.968,6.6323,7.859,13.876,162.29,1.4671,2.4895,-7.1077,-7.2419,-7.3014
135,1995,145,1430,6.5103,4.6245,3.1151,.90275,.73196,8.2595,3.2436,9.1336,1886.8,1780.3,991.05,-6.9811,-6.6805,-6.734,83.151,82.897,84.261,6.6163,7.9137,14.195,163.73,1.4664,2.4882,-6.8848,-7.0283,-7.0848
135,1995,145,1440,6.5504,4.657,3.1323,.92269,.73745,8.2494,3.2444,9.1724,1887.9,1768.9,1069.3,-6.8088,-6.5075,-6.5665,83.752,83.568,85.383,7.1217,8.5137,14.512,164.83,1.4662,2.4883,-6.7076,-6.8314,-6.8822
135,1995,145,1450,6.7031,4.7859,3.2155,1.1521,.74631,8.0197,3.5048,9.279,1848.4,1723.9,1097.8,-6.7294,-6.3969,-6.4752,84.27,84.075,86.291,7.255,8.703,14.431,165.16,1.4664,2.4883,-6.6332,-6.7806,-6.849
126,1995,145,1458,6.563,4.666,3.141,1.017,.738,8.12,3.37,9.17,1860,1753,994,-7.04,-6.736,-6.779,83.2,82.8,84.2,6.986,8.34,14.13,163.5,1.467,2.489,-6.927,-7.06,-7.12,164,11
135,1995,145,1500,6.6442,4.7395,3.1723,1.182,.74998,7.8156,3.5922,9.2569,1810.2,1681.1,1081.8,-6.8359,-6.5064,-6.5829,83.756,83.457,85.685,8.3474,9.9866,14.408,165.1,1.4668,2.4888,-6.6999,-6.8429,-6.9179
135,1995,145,1510,6.4163,4.6284,3.0337,1.758,.78147,6.2159,3.5424,9.1768,1530.7,1378.2,883.37,-6.8899,-6.5292,-6.6284,83.328,82.921,85.04,7.3643,8.747,14.119,164.8,1.4662,2.4885,-6.7671,-6.8974,-7.0705
135,1995,145,1520,6.4729,4.6114,3.0808,1.0829,.74285,7.6551,3.6716,9.2026,1786.1,1655.9,1163.9,-6.7702,-6.4566,-6.5146,82.821,82.354,84.173,6.7017,7.9257,14.19,165.35,1.4658,2.4875,-6.607,-6.7486,-6.8383
135,1995,145,1530,6.6129,4.7077,3.1619,1.1084,.74476,7.8354,4.0167,9.2623,1818.5,1689.9,1207.2,-6.6238,-6.2864,-6.3394,82.622,82.147,83.807,6.563,7.8337,14.125,165.56,1.465,2.4867,-6.4568,-6.6042,-6.712
