134,1995,141,1620,6.3338,4.4679,3.0473,.85437,.7387,8.3086,5.0035,8.7609,1895.7,1858.1,1383.6,-4.7417,-4.3787,-4.364,82.323,81.99,82.976,5.6724,6.6402,13.88,151.31,1.2745,2.1878,-4.672,-4.8151,-4.9609
134,1995,141,1630,6.2912,4.4399,3.0275,.85277,.73829,8.2872,4.9929,8.6895,1891.9,1856.8,1383.5,-4.7709,-4.4193,-4.4007,81.917,81.528,82.321,5.6483,6.6657,13.974,169.07,1.4518,2.4916,-4.6802,-4.8134,-4.959
134,1995,141,1640,6.2276,4.3954,2.9999,.84203,.73921,8.268,4.9406,8.5858,1887,1849.3,1382.9,-4.7222,-4.382,-4.3602,81.803,81.396,82.115,5.551,6.5683,14.02,169.08,1.4519,2.4917,-4.6252,-4.7734,-4.9024
134,1995,141,1650,6.1659,4.3142,2.9709,.82751,.73954,8.2592,4.9611,8.4856,1893.4,1854.2,836.94,-4.6992,-4.3468,-4.3109,81.411,80.963,81.548,5.3803,6.3377,13.724,169.71,1.451,2.4908,-4.6111,-4.7403,-4.8782
126,1995,141,1658,6.222,4.36,2.997,.839,.739,8.27,4.989,8.58,1891,1854,833,-4.72,-4.369,-4.344,81.7,81.3,81.9,5.471,6.453,13.89,166.7,1.425,2.445,-4.631,-4.771,-4.906
134,1995,141,1700,6.0985,4.2,2.9428,.81796,.73925,8.2509,5.0737,8.3741,1888.4,1853.4,-1016.1,-4.6625,-4.308,-4.2756,80.86,80.344,80.62,5.2939,6.2704,13.777,169.32,1.4511,2.4912,-4.5732,-4.7256,-4.8379
134,1995,141,1710,6.0256,4.258,2.9086,.80554,.74057,8.2511,5.2496,8.2551,1880.1,1850.8,-1014.8,-4.6255,-4.2542,-4.2013,80.024,79.407,79.198,4.7937,5.651,13.194,170,1.4508,2.4908,-4.5529,-4.6759,-4.81
134,1995,141,1720,5.9445,4.2041,2.867,.79754,.73904,8.2316,5.5189,8.1247,1871.8,1840.1,-1009.3,-4.5986,-4.2172,-4.1547,79.615,78.933,78.378,4.8643,5.6857,12.921,170.56,1.4506,2.4901,-4.5135,-4.6221,-4.7481
134,1995,141,1730,5.8533,4.1419,2.8301,.78806,.74156,8.2082,5.8459,7.974,1859.6,1835.9,-1007,-4.4713,-4.0786,-4.0277,79.904,79.263,78.739,4.5803,5.4057,13.438,170.86,1.4501,2.4896,-4.3968,-4.5147,-4.6489
134,1995,141,1740,5.7563,4.0503,2.7866,.77925,.74101,8.1683,6.1926,7.8157,1855.7,1826.5,-1001.8,-4.39,-3.975,-3.9446,79.512,78.807,78.188,4.463,5.2803,13.41,171.33,1.4501,2.4897,-4.3251,-4.4609,-4.5902
134,1995,141,1750,5.6608,4.0085,2.7371,.77125,.73734,8.1511,6.5747,7.6571,1862.1,1822.9,-1000.2,-4.4201,-3.9803,-3.9338,79.124,78.404,77.678,4.743,5.575,13.134,171.98,1.4504,2.4895,-4.3431,-4.4508,-4.5876
126,1995,141,1758,5.816,4.111,2.81,.786,.74,8.19,5.988,7.91,1865,1832,-1005,-4.494,-4.091,-4.038,79.6,78.9,78.3,4.725,5.567,13.16,170.9,1.45,2.49,-4.415,-4.531,-4.662
134,1995,141,1800,5.5548,3.9352,2.6837,.76144,.74068,8.1204,6.8756,7.4921,1852.5,1805.3,-990.63,-4.3991,-3.9705,-3.8923,78.899,78.172,77.342,4.7754,5.6077,12.727,170.95,1.4498,2.4891,-4.2936,-4.3827,-4.5125
134,1995,141,1810,5.4407,3.8562,2.6276,.74632,.74221,8.0939,6.9012,7.3195,1844.5,1781.4,-977.92,-4.3322,-3.883,-3.7831,78.983,78.26,77.422,4.4523,5.1843,12.287,171.3,1.45,2.4888,-4.2349,-4.3254,-4.4503
134,1995,141,1820,5.3282,3.7015,2.5717,.73515,.74244,8.0558,6.7948,7.1358,1831.9,1773.2,-973.66,-4.3237,-3.8752,-3.7503,78.845,78.099,77.184,4.511,5.2657,12.439,172.18,1.4499,2.4886,-4.2233,-4.2879,-4.4003
134,1995,141,1830,5.2105,3.6909,2.5216,.72948,.72241,8.033,6.5008,6.9484,1820.5,1764.7,-968.94,-4.2404,-3.7748,-3.664,79.111,78.333,77.37,4.071,4.7777,12.28,172.65,1.4494,2.4882,-4.1475,-4.218,-4.3445
134,1995,141,1840,5.0899,3.6039,2.4666,.71339,.71832,8.0089,6.1021,6.7568,1810,1752.6,-962.31,-4.1761,-3.6499,-3.5225,79.254,78.502,77.624,4.071,4.7297,12.112,172.66,1.4492,2.4877,-4.1105,-4.1675,-4.2993
134,1995,141,1850,4.966,3.5129,2.4067,.69876,.71716,7.9602,5.6681,6.5551,1797.4,1738,-954.46,-4.1875,-3.654,-3.5067,78.902,78.05,77.085,4.0017,4.683,11.875,173.32,1.4492,2.4878,-4.1207,-4.1719,-4.2993
126,1995,141,1858,5.166,3.643,2.5,.721,.728,8.02,6.253,6.877,1816,1757,-965,-4.246,-3.757,-3.63,79,78.2,77.3,4.237,4.944,12.13,172.5,1.449,2.488,-4.165,-4.227,-4.353
134,1995,141,1900,4.8373,3.4027,2.3457,.68762,.71927,7.9047,5.207,6.3474,1781.6,1718.4,-943.85,-4.1909,-3.6622,-3.4981,78.71,77.814,76.709,4.2042,4.9073,11.622,172.92,1.4491,2.4877,-4.1335,-4.1664,-4.2961
134,1995,141,1910,4.7027,3.2968,2.2854,.67151,.72556,7.8589,4.7208,5.7869,1526.9,-99999,-99999,-4.1394,-3.62,-3.4437,79.212,78.44,77.391,3.6977,4.3403,11.786,-99999,1.449,2.4876,-3.8897,-3.8609,-3.9816
134,1995,141,1920,4.5717,3.0137,2.2228,.65899,.72081,7.8044,4.2574,5.9134,1765.2,1683.9,-926.42,-4.1645,-3.6372,-3.4581,78.98,78.289,77.287,3.9163,4.5523,11.454,164.08,1.4491,2.4874,-4.1365,-4.1517,-4.2707
134,1995,141,1930,4.437,2.9203,2.163,.64442,.72196,7.7723,3.7467,5.6957,1748,1680.1,-922.76,-4.1689,-3.6453,-3.4673,79.677,79.094,78.186,3.6163,4.223,11.222,175.1,1.4489,2.4875,-4.2145,-4.1829,-4.3097
134,1995,141,1940,4.2999,2.8757,2.0998,.62991,.73007,7.6995,3.2172,4.5393,1015.9,-99999,-99999,-4.2253,-3.698,-3.5204,79.489,78.941,78.074,3.855,4.4977,11.259,-99999,1.4492,2.4877,-3.5348,-3.3888,-3.4778
134,1995,141,1950,4.1607,2.9128,2.0364,.61681,.71981,7.6566,2.6994,5.2481,1724,1659.9,-911.85,-4.3197,-3.7775,-3.5959,79.439,78.835,77.926,3.779,4.3937,11.353,169.79,1.4493,2.488,-4.3841,-4.2971,-4.3993
126,1995,141,1958,4.389,2.953,2.141,.64,.723,7.74,3.566,5.405,1582,-6999,-6999,-4.229,-3.697,-3.52,79.4,78.7,77.8,3.813,4.449,11.46,-6999,1.449,2.488,-4.081,-4.032,-4.141
134,1995,141,2000,4.0238,2.5671,1.9724,.60771,.7193,7.6095,2.2461,5.0286,1703.6,1624.7,-900.93,-4.4005,-3.8401,-3.6731,79.407,78.804,77.939,3.9782,4.6645,11.65,174.47,1.4495,2.4883,-4.3921,-4.3712,-4.4589
134,1995,141,2010,3.875,2.6739,1.9042,.59243,.72007,7.5238,1.7344,4.801,1653.4,1550.9,1237,-4.4677,-3.8969,-3.7308,79.564,78.984,78.139,3.7043,4.3523,11.806,174.93,1.4497,2.4884,-4.4336,-4.4261,-4.5136
134,1995,141,2020,3.723,2.6041,1.8318,.57737,.72072,7.4579,1.1945,4.5768,1659.1,1610.6,1309.8,-4.5112,-3.9095,-3.7426,79.683,79.14,78.329,3.387,4.007,11.59,175.19,1.4498,2.4889,-4.5268,-4.5099,-4.5874
134,1995,141,2030,3.564,2.4986,1.7526,.56105,.72012,7.3805,.70868,4.3518,1631.7,1589.2,1302,-4.5573,-3.9499,-3.7811,79.575,79.041,78.243,3.423,4.0057,11.811,175.66,1.45,2.4889,-4.5847,-4.5448,-4.6205
134,1995,141,2040,3.3982,2.3927,1.6715,.5446,.72108,7.299,.25615,4.1276,1602.7,1568.5,1293.8,-4.5791,-3.9696,-3.7924,79.313,78.761,77.912,3.131,3.6777,11.232,175.6,1.4498,2.4889,-4.6463,-4.5944,-4.6264
134,1995,141,2050,3.2256,2.2857,1.5866,.5279,.71933,7.2107,-.20063,3.9058,1574.2,1541.4,1287.1,-4.6637,-4.0061,-3.8382,79.423,78.899,78.057,3.0017,3.5377,11.242,175.33,1.4503,2.4898,-4.8491,-4.7924,-4.8242
126,1995,141,2058,3.502,2.454,1.722,.555,.72,7.35,.591,4.28,1615,1567,1229,-4.59,-3.976,-3.807,79.6,79,78.2,3.336,3.924,11.55,175.3,1.45,2.489,-4.652,-4.615,-4.673
134,1995,141,2100,3.0595,2.1817,1.5059,.51165,.71788,7.1147,-.63119,3.6904,1544.1,1519.5,1279.9,-4.8558,-4.202,-4.0304,79.838,79.444,78.721,3.313,3.9165,11.623,174.96,1.4509,2.4904,-4.9784,-4.9179,-4.9431
134,1995,141,2110,2.8969,2.076,1.4304,.49686,.7196,7.0182,-1.0353,3.4736,1513.2,1491.6,1273.6,-5.0101,-4.3742,-4.1808,80.188,79.857,79.308,2.935,3.507,10.905,174.91,1.4511,2.4911,-5.1686,-5.1152,-5.1117
134,1995,141,2120,2.7371,1.9672,1.3553,.47983,.71944,6.902,-1.4394,3.2585,1477.4,1460.8,1266.3,-5.2115,-4.5721,-4.3765,80.418,80.165,79.746,2.871,3.4403,10.772,175.2,1.4516,2.4918,-5.4641,-5.3553,-5.3354
134,1995,141,2130,2.5784,1.8571,1.2807,.45963,.71962,6.783,-1.8374,3.0511,1442.2,1425.3,1258.1,-5.4202,-4.7788,-4.5734,80.802,80.701,80.579,2.6203,3.1363,10.121,175.28,1.4525,2.493,-5.6882,-5.6084,-5.5669
134,1995,141,2140,2.4283,1.7542,1.2077,.44386,.71907,6.6605,-2.223,2.8526,1408.2,1389,1251.2,-5.5871,-4.9628,-4.7442,80.856,80.899,80.943,2.5737,3.115,9.9495,175.02,1.4529,2.4938,-5.8389,-5.7619,-5.7044
134,1995,141,2150,2.2781,1.6504,1.138,.42671,.71822,6.5321,-2.586,2.6573,1368.8,1357.7,1244.5,-5.7992,-5.1223,-4.8839,80.567,80.627,80.616,2.491,3.027,9.0656,174.39,1.4535,2.4947,-6.1973,-6.0881,-5.9809
126,1995,141,2158,2.535,1.827,1.259,.455,.719,6.738,-1.939,2.996,1430,1415,1256,-5.5,-4.85,-4.635,80.6,80.5,80.3,2.712,3.268,9.91,174.8,1.453,2.493,-5.775,-5.687,-5.633
134,1995,141,2200,2.133,1.548,1.0687,.40791,.71627,6.4046,-2.8855,2.4735,1331.3,1335.2,1236.3,-6.1875,-5.521,-5.2696,80.696,80.825,80.843,2.7024,3.2695,8.0634,173.73,1.4546,2.4966,-6.519,-6.4207,-6.3014
134,1995,141,2210,1.9962,1.4546,.99817,.4005,.72061,6.2708,-3.1412,2.2883,1289,1305.1,1228.1,-6.1625,-5.6294,-5.3483,80.426,80.589,80.55,3.0137,3.5523,8.9368,173.39,1.4541,2.4949,-6.2592,-6.1159,-6.02
134,1995,141,2220,1.857,1.327,.92964,.38758,.72074,6.0324,-3.3641,2.111,1243.4,1268.4,1220.7,-6.2836,-5.6857,-5.3957,79.83,79.823,79.554,3.1537,3.7843,9.2317,173.71,1.4548,2.4959,-6.3946,-6.2622,-6.1451
134,1995,141,2230,1.7093,1.2461,.79076,.37594,.70133,5.9419,-3.2065,1.9304,1197,1223.8,1210.6,-6.9564,-6.2565,-5.9982,80.159,80.14,79.975,2.8097,3.4763,8.6859,173.08,1.4564,2.4992,-7.2649,-7.1689,-6.9842
134,1995,141,2240,1.5763,1.1565,.79309,.37119,.69945,5.808,-3.7142,1.7828,1143.7,1175.2,1196.5,-7.4051,-6.7486,-6.4858,80.617,80.707,80.75,2.767,3.455,8.4637,172.22,1.4577,2.5012,-7.6846,-7.6136,-7.4242
134,1995,141,2250,1.4465,1.0633,.72675,.35406,.69904,5.6317,-3.9561,1.632,1088.1,1133.7,1179.4,-7.8526,-7.2465,-6.9881,80.853,81.056,81.362,2.9577,3.6497,8.5244,171.86,1.4587,2.5028,-8.0342,-7.9384,-7.7405
126,1995,141,2258,1.675,1.221,.829,.374,.708,5.886,-3.557,1.9,1175,1207,1202,-7.07,-6.453,-6.185,80.5,80.6,80.6,2.986,3.63,8.79,172.5,1.457,2.499,-7.24,-7.14,-6.981
134,1995,141,2300,1.3298,.98276,.66815,.33912,.70326,5.4659,-4.1919,1.4925,1033.3,1091.8,1161.8,-8.0974,-7.5067,-7.2501,80.913,81.131,81.553,3.2961,3.9726,8.9507,170.26,1.4591,2.5036,-8.179,-8.0996,-7.9252
134,1995,141,2310,1.2074,.89977,.60629,.32092,.70247,5.2466,-4.4548,1.3541,969.81,1040.9,1138.1,-8.4721,-7.8681,-7.6194,80.763,80.937,81.401,3.1323,3.819,8.4266,169.49,1.4605,2.5057,-8.5951,-8.5043,-8.3501
134,1995,141,2320,1.0868,.81637,.54709,.30066,.69997,5.0137,-4.6933,1.2256,905.6,988.85,1105.3,-8.9574,-8.3305,-8.0869,80.674,80.861,81.352,2.999,3.6897,7.8444,169.98,1.4619,2.5079,-9.168,-9.0744,-8.9129
134,1995,141,2330,.83955,.64279,.39849,.28023,.69905,3.8236,-5.0269,1.0964,681.14,751.76,855.93,-9.4846,-8.8868,-8.6402,80.723,80.942,81.569,3.0243,3.743,8.081,168.41,1.4636,2.5098,-9.6643,-9.5514,-9.3725
134,1995,141,2340,.74704,.57318,.35331,.26167,.69862,3.5903,-5.0844,.98712,614.02,696.69,818.17,-10.03,-9.4367,-9.1907,80.748,80.974,81.717,3.0897,3.7657,7.7402,167.26,1.4653,2.5125,-10.191,-10.085,-9.9424
134,1995,141,2350,.66532,.51041,.3148,.2448,.70251,3.4733,-5.1589,.88294,558.44,662.14,810.04,-10.383,-9.8665,-9.5735,80.866,81.098,82,3.3123,4.087,7.6636,166.27,1.4659,2.5132,-10.37,-10.266,-10.046
126,1995,141,2358,.859,.652,.415,.275,.701,3.964,-4.914,1.075,696,775,888,-9.59,-9.01,-8.75,80.8,81,81.6,3.175,3.898,7.93,167.8,1.464,2.51,-9.71,-9.6,-9.43
134,1995,142,0,.44376,.35288,.17869,.22194,.70283,1.8584,-5.2131,.78638,298.06,353.83,437.18,-10.654,-10.133,-9.8149,80.702,80.908,81.777,3.5502,4.3782,7.7136,164.58,1.4666,2.5146,-10.739,-10.549,-10.379
134,1995,142,10,.29184,.24127,.08612,.20424,.70508,.66568,-5.0911,.69588,110.62,134.06,157.15,-11.092,-10.627,-10.26,80.56,80.703,81.573,3.6337,4.427,7.8362,163.18,1.4681,2.5159,-11.079,-10.873,-10.688
134,1995,142,20,.37175,.29357,.15698,.19133,.7074,1.9411,-5.1134,.62034,262.98,352.34,488.55,-11.483,-11.015,-10.653,80.428,80.516,81.349,3.4737,4.271,8.0009,162.86,1.4687,2.5173,-11.407,-11.263,-11.053
134,1995,142,30,.44898,.34448,.2263,.18104,.70722,3.3516,-5.2898,.55286,404.36,571.91,862.15,-11.538,-11.031,-10.712,80.194,80.23,80.967,3.7323,4.535,8.1146,161.05,1.4691,2.5179,-11.494,-11.364,-11.17
134,1995,142,40,.33501,.26296,.15189,.16948,.70559,2.2572,-5.2175,.48833,252.42,369.9,597.86,-11.805,-11.326,-11.016,79.855,79.88,80.546,3.9643,4.8017,8.0799,160.14,1.4699,2.5198,-11.788,-11.671,-11.525
134,1995,142,50,.28259,.22494,.12302,.16351,.70825,1.9163,-5.1313,.43136,196.02,297.75,521.24,-12.073,-11.622,-11.307,79.625,79.627,80.254,4.1203,4.9857,8.3841,158.76,1.4707,2.5211,-12.105,-11.913,-11.719
126,1995,142,58,.33,.261,.14,.18,.707,1.871,-5.124,.539,223.6,316.2,487.3,-11.67,-11.21,-10.87,80.1,80.1,80.8,3.857,4.687,8.14,160.7,1.47,2.519,-11.64,-11.48,-11.31
134,1995,142,100,.22727,.17703,.09051,.16152,.71182,1.0772,-4.8302,.38008,101.08,159.71,300.7,-12.312,-11.902,-11.576,79.443,79.427,80.014,4.4175,5.3003,8.4454,156.88,1.4717,2.5218,-12.233,-12.061,-11.926
134,1995,142,110,.22448,.16984,.09733,.16244,.71552,1.2965,-4.7775,.33469,100.71,173.18,374.29,-12.648,-12.227,-11.901,79.256,79.204,79.736,4.0737,4.899,7.8593,156.7,1.4727,2.5233,-12.656,-12.506,-12.345
134,1995,142,120,.21873,.16047,.10128,.16771,.72804,1.2764,-4.4448,.29897,81.583,157.92,374.13,-12.825,-12.433,-12.106,79.214,79.158,79.663,4.0643,4.871,7.8821,156.13,1.4726,2.524,-12.792,-12.656,-12.501
134,1995,142,130,.16669,.12454,.06928,.14531,.73188,.51974,-4.2656,.26514,29.453,61.767,153.9,-13.022,-12.645,-12.298,79.091,79.032,79.503,3.9763,4.8003,7.8381,154.7,1.4733,2.5248,-12.975,-12.807,-12.679
134,1995,142,140,.11896,.09297,.04205,.1086,.72159,.27591,-4.4807,.23134,12.766,29.933,84.949,-13.254,-12.886,-12.541,78.934,78.855,79.281,4.3123,5.2363,8.3165,154.1,1.4739,2.5262,-13.169,-13.033,-12.939
134,1995,142,150,.10805,.08399,.03947,.1012,.72293,.26347,-4.483,.20257,10.383,25.339,87.712,-13.394,-13.065,-12.727,78.664,78.552,78.876,4.899,5.8083,8.7274,152.52,1.4743,2.527,-13.276,-13.142,-13.04
126,1995,142,158,.16,.121,.066,.132,.724,.675,-4.484,.257,42.93,82,200.3,-13.07,-12.7,-12.37,79,78.9,79.3,4.367,5.239,8.18,154.4,1.473,2.525,-13.02,-12.87,-12.75
134,1995,142,200,.0981,.07514,.0393,.09124,.72528,.26026,-4.3842,.17988,7.7025,19.968,84.325,-13.489,-13.171,-12.832,78.382,78.252,78.455,5.0435,6.0021,8.5212,150.87,1.4744,2.5274,-13.401,-13.246,-13.164
134,1995,142,210,.0847,.06393,.03344,.0795,.72231,.35631,-4.4142,.16031,6.5418,14.464,97.268,-13.705,-13.366,-13.029,78.227,78.067,78.193,4.547,5.4443,8.0527,150.17,1.4753,2.5283,-13.641,-13.491,-13.396
134,1995,142,220,.08224,.0625,.03405,.07665,.72658,.50864,-4.343,.14601,10.046,28.386,165.52,-13.803,-13.489,-13.138,78.121,77.974,78.041,4.651,5.5363,8.2354,150.1,1.4756,2.5288,-13.744,-13.562,-13.46
134,1995,142,230,.0777,.06213,.03284,.07271,.72587,.4834,-4.2958,.13549,7.8733,22.877,156.45,-13.957,-13.627,-13.282,77.936,77.756,77.738,4.6457,5.5803,8.1906,149.48,1.476,2.5297,-13.952,-13.761,-13.665
134,1995,142,240,.068,.05791,.02808,.06602,.73026,.36593,-4.1873,.12432,4.9294,15.143,122.3,-14.091,-13.787,-13.446,77.853,77.676,77.63,4.647,5.499,8.1414,148.87,1.4763,2.5301,-14.027,-13.85,-13.76
134,1995,142,250,.05829,.04968,.01815,.05747,.72542,.27645,-4.2264,.11873,3.3215,10.12,87.907,-14.134,-13.82,-13.48,77.686,77.496,77.384,4.4977,5.363,8.1808,148.09,1.4762,2.5302,-14.094,-13.905,-13.827
126,1995,142,258,.071,.057,.027,.068,.725,.369,-4.31,.135,5.968,16.65,117.3,-13.98,-13.66,-13.32,77.9,77.7,77.7,4.604,5.492,8.14,149,1.476,2.53,-13.95,-13.77,-13.67
134,1995,142,300,.0463,.04076,.01097,.04578,.71449,.22294,-4.4043,.11297,2.5333,7.8393,73.735,-14.378,-14.025,-13.681,77.481,77.258,77.099,4.5298,5.4463,7.9641,146.46,1.4767,2.5316,-14.381,-14.193,-14.086
134,1995,142,310,.04047,.03949,.00686,.04234,.71382,.14539,-4.4488,.10892,1.5083,4.6137,47.695,-14.542,-14.212,-13.861,77.422,77.205,77.007,4.5083,5.3777,8.199,146.9,1.4776,2.5323,-14.484,-14.302,-14.18
134,1995,142,320,.04272,.03949,.00872,.04283,.71191,.10678,-4.4544,.10925,1.2422,3.6544,35.174,-14.637,-14.302,-13.953,77.256,77.014,76.758,4.5563,5.443,7.9427,146.43,1.4774,2.5327,-14.601,-14.402,-14.287
134,1995,142,330,.04245,.0396,.00801,.04448,.70852,.06965,-4.4935,.11084,.77635,2.4233,22.403,-14.726,-14.392,-14.048,77.069,76.796,76.431,4.5123,5.4257,8.1641,146.23,1.4777,2.5328,-14.672,-14.46,-14.327
134,1995,142,340,.0481,.0436,.013,.04854,.71038,.0125,-4.4568,.11522,.03327,.20518,2.3735,-14.809,-14.466,-14.12,76.85,76.543,76.061,4.6297,5.551,8.0989,145.94,1.478,2.5336,-14.713,-14.523,-14.417
134,1995,142,350,.05896,.05084,.01733,.05896,.71954,.03241,-4.2248,.12098,.49913,1.3698,9.0454,-14.962,-14.623,-14.285,76.717,76.396,75.849,4.715,5.6297,8.2126,145.26,1.4784,2.5341,-14.91,-14.737,-14.596
126,1995,142,358,.05,.045,.013,.05,.716,.079,-4.353,.115,.934,2.819,24.99,-14.76,-14.42,-14.08,77,76.7,76.3,4.644,5.552,8.15,145.9,1.478,2.533,-14.7,-14.51,-14.39
134,1995,142,400,.07176,.05981,.03066,.07107,.73782,.0993,-3.9151,.12978,1.6521,4.9097,31.268,-14.95,-14.636,-14.294,76.609,76.272,75.646,5.0365,5.9965,8.3552,143.89,1.478,2.5333,-14.855,-14.672,-14.56
134,1995,142,410,.08726,.06423,.03949,.08644,.76359,.09319,-3.4797,.14167,1.686,4.5367,29.072,-14.865,-14.579,-14.241,76.446,76.081,75.339,4.7657,5.6803,8.6518,143.74,1.4781,2.5338,-14.745,-14.596,-14.505
134,1995,142,420,.09379,.06911,.03949,.09324,.76965,.02551,-3.3751,.15501,.67664,1.4254,6.062,-14.818,-14.537,-14.205,76.303,75.897,75.065,4.8777,5.7977,8.4122,144.17,1.4783,2.5332,-14.774,-14.608,-14.53
134,1995,142,430,.09473,.06917,.03949,.0939,.77175,.01843,-3.3422,.16965,.68219,1.3034,3.4997,-14.826,-14.545,-14.224,76.275,75.855,75.004,4.7363,5.635,8.3806,144.06,1.478,2.5334,-14.743,-14.586,-14.499
134,1995,142,440,.09363,.07114,.03785,.0916,.75723,.04673,-3.6494,.18792,1.6085,3.7828,11.52,-14.759,-14.471,-14.146,76.193,75.773,74.873,4.863,5.799,8.4367,143.49,1.478,2.5335,-14.693,-14.522,-14.415
134,1995,142,450,.10526,.08162,.03873,.10065,.73956,.16165,-3.9144,.21332,7.0001,15.348,49.949,-14.81,-14.499,-14.169,76.139,75.701,74.782,4.8843,5.7937,8.2103,142.99,1.4781,2.5334,-14.741,-14.594,-14.49
126,1995,142,458,.098,.074,.039,.096,.757,.082,-3.597,.182,3.06,6.738,24.37,-14.83,-14.53,-14.2,76.3,75.8,75,4.856,5.786,8.38,143.5,1.478,2.533,-14.75,-14.59,-14.49
134,1995,142,500,.11987,.0925,.03978,.11433,.74098,.13344,-3.8334,.24361,6.9714,14.042,40.439,-14.876,-14.556,-14.224,76.138,75.703,74.8,5.0084,5.9852,8.0971,142.05,1.4783,2.5335,-14.797,-14.631,-14.516
134,1995,142,510,.12995,.1012,.04032,.12545,.75653,.03269,-3.544,.28052,3.1838,5.3636,5.0973,-14.949,-14.628,-14.3,76.164,75.722,74.808,4.6657,5.5683,7.8333,142.2,1.4787,2.5345,-14.881,-14.742,-14.614
134,1995,142,520,.14289,.11261,.04284,.13648,.73773,.06166,-3.8443,.31843,5.5412,9.4017,13.989,-14.978,-14.662,-14.332,76.116,75.683,74.76,4.887,5.8577,8.0221,142.81,1.4787,2.5345,-14.904,-14.735,-14.61
134,1995,142,530,.17855,.13395,.05974,.15694,.72664,.36165,-4.0109,.36527,32.128,48.907,100.98,-15.031,-14.715,-14.38,75.942,75.51,74.55,4.7683,5.6377,7.782,141.92,1.4788,2.5344,-14.967,-14.767,-14.66
134,1995,142,540,.23296,.15984,.09555,.15501,.7104,1.3793,-4.4377,.41579,121.43,181.22,391.69,-15.135,-14.769,-14.424,75.786,75.322,74.327,4.6017,5.5043,7.7375,142.69,1.4791,2.535,-15.09,-14.883,-14.784
134,1995,142,550,.19303,.1498,.0565,.16692,.70618,.29133,-4.2894,.47273,32.501,43.717,78.647,-15.343,-14.979,-14.632,75.742,75.257,74.256,4.4897,5.4137,7.7019,142.36,1.4802,2.5354,-15.323,-15.102,-14.993
126,1995,142,558,.18,.136,.059,.153,.725,.399,-4.048,.389,38.07,55.39,110.3,-15.13,-14.79,-14.45,75.9,75.5,74.5,4.73,5.654,7.85,142.2,1.479,2.535,-15.07,-14.88,-14.77
134,1995,142,600,.23916,.17836,.07783,.18973,.7072,.52451,-4.2613,.53571,64.721,84.533,140.9,-15.422,-15.078,-14.73,75.707,75.237,74.219,5.0042,5.9614,7.9764,141.23,1.4799,2.5365,-15.358,-15.159,-15.021
134,1995,142,610,.29704,.21306,.10763,.21075,.70752,.30093,-4.2825,.60774,117.02,149.56,245.61,-15.444,-15.109,-14.761,75.519,75.05,73.993,4.8763,5.7883,8.144,141.34,1.4803,2.5363,-15.367,-15.169,-15.071
134,1995,142,620,.28269,.2162,.08284,.22481,.70356,.44518,-4.2529,.68535,40.889,28.502,102.63,-15.583,-15.219,-14.876,75.336,74.859,73.752,4.6003,5.5003,8.1309,141.51,1.481,2.5371,-15.545,-15.374,-15.229
134,1995,142,630,.58203,.38147,.27368,.25388,.71615,3.1388,-4.1351,.77764,374.22,482.75,195.34,-15.634,-15.323,-14.974,75.294,74.828,73.67,4.831,5.787,8.1885,141.02,1.4811,2.5372,-15.573,-15.367,-15.225
134,1995,142,640,.75095,.48277,.37443,.27871,.72298,3.9941,-4.0023,.87443,633.79,717.8,1004.3,-15.505,-15.217,-14.903,75.145,74.667,73.444,4.8297,5.7937,8.206,140.4,1.4814,2.5373,-15.483,-15.315,-15.175
134,1995,142,650,.88128,.57295,.44086,.35211,.73575,4.2078,-3.5016,.98594,665.41,718.31,1003.2,-15.435,-15.154,-14.864,75.073,74.588,73.332,4.9283,5.851,8.1895,140.57,1.481,2.537,-15.433,-15.242,-15.118
126,1995,142,658,.637,.423,.301,.302,.726,2.695,-3.799,.827,418.2,469.9,579.4,-15.48,-15.17,-14.85,75.3,74.8,73.6,4.875,5.799,8.17,140.8,1.481,2.537,-15.44,-15.27,-15.14
134,1995,142,700,1.2168,.7881,.63319,.58653,.78805,4.6313,-2.0701,1.1423,788.78,825.07,1042.8,-15.195,-14.954,-14.688,75.05,74.543,73.253,5.2666,6.1874,8.2702,139.74,1.4806,2.5366,-15.195,-15.074,-14.945
134,1995,142,710,1.5686,1.0194,.83099,.85354,.85134,4.7966,-.45172,1.3212,849.39,839.38,1097.9,-14.797,-14.611,-14.37,75.157,74.628,73.279,4.9657,5.8563,8.4695,139.5,1.4796,2.5348,-14.802,-14.726,-14.609
134,1995,142,720,1.2425,.83587,.61951,.8102,.83428,2.5412,-1.1446,1.3651,478.82,453.78,564.36,-14.528,-14.324,-14.095,75.297,74.773,73.432,4.9203,5.8123,8.4998,140.79,1.4789,2.5335,-14.554,-14.477,-14.401
134,1995,142,730,.89794,.62991,.39908,.71681,.78582,.86745,-2.2962,1.4044,184,165.29,182.6,-14.506,-14.251,-13.995,75.46,74.971,73.687,4.6817,5.531,8.6606,141.2,1.4785,2.533,-14.545,-14.426,-14.329
134,1995,142,740,.86928,.61919,.36752,.69281,.77657,.73093,-2.4173,1.5309,165.27,146.58,149.57,-14.487,-14.21,-13.926,75.672,75.194,73.954,4.7043,5.5537,8.7901,141.46,1.4789,2.5329,-14.489,-14.332,-14.249
134,1995,142,750,1.1335,.78599,.51743,.64765,.75741,2.2454,-2.4551,1.6935,469.67,424.68,468.07,-14.453,-14.17,-13.879,75.915,75.469,74.292,4.4057,5.2817,8.4351,141.61,1.4785,2.5331,-14.436,-14.311,-14.221
126,1995,142,758,1.178,.801,.566,.718,.793,2.485,-1.865,1.507,482.9,455.4,542.5,-14.54,-14.3,-14.03,75.5,75.1,73.8,4.709,5.58,8.51,140.9,1.479,2.533,-14.56,-14.44,-14.35
134,1995,142,800,1.3564,.92627,.64721,.54177,.73722,3.6088,-2.7082,1.8434,752.79,691.59,746.55,-14.368,-14.068,-13.794,75.899,75.474,74.292,4.3965,5.2358,8.1152,140.97,1.4782,2.5327,-14.449,-14.283,-14.181
134,1995,142,810,1.4647,1.0066,.68909,.50773,.72896,4.0626,-2.8742,2.0345,857.48,776.57,827.51,-14.362,-14.001,-13.738,75.917,75.483,74.347,3.9257,4.6497,7.5185,141.34,1.4782,2.5329,-14.545,-14.356,-14.23
134,1995,142,820,2.0243,1.3715,.99851,.61766,.75787,5.7901,-1.7824,2.3555,1211.9,1109.4,1168.9,-14.221,-13.901,-13.66,76.027,75.614,74.477,4.0817,4.867,7.9197,142.05,1.4785,2.5331,-14.348,-14.349,-14.137
134,1995,142,830,2.3242,1.5764,1.1536,.75873,.77519,6.1549,-1.2526,2.6285,1296.7,1175.5,1226.3,-13.876,-13.608,-13.38,76.205,75.812,74.682,3.9603,4.6697,7.8492,142.58,1.4773,2.5315,-14.009,-13.935,-13.81
134,1995,142,840,2.3522,1.6003,1.1594,1.9656,.7574,6.1598,-1.7715,2.7499,1307.2,1171.7,1213.4,-13.36,-13.119,-12.887,76.284,75.92,74.821,4.259,4.9963,8.7773,143.21,1.4759,2.5287,-13.442,-13.31,-13.24
134,1995,142,850,2.441,1.6605,1.2005,2.473,.74072,6.3311,-1.9424,2.9076,1358,1208,1235.2,-13.23,-12.982,-12.649,76.099,75.793,74.562,4.0083,4.7683,8.1179,143.06,1.476,2.5291,-13.516,-13.36,-13.281
126,1995,142,858,2.113,1.44,1.032,1.376,.748,5.589,-2.026,2.579,1188,1070,1107,-13.75,-13.48,-13.2,76.1,75.8,74.6,4.056,4.802,8.05,142.5,1.477,2.531,-13.93,-13.81,-13.7
134,1995,142,900,2.2121,1.5229,1.0527,2.2375,.72941,5.2554,-2.4565,2.9962,1152.1,1021.8,1006.2,-13.274,-13.128,-12.706,76.364,76.263,74.922,4.0681,4.8344,8.2265,143.1,1.4757,2.5291,-13.55,-13.366,-13.3
134,1995,142,910,2.6521,1.822,1.2861,2.6979,.74001,6.3354,-1.679,3.3236,1387.6,1228.9,1205,-12.924,-12.7,-12.406,76.444,76.276,75.041,4.287,5.0257,9.2331,143.91,1.4751,2.5271,-13.016,-12.912,-12.826
134,1995,142,920,2.8252,1.9445,1.3745,1.2457,.72951,6.5155,-1.5937,3.5333,1433.6,1269.1,1227.5,-12.639,-12.317,-12.089,76.393,76.056,74.92,4.3937,5.171,9.656,145.18,1.4744,2.5263,-12.813,-12.681,-12.67
134,1995,142,930,2.772,1.9196,1.3316,.59289,.72359,6.0786,-1.7749,3.6689,1356.2,1203.7,1129.3,-12.538,-12.205,-11.986,76.842,76.536,75.566,3.771,4.5043,9.1958,145.9,1.4743,2.5257,-12.776,-12.63,-12.591
134,1995,142,940,3.121,2.1588,1.5205,.61722,.72724,6.8245,-1.1577,3.983,1503,1333.9,1269.9,-12.246,-11.933,-11.719,77.691,77.498,76.885,3.7177,4.391,9.6178,146.36,1.4738,2.5251,-12.498,-12.385,-12.361
134,1995,142,950,3.2884,2.275,1.5975,.65988,.73128,6.87,-.9624,4.2233,1516.3,1338.8,1272,-12.043,-11.733,-11.542,78.202,78.099,77.843,4.023,4.711,10.128,147.14,1.4734,2.5241,-12.277,-12.161,-12.161
126,1995,142,958,2.987,2.063,1.448,1.138,.732,6.518,-1.338,3.825,1439,1274,1217,-12.41,-12.11,-11.89,77.3,77.1,76.4,4.147,4.891,9.78,145.8,1.474,2.525,-12.6,-12.48,-12.46
134,1995,142,1000,3.4779,2.4106,1.6843,.81289,.74269,6.6048,-.54837,4.4661,1476.2,1302,1209.4,-11.83,-11.509,-11.334,78.86,78.803,78.987,4.7993,5.6386,11.373,147.11,1.4729,2.5233,-12.004,-11.908,-11.964
134,1995,142,1010,3.279,2.2804,1.5394,1.3278,.80107,3.9914,-.31726,4.4882,966.02,829.9,691.11,-11.651,-11.335,-11.167,80.77,80.88,82.25,4.7803,5.543,11.707,148.34,1.4722,2.5224,-11.801,-11.747,-11.809
134,1995,142,1020,3.4026,2.3822,1.5962,1.6508,.84376,3.2825,.50288,4.7081,813.54,691.49,550.01,-11.396,-11.127,-10.967,85.125,85.763,89.228,4.579,5.327,11.404,149.56,1.4713,2.5211,-11.457,-11.416,-11.473
134,1995,142,1030,3.2556,2.5032,1.6418,2.1758,.91361,1.9387,.59929,4.9853,542.06,446.77,308.43,-10.904,-10.691,-10.524,88.977,89.956,93.702,4.1483,4.8243,11.144,150.26,1.4688,2.5185,-10.828,-10.794,-10.842
134,1995,142,1040,2.9031,2.5068,1.5984,2.4257,.96005,.76934,-1.2559,5.1697,329.76,261.18,134.96,-10.416,-10.199,-10.027,91.578,92.615,95.949,4.2563,4.9043,11.52,151.3,1.4677,2.5165,-10.316,-10.255,-10.341
134,1995,142,1050,2.8327,2.5261,1.5785,2.5376,.97763,.43755,-2.0531,5.3236,244.83,186.46,84.651,-9.9913,-9.7782,-9.6106,92.796,93.799,96.969,3.9457,4.607,12.249,151.8,1.4656,2.5142,-9.9083,-9.8229,-9.9171
126,1995,142,1058,3.127,2.469,1.601,2.1,.91,1.94,-.637,5.004,545.6,454.1,331.3,-10.72,-10.48,-10.31,88.4,89.1,92.1,4.317,5.01,11.72,150.3,1.469,2.518,-10.7,-10.65,-10.72
134,1995,142,1100,2.9753,2.6025,1.6075,2.7638,1.0092,.26698,-1.3399,5.4892,164.95,120.59,47.221,-9.5529,-9.3256,-9.1821,93.409,94.308,97.485,3.9768,4.6,12.553,151.46,1.4646,2.5127,-9.4648,-9.4199,-9.5245
134,1995,142,1110,3.0224,2.5012,1.5091,2.8775,1.0381,.08575,.10822,5.4971,72.315,47.622,12.79,-9.2548,-8.999,-8.8772,93.678,94.507,97.709,3.727,4.3377,13.11,152.65,1.4634,2.5112,-9.2173,-9.1838,-9.2641
134,1995,142,1120,3.0984,2.4814,1.4635,2.9814,1.055,.03059,1.1196,5.6474,35.746,21.82,3.8917,-9.0399,-8.7763,-8.6665,93.804,94.547,97.811,3.5683,4.143,12.583,153.99,1.4627,2.5105,-8.9855,-8.9833,-9.0773
134,1995,142,1130,2.9092,2.3249,1.3466,2.8066,1.0583,.00905,1.0969,5.5007,27.07,16.088,2.7108,-8.8498,-8.5815,-8.4758,93.918,94.565,97.913,3.6483,4.2243,13.074,155.06,1.4623,2.5095,-8.8284,-8.8436,-8.9308
134,1995,142,1140,2.9277,2.3766,1.3885,2.8241,1.0516,.02034,.88194,5.6193,37.174,22.706,4.1742,-8.7551,-8.4713,-8.3901,93.927,94.521,97.901,3.7017,4.3297,13.319,155.85,1.4621,2.509,-8.7346,-8.7537,-8.8291
134,1995,142,1150,3.2211,2.606,1.5451,3.1126,1.0602,.03892,1.241,5.9764,42.082,25.836,5.3213,-8.5514,-8.228,-8.1947,93.976,94.562,97.998,3.6457,4.2577,13.767,156.3,1.4616,2.5084,-8.5637,-8.5744,-8.6373
126,1995,142,1158,3.149,2.546,1.512,3.032,1.054,.04,1.015,5.79,43.13,26.9,5.669,-8.82,-8.53,-8.45,93.9,94.5,97.9,3.665,4.262,13.3,154.9,1.462,2.509,-8.81,-8.81,-8.89
134,1995,142,1200,3.9002,3.1262,1.9091,3.7755,1.0698,.05043,1.9555,6.7742,41.324,24.877,4.0315,-8.237,-7.8457,-7.9197,93.889,94.465,97.935,3.7228,4.3165,14.216,156.19,1.4606,2.5075,-8.3665,-8.4043,-8.4057
134,1995,142,1210,3.7821,3.1039,1.8964,3.6417,1.0559,.10649,.99009,6.8638,76.231,50.15,14.565,-8.1033,-7.6456,-7.7956,93.642,94.198,97.715,3.6417,4.235,14.263,156.85,1.461,2.5078,-8.3224,-8.3828,-8.3524
134,1995,142,1220,3.4849,2.9258,1.7811,3.3438,1.0281,.13307,-.08637,6.6951,87.673,59.154,18.416,-8.0984,-7.638,-7.7854,93.429,94.083,97.558,3.763,4.3723,14.234,158.38,1.4607,2.5069,-8.3257,-8.3859,-8.3317
134,1995,142,1230,3.3579,2.6816,1.64,3.175,1.0307,.12572,.23418,6.5703,77.153,53.013,18.482,-8.0477,-7.6137,-7.7586,93.344,94.05,97.494,3.6257,4.2123,14.497,159.2,1.4605,2.5072,-8.2671,-8.3264,-8.2628
134,1995,142,1240,4.0107,2.9135,1.6888,3.6352,1.0598,.06039,3.3966,6.7463,40.277,24.65,4.8269,-7.8766,-7.4137,-7.5989,93.377,94.037,97.531,3.1083,3.583,14.653,160.13,1.4598,2.5063,-8.1982,-8.2294,-8.1543
134,1995,142,1250,4.117,2.9906,1.7041,3.7849,1.0793,.02472,3.6145,6.9693,25.409,14.414,2.0892,-7.7977,-7.2962,-7.4405,93.39,94,97.461,2.967,3.4337,14.047,160.63,1.4598,2.5057,-7.972,-7.9584,-7.9516
126,1995,142,1258,3.938,3.032,1.811,3.672,1.056,.09,2.093,6.919,59.83,38.93,10.79,-7.9,-7.42,-7.59,93.4,94.1,97.5,3.394,3.933,14.32,159,1.46,2.507,-8.15,-8.18,-8.14
134,1995,142,1300,5.1032,3.681,2.2135,4.6223,1.0881,.08745,4.9844,7.858,50.36,30.783,5.8275,-7.3404,-6.721,-6.9598,93.37,93.903,97.401,3.1319,3.6007,14.099,159.59,1.459,2.5043,-7.6604,-7.6382,-7.6119
134,1995,142,1310,5.0779,3.67,2.1811,4.6084,1.0946,.06395,4.6276,7.8767,46.146,28.102,5.2591,-7.0766,-6.3732,-6.6793,93.008,93.642,97.129,2.7803,3.1603,14.114,160.31,1.4587,2.5038,-7.4741,-7.416,-7.4385
134,1995,142,1320,4.8492,3.5167,2.0577,4.3868,1.0892,.06882,4.0405,7.8124,53.383,33.139,7.6309,-6.8917,-6.1838,-6.5216,92.74,93.43,96.928,2.759,3.1003,14.488,161.92,1.4587,2.5037,-7.3897,-7.3802,-7.3734
134,1995,142,1330,5.3325,3.8281,2.343,4.3654,1.0607,.62741,4.5108,8.2231,220.52,163.78,84.941,-6.4022,-5.8439,-6.3763,92.375,93.224,96.784,2.7337,3.103,16.004,162.71,1.4578,2.5028,-7.3383,-7.4074,-7.3308
134,1995,142,1340,5.1442,3.7264,2.2066,4.6102,1.0817,.09052,4.3219,8.1287,66.891,41.995,9.4362,-6.3234,-5.894,-6.5059,92.053,92.956,96.672,2.943,3.2843,16.855,163.61,1.4576,2.5022,-7.3825,-7.5592,-7.3993
134,1995,142,1350,5.2455,3.7822,2.2517,4.5949,1.0911,.25321,4.3273,8.3251,101.58,71.438,30.369,-6.0423,-5.6373,-6.2509,91.768,92.729,96.574,2.5083,2.7617,16.986,164.33,1.4569,2.5015,-7.1329,-7.2935,-7.2027
126,1995,142,1358,5.175,3.739,2.226,4.571,1.085,.204,4.423,8.14,92.4,63.41,24.82,-6.444,-5.931,-6.431,92.3,93.1,96.8,2.765,3.098,16.03,162.7,1.458,2.503,-7.33,-7.41,-7.36
134,1995,142,1400,5.4032,3.9194,2.3111,4.8781,1.097,.11177,4.6054,8.5218,63.057,39.687,10.334,-5.6273,-5.4495,-6.1209,91.497,92.516,96.521,2.7586,3.0407,18.564,164.28,1.4571,2.5012,-7.1714,-7.4124,-7.3597
134,1995,142,1410,4.9928,3.6199,2.1147,4.5282,1.0981,.07752,3.8859,8.2732,43.036,25.424,4.9972,-5.6791,-5.1144,-5.7672,91.115,92.064,96.123,2.1003,2.307,16.366,165.8,1.4572,2.5011,-6.9806,-7.1079,-6.9662
134,1995,142,1420,5.5268,4.0394,2.275,5.117,1.1119,.02427,4.4891,8.99,30.193,16.808,3.0027,-5.8651,-4.8746,-5.5077,90.894,91.605,95.7,2.555,2.875,14.966,167.73,1.4567,2.5002,-6.5858,-6.6176,-6.5501
134,1995,142,1430,5.436,3.9491,2.2626,5.0428,1.1088,-99999,4.2445,8.8598,23.811,12.664,1.59,-5.3989,-4.8804,-5.5747,90.802,91.609,95.713,2.6603,2.895,17.442,168.5,1.4558,2.4992,-6.6643,-6.8409,-6.7777
134,1995,142,1440,5.0099,3.6629,2.1027,4.4578,1.0858,.10643,3.3032,8.3406,73.974,48.673,14.476,-5.2967,-4.9902,-5.6668,90.372,91.163,95.47,2.599,2.839,17.889,169.43,1.4559,2.4998,-6.7666,-6.9801,-7.1146
134,1995,142,1450,6.1313,4.4465,2.632,5.5572,1.126,.09038,5.7535,9.33,56.584,33.948,6.9137,-5.0672,-4.6503,-5.3339,90.234,91.04,95.374,2.3563,2.5817,17.224,169.93,1.4555,2.499,-6.4708,-6.7574,-6.9015
126,1995,142,1458,5.423,3.951,2.271,4.957,1.107,-6999,4.25,8.78,42.08,25.11,5.451,-5.359,-4.836,-5.523,90.5,91.3,95.6,2.471,2.717,17.01,168.4,1.456,2.5,-6.669,-6.842,-6.866
134,1995,142,1500,5.4328,3.9929,2.2121,5.0503,1.1157,-.00813,3.6167,8.9125,21.593,10.858,1.2829,-4.7306,-4.3264,-5.1155,89.223,89.972,94.712,2.6393,2.9017,17.868,169.86,1.4555,2.4987,-6.4389,-6.6404,-6.822
134,1995,142,1510,4.9699,3.6703,1.9576,4.6632,1.1047,-.04957,3.1541,8.5338,15.924,7.2006,.81976,-5.1537,-4.7184,-5.3973,89.204,89.711,94.41,2.6603,2.955,17.138,170.11,1.4553,2.4985,-6.4173,-6.7224,-6.8096
134,1995,142,1520,4.9533,3.6844,1.9344,4.6443,1.1159,-.03254,3.0644,8.5423,15.929,6.8124,.78093,-5.0087,-4.6333,-5.2898,89.327,89.837,94.561,2.3777,2.5977,17.358,171.47,1.455,2.4973,-6.2989,-6.5327,-6.6417
134,1995,142,1530,5.3323,3.8951,2.1952,4.952,1.1154,-.01408,4.2243,8.6955,26.307,14.145,1.6394,-4.8329,-4.3468,-5.0346,89.089,89.46,94.344,2.4337,2.687,16.845,171.75,1.4543,2.4971,-5.6397,-6.3906,-6.5398
134,1995,142,1540,5.0493,3.711,2.0374,4.7645,1.115,-.04092,3.5599,8.4761,16.925,7.8477,.84736,-4.6935,-4.2743,-4.9811,88.771,88.951,94.005,2.5043,2.7843,17.373,172.59,1.454,2.4967,-6.0591,-6.1961,-6.3564
134,1995,142,1550,5.3047,3.8915,2.1581,4.948,1.121,-.00838,4.1842,8.6593,34.669,18.929,3.5832,-4.628,-4.2584,-4.9232,88.923,89.044,94.027,2.579,2.8443,17.36,173.31,1.4541,2.4957,-5.891,-6.1856,-6.2952
126,1995,142,1558,5.109,3.768,2.038,4.791,1.115,-.035,3.535,8.58,20.84,10.28,1.397,-4.857,-4.436,-5.111,89.1,89.4,94.3,2.611,2.894,17.16,171.9,1.454,2.497,-6.057,-6.392,-6.514
134,1995,142,1600,5.0785,3.7833,1.9561,4.8174,1.1231,-.06434,3.1653,8.6033,14.906,6.4649,.67039,-4.7965,-4.4042,-5.0435,89.365,89.506,94.199,3.1488,3.5263,17.179,172.74,1.454,2.4958,-5.9753,-6.2527,-6.3607
134,1995,142,1610,4.8078,3.6083,1.8117,4.5616,1.1266,-.05044,2.6218,8.402,14.36,5.6487,.66455,-4.7185,-4.4895,-5.0792,89.703,89.948,94.53,2.7097,3.0043,18.129,173.29,1.4537,2.4959,-5.9735,-6.2288,-6.343
134,1995,142,1620,4.5387,3.4585,1.6181,4.3146,1.1261,-.05712,1.7585,8.2557,12.975,4.3305,.65899,-4.6588,-4.4492,-5.0396,89.849,90.182,94.631,2.6243,2.9177,18.107,174.53,1.4537,2.4953,-5.9568,-6.2379,-6.363
134,1995,142,1630,4.569,3.4653,1.661,4.3423,1.123,-.06204,2.0678,8.1961,12.913,4.5185,.64788,-4.7107,-4.6104,-5.1552,90.033,90.446,94.757,2.8763,3.1577,18.992,174.78,1.4538,2.496,-6.0294,-6.2649,-6.39
134,1995,142,1640,4.6019,3.4645,1.7353,4.3666,1.1239,-.05755,2.455,8.1024,12.503,4.9337,.66448,-4.63,-4.6644,-5.1279,89.953,90.486,94.705,2.7537,3.0217,19.595,174.47,1.4539,2.4958,-5.9139,-6.1814,-6.3094
134,1995,142,1650,4.6486,3.4868,1.7801,4.4105,1.1204,-.05569,2.7157,8.0541,12.454,5.0833,.66449,-4.5356,-4.6247,-5.0807,89.786,90.363,94.601,2.8377,3.119,19.61,174.19,1.4535,2.4956,-5.9261,-6.1399,-6.2846
126,1995,142,1658,4.64,3.497,1.734,4.404,1.122,-.057,2.389,8.17,12.94,4.899,.66,-4.655,-4.57,-5.1,89.8,90.3,94.6,2.828,3.123,18.83,174.1,1.454,2.496,-5.97,-6.215,-6.345
134,1995,142,1700,4.5814,3.4334,1.7626,4.3437,1.1125,-.06323,2.5996,7.9078,11.902,4.599,.65866,-4.684,-4.6057,-5.1231,89.582,90.168,94.398,3.174,3.5375,18.576,173.34,1.4536,2.4954,-5.9948,-6.1955,-6.3531
134,1995,142,1710,4.5838,3.4087,1.8093,4.3418,1.1093,-.04786,2.9026,7.767,12.343,5.3103,.67555,-4.8563,-4.6133,-5.0951,89.497,90.04,94.289,2.8337,3.1337,17.768,173.45,1.4533,2.4955,-5.8397,-6.0912,-6.2023
134,1995,142,1720,4.3504,3.2616,1.6704,4.1307,1.1072,-.04961,2.29,7.5676,11.036,4.0534,.64788,-4.8069,-4.6867,-5.1698,89.669,90.199,94.405,3.0563,3.3777,18.849,173.57,1.4532,2.4952,-5.9517,-6.1532,-6.2504
134,1995,142,1730,4.3896,3.2837,1.7066,4.1683,1.1131,-.05361,2.5768,7.5091,10.948,4.1421,.64789,-4.7777,-4.7718,-5.1818,90.327,90.913,94.824,3.0003,3.3297,19.215,173.72,1.4531,2.4953,-5.846,-6.1111,-6.2259
134,1995,142,1740,4.0283,3.0615,1.4781,3.8288,1.1185,-.06588,1.7777,7.2402,9.7567,3.4276,.5648,-4.8279,-4.7953,-5.1948,90.632,91.273,95.064,3.2043,3.5323,18.874,173.38,1.453,2.4949,-5.9024,-6.1235,-6.224
134,1995,142,1750,4.1933,3.1593,1.5951,3.9763,1.119,-.05575,2.3988,7.2659,10.017,3.9261,.58144,-5.0622,-4.9923,-5.3812,91.326,91.976,95.586,3.4057,3.7657,18.934,173.36,1.4532,2.4955,-6.0537,-6.2633,-6.3579
126,1995,142,1758,4.294,3.225,1.646,4.074,1.115,-.053,2.391,7.43,10.67,4.127,.617,-4.892,-4.793,-5.217,90.4,91,95,3.138,3.473,18.66,173.3,1.453,2.495,-5.922,-6.149,-6.251
134,1995,142,1800,4.0879,3.0864,1.5573,3.8767,1.1245,-.0392,2.2368,7.0835,9.309,3.6432,.52461,-5.0557,-4.9425,-5.3014,91.498,92.171,95.815,3.3902,3.7691,18.336,172.07,1.453,2.4954,-5.9452,-6.1607,-6.2274
134,1995,142,1810,3.838,2.9065,1.4483,3.6378,1.1185,-.03713,1.9371,6.7753,8.8546,3.461,.53715,-5.1128,-5.0183,-5.3708,91.551,92.269,95.969,3.3817,3.7377,18.802,171.55,1.4529,2.4949,-5.9631,-6.1599,-6.252
134,1995,142,1820,3.8789,2.9197,1.495,3.6801,1.1159,-.03083,2.2444,6.6731,8.7831,3.5166,.57594,-5.0906,-5.0085,-5.3342,91.616,92.355,96.031,3.419,3.8003,18.717,172.02,1.4528,2.4947,-5.8805,-6.098,-6.1894
134,1995,142,1830,3.6931,2.7934,1.3967,3.508,1.1136,-.02946,1.8761,6.446,8.1576,2.9906,.36552,-5.2009,-5.1365,-5.437,91.605,92.364,96.04,3.5577,3.9643,18.934,171.43,1.4529,2.4952,-5.9566,-6.1671,-6.2616
134,1995,142,1840,3.5486,2.6978,1.3342,3.3717,1.1174,-.0287,1.711,6.241,7.1054,2.7081,.29906,-5.2492,-5.2065,-5.471,91.93,92.729,96.228,3.4843,3.8203,19.165,171.17,1.4533,2.496,-6.0091,-6.1871,-6.2788
134,1995,142,1850,3.4933,2.634,1.3524,3.3203,1.1106,-.03012,1.9311,6.0239,6.1751,2.3039,.16061,-5.3562,-5.296,-5.5458,92.129,92.957,96.396,3.7097,4.115,18.916,171.16,1.4534,2.498,-6.0779,-6.2651,-6.3379
126,1995,142,1858,3.643,2.755,1.386,3.459,1.115,-.03,1.894,6.358,7.55,2.877,.345,-5.228,-5.163,-5.448,91.8,92.6,96.2,3.547,3.93,18.93,171.2,1.453,2.496,-5.987,-6.181,-6.266
134,1995,142,1900,3.3184,2.5193,1.2572,3.1528,1.1134,-.01845,1.6351,5.8141,5.7306,2.0346,.08745,-5.4215,-5.3893,-5.5725,92.397,93.223,96.615,3.8084,4.2505,19.243,169.8,1.4536,2.4971,-6.0517,-6.2293,-6.3031
134,1995,142,1910,3.2742,2.5055,1.223,3.1094,1.1145,-.01731,1.4689,5.7126,5.2612,1.5784,.03323,-5.4447,-5.4355,-5.601,92.777,93.566,96.94,3.6657,4.067,19.518,169.8,1.4547,2.4977,-6.1261,-6.2763,-6.3459
134,1995,142,1920,3.3921,2.5707,1.3191,3.2201,1.1115,-.01802,1.8258,5.645,4.4085,1.4843,-.00554,-5.4901,-5.4779,-5.6504,92.938,93.77,97.137,3.9723,4.399,19.209,170.06,1.4537,2.4971,-6.138,-6.3278,-6.4067
134,1995,142,1930,3.2089,2.4135,1.28,3.0449,1.1053,-.01304,1.7914,5.315,3.7994,1.2572,0,-5.5376,-5.5274,-5.6568,93.226,94.013,97.311,3.899,4.315,19.13,169.71,1.4531,2.4959,-6.1264,-6.2955,-6.3778
134,1995,142,1940,2.8048,2.1228,1.0868,2.7007,1.1011,-.02175,1.3078,4.9017,3.3398,.86403,.00554,-5.7126,-5.6822,-5.8092,93.409,94.24,97.528,4.0697,4.4883,19.163,169.45,1.4555,2.4966,-6.2965,-6.4466,-6.5314
134,1995,142,1950,2.7528,2.0868,1.0741,2.6636,1.088,-.01473,1.2332,4.7486,3.5005,.99145,.01108,-5.89,-5.8463,-5.9335,93.675,94.524,97.818,4.0483,4.4763,18.84,168.79,1.4558,2.4966,-6.3547,-6.5046,-6.5789
126,1995,142,1958,3.064,2.32,1.194,2.929,1.101,-.015,1.528,5.202,4.066,1.265,.019,-5.65,-5.625,-5.753,93.3,94.1,97.4,3.954,4.376,19.1,169.3,1.455,2.497,-6.225,-6.388,-6.464
134,1995,142,2000,2.8946,2.172,1.1837,2.7884,1.081,-.00277,1.5979,4.7039,3.8364,1.376,.08163,-5.9166,-5.8566,-5.9327,93.721,94.6,97.892,4.1579,4.5958,18.632,167.78,1.4563,2.4963,-6.3486,-6.5188,-6.5818
134,1995,142,2010,2.7456,2.0536,1.1409,2.6197,1.0768,.00433,1.4976,4.4526,5.8325,2.0992,.50404,-5.8679,-5.8008,-5.8841,93.749,94.625,97.953,3.8123,4.231,18.903,168.3,1.4555,2.4963,-6.3445,-6.4868,-6.543
134,1995,142,2020,2.4346,1.8208,1.0083,2.3187,1.0675,-.00542,1.1367,4.1134,5.4725,1.7835,.43204,-5.9423,-5.8762,-5.9491,93.654,94.579,97.941,3.7523,4.139,18.785,167.9,1.4551,2.4965,-6.4286,-6.5532,-6.6216
134,1995,142,2030,2.387,1.7985,.97179,2.2904,1.087,-.00931,1.3545,3.9754,4.0658,1.3294,.04985,-6.0038,-5.9386,-5.992,94.028,94.859,98.166,3.831,4.3003,19.196,167.6,1.4546,2.4962,-6.4039,-6.5531,-6.6145
134,1995,142,2040,2.6934,1.9796,1.1774,2.5998,1.0751,.00192,2.0868,3.9838,3.8278,1.3184,.04986,-6.0292,-5.966,-6.0197,94.244,94.997,98.353,4.0483,4.499,18.69,167.46,1.4545,2.4964,-6.4315,-6.5591,-6.6308
134,1995,142,2050,2.2207,1.6411,.93909,2.1524,1.0759,-.00427,1.2885,3.5607,3.2186,.91959,0,-6.0704,-5.9847,-6.0175,94.257,95.052,98.35,3.8737,4.3203,18.37,167.32,1.4545,2.4967,-6.4604,-6.5697,-6.6279
126,1995,142,2058,2.42,1.804,1.011,2.326,1.077,-.004,1.38,3.933,4.256,1.391,.173,-6.005,-5.933,-5.985,94,94.9,98.2,3.886,4.326,18.77,167.6,1.455,2.496,-6.42,-6.55,-6.611
134,1995,142,2100,1.831,1.3745,.73245,1.7726,1.0751,-.01038,.70656,3.2479,2.9273,.74641,-.01749,-6.1732,-6.0871,-6.0896,94.43,95.211,98.476,4.0498,4.5298,18.589,167.11,1.4543,2.4967,-6.4916,-6.5977,-6.648
134,1995,142,2110,1.8616,1.4013,.75257,1.7961,1.0808,-.00362,.96407,3.1535,3.1078,.65924,.02216,-6.2502,-6.1616,-6.1369,94.688,95.437,98.719,3.8523,4.3083,18.755,167.16,1.4544,2.4966,-6.5106,-6.6132,-6.6577
134,1995,142,2120,1.8164,1.3682,.74622,1.7682,1.0817,-.00099,.96303,2.9911,3.058,.89745,-.01108,-6.2458,-6.1433,-6.1148,94.925,95.703,98.921,3.8323,4.287,18.468,167.66,1.4545,2.4971,-6.494,-6.5933,-6.6292
134,1995,142,2130,1.8669,1.3954,.79323,1.8829,1.0809,-.00071,1.1848,2.8717,2.8032,.83098,-.02216,-6.2017,-6.0748,-6.0521,94.982,95.707,98.999,3.6763,4.1123,18.117,167.21,1.4543,2.4976,-6.4614,-6.5496,-6.5918
134,1995,142,2140,1.5604,1.1735,.64051,1.5727,1.0865,-.01024,.82659,2.5958,2.2713,.55399,-.01108,-6.2328,-6.1152,-6.0955,94.95,95.699,98.965,3.6857,4.131,18.576,167.37,1.4545,2.4992,-6.5175,-6.5952,-6.6351
134,1995,142,2150,1.4532,1.0923,.5934,1.4617,1.0772,-.01232,.71583,2.4315,2.5096,.72572,.01108,-6.3744,-6.2478,-6.2003,95.015,95.766,98.997,3.7537,4.255,18.152,166.93,1.4547,2.4992,-6.5877,-6.6675,-6.7146
126,1995,142,2158,1.678,1.262,.69,1.665,1.083,-.006,.93,2.752,2.691,.698,-.008,-6.281,-6.17,-6.138,94.9,95.7,98.9,3.781,4.242,18.44,167,1.454,2.498,-6.527,-6.616,-6.658
134,1995,142,2200,1.4418,1.0894,.59009,1.4532,1.0949,-.00605,.95428,2.3085,2.2101,.52483,-.06998,-6.4122,-6.3044,-6.2424,95.082,95.816,99.045,3.6919,4.1354,18.543,165.55,1.4545,2.4974,-6.5856,-6.6727,-6.7169
134,1995,142,2210,1.2344,.93556,.49519,1.2436,1.0928,-.00964,.69431,2.087,1.9113,.43765,-.0831,-6.4163,-6.299,-6.2382,95.173,95.951,99.178,3.695,4.167,18.526,165.59,1.4546,2.4971,-6.6284,-6.6948,-6.7271
134,1995,142,2220,1.1892,.89348,.49141,1.1973,1.0784,-.01161,.63783,1.9388,1.867,.54293,-.0554,-6.552,-6.4453,-6.3667,95.308,96.026,99.251,4.263,4.8123,18.63,166.2,1.4537,2.4964,-6.6989,-6.7715,-6.8029
134,1995,142,2230,1.1837,.89222,.49059,1.19,1.0877,-.00197,.75259,1.8307,1.7673,.28809,-.13296,-6.6277,-6.4926,-6.3923,95.355,96.019,99.26,3.595,4.1043,17.768,165.7,1.4524,2.4945,-6.7134,-6.7881,-6.8265
134,1995,142,2240,.9715,.73939,.38917,.9767,1.0883,-.004,.4491,1.639,1.3573,.14404,-.09418,-6.6118,-6.4626,-6.371,95.415,96.121,99.295,3.331,3.775,17.771,165.78,1.4524,2.4946,-6.7169,-6.7813,-6.8227
134,1995,142,2250,1.0348,.77903,.43427,1.0422,1.086,-.00586,.64678,1.5497,1.3407,.18283,-.12188,-6.697,-6.5218,-6.4189,95.448,96.081,99.327,3.6403,4.131,16.973,165.58,1.4529,2.4948,-6.7579,-6.8225,-6.8601
126,1995,142,2258,1.092,.825,.447,1.099,1.086,-.007,.598,1.765,1.609,.284,-.101,-6.604,-6.464,-6.372,95.3,96,99.3,3.715,4.209,17.82,165.5,1.453,2.496,-6.714,-6.779,-6.816
134,1995,142,2300,.83454,.63339,.3361,.84227,1.0798,-.00848,.32214,1.3954,1.2946,-.04665,-.1108,-6.7917,-6.6286,-6.4995,95.411,96.032,99.307,3.7649,4.2884,16.979,164.15,1.4534,2.4967,-6.8134,-6.8559,-6.896
134,1995,142,2310,.70517,.54694,.26605,.71158,1.0899,-.0046,.24287,1.2559,1.2133,-.03878,-.14404,-6.7828,-6.6239,-6.4883,95.476,96.102,99.314,2.8203,3.2177,17.186,164.26,1.4545,2.4976,-6.7906,-6.8406,-6.8686
134,1995,142,2320,.63418,.48855,.24343,.64005,1.0816,-.00603,.13012,1.1413,.85871,-.14404,-.14958,-6.7442,-6.6089,-6.4813,95.695,96.352,99.519,3.055,3.4057,19.463,164.84,1.4551,2.4992,-6.8275,-6.8832,-6.8742
134,1995,142,2330,.65261,.49218,.27182,.65683,1.0645,-.00444,.0903,1.0584,.81995,.0554,-.11634,-6.8674,-6.7147,-6.5785,95.6,96.275,99.477,3.083,3.4763,18.289,164.17,1.4555,2.4984,-6.9403,-6.9384,-6.9852
134,1995,142,2340,.62008,.46349,.26908,.62315,1.0364,-.00192,-.24964,.95831,.93076,.12743,-.1108,-6.9284,-6.7424,-6.6015,95.468,96.101,99.337,2.6137,2.9763,16.977,164.07,1.4558,2.4982,-6.9867,-6.9849,-6.9943
134,1995,142,2350,.55282,.41687,.23676,.55758,1.0244,-.00301,-.53923,.86344,.85878,.04432,-.12743,-7.0937,-6.8182,-6.6775,95.352,95.995,99.203,2.1243,2.5297,15.185,163.68,1.4565,2.4989,-7.1736,-7.1545,-7.1482
126,1995,142,2358,.61,.465,.246,.615,1.062,-.004,-.05,1.024,.89,-.007,-.138,-6.901,-6.717,-6.578,95.5,96.2,99.4,2.809,3.2,17.47,164.1,1.455,2.499,-6.941,-6.958,-6.97
134,1995,143,0,.4259,.33188,.15844,.42993,1.0793,-.00617,-.00807,.75818,.47827,-.15165,-.20997,-7.0202,-6.8226,-6.6639,95.659,96.296,99.389,3.1684,3.6147,18.154,163.13,1.4557,2.4993,-6.9426,-6.9563,-6.9508
134,1995,143,10,.32417,.25874,.10428,.32729,1.0928,-.008,.04006,.65606,.09974,-.21611,-.27152,-6.9686,-6.8351,-6.643,96.152,96.719,99.716,3.1083,3.387,20.314,162.94,1.4557,2.4978,-6.8845,-6.8998,-6.9103
134,1995,143,20,.28904,.23184,.09474,.29184,1.0898,-.00586,-.00115,.59086,.03325,-.28815,-.38236,-7.0285,-6.8972,-6.6893,96.303,96.877,99.931,3.1923,3.5257,19.98,163.45,1.4583,2.4958,-6.9635,-6.9778,-6.9858
134,1995,143,30,.26483,.2103,.09047,.26762,1.0865,-.00674,-.01611,.5325,-.02771,-.22721,-.38237,-7.1185,-6.9814,-6.7774,96.312,96.896,99.972,3.7643,4.2123,19.754,163.57,1.4611,2.4951,-7.055,-7.0708,-7.0766
134,1995,143,40,.28165,.21803,.11189,.28384,1.0491,-.00877,-.35732,.48209,-.06096,-.13854,-.41008,-7.2874,-7.1404,-6.937,96.308,96.877,99.963,3.6697,4.115,19.396,163.21,1.46,2.4952,-7.2792,-7.2834,-7.28
134,1995,143,50,.25151,.19578,.0988,.25167,1.0191,-.00992,-.7114,.4331,-.14963,-.22721,-.43779,-7.5488,-7.3823,-7.1689,96.131,96.801,99.866,3.0963,3.491,19.542,163.08,1.4606,2.4979,-7.5883,-7.5659,-7.5547
126,1995,143,58,.275,.217,.098,.278,1.06,-.008,-.298,.523,-.081,-.229,-.378,-7.26,-7.11,-6.906,96.2,96.8,99.9,3.288,3.676,19.7,163,1.459,2.497,-7.23,-7.23,-7.23
134,1995,143,100,.21866,.17079,.08404,.21987,1.0052,-.00773,-.91543,.38172,-.51917,-.105,-.42584,-7.7893,-7.5899,-7.351,95.987,96.691,99.746,2.7403,3.1291,18.983,161.78,1.4621,2.4994,-7.7618,-7.7219,-7.6875
134,1995,143,110,.18707,.14121,.0663,.17956,.99064,-.00449,-1.1633,.33305,-.63175,-.14963,-.399,-7.8821,-7.6596,-7.4138,95.989,96.673,99.752,2.531,2.9083,19.099,161.56,1.4638,2.5046,-7.8697,-7.8014,-7.7699
134,1995,143,120,.16987,.13584,.06197,.17622,1.0346,.00132,-.56154,.29765,-.65392,-.21613,-.45442,-7.9055,-7.6933,-7.424,96.054,96.718,99.779,2.5177,2.8683,19.058,161.58,1.4615,2.5051,-7.6908,-7.6598,-7.6369
134,1995,143,130,.14099,.1108,.05589,.1405,1.0587,.00455,-.33371,.25973,-.79246,-.30479,-.38238,-7.7385,-7.5407,-7.2817,96.311,96.892,99.93,2.3363,2.699,18.331,160.97,1.4628,2.5102,-7.5408,-7.5147,-7.4945
134,1995,143,140,.11737,.09271,.04291,.11721,1.081,.00323,-.11102,.22696,-1.1693,-.31588,-.44334,-7.6308,-7.4501,-7.2119,96.359,96.993,99.939,2.1577,2.475,17.895,161.13,1.4613,2.5031,-7.4757,-7.45,-7.4419
134,1995,143,150,.09924,.07973,.03699,.09929,1.0842,.00268,-.10603,.19885,-1.3411,-.32696,-.44888,-7.5147,-7.3504,-7.1159,96.468,97.017,100.04,2.5737,2.911,18.612,160.8,1.4587,2.5006,-7.3461,-7.3345,-7.3306
