107,136,1630,12.640,-4.2673,-4.8800,74.817,79.198,-3.5496,-7.3366,-99999
107,136,1645,12.641,-4.4208,-4.5969,76.355,77.087,-3.5075,-6.5087,-99999
107,136,1700,12.642,-4.7209,-4.3987,79.305,77.106,-3.4801,-5.7404,-5.8656
107,136,1715,12.643,-4.5836,-4.4895,78.725,78.321,-3.6614,-5.4389,-5.4151
107,136,1730,12.641,-4.5260,-4.4452,79.072,78.591,-3.7979,-5.2865,-5.2655
107,136,1745,12.641,-4.5150,-4.4264,79.608,79.194,-3.8867,-5.2357,-5.2149
107,136,1800,12.640,-4.4408,-4.3455,80.296,79.881,-3.9517,-5.0787,-5.0626
107,136,1815,12.641,-4.4264,-4.3455,81.510,81.125,-3.9971,-5.1050,-5.0848
107,136,1830,12.640,-4.2481,-4.1661,80.990,80.608,-4.0088,-4.8771,-4.8532
107,136,1845,12.638,-4.1528,-4.0698,81.270,80.900,-3.9995,-4.8137,-4.7874
107,136,1900,12.639,-4.1052,-4.0266,81.967,81.640,-3.9689,-4.7460,-4.7205
107,136,1915,12.639,-4.0676,-3.9912,82.108,81.672,-3.9335,-4.7502,-4.7208
107,136,1930,12.638,-4.0565,-3.9480,82.096,81.760,-3.9028,-4.6476,-4.6204
107,136,1945,12.638,-4.1207,-4.0410,83.265,82.965,-3.8849,-4.7849,-4.7410
107,136,2000,12.638,-4.0443,-3.9435,83.034,82.699,-3.8849,-4.6291,-4.6052
107,136,2015,12.637,-4.0609,-3.9801,82.965,82.586,-3.8729,-4.6806,-4.6576
107,136,2030,12.637,-4.1805,-4.0853,83.907,83.564,-3.8688,-4.8084,-4.7740
107,136,2045,12.636,-4.1451,-4.0742,84.303,83.958,-3.8849,-4.7209,-4.7000
107,136,2100,12.636,-4.1196,-4.0122,84.296,83.927,-3.9025,-4.6322,-4.6162
107,136,2115,12.636,-4.1595,-4.0676,84.852,84.478,-3.9221,-4.6542,-4.6281
107,136,2130,12.636,-4.1617,-4.0487,84.793,84.393,-3.9548,-4.5711,-4.5357
107,136,2145,12.636,-4.2215,-4.1340,85.360,84.936,-3.9930,-4.6596,-4.6311
107,136,2200,12.636,-4.1595,-4.0432,85.282,84.847,-4.0350,-4.4797,-4.4640
107,136,2215,12.635,-4.4153,-4.3278,86.858,86.455,-4.0763,-4.8726,-4.8441
107,136,2230,12.635,-4.6933,-4.5847,88.304,87.894,-4.1411,-5.1710,-5.1472
107,136,2245,12.635,-5.0122,-4.9081,88.724,88.355,-4.2399,-5.5804,-5.5646
107,136,2300,12.634,-5.2281,-5.1683,88.030,87.796,-4.3661,-5.9318,-5.9198
107,136,2315,12.635,-4.5393,-4.4219,83.002,82.567,-4.4997,-4.5272,-4.5116
107,136,2330,12.634,-4.8339,-4.7276,86.259,85.839,-4.5877,-5.2281,-5.1954
107,136,2345,12.635,-5.1528,-5.0498,88.831,88.353,-4.6630,-5.4372,-5.4075
107,137,0,12.634,-5.1329,-5.0199,89.452,88.997,-4.7553,-5.3517,-5.3222
107,137,15,12.634,-5.1672,-5.0731,90.739,90.283,-4.8393,-5.3822,-5.3558
107,137,30,12.634,-5.1019,-4.9867,91.312,90.845,-4.9067,-5.2478,-5.2253
107,137,45,12.634,-5.0753,-4.9613,91.479,91.006,-4.9597,-5.1974,-5.1762
107,137,100,12.634,-5.1639,-5.0521,92.106,91.627,-5.0037,-5.3329,-5.3111
107,137,115,12.634,-5.3134,-5.2204,92.455,91.927,-5.0462,-5.5361,-5.5147
107,137,130,12.634,-5.4585,-5.3466,92.168,91.617,-5.1083,-5.6133,-5.5983
107,137,145,12.633,-5.5836,-5.4828,90.712,90.235,-5.1866,-5.7663,-5.7510
107,137,200,12.633,-5.6556,-5.5338,91.324,90.805,-5.2806,-5.7588,-5.7427
107,137,215,12.632,-5.8339,-5.7364,90.399,89.826,-5.3819,-6.0402,-6.0197
107,137,230,12.633,-5.9579,-5.8527,90.018,89.497,-5.4892,-6.1259,-6.1057
107,137,245,12.631,-6.1318,-6.0089,90.164,89.582,-5.6008,-6.2919,-6.2712
107,137,300,12.631,-6.4053,-6.2902,88.912,88.312,-5.7383,-6.5637,-6.5471
107,137,315,12.631,-6.6113,-6.5061,87.368,86.802,-5.9087,-6.7769,-6.7618
107,137,330,12.629,-6.8483,-6.7431,87.234,86.721,-6.0817,-7.0480,-7.0228
107,137,345,12.627,-7.0321,-6.9214,86.658,86.158,-6.2464,-7.2491,-7.2253
107,137,400,12.628,-6.9768,-6.8638,85.884,85.314,-6.4077,-7.0263,-7.0048
107,137,415,12.627,-6.8292,-6.7218,85.798,85.230,-6.5347,-6.8215,-6.8099
107,137,430,12.627,-6.5598,-6.4502,84.569,84.018,-6.6082,-6.4430,-6.4302
107,137,445,12.626,-6.2914,-6.1774,83.375,82.773,-6.6272,-6.1189,-6.1108
107,137,500,12.626,-6.0544,-5.9436,82.342,81.678,-6.5889,-5.9296,-5.9212
107,137,515,12.626,-6.1765,-6.0801,83.847,83.299,-6.5207,-6.1974,-6.1847
107,137,530,12.627,-6.3350,-6.2231,84.388,83.831,-6.4717,-6.4222,-6.4081
107,137,545,12.627,-6.3830,-6.2623,83.057,82.549,-6.4654,-6.4003,-6.3873
107,137,600,12.627,-6.6179,-6.5005,83.039,82.533,-6.4827,-6.7301,-6.7164
107,137,615,12.626,-6.7406,-6.6332,83.058,82.403,-6.5333,-6.8059,-6.7920
107,137,630,12.626,-6.9806,-6.8511,82.858,82.272,-6.6047,-7.1041,-7.0881
107,137,645,12.627,-7.2231,-7.1223,81.560,80.872,-6.6973,-7.4212,-7.4028
107,137,700,12.626,-7.4018,-7.2867,80.039,79.492,-6.8119,-7.5586,-7.5364
107,137,715,12.626,-7.4178,-7.3027,78.753,78.241,-6.9389,-7.4798,-7.4599
107,137,730,12.626,-7.3235,-7.1973,76.540,75.943,-7.0436,-7.3353,-7.3213
107,137,745,12.626,-7.4972,-7.3864,77.591,77.041,-7.1214,-7.5902,-7.5732
107,137,800,12.626,-7.5610,-7.4303,74.893,74.322,-7.1934,-7.6288,-7.6136
107,137,815,12.625,-7.6626,-7.5717,74.025,73.517,-7.2692,-7.7788,-7.7584
107,137,830,12.624,-7.7299,-7.6303,74.592,74.102,-7.3483,-7.8630,-7.8432
107,137,845,12.623,-7.7393,-7.6308,76.672,76.092,-7.4172,-7.8393,-7.8220
107,137,900,12.623,-7.8069,-7.7083,77.071,76.564,-7.4658,-7.9826,-7.9663
107,137,915,12.623,-7.5842,-7.4690,75.213,74.691,-7.4953,-7.6328,-7.6194
107,137,930,12.622,-7.4024,-7.2794,74.461,73.974,-7.4929,-7.4516,-7.4408
107,137,945,12.622,-7.4323,-7.3204,75.193,74.701,-7.4525,-7.6257,-7.6155
107,137,1000,12.621,-7.5791,-7.4650,75.616,75.127,-7.4037,-7.8379,-7.8245
107,137,1015,12.620,-7.6820,-7.5945,75.810,75.345,-7.3909,-8.0313,-8.0164
107,137,1030,12.621,-7.8335,-7.7527,74.384,73.892,-7.3907,-8.2119,-8.1949
107,137,1045,12.620,-7.9651,-7.8787,72.315,71.823,-7.4089,-8.3202,-8.2987
107,137,1100,12.620,-7.9019,-7.8011,70.416,69.942,-7.4581,-8.1690,-8.1469
107,137,1115,12.620,-7.7606,-7.6610,68.291,67.824,-7.4938,-7.9953,-7.9769
107,137,1130,12.620,-7.6033,-7.4892,66.926,66.453,-7.4977,-7.7944,-7.7729
107,137,1145,12.620,-7.4902,-7.3872,66.375,65.891,-7.4729,-7.7860,-7.7587
107,137,1200,12.620,-7.4703,-7.3661,68.749,68.287,-7.4063,-7.9182,-7.8912
107,137,1215,12.620,-7.5268,-7.4426,68.954,68.500,-7.3154,-8.1204,-8.0888
107,137,1230,12.620,-7.4795,-7.3865,66.812,66.344,-7.2279,-8.0294,-8.0024
107,137,1245,12.620,-7.3733,-7.2769,67.497,67.048,-7.1528,-7.9630,-7.9369
107,137,1300,12.620,-7.3024,-7.2061,66.791,66.307,-7.0720,-7.9095,-7.8909
107,137,1315,12.620,-6.9425,-6.8694,67.358,66.885,-6.9563,-7.8135,-7.8034
107,137,1330,12.620,-6.9097,-6.8444,67.344,66.898,-6.7086,-8.1525,-8.1078
107,137,1345,12.620,-6.9404,-6.8906,67.529,67.082,-6.4377,-8.3884,-8.3260
107,137,1400,12.621,-7.0736,-7.0093,67.784,67.380,-6.2231,-8.5226,-8.4509
107,137,1415,12.620,-7.0485,-6.9799,68.316,67.877,-6.1025,-8.3590,-8.2845
107,137,1430,12.620,-7.3654,-7.2912,69.787,69.350,-6.0569,-8.6281,-8.5509
107,137,1445,12.620,-7.3267,-7.2536,71.384,70.963,-6.1533,-8.2196,-8.1580
107,137,1500,12.620,-7.0510,-6.9978,71.660,71.246,-6.2617,-8.1044,-8.0192
107,137,1515,12.620,-7.0000,-6.9458,72.740,72.348,-6.2345,-8.2265,-8.0946
107,137,1530,12.620,-6.8084,-6.7387,72.349,71.857,-6.1464,-7.9133,-7.7880
107,137,1545,12.620,-6.3500,-6.2813,69.968,69.484,-6.0405,-7.2192,-7.1097
107,137,1600,12.621,-6.2104,-6.1296,68.925,68.413,-5.9108,-7.1363,-7.0256
107,137,1615,12.621,-6.2425,-6.1595,69.046,68.556,-5.7940,-7.1221,-7.0132
107,137,1630,12.621,-6.2647,-6.1750,70.607,70.146,-5.7111,-7.1706,-7.0600
107,137,1645,12.621,-6.3788,-6.3046,72.069,71.639,-5.6694,-7.2133,-7.1217
107,137,1700,12.621,-6.1883,-6.0842,69.494,69.070,-5.6788,-6.8083,-6.7294
107,137,1715,12.621,-6.3300,-6.2248,66.429,66.033,-5.7146,-6.8438,-6.7918
107,137,1730,12.620,-6.4607,-6.3588,66.542,66.172,-5.8484,-6.7085,-6.6442
107,137,1745,12.620,-5.6899,-5.6534,65.854,65.671,-5.9994,-5.8961,-5.8120
107,137,1800,12.621,-4.9624,-4.9480,63.921,63.800,-5.8843,-5.4869,-5.3750
107,137,1815,12.621,-4.7542,-4.7752,64.738,64.743,-5.5275,-5.7106,-5.5644
107,137,1830,12.622,-5.3810,-5.3278,66.662,66.382,-5.1734,-6.3733,-6.2677
107,137,1845,12.622,-5.6467,-5.5836,68.288,67.885,-5.0798,-6.2682,-6.2009
107,137,1900,12.621,-5.6047,-5.4961,68.745,68.326,-5.1686,-5.9962,-5.9505
107,137,1915,12.621,-5.3411,-5.2680,67.008,66.623,-5.2573,-5.6629,-5.6209
107,137,1930,12.621,-5.2281,-5.1650,66.805,66.528,-5.2733,-5.6994,-5.6703
107,137,1945,12.621,-5.1517,-5.0986,67.339,67.175,-5.2372,-5.7723,-5.7333
107,137,2000,12.621,-5.3610,-5.2857,68.897,68.591,-5.1900,-5.9752,-5.9420
107,137,2015,12.621,-5.1761,-5.0919,67.872,67.560,-5.1641,-5.7365,-5.7032
107,137,2030,12.622,-5.4917,-5.4053,69.493,69.145,-5.1526,-6.0085,-5.9752
107,137,2045,12.621,-5.5260,-5.4186,69.930,69.530,-5.2157,-5.8602,-5.8357
107,137,2100,12.620,-5.4939,-5.4098,71.072,70.654,-5.3198,-5.8417,-5.8164
107,137,2115,12.621,-5.4773,-5.3754,69.636,69.186,-5.4041,-5.7382,-5.7189
107,137,2130,12.622,-5.5548,-5.4496,69.929,69.497,-5.4788,-5.7972,-5.7812
107,137,2145,12.621,-5.5814,-5.4884,70.928,70.524,-5.5539,-5.8967,-5.8743
107,137,2200,12.621,-5.4452,-5.3356,71.683,71.197,-5.5859,-5.8210,-5.7944
107,137,2215,12.621,-5.5183,-5.4264,72.238,71.813,-5.5890,-5.9297,-5.9090
107,137,2230,12.621,-5.4773,-5.3566,72.154,71.578,-5.6140,-5.8578,-5.8414
107,137,2245,12.620,-5.2658,-5.1274,70.848,70.199,-5.6147,-5.7547,-5.7237
107,137,2300,12.621,-5.7453,-5.6013,72.165,71.546,-5.5859,-6.2887,-6.2578
107,137,2315,12.621,-5.8826,-5.7486,72.739,72.114,-5.6346,-6.2416,-6.2168
107,137,2330,12.621,-5.8295,-5.7232,72.322,71.793,-5.7306,-6.0416,-6.0229
107,137,2345,12.621,-6.0366,-5.9291,73.268,72.753,-5.8006,-6.3405,-6.3215
107,138,0,12.621,-6.2337,-6.1163,73.595,73.085,-5.8860,-6.3312,-6.3122
107,138,15,12.621,-6.0000,-5.8804,73.257,72.658,-6.0015,-6.1084,-6.0940
107,138,30,12.621,-6.0642,-5.9314,73.462,72.922,-6.0458,-6.2747,-6.2499
107,138,45,12.620,-6.1783,-6.0742,73.979,73.453,-6.0391,-6.5045,-6.4866
107,138,100,12.620,-6.5150,-6.3854,75.931,75.464,-6.0632,-6.7696,-6.7459
107,138,115,12.620,-6.4995,-6.3909,76.258,75.766,-6.1544,-6.5691,-6.5533
107,138,130,12.620,-6.4286,-6.2979,73.756,73.258,-6.2733,-6.3592,-6.3507
107,138,145,12.619,-6.2580,-6.1285,71.313,70.750,-6.4021,-5.9771,-5.9885
107,138,200,12.620,-6.0152,-5.8857,70.461,69.888,-6.4776,-5.7824,-5.7983
107,138,215,12.619,-5.8898,-5.7569,70.344,69.807,-6.4714,-5.6635,-5.6688
107,138,230,12.618,-6.2601,-6.1482,74.245,73.726,-6.4226,-6.3539,-6.3467
107,138,245,12.618,-6.3422,-6.2170,75.047,74.533,-6.4024,-6.3666,-6.3640
107,138,300,12.617,-6.1030,-5.9845,73.702,73.219,-6.4133,-5.9350,-5.9373
107,138,315,12.617,-5.9701,-5.8605,73.543,73.028,-6.4144,-5.8609,-5.8653
107,138,330,12.617,-5.8605,-5.7398,72.948,72.433,-6.3804,-5.7783,-5.7892
107,138,345,12.616,-6.2259,-6.1185,75.388,74.932,-6.3286,-6.4104,-6.4203
107,138,400,12.615,-6.4685,-6.3832,77.074,76.691,-6.3265,-6.7025,-6.7127
107,138,415,12.615,-6.3787,-6.2990,76.065,75.661,-6.3811,-6.4235,-6.4339
107,138,430,12.615,-6.5482,-6.4618,76.551,76.158,-6.4585,-6.6282,-6.6355
107,138,445,12.615,-6.5707,-6.4699,75.552,75.088,-6.5502,-6.5433,-6.5723
107,138,500,12.614,-6.7007,-6.5733,74.866,74.388,-6.6398,-6.7385,-6.7765
107,138,515,12.614,-6.5711,-6.4437,73.903,73.405,-6.7587,-6.3544,-6.4062
107,138,530,12.614,-6.8982,-6.7963,75.695,75.228,-6.8755,-6.7935,-6.8203
107,138,545,12.613,-6.9373,-6.8210,76.161,75.707,-7.0257,-6.7472,-6.8054
107,138,600,12.614,-6.5084,-6.3999,74.387,73.946,-7.0918,-6.3145,-6.3979
107,138,615,12.614,-6.3234,-6.2148,73.105,72.664,-7.0240,-6.3179,-6.4000
107,138,630,12.614,-6.4359,-6.3439,72.508,72.057,-6.9269,-6.6436,-6.7201
107,138,645,12.613,-6.1898,-6.0547,70.096,69.570,-6.9135,-6.1973,-6.3042
107,138,700,12.613,-5.4042,-5.2957,67.219,66.821,-6.9038,-5.7064,-5.9771
107,138,715,12.613,-4.1619,-3.9381,60.631,59.639,-6.6996,-4.9943,-5.4089
107,138,730,12.614,-5.3733,-5.0897,65.474,63.905,-6.3862,-6.7862,-7.3193
107,138,745,12.614,-6.1988,-5.7647,68.479,66.103,-6.1790,-7.7964,-8.5147
107,138,800,12.613,-7.7293,-7.4458,73.310,71.730,-6.1683,-9.4896,-9.9018
107,138,815,12.613,-7.9655,-7.3387,74.388,71.056,-6.4300,-9.0816,-9.6736
107,138,830,12.613,-6.4739,-6.1217,71.690,69.730,-6.6257,-7.6196,-8.1809
107,138,845,12.614,-5.6066,-5.4194,71.454,70.197,-6.4887,-7.3892,-7.7361
107,138,900,12.614,-5.1379,-5.0648,71.836,71.098,-6.1275,-7.1121,-7.3424
107,138,915,12.614,-4.4328,-4.4982,70.024,69.937,-5.6864,-6.9328,-7.2835
107,138,930,12.615,-3.2381,-3.0243,64.858,63.557,-5.1911,-6.1087,-6.8855
107,138,945,12.616,-3.7818,-3.4862,64.429,62.823,-4.6834,-7.3081,-7.8196
107,138,1000,12.616,-5.7542,-6.0033,72.612,73.378,-4.3513,-9.7962,-9.9438
107,138,1015,12.616,-5.5681,-5.9646,72.467,74.019,-4.2765,-9.1984,-9.5017
107,138,1030,12.615,-5.7143,-5.9424,74.361,75.289,-4.3768,-8.4885,-8.7345
107,138,1045,12.615,-4.5438,-4.5925,68.010,68.309,-4.5718,-6.6546,-6.7195
107,138,1100,12.615,-3.6069,-3.4673,64.903,64.489,-4.7062,-5.6700,-5.8595
107,138,1115,12.615,-4.8151,-4.9557,69.826,70.218,-4.7179,-7.8070,-7.8472
107,138,1130,12.615,-4.2547,-4.4031,68.164,68.456,-4.6585,-6.8118,-7.1635
107,138,1145,12.615,-3.0487,-2.9790,62.797,62.421,-4.5542,-5.6888,-5.7891
107,138,1200,12.616,-4.7652,-4.4817,70.063,68.549,-4.4910,-7.2644,-7.7031
107,138,1215,12.615,-3.8649,-4.3201,66.467,67.741,-4.4879,-7.4281,-8.0531
107,138,1230,12.616,-5.0211,-5.6301,72.564,74.822,-4.3248,-9.0871,-9.3297
107,138,1245,12.617,-5.3566,-5.7974,72.062,73.680,-4.1218,-9.3258,-9.4448
107,138,1300,12.617,-6.3278,-5.4906,73.230,68.736,-3.9954,-9.2417,-9.8830
107,138,1315,12.616,-6.1307,-6.1728,78.127,77.979,-4.0629,-8.5537,-8.4928
107,138,1330,12.616,-5.6700,-5.6955,70.939,70.791,-4.1814,-7.8257,-7.7989
107,138,1345,12.616,-6.5327,-6.4397,72.314,71.625,-4.2741,-8.8233,-8.9061
107,138,1400,12.615,-7.1263,-7.0576,73.477,72.797,-4.4831,-9.2176,-9.2743
107,138,1415,12.615,-7.4729,-7.4109,76.223,75.631,-4.7760,-9.4026,-9.4290
107,138,1430,12.614,-7.3710,-7.3345,75.556,75.113,-5.0792,-9.0179,-9.0223
107,138,1445,12.614,-7.0255,-6.9934,74.115,73.722,-5.3125,-8.5942,-8.5932
107,138,1500,12.614,-6.7287,-6.7132,73.037,72.668,-5.4260,-8.3764,-8.3511
107,138,1515,12.614,-5.5282,-5.6800,68.343,68.822,-5.4097,-7.5869,-7.5181
107,138,1530,12.615,-5.0797,-5.3123,66.589,67.240,-5.1766,-7.8688,-7.7122
107,138,1545,12.616,-4.4308,-4.5725,65.554,65.919,-4.7995,-7.0592,-6.9521
107,138,1600,12.615,-1.9590,-1.9302,55.372,55.178,-4.4403,-4.8159,-5.0424
107,138,1615,12.616,.09855,.04096,47.802,48.068,-4.0801,-4.0267,-3.8291
107,138,1630,12.617,-2.0742,-2.4064,57.819,58.716,-3.6539,-6.9925,-6.6967
107,138,1645,12.617,-3.9391,-4.1861,67.406,68.298,-3.2847,-7.9192,-7.5988
107,138,1700,12.618,-4.8653,-4.9683,68.930,69.308,-3.0834,-8.0180,-7.7555
107,138,1715,12.617,-4.4357,-4.4833,69.747,69.763,-3.0855,-6.9725,-6.8091
107,138,1730,12.617,-2.7089,-3.1608,63.760,65.331,-3.1497,-5.5498,-5.2913
107,138,1745,12.618,-4.0554,-4.4331,66.846,68.191,-3.0834,-7.4503,-7.1063
107,138,1800,12.617,-4.8838,-5.0953,69.211,70.004,-3.0412,-7.4488,-7.1426
107,138,1815,12.617,-5.0698,-5.3024,70.024,70.978,-3.1907,-7.1379,-6.8436
107,138,1830,12.617,-5.2902,-5.4607,70.033,70.775,-3.4097,-7.1312,-6.8476
107,138,1845,12.617,-5.4098,-5.5670,70.969,71.669,-3.6477,-7.0054,-6.7351
107,138,1900,12.616,-5.3788,-5.5936,73.241,74.271,-3.8750,-6.9622,-6.7158
107,138,1915,12.616,-5.4607,-5.6556,77.359,78.442,-4.0550,-7.1150,-6.8390
107,138,1930,12.615,-5.7586,-5.9136,79.172,79.960,-4.1914,-7.3364,-7.1079
107,138,1945,12.615,-5.7077,-5.7974,77.636,78.095,-4.3658,-6.9338,-6.7356
107,138,2000,12.615,-5.6213,-5.6711,76.623,76.849,-4.5387,-6.7088,-6.5425
107,138,2015,12.615,-5.6756,-5.6567,76.682,76.671,-4.6664,-6.8078,-6.6631
107,138,2030,12.615,-5.7486,-5.7088,76.783,76.656,-4.7639,-6.9285,-6.8008
107,138,2330,12.609,-6.8439,-6.7641,77.914,77.475,-4.5342,-8.0660,-7.6262
107,138,2345,12.614,-6.7320,-6.6080,78.601,78.205,-4.7318,-7.9927,-7.7733
107,139,0,12.614,-6.7464,-6.6456,78.977,78.569,-5.0075,-7.7109,-7.5798
107,139,15,12.614,-6.7819,-6.6622,79.124,78.739,-5.2886,-7.4994,-7.3960
107,139,30,12.614,-6.8494,-6.7542,78.573,78.237,-5.5428,-7.4624,-7.3698
107,139,45,12.614,-6.9026,-6.8129,77.595,77.352,-5.7634,-7.4816,-7.3833
107,139,100,12.613,-7.1916,-7.0797,76.967,76.612,-5.9603,-7.7996,-7.7010
107,139,115,12.612,-7.3865,-7.2525,76.857,76.509,-6.1590,-7.8994,-7.8052
107,139,130,12.613,-7.4474,-7.3555,76.590,76.288,-6.3685,-7.8534,-7.7677
107,139,145,12.610,-7.3597,-7.2578,75.613,75.311,-6.5547,-7.6092,-7.5436
107,139,200,12.609,-7.1379,-7.0449,74.867,74.605,-6.6826,-7.3273,-7.2688
107,139,215,12.608,-6.9573,-6.8765,73.437,73.112,-6.7488,-7.0742,-7.0294
107,139,230,12.607,-6.6911,-6.6147,71.489,71.174,-6.7768,-6.7332,-6.6936
107,139,245,12.607,-6.6756,-6.5737,72.752,72.453,-6.7495,-6.8945,-6.8366
107,139,300,12.607,-6.7949,-6.6720,75.271,74.949,-6.7180,-7.0423,-6.9845
107,139,315,12.607,-6.5867,-6.4948,74.496,74.264,-6.7094,-6.7070,-6.6648
107,139,330,12.607,-6.5688,-6.4714,74.711,74.391,-6.6898,-6.7310,-6.6890
107,139,345,12.607,-6.4811,-6.3715,73.988,73.638,-6.6721,-6.5403,-6.5021
107,139,400,12.607,-6.6213,-6.5161,76.787,76.428,-6.6735,-6.7499,-6.7077
107,139,415,12.607,-6.7764,-6.6845,78.521,78.144,-6.6895,-6.8895,-6.8389
107,139,430,12.606,-6.8226,-6.7063,79.960,79.538,-6.7425,-6.8767,-6.8304
107,139,445,12.606,-6.8164,-6.6912,80.185,79.814,-6.7764,-6.8835,-6.8547
107,139,500,12.606,-6.7003,-6.5973,80.696,80.335,-6.7940,-6.7296,-6.6979
107,139,515,12.607,-6.6000,-6.4915,80.003,79.642,-6.7959,-6.6381,-6.6016
107,139,530,12.607,-6.5021,-6.3946,79.449,79.023,-6.7648,-6.5395,-6.5091
107,139,545,12.606,-6.5000,-6.3948,80.259,79.763,-6.7213,-6.5480,-6.5264
107,139,600,12.606,-6.6704,-6.5630,82.214,81.737,-6.6948,-6.7798,-6.7442
107,139,615,12.606,-6.6019,-6.4978,81.494,80.986,-6.6949,-6.6822,-6.6501
107,139,630,12.606,-6.5612,-6.4183,81.100,80.574,-6.6650,-6.9061,-6.8772
107,139,645,12.606,-6.5460,-6.4153,81.694,81.224,-6.6009,-6.8862,-6.8483
107,139,700,12.605,-6.3292,-6.1974,80.044,79.548,-6.5911,-6.4849,-6.4623
107,139,715,12.605,-6.6935,-6.5595,80.697,80.263,-6.6313,-7.0403,-7.0266
107,139,730,12.604,-6.4107,-6.3210,80.339,80.090,-6.7297,-6.7334,-6.7651
107,139,745,12.604,-6.2351,-6.0413,80.929,80.084,-6.7689,-6.6069,-6.7615
107,139,800,12.605,-6.5073,-6.3767,82.104,81.399,-6.6707,-7.2732,-7.3564
107,139,815,12.604,-6.0430,-5.8558,80.150,79.271,-6.5699,-6.5803,-6.6883
107,139,830,12.603,-5.8728,-5.6668,78.312,77.306,-6.4886,-6.5856,-6.6964
107,139,845,12.603,-7.1070,-6.9764,83.936,83.189,-6.4670,-7.8614,-7.8580
107,139,900,12.602,-7.0268,-6.9083,81.938,81.364,-6.6480,-7.2173,-7.1753
107,139,915,12.602,-6.9360,-6.7810,78.568,77.997,-6.8177,-7.2100,-7.1861
107,139,930,12.601,-7.0711,-6.9050,77.670,76.962,-6.8265,-7.8392,-7.8200
107,139,945,12.602,-6.5938,-6.4321,76.433,75.852,-6.7413,-7.6744,-7.6135
107,139,1000,12.601,-6.3428,-6.1823,76.870,76.340,-6.4589,-8.0833,-7.9656
107,139,1015,12.601,-6.4398,-6.2715,77.592,76.916,-6.1596,-7.9903,-7.9010
107,139,1030,12.601,-6.2179,-6.0673,76.237,75.671,-6.0878,-7.4569,-7.3714
107,139,1045,12.601,-6.3089,-6.2136,75.670,75.320,-6.0956,-7.9482,-7.8297
107,139,1100,12.600,-6.3533,-6.2469,75.271,74.813,-6.0426,-8.2252,-8.1255
107,139,1115,12.601,-6.2204,-6.1207,74.287,73.915,-6.0004,-7.8893,-7.7694
107,139,1130,12.602,-5.4219,-5.4463,71.666,72.063,-5.9062,-7.1979,-7.1254
107,139,1145,12.602,-4.2425,-4.1916,66.844,67.042,-5.6138,-6.6656,-6.5633
107,139,1200,12.604,-5.4972,-5.3998,72.046,71.898,-5.1423,-8.0895,-7.8449
107,139,1215,12.603,-5.7586,-5.6312,73.688,73.404,-4.9251,-7.7848,-7.5773
107,139,1230,12.603,-5.5781,-5.5692,74.577,74.712,-4.8991,-7.3876,-7.3603
107,139,1245,12.603,-5.2890,-5.2968,74.782,74.835,-4.8829,-7.3750,-7.5070
107,139,1300,12.605,-5.2603,-5.2547,75.305,75.230,-4.7649,-7.6138,-7.7466
107,139,1315,12.604,-5.1351,-5.1750,76.238,76.236,-4.5932,-7.6829,-7.8122
107,139,1330,12.604,-5.2281,-5.2625,77.564,77.803,-4.4317,-7.6644,-7.7904
107,139,1345,12.606,-4.8671,-4.9402,76.609,77.038,-4.2910,-7.1894,-7.3721
107,139,1400,12.607,-4.2481,-4.3998,74.410,75.321,-4.1473,-6.7026,-6.8011
107,139,1415,12.607,-3.7132,-3.8727,73.128,73.966,-3.9603,-6.0551,-6.3037
107,139,1430,12.608,-3.0266,-3.1938,71.008,71.826,-3.7254,-5.5937,-5.8983
107,139,1445,12.609,-3.0000,-3.1794,71.297,72.029,-3.4577,-5.6039,-5.8654
107,139,1500,12.610,-2.9723,-3.1185,72.166,72.643,-3.2868,-5.3568,-5.4973
107,139,1515,12.610,-2.5061,-2.7486,70.782,71.496,-3.2459,-4.7129,-4.9383
107,139,1530,12.610,-1.6257,-2.0809,66.550,68.584,-3.2319,-4.0865,-4.2678
107,139,1545,12.610,-2.3057,-2.6988,69.330,71.499,-3.1499,-5.1547,-5.1067
107,139,1600,12.611,-2.2702,-2.6479,69.757,71.925,-3.0148,-5.2322,-5.2097
107,139,1615,12.611,-2.1949,-2.4939,70.218,71.843,-2.8171,-5.0426,-5.2435
107,139,1630,12.611,-1.9655,-2.2113,69.318,70.590,-2.5460,-5.2861,-5.3649
107,139,1645,12.611,-3.0890,-3.1864,74.617,75.104,-2.2995,-5.9843,-6.0827
107,139,1700,12.611,-3.2338,-3.3457,76.119,76.715,-2.2500,-5.7760,-5.9191
107,139,1715,12.611,-3.6582,-3.7268,77.541,77.912,-2.3043,-5.9946,-6.0140
107,139,1730,12.611,-3.5963,-3.6616,77.070,77.388,-2.3871,-5.8553,-5.8573
107,139,1745,12.611,-3.2464,-3.3383,75.012,75.551,-2.4111,-5.6693,-5.8018
107,139,1800,12.611,-2.4835,-2.6950,71.099,72.260,-2.3119,-5.3224,-5.5057
107,139,1815,12.611,-1.9188,-2.2610,69.083,70.705,-2.1269,-5.1929,-5.2716
107,139,1830,12.611,-.08527,-.46615,60.958,63.089,-1.8817,-4.2880,-3.8878
107,139,1845,12.611,.29719,.26730,59.293,59.845,-1.6191,-2.3801,-1.8192
107,139,1900,12.611,-.06580,-.63380,60.840,63.542,-1.5459,-3.5564,-2.7368
107,139,1915,12.611,-.11340,-.60612,61.206,63.624,-1.5971,-2.7944,-2.2432
107,139,1930,12.611,1.1062,.19724,55.076,58.876,-1.6270,-2.5935,-1.4750
107,139,1945,12.611,3.2392,.70371,47.969,57.319,-1.5071,-2.6329,-1.0475
107,139,2000,12.611,2.0079,-.82411,52.244,63.346,-1.2646,-5.0150,-4.2259
107,139,2015,12.612,.36312,-2.2264,58.362,69.565,-1.0160,-6.4943,-5.5375
107,139,2030,12.611,.58376,-1.8507,56.807,67.102,-.96746,-5.4583,-4.4400
107,139,2045,12.611,.78832,-1.5520,55.998,65.963,-.97789,-5.2832,-4.1368
107,139,2100,12.611,.10630,-2.1178,59.096,68.375,-.98478,-6.0881,-6.0143
107,139,2115,12.611,-1.6003,-3.2045,65.666,73.222,-1.0933,-6.2033,-5.7546
107,139,2130,12.612,-.18163,-1.2378,60.416,64.585,-1.2472,-4.7953,-4.8843
107,139,2145,12.611,-3.2214,-2.6833,75.333,71.893,-1.2872,-6.5470,-7.4254
107,139,2200,12.611,-2.0754,-2.5625,70.248,72.150,-1.3110,-5.7721,-5.7197
107,139,2215,12.611,-1.5832,-1.9242,67.026,68.038,-1.1750,-6.5096,-6.5864
107,139,2230,12.611,-2.0307,-1.6665,69.102,66.763,-.95350,-5.2701,-6.9087
107,139,2245,12.611,-2.3534,-.33300,70.482,60.161,-.79791,-3.8212,-7.4416
107,139,2300,12.611,-1.1081,-.90329,65.458,63.868,-.78848,-5.5989,-6.6302
107,139,2315,12.611,-4.1636,-4.3363,76.556,76.911,-.87249,-9.1534,-9.6569
107,139,2330,12.611,-4.8210,-4.6804,77.755,76.272,-1.1406,-8.6641,-9.2291
107,139,2345,12.611,-5.3865,-5.5437,79.216,79.679,-1.5066,-9.3840,-9.8067
107,140,0,12.611,-4.4075,-4.6500,74.729,75.641,-1.8559,-8.4330,-9.0174
107,140,15,12.611,-4.9931,-5.3009,77.822,79.257,-2.1482,-8.9873,-9.2250
107,140,30,12.611,-5.8072,-5.8902,83.061,83.333,-2.5023,-8.7281,-8.8866
107,140,45,12.610,-6.1032,-5.8585,84.638,82.885,-2.8986,-8.3937,-8.6981
107,140,100,12.610,-5.9603,-5.7056,82.413,80.298,-3.3343,-7.2797,-7.9783
107,140,115,12.609,-5.9672,-6.0791,79.078,78.936,-3.6587,-8.8068,-9.0378
107,140,130,12.609,-7.6159,-7.6912,85.219,85.766,-3.9181,-10.384,-10.455
107,140,145,12.607,-7.3478,-7.6379,85.096,86.859,-4.2765,-9.9924,-10.024
107,140,200,12.605,-8.0255,-8.3012,84.040,85.782,-4.6022,-10.854,-10.835
107,140,215,12.603,-8.0665,-8.2736,83.636,84.718,-4.8697,-10.697,-11.009
107,140,230,12.602,-8.3987,-8.4718,85.484,85.920,-5.0144,-10.905,-11.213
107,140,245,12.601,-8.8882,-8.7951,84.701,84.436,-5.1287,-11.549,-11.680
107,140,300,12.601,-9.5316,-9.4341,87.203,86.829,-5.3768,-11.652,-11.732
107,140,315,12.600,-8.8195,-8.6235,77.345,76.564,-5.6917,-10.336,-10.591
107,140,330,12.601,-9.2182,-9.0665,74.333,73.700,-5.8923,-11.144,-11.226
107,140,345,12.601,-9.6091,-9.4640,75.547,75.111,-6.1017,-11.575,-11.700
107,140,400,12.600,-9.7398,-9.5316,78.733,77.928,-6.3209,-11.552,-11.740
107,140,415,12.599,-9.7870,-9.5810,82.998,82.143,-6.5280,-11.400,-11.611
107,140,430,12.597,-10.197,-9.9442,86.576,85.518,-6.7425,-11.804,-11.967
107,140,445,12.596,-10.383,-10.078,88.271,86.633,-7.0372,-11.877,-12.151
107,140,500,12.594,-10.209,-9.6725,86.690,84.227,-7.2930,-11.788,-11.924
107,140,515,12.594,-10.768,-10.308,85.383,83.296,-7.5067,-12.565,-12.707
107,140,530,12.594,-10.871,-10.488,86.908,85.067,-7.7804,-12.115,-12.356
107,140,545,12.594,-10.044,-9.3824,83.070,79.974,-8.0300,-11.183,-11.486
107,140,600,12.594,-10.073,-9.6025,82.026,79.985,-8.1347,-12.104,-12.258
107,140,615,12.593,-10.544,-10.253,85.004,83.813,-8.2066,-12.291,-12.368
107,140,630,12.593,-11.388,-11.099,84.817,83.744,-8.3445,-13.437,-13.363
107,140,645,12.592,-11.668,-11.396,85.518,84.454,-8.5875,-13.378,-13.335
107,140,700,12.590,-11.642,-11.546,86.391,86.232,-8.8678,-13.331,-13.275
107,140,715,12.589,-11.199,-11.346,86.790,87.538,-9.1232,-12.811,-12.855
107,140,730,12.588,-11.283,-11.426,86.436,87.513,-9.2424,-13.167,-13.111
107,140,745,12.588,-11.509,-11.357,85.537,84.910,-9.1995,-13.625,-13.757
107,140,800,12.588,-10.637,-10.575,83.432,83.277,-9.0906,-12.792,-12.844
107,140,815,12.588,-10.863,-10.828,83.486,83.627,-8.9626,-13.357,-13.343
107,140,830,12.587,-10.206,-10.235,82.253,82.433,-8.8186,-12.468,-12.560
107,140,845,12.587,-10.258,-10.309,82.340,82.998,-8.6739,-12.623,-12.569
107,140,900,12.587,-10.343,-10.383,82.708,83.112,-8.6101,-12.522,-12.564
107,140,915,12.587,-10.327,-9.8593,82.969,80.258,-8.6505,-11.795,-12.416
107,140,930,12.587,-9.6876,-8.6773,81.410,75.329,-8.6501,-11.202,-12.416
107,140,945,12.587,-9.9291,-9.8903,83.992,83.599,-8.5223,-13.350,-13.592
107,140,1000,12.587,-9.8471,-9.9513,85.672,86.765,-8.3503,-13.120,-13.202
107,140,1015,12.587,-10.739,-10.742,91.919,92.507,-8.2284,-13.391,-13.418
107,140,1030,12.587,-10.339,-10.160,90.020,90.065,-8.2778,-12.348,-12.664
107,140,1045,12.587,-9.8482,-9.7596,87.358,86.956,-8.3560,-12.031,-12.326
107,140,1100,12.587,-8.6308,-8.7161,82.567,82.456,-8.3768,-11.128,-11.468
107,140,1115,12.587,-7.9329,-8.1412,77.409,78.712,-8.1215,-12.092,-12.013
107,140,1130,12.587,-8.6500,-8.6046,81.134,81.211,-7.6786,-12.114,-11.980
107,140,1145,12.587,-8.3048,-8.4831,81.273,82.253,-7.3782,-11.822,-11.808
107,140,1200,12.587,-8.7062,-8.7439,84.134,84.378,-7.1916,-11.573,-11.750
107,140,1215,12.588,-8.3718,-8.3762,83.004,83.034,-7.0570,-11.394,-11.546
107,140,1230,12.587,-8.4743,-8.5895,82.978,83.541,-6.9940,-11.143,-11.137
107,140,1245,12.587,-8.5268,-8.5501,84.381,84.086,-7.0759,-10.773,-11.001
107,140,1300,12.587,-8.3028,-8.0015,84.069,81.913,-7.2017,-10.101,-10.586
107,140,1315,12.588,-7.6126,-7.4786,80.907,79.462,-7.2963,-9.8670,-10.410
107,140,1330,12.587,-7.8828,-7.2726,82.484,79.000,-7.2928,-9.2186,-10.510
107,140,1345,12.588,-7.0399,-6.7431,78.687,76.433,-7.1913,-9.4114,-10.348
107,140,1400,12.587,-5.9738,-6.2828,73.492,74.687,-6.9025,-9.9464,-10.233
107,140,1415,12.587,-7.3244,-7.3122,79.096,79.484,-6.5354,-11.204,-10.924
107,140,1430,12.587,-7.7690,-7.6771,81.235,81.080,-6.3859,-10.897,-10.537
107,140,1445,12.587,-7.6727,-7.8499,81.599,82.708,-6.4360,-10.357,-10.282
107,140,1500,12.588,-7.3751,-7.6121,81.404,82.476,-6.5240,-9.9443,-10.061
107,140,1515,12.588,-7.7281,-7.9817,84.026,85.687,-6.5281,-10.543,-10.568
107,140,1530,12.588,-8.0872,-8.1526,87.920,88.523,-6.4912,-10.464,-10.576
107,140,1545,12.588,-7.1809,-7.3227,84.078,85.084,-6.3949,-10.002,-10.005
107,140,1600,12.588,-7.9743,-8.1238,87.110,88.522,-6.2465,-10.837,-10.660
107,140,1615,12.588,-7.2879,-7.4695,84.178,85.538,-6.2337,-9.8060,-9.7447
107,140,1630,12.588,-7.8450,-7.9347,86.766,87.648,-6.2243,-10.093,-10.050
107,140,1645,12.588,-7.6523,-7.7254,85.421,86.203,-6.2768,-9.7319,-9.5718
107,140,1700,12.589,-6.9823,-7.0465,82.670,83.225,-6.2470,-8.9771,-9.1523
107,140,1715,12.589,-6.3544,-6.4972,80.202,81.176,-6.0559,-9.1289,-9.1793
107,140,1730,12.588,-6.2979,-6.4164,80.030,80.993,-5.7933,-9.1009,-9.1197
107,140,1745,12.590,-6.3278,-6.4175,78.925,79.918,-5.5438,-9.2638,-9.0575
107,140,1800,12.591,-6.0543,-6.0166,77.554,78.021,-5.3798,-8.6226,-8.3318
107,140,1815,12.590,-6.1672,-6.2525,77.800,78.795,-5.2865,-8.7803,-8.5193
107,140,1830,12.590,-4.4651,-4.8129,70.306,72.238,-5.3066,-7.0786,-7.0715
107,140,1845,12.594,-3.1905,-3.5393,65.445,67.085,-5.2046,-5.9681,-5.9255
107,140,1900,12.594,-3.8295,-4.3965,69.350,71.275,-4.9175,-8.4012,-8.2602
107,140,1915,12.594,-4.8981,-5.4873,73.439,75.893,-4.6561,-8.9129,-8.6085
107,140,1930,12.595,-4.3588,-5.0842,71.010,73.843,-4.4103,-9.4895,-9.3111
107,140,1945,12.597,-6.3189,-6.6921,80.604,82.168,-4.1679,-10.498,-10.156
107,140,2000,12.597,-6.8660,-7.1263,83.918,85.074,-4.1386,-10.189,-9.9142
107,140,2015,12.595,-7.0609,-7.2182,84.910,85.639,-4.2806,-9.9463,-9.7111
107,140,2030,12.596,-7.2902,-7.4230,84.940,85.581,-4.4845,-9.9157,-9.7186
107,140,2045,12.595,-6.9823,-7.1783,82.821,83.804,-4.6772,-9.7002,-9.5496
107,140,2100,12.596,-6.7708,-7.0421,81.442,82.834,-4.7259,-9.9268,-9.8653
107,140,2115,12.596,-6.8882,-7.1373,81.814,83.070,-4.6668,-10.058,-10.009
107,140,2130,12.596,-7.0277,-7.2381,82.336,83.338,-4.6274,-10.111,-10.085
107,140,2145,12.596,-6.8638,-7.0188,81.533,82.242,-4.6426,-9.5484,-9.5697
107,140,2200,12.595,-6.5515,-7.1251,78.925,81.575,-4.6709,-9.7585,-9.7134
107,140,2215,12.595,-7.0188,-7.0975,81.475,81.811,-4.6996,-9.6150,-9.6683
107,140,2230,12.596,-6.0222,-5.9967,76.543,76.048,-4.7629,-8.6750,-8.7931
107,140,2245,12.596,-4.1728,-4.6379,68.560,70.074,-4.6184,-7.8506,-8.2456
107,140,2300,12.596,-1.5316,-2.2270,58.007,60.354,-4.2631,-6.1491,-6.6609
107,140,2315,12.597,-5.2016,-4.8804,74.256,71.674,-3.9255,-9.5725,-10.335
107,140,2330,12.596,-6.8217,-6.8118,82.151,81.914,-4.0591,-9.7236,-9.6925
107,140,2345,12.596,-5.7962,-5.7918,78.022,77.743,-4.3741,-8.0665,-8.2282
107,141,0,12.595,-5.9203,-6.0720,79.929,80.482,-4.5891,-8.3466,-8.4372
107,141,15,12.596,-6.6844,-6.7641,84.910,85.473,-4.7269,-8.5481,-8.4799
107,141,30,12.595,-6.8140,-6.8051,86.001,86.023,-4.9292,-8.2535,-8.2022
107,141,45,12.594,-6.5947,-6.5028,84.724,84.392,-5.1568,-7.9565,-7.9034
107,141,100,12.594,-6.9192,-6.9469,86.014,86.524,-5.3500,-8.5201,-8.4015
107,141,115,12.592,-7.3333,-7.2569,88.189,88.174,-5.5143,-8.6733,-8.5851
107,141,130,12.592,-7.4651,-7.4186,88.863,88.793,-5.6847,-8.6245,-8.5516
107,141,145,12.590,-7.5626,-7.5017,89.239,89.138,-5.8644,-8.5235,-8.4663
107,141,200,12.590,-7.5482,-7.4862,89.601,89.529,-6.0440,-8.3885,-8.3202
107,141,215,12.589,-7.5858,-7.5205,89.771,89.678,-6.1977,-8.4198,-8.3439
107,141,230,12.589,-7.6999,-7.6401,90.176,90.021,-6.3384,-8.4578,-8.3923
107,141,245,12.588,-7.7132,-7.6744,90.495,90.384,-6.4662,-8.4530,-8.3891
107,141,300,12.587,-7.7850,-7.7186,90.914,90.718,-6.5757,-8.4606,-8.4178
107,141,315,12.587,-7.7739,-7.7119,91.125,90.907,-6.6750,-8.3934,-8.3729
107,141,330,12.587,-7.7740,-7.6976,91.045,90.867,-6.7524,-8.4584,-8.4374
107,141,345,12.587,-8.0097,-7.9288,91.477,91.263,-6.8182,-8.7866,-8.7043
107,141,400,12.588,-8.5204,-8.4085,91.957,91.669,-6.9120,-9.3818,-9.2894
107,141,415,12.587,-8.7456,-8.6459,92.242,91.939,-7.0644,-9.5111,-9.4208
107,141,430,12.588,-8.8324,-8.7515,92.845,92.506,-7.2386,-9.5244,-9.4410
107,141,445,12.587,-8.7701,-8.6904,93.442,93.180,-7.3976,-9.4077,-9.3351
107,141,500,12.587,-8.6517,-8.5852,94.069,93.905,-7.5045,-9.3080,-9.2570
107,141,515,12.587,-8.6952,-8.6409,94.571,94.365,-7.5507,-9.4699,-9.4104
107,141,530,12.586,-8.8712,-8.7981,96.057,95.790,-7.5978,-9.5705,-9.5174
107,141,545,12.586,-8.9156,-8.8192,96.102,95.818,-7.6817,-9.4718,-9.4253
107,141,600,12.586,-8.9037,-8.8173,95.901,95.521,-7.7674,-9.4782,-9.4184
107,141,615,12.584,-8.9965,-8.8990,95.149,94.791,-7.8352,-9.5914,-9.5408
107,141,630,12.584,-8.9964,-8.9310,96.117,95.862,-7.8858,-9.5256,-9.5105
107,141,645,12.583,-8.9753,-8.8778,96.928,96.610,-7.9218,-9.4171,-9.4279
107,141,700,12.582,-8.9033,-8.8391,96.658,96.526,-7.9439,-9.3701,-9.3489
107,141,715,12.582,-8.8944,-8.8235,95.512,95.265,-7.9628,-9.4482,-9.3939
107,141,730,12.582,-9.0706,-8.9543,95.404,95.026,-7.9728,-9.6297,-9.5754
107,141,745,12.582,-9.0484,-8.9421,95.241,94.881,-7.9960,-9.5966,-9.5463
107,141,800,12.581,-8.9665,-8.8745,95.126,94.932,-8.0120,-9.5015,-9.4578
107,141,815,12.581,-8.8800,-8.8025,94.889,94.794,-8.0092,-9.4649,-9.4269
107,141,830,12.581,-9.0119,-8.9299,94.242,94.093,-8.0042,-9.7159,-9.6641
107,141,845,12.581,-9.0285,-8.9432,93.674,93.481,-7.9981,-9.7892,-9.7301
107,141,900,12.581,-9.0628,-8.9941,94.009,93.862,-7.9842,-9.8423,-9.7975
107,141,915,12.581,-9.0252,-8.9299,94.192,93.947,-7.9892,-9.6724,-9.6201
107,141,930,12.581,-8.8900,-8.7626,93.019,92.481,-8.0056,-9.6285,-9.5484
107,141,945,12.581,-8.5411,-8.4225,91.786,91.123,-7.9799,-9.4697,-9.3595
107,141,1000,12.581,-8.4380,-8.2996,90.945,90.475,-7.9021,-9.6503,-9.5107
107,141,1015,12.581,-8.5100,-8.4159,91.741,91.484,-7.7718,-9.8379,-9.7144
107,141,1030,12.581,-8.5411,-8.3815,91.559,90.942,-7.6352,-9.8861,-9.7551
107,141,1045,12.581,-8.3503,-8.1731,89.990,89.324,-7.5319,-9.7883,-9.6411
107,141,1100,12.581,-8.2509,-8.0759,89.501,88.840,-7.4428,-9.7662,-9.7229
107,141,1115,12.581,-7.9356,-7.8636,87.096,86.823,-7.3696,-9.6710,-9.6259
107,141,1130,12.581,-7.6113,-7.7143,85.256,85.602,-7.2497,-9.8243,-9.7768
107,141,1145,12.581,-7.1875,-7.2473,83.637,84.834,-7.0695,-9.5617,-9.3446
107,141,1200,12.581,-7.2590,-7.2590,82.837,83.702,-6.8945,-9.9227,-9.6865
107,141,1215,12.581,-6.7447,-6.8621,81.539,82.932,-6.7420,-9.7031,-9.5221
107,141,1230,12.581,-8.2237,-8.2015,87.457,87.920,-6.5560,-10.717,-10.530
107,141,1245,12.581,-8.1093,-8.1005,87.921,88.282,-6.5055,-10.195,-10.075
107,141,1300,12.581,-8.0322,-8.0256,88.020,88.147,-6.5058,-10.024,-9.9956
107,141,1315,12.581,-7.9295,-7.9118,86.998,86.939,-6.4698,-10.096,-10.062
107,141,1330,12.581,-7.4535,-7.4790,84.911,85.202,-6.3922,-9.8418,-9.7355
107,141,1345,12.581,-7.2596,-7.2851,83.109,83.703,-6.2403,-9.8311,-9.6444
107,141,1400,12.581,-7.2745,-7.1571,82.123,82.513,-6.0938,-9.7071,-9.4535
107,141,1415,12.582,-6.6323,-6.5382,78.759,79.223,-6.0084,-9.1898,-8.9235
107,141,1430,12.582,-6.3965,-6.3643,77.091,77.887,-5.9829,-8.9291,-8.6123
107,141,1445,12.581,-5.9114,-6.1207,74.308,75.899,-5.9830,-8.5749,-8.3056
107,141,1500,12.581,-4.7597,-4.8848,69.147,71.221,-5.9421,-7.8931,-7.2476
107,141,1515,12.582,-6.2835,-6.4828,76.395,78.095,-5.7905,-9.4970,-9.0115
107,141,1530,12.582,-6.6434,-6.6479,79.101,79.848,-5.7073,-9.0817,-8.7006
107,141,1545,12.582,-6.0532,-6.1584,76.567,77.606,-5.5925,-8.9681,-8.5624
107,141,1600,12.582,-5.3134,-5.4330,73.192,74.185,-5.3528,-8.5467,-8.2204
107,141,1615,12.583,-5.2337,-5.6523,73.114,74.989,-5.0487,-8.9282,-8.7168
107,141,1630,12.583,-5.4541,-5.9590,73.523,75.488,-4.8168,-9.1495,-9.0425
107,141,1645,12.584,-4.3500,-5.0587,67.976,71.140,-4.6709,-7.7674,-7.4257
107,141,1700,12.585,-1.9291,-2.8948,57.915,62.324,-4.6481,-6.2819,-5.7602
107,141,1715,12.587,-1.6611,-2.1883,55.858,58.372,-4.5521,-5.3379,-5.1654
107,141,1730,12.588,-.96568,-1.8417,52.852,57.417,-4.3158,-5.5169,-4.7466
107,141,1745,12.590,-4.4031,-4.4363,67.400,68.701,-4.0023,-8.7288,-8.2408
107,141,1800,12.591,-4.7697,-4.8516,69.360,70.377,-3.8031,-8.2837,-8.1934
107,141,1815,12.591,-3.3677,-3.4452,63.215,63.509,-3.6298,-6.5482,-7.2952
107,141,1830,12.590,-3.7885,-3.6689,65.839,65.919,-3.4073,-7.7509,-7.9588
107,141,1845,12.591,-5.6523,-5.7896,73.960,74.816,-3.3293,-8.9619,-8.8151
107,141,1900,12.591,-6.0487,-6.2625,75.979,76.894,-3.4522,-9.1727,-9.1611
107,141,1915,12.590,-5.6036,-5.7553,74.545,75.059,-3.6034,-8.4533,-8.4874
107,141,1930,12.590,-3.8682,-4.1063,66.766,68.018,-3.6271,-7.1249,-7.0487
107,141,1945,12.591,-4.7508,-5.1584,70.914,72.869,-3.5264,-8.2954,-8.1924
107,141,2000,12.591,-4.5105,-4.6667,69.282,70.179,-3.4577,-7.9305,-7.8030
107,141,2015,12.590,-5.3544,-5.5349,73.993,74.684,-3.4152,-8.7654,-8.7900
107,141,2030,12.590,-5.3455,-5.7453,74.306,76.046,-3.4323,-8.7303,-8.7351
107,141,2045,12.591,-5.3289,-5.5172,74.226,74.965,-3.4993,-8.1761,-8.2734
107,141,2100,12.591,-5.4175,-5.5903,75.071,75.831,-3.5803,-8.4412,-8.4547
107,141,2115,12.590,-5.9114,-6.0299,77.719,78.171,-3.6869,-8.5314,-8.5406
107,141,2130,12.590,-6.1440,-6.2459,78.858,79.148,-3.8131,-8.6701,-8.6689
107,141,2145,12.591,-6.1872,-6.2060,79.322,79.280,-3.9317,-8.5033,-8.4993
107,141,2200,12.589,-5.6346,-5.7918,76.551,77.052,-4.0243,-8.2674,-8.2982
107,141,2215,12.589,-6.1706,-6.4031,79.061,80.105,-4.0594,-8.8434,-8.8167
107,141,2230,12.589,-6.3533,-6.5792,79.619,80.566,-4.1524,-8.6747,-8.6436
107,141,2245,12.589,-6.4297,-6.5194,80.272,80.688,-4.2651,-8.7231,-8.7459
107,141,2300,12.589,-6.2813,-6.4961,79.821,80.672,-4.3520,-8.6487,-8.6315