
11,164,1700,-.331,-.141,.122,223.9,-.003,.005,-6999,-6999,0,0,-6999,-6999,12.27,12.14,74.5,76.1,.383,.383,6.819,0,0,0,-6999,-6999,-6999,-6999,-6999,-6999,-6999,-6999,-6999,-6999,-6999,-6999,-6999,-6999,12.27,12.14,0
11,164,1800,1.184,.432,-1.567,217.3,-.16,-6999,-6999,-6999,6999,0,-6999,-6999,-4.267,1.991,9.78,69.48,27.68,.447,13.06,476.9,.855,.925,-6999,-6999,-6999,-6999,-6999,-6999,-6999,-6999,-6999,-6999,-6999,-6999,-6999,-6999,-4.267,1.991,12.75
11,164,1900,-.776,8,2.21,228.3,-1.129,-6999,-6999,-6999,6999,0,-6999,-6999,-.405,-.541,.7,71.2,44.13,.447,12.32,476.2,1.249,1.251,-8.11,-7.36,-8.08,-6999,-6999,-6999,-6999,-9.4,-8.73,-5.236,-7.68,-6.355,13.8,-4.057,-.405,-.541,12.72
11,164,2000,-1.438,7.43,1.383,215.1,-1.621,-6999,-6999,-6999,6999,6999,-6999,-6999,-7.51,-.75,-6999,69.89,42,.447,11.73,476,1.212,1.385,-8.39,-7.77,-8.28,-8.95,-9.2,-9.36,-9.51,-9.42,-8.77,-5.252,-7.87,-6.478,11.72,-4.176,-7.51,-.75,12.7
11,164,2100,1.317,5.522,1.414,.003,-1.349,-1.423,.821,5.616,.159,.487,-6999,-6999,-3.11,-1.038,108.4,69.35,37.89,.447,12.73,476,1.447,1.389,-8.27,-7.83,-8.33,-8.98,-9.24,-9.39,-9.53,-9.42,-8.75,-5.306,-7.82,-6.415,12.02,-4.079,-3.11,-1.038,12.68
11,164,2200,-2.534,1.524,3.379,178.4,-1.029,-1.031,.811,4.119,.001,.242,-6999,-6999,-2.16,-1.844,110,69.33,38.59,.43,12,0,1.149,1.06,-1.079,-1.031,-1.106,-1.191,-1.229,-1.247,-1.263,-1.252,-1.161,-.72,-1.036,-.845,1.57,-.538,-2.16,-1.844,0
11,164,2300,-3.747,.021,3.642,222.1,-.793,-.775,.81,3.163,.001,.303,-2.625,-2.484,-2.701,-2.358,117.7,72.7,42.73,.447,12.6,475.2,1.565,1.4,-8.13,-7.78,-8.33,-8.97,-9.25,-9.39,-9.51,-9.43,-8.74,-5.434,-7.8,-6.363,11.31,-4.061,-2.701,-2.358,12.67
11,165,0,-5.795,-1.326,3.552,216.8,-.528,-.504,.799,2.25,.092,.216,-3.295,-3.221,-2.802,-3.042,93.4,72.7,45.96,.447,13.03,475.2,1.562,1.4,-8.28,-7.97,-8.45,-9.07,-9.32,-9.47,-9.6,-9.51,-8.81,-5.591,-7.89,-6.443,5.781,-4.193,-2.802,-3.042,12.66
11,165,100,-5.547,-2.333,3.325,212.8,-.303,-.278,.786,1.618,.076,.144,-4.252,-4.179,7.06,-4.114,34.97,72.9,47.67,.447,12.78,475.3,1.548,1.402,-8.3,-8.06,-8.53,-9.11,-9.35,-9.51,-9.6,-9.45,-8.55,-5.863,-7.78,-6.351,2.257,-6999,7.06,-4.114,12.65
11,165,200,-4.077,-2.686,2.837,209.4,-.123,-.117,.774,1.232,.061,.078,-5.318,-5.261,6.705,-5.195,1.589,72.2,48.74,.447,12.52,475.3,1.568,1.405,-7.95,-8.45,-9.07,-9.33,-9.49,-9.61,-9.51,-8.82,-5.716,-7.89,-6.423,-5.315,-4.285,-6999,6.705,-5.195,12.63
11,165,300,-4.654,-2.997,2.696,207.1,-.02,-.008,.772,1.046,.054,.034,-6.163,-6.113,-1.458,-6.058,17.58,71.2,52.33,.447,12.3,475.5,1.57,1.408,-8.02,-8.49,-9.11,-9.35,-9.5,-9.63,-9.53,-8.84,-5.804,-7.92,-6.444,-5.336,-4.374,-6999,-1.458,-6.058,12.62
11,165,400,-4.226,-2.808,2.841,206.4,-.008,.012,.769,1.005,.048,.023,-6.879,-6.808,-8.1,-6.791,71.4,70.4,54.31,.447,12.42,475.6,1.572,1.409,-8.06,-8.53,-9.12,-9.35,-9.52,-9.64,-9.54,-8.84,-5.858,-7.91,-6.444,-5.337,-4.441,-6999,-8.1,-6.791,12.61
11,165,500,-3.328,-2.474,2.854,207,-.063,-.042,.77,1.104,.051,.058,-7.52,-7.46,-2.682,-7.43,64.86,70.9,52.2,.447,12.16,475.8,1.574,1.411,-8.1,-8.57,-9.14,-9.37,-9.54,-9.66,-9.56,-8.85,-5.932,-7.92,-6.443,-5.335,-4.483,-6999,-2.682,-7.43,12.6
11,165,600,-1.488,-1.118,2.945,210.3,-.247,-.228,.771,1.548,.002,.054,-7.96,-7.84,-7.23,-6.938,97.1,63.84,8.85,.401,11.08,0,1.289,1.152,-3.513,-3.694,-3.928,-4.028,-4.095,-4.139,-4.095,-3.794,-2.575,-3.391,-2.756,-2.27,-1.954,-6999,0
11,165,700,-.427,-.258,2.881,211.1,-.374,-.359,.768,1.89,.066,.192,-8.05,-8.05,-3.585,-7.97,42.56,72.1,9.01,.447,12.23,476,1.582,1.412,-8.2,-8.62,-9.16,-9.4,-9.55,-9.66,-9.55,-8.85,-6.012,-7.91,-6.427,-5.294,-4.562,-6999,12.58
11,165,800,1.222,1.281,2.888,214.8,-.624,-.619,.773,2.685,.08,.277,-7.74,-7.72,-7.77,-7.65,103.7,72.7,9.35,.447,12.24,476.2,1.582,1.413,-8.21,-8.64,-9.17,-9.41,-9.56,-9.66,-9.56,-8.85,-6.049,-7.89,-6.396,-5.263,-4.589,-6999,12.58
11,165,900,2.48,2.86,2.999,219.2,-.915,-.916,.783,3.758,.1,.349,-7.23,-7.17,-7.26,-7.07,103.6,73.3,9.3,.447,12.36,476.5,1.589,1.411,-8.24,-8.67,-9.18,-9.42,-9.56,-9.67,-9.57,-8.85,-6.103,-7.89,-6.384,-5.259,-4.611,-6999,12.57
11,165,1000,3.094,4.628,3.051,223.9,-1.207,-1.237,.794,5.031,.121,.391,-6.392,-6.338,-6.438,-6.244,107,74.7,9.32,.447,12.94,476.9,1.588,1.411,-8.27,-8.7,-9.18,-9.41,-9.56,-9.66,-9.56,-8.83,-6.114,-7.87,-6.366,-5.242,-4.627,-6999,12.58
11,165,1100,1.88,6.379,3.111,228.8,-1.48,-1.547,.801,6.396,.142,.391,-5.37,-5.358,-5.956,-5.281,109.9,75.1,8.76,.447,13.08,477.3,1.549,1.404,-8.27,-8.68,-9.17,-9.41,-9.55,-9.64,-9.55,-8.82,-6.14,-7.85,-6.326,-5.2,-4.61,-6999,12.58
11,165,1200,1.098,7.46,3.495,233.2,-1.714,-1.821,.808,7.69,.162,.359,-4.228,-4.205,-4.299,-4.131,95.1,73.3,8.56,.447,13.43,477.3,1.553,1.404,-8.26,-8.7,-9.16,-9.4,-9.54,-9.65,-9.54,-8.8,-6.157,-7.84,-6.298,-5.157,-4.582,-6999,12.59
11,165,1300,.833,8.48,3.701,236.8,-1.89,-2.043,.817,8.83,.178,.298,-3.376,-3.403,-3.257,-3.277,96,74.5,8.13,.447,14.32,477.6,1.557,1.402,-8.29,-8.69,-9.14,-9.39,-9.53,-9.62,-9.53,-8.78,-6.186,-7.83,-6.27,-5.137,-4.553,-6999,12.6
11,165,1400,1.829,9.53,3.554,239.6,-2.022,-2.207,.832,9.69,.192,.214,-2.493,-2.533,-2.294,-2.343,81.5,73,8.15,.447,15.15,477.9,1.557,1.4,-8.34,-8.64,-9.1,-9.34,-9.48,-9.6,-9.49,-8.76,-6.2,-7.81,-6.264,-5.123,-4.521,-6999,12.61
11,165,1500,4.437,10.44,2.926,241.4,-2.077,-2.29,.844,10.17,.201,.094,-1.735,-1.779,-1.704,-1.512,111.2,73.3,7.34,.447,15.42,478.2,1.558,1.421,-8.35,-8.59,-9.07,-9.32,-9.47,-9.59,-9.48,-8.75,-6.217,-7.81,-6.23,-5.09,-4.458,-6999,12.62
11,165,1600,3.793,9.69,3.614,242.7,-2.11,-2.349,.848,10.24,.207,.032,-1.176,-1.119,-1.091,-.782,96.9,71,6.611,.447,15.81,478.3,1.569,1.42,-8.38,-8.59,-9.06,-9.3,-9.46,-9.58,-9.47,-8.72,-6.24,-7.79,-6.212,-5.077,-4.371,-6999,12.63
11,165,1700,3.732,9.55,3.254,243.1,-2.077,-2.334,.854,9.95,.208,.144,-.719,-.637,-.664,-.285,96.3,71.7,5.791,.447,15.61,478.5,1.566,1.419,-8.38,-8.53,-9.02,-9.28,-9.42,-9.55,-9.44,-8.69,-6.249,-7.77,-6.185,-5.035,-4.284,-6999,12.63
11,165,1800,3.625,9.1,2.405,241.8,-1.96,-2.205,.854,9.21,.203,.274,-.523,-.418,-.404,-.001,106.4,72.6,5.103,.447,15.91,478.7,1.565,1.418,-8.4,-8.56,-9.03,-9.29,-9.45,-9.55,-9.46,-8.7,-6.293,-6999,-6999,-6999,-6999,-6999,12.64