
122,160,1900,2.317,2.046,.502,-6999,-4.435,-4.416,70.7,70.3,10.2,10.84,174.5,162,2.366,2.762
122,160,2000,2.238,1.963,.711,-5.74,-4.989,-4.955,82.6,81.9,11.53,12.28,216.1,188.7,3.031,-6999
122,160,2100,1.73,1.556,.31,-6.109,-5.37,-5.275,83.4,82.6,12.24,12.9,225.1,189.3,3.337,3.625
122,160,2200,1.436,1.303,.658,-6.192,-5.376,-5.329,84.3,83.5,11.78,12.39,230.2,189.7,3.329,3.6
122,160,2300,1.097,.997,.449,-6.217,-5.234,-5.151,85.4,84.7,11.16,11.72,236,190.2,3.28,3.573
122,161,0,.91,.824,.491,-6.286,-5.34,-5.259,85.8,85.1,10.48,11,238.3,190.6,3.282,3.598
122,161,100,.742,.672,.261,-6.43,-5.834,-5.762,85.9,85.5,10.23,10.74,236.2,190.7,3.28,3.576
122,161,200,.604,.547,.314,-6.688,-6.356,-6.273,86.1,86,10.26,10.82,229,190.9,3.303,3.62
122,161,300,.562,.508,.197,-6.966,-6.563,-6.471,85.6,85.6,9.64,10.15,227.2,191.1,3.304,3.582
122,161,400,.512,.463,.166,-7.2,-6.614,-6.553,85.1,85.2,9.14,9.6,224.6,191,3.315,3.613
122,161,500,.538,.488,.248,-7.28,-6.756,-6.681,84.8,84.9,9.65,10.16,221.8,190.7,3.316,3.619
122,161,600,.503,.458,.167,-7.41,-6.964,-6.912,84.3,84.5,9.62,10.15,213.9,190.7,3.317,3.635
122,161,700,.582,.531,.162,-7.42,-7.15,-7.08,84.6,84.8,9.35,9.85,216,190.8,3.318,3.645
122,161,800,.741,.678,.235,-7.37,-7.25,-7.21,84.7,85.1,8.85,9.29,214.4,190.7,3.319,3.644
122,161,900,1.029,.937,.604,-7.2,-7.24,-7.18,84.5,84.9,8.53,8.93,212.1,190.6,3.309,3.646
122,161,1000,1.364,1.238,.822,-6.904,-7.53,-7.49,83.3,83.9,9.24,9.73,207.1,190.2,3.316,3.646
122,161,1100,1.914,1.737,1.248,-6.589,-7.81,-7.77,80.2,80.7,9.48,10.01,205.2,189.8,3.325,3.656
122,161,1200,1.885,1.709,.925,-6.408,-7.75,-7.76,79.3,79.9,9.15,9.62,206.3,189.5,3.324,3.657
122,161,1300,1.951,1.767,.947,-6.867,-7.8,-7.8,77.8,78.3,8.81,9.33,202.8,189,3.324,3.658
122,161,1400,2.311,2.072,1.747,-7.23,-7.55,-7.6,76.6,76.9,8.7,9.21,201.3,188.6,3.304,3.656
122,161,1500,2.459,2.183,2.315,-6.642,-7.24,-7.29,73.2,73.2,7.55,8.05,203.5,188.1,3.172,3.654
122,161,1600,2.793,2.489,2.292,-5.85,-6.962,-7.03,70.2,70,7.28,7.75,205.6,187.6,3.314,3.653
122,161,1700,2.53,2.279,1.53,-5.581,-6.913,-6.988,69.48,69.26,7.08,7.51,210.6,186.9,3.31,3.653
122,161,1800,2.412,2.171,1.394,-5.673,-6.8,-6.872,69.5,69.21,6.31,6.677,208.1,186.2,3.31,3.652
122,161,1900,2.242,2.016,1.3,-5.752,-6.733,-6.808,68.63,68.2,5.997,6.315,216.1,185.6,3.31,3.652
122,161,2000,2.122,1.906,1.301,-5.827,-6.689,-6.75,66.02,65.46,5.301,5.569,219.6,185.1,3.309,3.651
122,161,2100,1.868,1.676,.945,-5.928,-6.914,-7.04,70.7,70.9,4.546,4.803,210.2,184.6,3.31,3.653
122,161,2200,1.509,1.357,.812,-6.19,-7.22,-7.23,70.3,70.4,3.612,3.799,221.3,184,3.311,3.654
122,161,2300,1.476,1.326,.628,-6.44,-7.28,-7.29,71.5,71.5,2.718,2.881,222.7,183.4,3.313,3.655
122,162,0,.963,.865,-2.399,-7.02,-7.82,-7.65,72.2,72.1,1.423,1.705,233.9,182.8,3.319,3.663
122,162,100,.799,.722,-.229,-7.97,-8.76,-8.37,75.7,74.8,.851,.858,214.4,182.1,3.323,3.667
122,162,200,.657,.595,-.229,-8.3,-9.63,-9.5,80.4,80.5,1.397,1.584,153.3,181.5,3.325,3.669
122,162,300,.567,.519,-.477,-8.69,-10.58,-10.54,81.2,81.9,1.724,1.916,161,180.9,3.33,3.675
122,162,400,.506,.473,-.967,-9.22,-11.74,-11.67,81.4,82.1,1.737,1.893,157.3,180.4,3.337,3.684
122,162,500,.227,.463,-5.551,-10.25,-15.12,-14.87,79.4,80.2,2.106,2.452,150.8,179.7,3.361,3.71
122,162,600,.362,.67,-2.931,-11.88,-17.12,-16.79,76,76.6,2.273,2.73,150.8,179.1,3.375,3.725
122,162,700,1.19,1.083,-2.281,-12.84,-17.13,-16.12,72.9,69.32,2.439,2.872,138.5,178.8,3.377,3.728
122,162,800,1.088,1.277,-2.281,-13.17,-17.15,-16.25,72.1,68.21,2.732,3.09,136.2,178.4,3.378,3.728
122,162,900,1.655,1.512,-1.886,-13.23,-16.72,-16.15,72.4,70.3,3.196,3.586,143,178.1,3.375,3.726
122,162,1000,1.944,1.772,-1.547,-13.01,-15.98,-15.6,72.9,71.8,3.322,3.658,147.9,177.9,3.37,3.719
122,162,1100,2.237,2.036,-1.477,-12.52,-14.87,-14.7,77.5,77.7,3.817,4.179,149.7,177.6,3.362,3.711
122,162,1200,2.517,2.283,-2.227,-11.76,-12.97,-13.06,75,77,2.946,3.256,150.3,177.6,3.352,3.699
122,162,1300,2.766,2.498,-3.067,-10.8,-11.44,-11.55,71.8,73.4,2.627,2.896,164.4,177.7,3.343,3.689
122,162,1400,2.969,2.682,-3.52,-9.87,-10.57,-10.68,70.8,72.1,2.824,3.025,186.7,177.9,3.339,3.683
122,162,1500,2.944,2.659,-2.467,-9.1,-9.85,-10.01,72.7,74.4,4.422,4.73,204.9,178.2,3.333,3.677
122,162,1600,2.905,2.626,-.177,-8.5,-8.69,-8.8,76,76.9,7.18,7.55,222,178.5,3.326,3.668
122,162,1700,2.721,2.447,.957,-7.85,-8.03,-7.96,78.2,78.3,9.19,9.62,236.9,179,3.325,3.663
122,162,1800,3.192,2.851,-.347,-7.12,-7.69,-7.66,76.9,76.8,9.08,9.51,242.9,179.7,3.32,3.662
122,162,1900,2.793,2.502,-1.016,-6.789,-7.61,-7.56,77.2,77.1,8.75,9.16,243.3,180.7,3.317,3.66
122,162,2000,2.165,1.933,-.619,-7.04,-7.81,-7.74,76.6,76.6,8.54,8.94,235.2,181.3,3.322,3.662
122,162,2100,1.834,1.646,.8,-7.21,-7.91,-7.84,77.2,77.5,6.953,7.28,230.6,182,3.319,3.66
122,162,2200,1.591,1.428,.522,-7.35,-8.18,-8.18,78.9,79.4,7.37,7.76,224.9,182.4,3.319,3.661
122,162,2300,1.203,1.085,.202,-7.73,-8.37,-8.31,79.1,79.5,5.845,6.113,232.8,183,3.324,3.661
122,163,0,1.005,.907,.257,-8.05,-8.49,-8.41,79.9,80.2,4.235,4.411,242.1,183.5,3.322,3.662
122,163,100,.843,.763,-.004,-8.3,-8.71,-8.6,80.1,80.4,2.859,3.016,244.8,183.8,3.321,3.664
122,163,200,.695,.63,-.339,-8.62,-8.9,-8.82,79.5,80.3,1.594,1.787,222.5,184.2,3.322,3.666
122,163,300,.618,.565,-.655,-9.07,-9.34,-9.17,78.9,79.3,1.657,1.938,200.2,184.4,3.325,3.67
122,163,400,.576,.544,-1.133,-9.61,-10.01,-9.83,79,79.3,1.135,1.323,174,184.7,3.33,3.675
122,163,500,.584,.547,-.153,-10.12,-10.24,-10,79.8,80.3,2.088,2.339,184.8,184.8,3.331,3.675
122,163,600,.707,.707,-.027,-9.97,-10.01,-9.98,78,78.7,2.514,2.779,189.4,185,3.33,3.674
122,163,700,.711,.646,-.086,-9.91,-9.98,-9.95,80.2,81,4.119,4.431,194.8,185.2,3.328,3.672
122,163,800,.844,.768,-.052,-9.8,-10.14,-10.11,77.6,78.2,4.171,4.438,199.1,185.4,3.328,3.674
122,163,900,1.057,.961,.033,-9.68,-10.26,-10.26,78.4,79,6.153,6.499,191.5,185.4,3.33,3.675
122,163,1000,1.266,1.151,.115,-9.57,-10.35,-10.35,77,77.3,6.292,6.667,190,185.7,3.332,3.676
122,163,1100,1.694,1.536,.667,-9.29,-10.28,-10.29,75.5,75.9,5.876,6.207,185,186.1,3.332,3.676
122,163,1200,1.996,1.81,.764,-8.87,-9.68,-9.71,74.6,75,5.477,5.776,186.3,186.3,3.329,3.671
122,163,1300,2.099,1.905,.513,-8.39,-9.08,-9.11,75.8,76.6,6.587,6.934,209.7,186.4,3.326,3.668
122,163,1400,2.384,2.161,.752,-7.77,-8.84,-8.87,77.1,77.9,8.13,8.59,209.6,186.6,3.326,3.668
122,163,1500,2.78,2.512,1.329,-7.16,-8.45,-8.51,76.7,77.4,7.99,8.38,218,186.9,3.325,3.666
122,163,1600,2.641,2.385,1.075,-6.832,-8.29,-8.35,76.3,77,7.29,7.62,222.2,187.1,3.324,3.665
122,163,1700,2.64,2.391,1.045,-6.618,-8.2,-8.25,76.6,77.2,6.773,7.06,222.7,187.3,3.323,3.663
122,163,1800,2.634,2.388,.753,-6.676,-7.85,-7.9,75.9,76.2,6.5,6.798,222.9,187.5,3.321,3.661
122,163,1900,2.616,2.368,-.807,-6.791,-7.42,-7.5,76.8,77.3,6.551,6.822,223.2,187.9,3.318,3.658
122,163,2000,2.291,2.063,-.829,-7.11,-7.58,-7.63,74.8,75.2,6.111,6.388,221.9,187.9,3.319,3.659
122,163,2100,2.453,2.195,-2.422,-7.22,-7.28,-7.36,73,73.6,5.612,5.899,218.3,188.2,3.318,3.658
122,163,2200,2.342,2.088,-1.556,-7.4,-7.27,-7.37,73,74,4.765,5.011,215.1,188.5,3.318,3.658
122,163,2300,1.702,1.533,-.105,-7.57,-7.51,-7.59,74.5,75.2,5.095,5.343,217.1,188.5,3.317,3.657
122,164,0,1.028,.933,-.265,-7.82,-8.01,-8.01,76.7,77.6,4.226,4.505,202.7,188.5,3.318,3.658
122,164,100,.952,.865,-1.345,-8.1,-8.48,-8.4,79.1,79.7,3.615,3.962,184.6,188.7,3.322,3.662
122,164,200,1.525,1.376,.168,-8.23,-8.22,-8.18,79.6,80.4,3.277,3.545,178.8,188.9,3.321,3.661
122,164,300,.656,.651,-1.628,-8.46,-9.25,-9.24,80.5,81.2,4.191,4.497,181.6,188.9,3.327,3.667
122,164,400,.533,.558,-2.287,-8.94,-10.39,-10.24,81.7,82.6,4.045,4.46,189.2,188.7,3.334,3.674
122,164,500,.508,.479,-1.275,-9.33,-10.02,-9.91,81.6,82.3,4.309,4.664,178.4,188.9,3.33,3.671
122,164,600,.548,.555,-1.704,-9.63,-11.66,-11.44,81.1,81.8,3.459,3.923,161.9,189,3.341,3.683
122,164,700,.551,.525,-2.27,-10.03,-10.99,-10.77,79.6,80.2,3.675,4.095,175.2,188.9,3.337,3.679
122,164,800,1.045,.971,-.663,-10.11,-9.8,-9.67,78.1,78.3,6.436,6.909,180.3,189,3.331,3.671
122,164,900,1.436,1.321,-.491,-9.85,-9.47,-9.41,77.8,78.1,6.503,6.931,178.5,189.3,3.33,3.67
122,164,1000,1.593,1.461,-.803,-9.56,-9.73,-9.6,77.3,77.6,6.139,6.527,177.5,189.6,3.331,3.672
122,164,1100,2.095,1.919,-1.055,-9.32,-9.57,-9.52,77.6,78.4,5.245,5.57,187.9,189.9,3.331,3.672
122,164,1200,1.881,1.711,.372,-9.08,-9.09,-9.12,77.2,78,5.638,5.964,189.1,190.1,3.328,3.669
122,164,1300,2.054,1.867,.54,-8.69,-8.28,-8.35,76.2,77.2,5.237,5.509,197.3,190.5,3.322,3.662
122,164,1400,2.24,2.039,.384,-8.27,-7.86,-7.91,75.3,76.5,5.574,5.862,198.6,190.7,3.32,3.66
122,164,1500,2.392,2.177,.451,-7.88,-7.5,-7.57,74.7,75.5,5.675,5.96,194.5,190.9,3.319,3.658
122,164,1600,2.599,2.362,.71,-7.5,-7.3,-7.39,74.9,75.7,6.529,6.841,200.7,190.9,3.318,3.658
122,164,1700,2.505,2.278,.695,-7.25,-7.53,-7.65,75.3,76,6.572,6.865,208.3,191.1,3.32,3.659
122,164,1800,2.633,2.389,.557,-7.04,-7.38,-7.46,73.8,74.5,6.116,6.378,209.1,191.4,3.319,3.659
122,164,1900,2.547,2.306,.16,-6.895,-7.11,-7.23,73.9,74.6,6.132,6.431,206.1,191.6,3.317,3.657
122,164,2000,2.059,1.866,.14,-6.915,-7.26,-7.31,75.5,76.1,6.437,6.749,209.5,191.6,3.317,3.658
122,164,2100,2.034,1.842,.419,-6.949,-7.43,-7.51,77.9,78.7,7.06,7.43,208.1,191.5,3.319,3.659
122,164,2200,2.03,1.831,-.747,-7.01,-7.47,-7.56,77.8,78.8,6.641,6.972,210.9,191.7,3.319,3.66
122,164,2300,1.447,1.317,-.369,-7.22,-7.77,-7.82,80,81,6.386,6.714,208,191.9,3.32,3.66
122,165,0,1.003,.918,-1.15,-7.56,-8.33,-8.29,80.5,81.6,5.319,5.592,214.1,192,3.322,3.663
122,165,100,.8,.735,-.4,-7.95,-8.45,-8.42,81.2,82.3,4.579,4.844,212.3,192,3.321,3.663
122,165,200,.699,.642,-.095,-8.19,-8.44,-8.43,82.4,83.5,3.682,3.894,212.6,191.9,3.321,3.663
122,165,300,.605,.554,-.18,-8.38,-8.49,-8.44,80.5,81.3,3.105,3.352,206.7,191.7,3.321,3.662
122,165,400,.567,.518,-.194,-8.55,-8.74,-8.68,81.3,82.1,2.975,3.228,190.7,191.6,3.323,3.664
122,165,500,.527,.484,-.233,-8.72,-9,-8.9,82.4,83.2,3.119,3.372,186.7,191.5,3.324,3.665
122,165,600,.613,.563,-.082,-8.82,-8.87,-8.84,81.3,82,3.013,3.283,183.3,191.3,3.324,3.665
122,165,700,.718,.659,.038,-8.85,-8.85,-8.81,81.5,82.2,2.745,2.998,180.1,191.3,3.324,3.665
122,165,800,.881,.816,.242,-8.78,-8.7,-8.68,80,80.7,3.578,3.818,187.9,190.9,3.324,3.664
122,165,900,1.523,1.423,-2.345,-8.59,-10.49,-10.37,77.4,77.9,4.095,4.441,166.7,190.5,3.338,3.679
122,165,1000,1.955,1.817,-2.658,-8.71,-12.58,-12.39,73.6,73.8,2.83,3.122,164.2,190.2,3.353,3.695
122,165,1100,2.279,2.113,-1.954,-8.92,-12.49,-12.43,75.8,76.4,3.613,3.903,175.8,189.8,3.35,3.694
122,165,1200,2.536,2.342,-1.777,-8.88,-10.51,-10.7,77,79.3,3.601,3.927,173.4,189.4,3.34,3.681
122,165,1300,2.725,2.503,-2.766,-8.61,-9.82,-9.85,74.8,76.4,3.389,3.703,164.3,189,3.336,3.677
122,165,1400,2.973,2.72,-3.537,-8.23,-9.16,-9.17,72.9,73.6,4.328,4.633,178.3,188.8,3.33,3.672
122,165,1500,3.111,2.839,-4.432,-7.85,-9.08,-9.12,70.2,70.8,4.287,4.555,182.5,188.5,3.331,3.672
122,165,1600,3.184,2.916,-5.325,-7.53,-8.79,-8.9,69.03,69.97,4.18,4.437,189.3,188.3,3.329,3.67
122,165,1700,2.972,2.711,-5.538,-7.35,-8.51,-8.65,69.51,70.8,4.139,4.395,195.2,188,3.327,3.668
122,165,1800,3.116,2.826,-5.474,-7.17,-7.99,-8.23,68.79,70.4,3.839,4.085,197.2,187.7,3.325,3.666
122,165,1900,2.926,2.635,-4.561,-7.08,-7.76,-8.01,69.42,71.3,3.355,3.585,199.3,187.6,3.324,3.665
122,165,2000,2.705,2.425,-3.44,-7.1,-7.68,-7.89,70.3,72.2,3.025,3.266,196.1,187.5,3.324,3.665
122,165,2100,2.432,2.178,-2.734,-7.26,-8.07,-8.2,71.8,73.1,2.477,2.766,189.1,187.4,3.327,3.668
122,165,2200,2.149,1.921,-2.728,-7.57,-8.95,-8.86,73.1,74.2,2.208,2.57,176.5,187.3,3.332,3.673
122,165,2300,1.859,1.658,-3.038,-8.08,-9.96,-9.79,74.2,75.1,2.524,2.945,171,187.1,3.337,3.679
122,166,0,1.579,1.405,-3.205,-8.61,-10.56,-10.36,74.5,75.2,3.016,3.477,175.9,186.8,3.34,3.683
122,166,100,1.328,1.18,-2.98,-9.11,-11.2,-10.94,75.1,75.7,3.285,3.779,177.5,186.6,3.344,3.687
122,166,200,1.109,1.008,-2.709,-9.58,-11.47,-11.26,76.7,77.6,3.814,4.303,185.2,186.5,3.345,3.688
122,166,300,.729,.898,-2.433,-9.96,-11.58,-11.37,77.9,79.1,4.027,4.521,191.7,186.4,3.345,3.688
122,166,400,.641,.853,-6.825,-10.28,-11.76,-11.55,79.7,81.2,4.019,4.519,193.1,186.4,3.346,3.689
122,166,500,.172,.89,-10.43,-10.51,-10.77,-10.57,79.9,81.2,5.145,5.665,199.4,186.4,3.341,3.682
122,166,600,.386,.969,-2.317,-10.51,-10.06,-9.87,79.4,80.6,6.027,6.547,200.2,186.4,3.335,3.677
122,166,700,1.312,1.209,-1.839,-10.32,-9.27,-9.16,79.4,80.7,6.913,7.41,203.4,186.4,3.331,3.672
122,166,800,1.138,1.063,-1.795,-10.02,-9.51,-9.43,79.8,80.9,6.716,7.2,202.5,186.6,3.334,3.673
122,166,900,1.342,1.239,-1.516,-9.78,-8.67,-8.61,79.7,80.7,6.916,7.4,202.7,186.7,3.329,3.667
122,166,1000,1.689,1.545,-.831,-9.23,-7.91,-7.83,79.6,80.6,6.496,6.937,202.9,186.9,3.326,3.662
122,166,1100,1.751,1.592,.05,-8.67,-7.1,-7.06,81,81.8,6.98,7.43,204.7,187.3,3.321,3.655
122,166,1200,1.962,1.783,.752,-7.82,-6.839,-6.922,81.5,82.6,7.33,7.74,208.5,187.6,3.321,3.654
122,166,1300,1.986,1.799,1.137,-7.04,-6.63,-6.68,81.2,82,6.99,7.38,211.4,187.8,3.32,3.646
122,166,1400,2.238,2.031,1.277,-6.223,-6.603,-6.642,81.1,81.8,7.61,8.01,214.1,188,3.317,3.653
122,166,1500,2.301,2.08,.942,-5.738,-6.265,-6.292,81.5,82,7.52,7.89,216.9,188.2,3.317,3.651
122,166,1600,2.514,2.274,1.381,-5.327,-5.999,-6.033,81.7,81.9,8,8.36,223.3,188.4,3.315,3.65
122,166,1700,2.596,2.319,1.147,-4.746,0,0,0,0,0,0,0,0,0,0
122,166,1800,2.826,2.542,.7,-4.532,-4.701,-4.667,67.16,67.2,6.174,6.458,190.6,158.3,2.776,3.061
122,166,1900,2.7,2.428,-1.038,-4.497,-5.774,-5.746,79.2,78.9,7.16,7.48,229.9,189.1,3.314,3.654
122,166,2000,2.385,2.143,-.773,-4.779,-6.123,-6.085,79.8,79.6,6.651,6.96,234.3,189.2,3.312,3.615
122,166,2100,2.268,2.039,-.687,-5.032,-6.494,-6.472,79.9,80.1,6.357,6.633,230.4,189.2,3.312,-6999
122,166,2200,1.503,1.361,-1.16,-5.705,-7.16,-7.09,80.4,80.8,5.313,5.576,230.4,189.2,3.321,-6999
122,166,2300,1.772,1.588,-1.571,-6.24,-6.977,-6.988,79.9,80.5,4.661,4.887,227.6,189.2,3.321,-6999
122,167,0,1.175,1.059,-2.365,-6.998,-7.91,-7.87,80.2,81.5,3.258,3.557,223.4,189.1,3.326,-6999
122,167,100,.706,.646,-.756,-7.68,-8.37,-8.32,82.1,83.2,2.982,3.241,216.2,188.9,3.325,-6999
122,167,200,.697,.638,-.6,-8.08,-8.76,-8.7,82.4,83.7,2.47,2.744,199.9,188.7,3.327,-6999
122,167,300,.529,.498,-1.708,-8.5,-10.09,-10.03,83.6,84.9,2.448,2.749,173.2,188.4,3.336,-6999
122,167,400,.553,.668,-4.627,-9.5,-12.06,-11.73,83.2,84.5,2.683,3.179,163.6,187.9,3.349,-6999
122,167,500,.399,.749,-7.48,-10.5,-12.77,-12.46,80.7,81.8,2.991,3.501,165.3,187.5,3.355,-6999
122,167,600,.72,.738,.267,-10.64,-11.64,-11.57,80.7,81.6,2.18,2.467,173.3,187.3,3.346,-6999
122,167,700,.826,.784,.004,-10.08,-11.1,-11.1,81.4,82.4,2.311,2.504,176.3,187.1,3.342,-6999
122,167,800,1.119,1.051,-1.053,-9.67,-9.85,-9.96,75.9,77.6,.897,1.073,181.5,186.8,3.342,-6999
122,167,900,1.368,1.272,-.406,-9.53,-11.17,-11.01,79.3,80.3,2.368,2.753,158.4,186.7,3.346,-6999
122,167,1000,1.443,1.321,1.11,-8.9,-8.84,-8.8,80.5,81.3,2.187,2.384,159.4,186.5,3.33,-6999
122,167,1100,1.65,1.506,1.004,-7.74,-7.16,-7.16,79.8,80.6,2.711,2.918,181.5,186.3,3.321,-6999
122,167,1200,1.99,1.813,1.131,-6.588,-6.004,-6.076,80.1,80.7,2.586,2.755,185.4,186.2,3.316,-6999
122,167,1300,2.15,1.959,.997,-5.553,-5.2,-5.316,78.7,79.1,3.478,3.717,187.9,186,3.312,-6999
122,167,1400,2.285,2.082,.914,-4.812,-5.018,-5.129,75.7,75.8,3.816,4.064,190.2,185.8,3.312,-6999
122,167,1500,2.395,2.183,.866,-4.313,-4.899,-4.926,74.1,73.4,3.741,3.981,181.3,185.6,3.311,-6999
122,167,1600,3.105,2.835,-.707,-3.563,-3.99,-4.106,66.67,66.13,3.132,3.306,189.4,185.6,3.308,-6999
122,167,1700,3.166,2.883,-4.188,-3.411,-6.029,-6.074,71.2,71.3,3.394,3.603,170.7,185.4,3.319,-6999
122,167,1800,3.066,2.777,-3.158,-3.823,-6.473,-6.534,71.2,71.4,3.17,3.377,171.9,185.3,3.323,-6999
122,167,1900,2.908,2.619,-2.429,-4.264,-6.966,-7.01,71.6,72,3.282,3.488,174.3,185.1,3.325,-6999
122,167,2000,2.689,2.412,-2.439,-4.807,-7.05,-7.16,70.9,71.6,2.608,2.791,182,185,3.327,-6999
122,167,2100,2.426,2.173,-2.691,-5.423,-7.46,-7.5,71.5,72.3,2.323,2.551,176.9,185.1,3.329,-6999
122,167,2200,2.138,1.912,-3.263,-6.177,-7.98,-8.03,71.5,72.7,1.711,2.019,175.4,185.2,3.333,-6999
122,167,2300,1.848,1.647,-3.299,-7.16,-9.36,-9.27,73.6,74.5,2.251,2.628,165.2,185,3.339,-6999
122,168,0,1.57,1.395,-3.431,-8.17,-10.56,-10.45,74,74.9,2.598,3.02,168.8,185,3.346,-6999
122,168,100,1.332,1.18,-3.302,-9.09,-11.72,-11.51,74.5,75.5,2.509,2.977,170.1,185,3.352,-6999
122,168,200,1.118,1.005,-2.9,-10.04,-12.94,-12.71,75.4,76.5,2.334,2.815,171.3,185.1,3.361,-6999
122,168,300,.729,.891,-2.611,-10.91,-13.86,-13.64,76.9,77.8,3.1,3.58,175.9,185,3.366,3.679
122,168,400,.645,.841,-6.794,-11.65,-14.46,-14.19,77.3,78,3.624,4.091,178.9,185,3.37,3.683
122,168,500,.149,.857,-10.19,-12.32,-15.02,-14.75,76.9,77.7,3.875,4.356,176.5,185.1,3.373,3.687
122,168,600,.329,.945,-1.895,-12.64,-15.21,-14.96,76.8,77.5,3.886,4.342,178.2,185.1,3.374,3.688
122,168,700,1.196,1.083,-1.989,-12.74,-15.07,-14.85,76,76.6,4.122,4.583,176.9,185.3,3.375,3.688
122,168,800,1.405,1.295,-1.838,-12.64,-14.83,-14.67,74.9,75.3,4.487,4.919,179.5,185.4,3.373,3.686
122,168,900,1.674,1.535,-1.41,-12.28,-14.16,-14.02,73.9,74.2,4.673,5.067,182,185.6,3.368,3.681
122,168,1000,1.951,1.783,-.827,-11.72,-13.42,-13.24,73.1,73.2,4.952,5.372,178.1,185.8,3.363,3.676
122,168,1100,2.249,2.054,-.277,-11.01,-12.86,-12.78,73,73.2,5.105,5.481,186.7,186,3.359,3.671
122,168,1200,2.53,2.307,.135,-10.21,-11.83,-12,71.2,72.8,5.167,5.514,187.9,186.2,3.353,3.666
122,168,1300,2.778,2.528,.28,-9.38,-11.03,-11.12,71.1,72.4,5.986,6.395,192.9,186.4,3.349,3.661
122,168,1400,2.987,2.711,-.008,-8.56,-10.32,-10.4,71.5,72.9,5.744,6.111,198.7,186.7,3.345,3.657
122,168,1500,3.133,2.838,-.828,-7.81,-9.8,-9.89,72.7,74.1,6.041,6.443,199.3,186.8,3.342,3.653
122,168,1600,3.042,2.764,-1.965,-7.31,-9.06,-9.2,74.2,75.8,5.787,6.132,205.8,187,3.337,3.649
122,168,1700,3.179,2.88,-2.936,-6.705,-7.53,-7.65,74.5,76.1,5.026,5.305,214.5,187.1,3.327,3.639
122,168,1800,2.999,2.704,-2.712,-6.157,-6.747,-6.885,73.9,75,3.912,4.12,219.6,187.3,3.324,3.635
122,168,1900,2.51,2.264,1.455,-5.53,-6.047,-6.136,71.6,71.3,4.138,4.343,222.3,187.6,3.318,3.628
122,168,2000,2.306,2.079,.893,-5.181,-5.774,-5.841,65.14,65.43,3.479,3.662,219,187.7,3.317,3.627
122,168,2100,1.877,1.692,.585,-5.248,-5.571,-5.682,65.43,65.3,2.31,2.419,218.6,187.8,3.317,3.626
122,168,2200,1.459,1.317,.141,-5.463,-5.291,-5.435,66.73,66.97,1.324,1.371,210.9,187.9,3.317,3.626
122,168,2300,1.246,1.127,.234,-5.673,-5.802,-5.946,73.3,73.8,1.598,1.702,195.4,187.9,3.317,3.626
122,169,0,.975,.881,.171,-6.094,-6.304,-6.377,74.9,74.9,1.865,2.054,204.9,187.9,3.319,3.628
122,169,100,.909,.822,-.126,-6.453,-5.7,-5.789,66.76,65,.88,.904,148.3,187.7,3.32,3.629
122,169,200,.742,.673,-.04,-6.81,-6.109,-6.258,73.6,73.4,1.207,1.384,101.5,187.6,3.322,3.632
122,169,300,.599,.542,.024,-7.19,-7.25,-6.96,78.9,77.8,1.615,1.854,116.4,187.3,3.324,3.633
122,169,400,.543,.492,.054,-7.49,-7.62,-7.33,80.3,79.7,1.622,1.859,123.4,187.1,3.325,3.635
122,169,500,.558,.506,.01,-7.69,-7.68,-7.47,79.3,79,1.1,1.265,152.9,187,3.327,3.637
122,169,600,.615,.557,-.044,-7.77,-6.556,-6.645,73.9,74.6,.138,.13,236,187,3.327,3.637
122,169,700,.721,.654,.27,-7.71,-7.47,-7.28,71.3,70.4,1.873,2.155,158.7,187.1,3.325,3.634
122,169,800,.907,.823,.311,-7.5,-7.08,-6.894,73.1,71.9,.879,1.087,126.7,186.9,3.327,3.637
122,169,900,1.239,1.13,.533,-7.09,-7.5,-7.16,75.1,74,2.018,2.23,154.9,187,3.327,3.637
122,169,1000,1.715,1.569,-1.694,-6.753,-8.48,-8.19,72.9,72.8,3.333,3.733,159.5,187.1,3.335,3.646
122,169,1100,1.528,1.397,-.693,-7.62,-9.33,-8.51,74,72.6,1.761,2.224,162.1,187,3.34,3.654
122,169,1200,2.01,1.821,.967,-6.871,-6.471,-6.593,68.17,68.68,1.227,1.373,176.6,187.2,3.326,3.636
122,169,1300,2.77,2.513,1.005,-5.217,-6.618,-6.463,69.27,68.6,2.389,2.514,169.1,187.3,3.326,3.637
122,169,1400,3.027,2.709,-2.521,-4.546,-8.23,-8.36,74,75.2,3.552,3.787,182,187.4,3.334,3.629
122,169,1500,3.1,2.761,-1.298,-4.47,-8.07,-8.25,72,73.5,2.764,2.96,181.7,187.5,3.327,3.039
122,169,1600,3.169,2.815,.849,-4.427,-7.91,-8.21,71.8,73.8,2.629,2.777,191.7,187.5,3.041,3.588
122,169,1700,3.173,2.817,9.63,-5.477,-7.83,-8.08,69.71,71.7,2.53,2.645,203.5,187.5,3.308,3.667
122,169,1800,3.045,2.685,3.116,-6999,-7.72,-7.94,70.3,72.3,2.291,2.412,202.8,187.5,3.328,3.53
122,169,1900,2.841,2.518,-1.811,-16.33,-7.31,-7.71,64.54,66.87,1.62,1.712,206.2,187.7,3.325,3.665
122,169,2000,2.705,2.441,-2.909,-16.39,-7.25,-7.62,63.92,65.86,1.45,1.538,195.6,187.9,3.328,3.663
122,169,2100,2.234,1.995,-2.424,-16.69,-6.096,-6.489,61.17,62.85,.778,.847,219.1,188,3.328,3.664
122,169,2200,1.65,1.48,-.731,-16.86,-7.35,-7.57,70.9,72.7,.705,1.012,307.2,188.3,3.325,3.662
122,169,2300,1.289,1.154,-.317,-17.04,-6.311,-6.405,67.74,68.68,.222,.281,301.4,188.3,3.325,3.658
122,170,0,.978,.876,.176,-17.16,-6.276,-6.176,68.28,68.35,.126,.065,145.1,188.3,3.324,3.656
122,170,100,.87,.778,.323,-17.23,-8.06,-8.11,75.3,76,1.32,1.39,282.9,188.2,3.325,3.656
122,170,200,.649,.576,.192,-17.34,-8.32,-8.31,75.7,76.3,1.004,1.063,169.3,188,3.326,3.659
122,170,300,.558,.499,.034,-17.44,-8.52,-8.52,77,78,.864,.868,36.67,188,3.327,3.661
122,170,400,.505,.453,-.071,-17.51,-8.61,-8.68,77.1,78.1,.608,.564,124.2,187.8,3.328,3.662
122,170,500,.541,.485,.051,-17.56,-8.93,-8.88,80.8,81.7,1.019,1.031,236.5,187.7,3.33,3.664
122,170,600,.604,.542,.22,-17.61,-9.5,-9.46,84.4,85.4,1.248,1.263,101.6,187.5,3.331,3.666
122,170,700,.711,.637,.361,-17.66,-9.67,-9.5,80.7,80.9,1.805,1.925,145.6,187.3,3.332,3.667
122,170,800,.875,.784,.501,-17.7,-10.31,-10.04,81.9,81.5,1.971,2.067,149.4,187.2,3.337,3.671
122,170,900,1.092,.978,.726,-17.74,-11.04,-11,82.9,83.6,2.403,2.549,153.4,187,3.342,3.677
122,170,1000,1.378,1.233,.998,-17.78,-11.5,-11.23,84.6,84.2,2.132,2.242,125.4,186.8,3.347,3.683
122,170,1100,1.795,1.61,.756,-17.81,-12.24,-11.81,83,81.8,2.667,2.791,128,186.7,3.352,3.689
122,170,1200,2.33,2.094,.179,-17.85,-12.34,-12.25,81.5,82,2.548,2.679,145.9,186.4,3.355,3.692
122,170,1300,2.805,2.513,-2.957,-17.86,-11.98,-11.29,74.7,71.9,2.354,2.542,142.8,186.2,3.355,3.691
122,170,1400,3.013,2.701,-3.875,-17.88,-11.49,-11.15,70.9,70.1,2.027,2.19,149.6,186,3.353,3.69
122,170,1500,3.153,2.821,-4.819,-17.91,-9.41,-9.22,69.05,69.41,1.412,1.564,171,185.8,3.351,3.517
122,170,1600,3.219,2.904,-4.56,-17.84,-8.31,-8.67,71.5,74,2.562,2.786,205.3,185.7,3.359,3.326
122,170,1700,3.202,2.916,-4.709,-17.81,-7.81,-8.05,71.8,74,3.264,3.505,208.7,185.4,3.359,3.683
122,170,1800,3.114,2.817,-4.497,-17.85,-7.26,-7.43,72,73.5,3.418,3.695,216.1,185.2,3.356,2.929
122,170,1900,2.952,2.649,-4.085,-17.88,-6.902,-7.06,72.5,73.6,3.134,3.402,217.2,185,2.519,3.173
122,170,2000,2.697,2.411,-3.05,-17.87,-6.877,-6.999,72.9,74.1,3.325,3.611,222.5,184.9,3.373,3.19
122,170,2100,2.174,1.949,-2.877,-17.89,-7.35,-7.44,74.4,75.6,3.077,3.388,222,185,3.381,3.714
122,170,2200,2,1.784,-2.209,-17.88,-7.69,-7.77,75.5,77.2,2.645,2.951,220.4,184.9,3.383,3.716
122,170,2300,1.533,1.364,-2.719,-17.85,-9.19,-9.16,77.5,79.7,2.612,3.058,212.6,184.8,3.392,3.725
122,171,0,1.475,1.308,-2.738,-17.9,-9.55,-9.52,77.5,79.7,2.692,3.134,215.9,184.8,3.394,3.728
122,171,100,1.028,.929,-1.255,-17.92,-10.28,-10.18,80.8,82.6,2.542,2.977,220.5,184.7,3.396,3.73
122,171,200,.96,.876,.596,-17.98,-8.45,-8.4,83,83.9,2.92,3.12,236.7,184.7,3.382,3.714
122,171,300,.761,.691,.584,-17.96,-8.44,-8.46,83.6,84.4,4.053,4.291,255.3,184.4,3.381,3.714
122,171,400,.858,.775,.752,-17.97,-9.02,-9.02,85.4,86.6,2.668,2.665,269.2,184.2,3.385,3.718
122,171,500,.852,.772,.695,-17.97,-9.95,-10.03,88.5,90.1,1.547,2.257,298.3,184.1,3.391,3.725
122,171,600,.567,.515,.325,-17.98,-10.96,-11.02,88.9,90,1.386,3.07,305.6,183.8,3.398,3.733
122,171,700,.671,.608,.397,-18.01,-11.34,-11.37,86.2,87.5,.918,1.668,311.7,183.6,3.402,3.737
122,171,800,.899,.812,.65,-18.04,-11.45,-11.45,84.2,85.9,.898,.869,229.4,183.5,3.404,3.742
122,171,900,1.034,.936,.451,-18.04,-11.09,-10.98,82.9,85,.922,.902,178.4,183.3,3.403,3.739
122,171,1000,1.43,1.295,.726,-18.06,-9.16,-9.26,79,81.9,.317,.251,321.9,183.1,3.399,3.737
122,171,1100,1.732,1.567,1.102,-18.01,-9.92,-9.99,81.5,82.8,1.367,1.412,223.9,182.8,3.396,3.732
122,171,1200,2.115,1.911,.436,-18.02,-8.74,-8.99,74.8,76.9,.81,.964,254.6,182.6,3.396,3.739
122,171,1300,2.94,2.659,.294,-18.01,-8.83,-8.83,72.7,74.4,1.407,1.452,339.7,182.4,3.4,3.735
122,171,1400,2.589,2.361,-.823,-17.96,-9.49,-9.32,74.3,74.8,1.252,1.226,12.59,182.2,3.398,3.729
122,171,1500,2.641,2.39,-.505,-17.94,-9.01,-8.8,71.2,71.2,1.282,1.256,93.5,181.9,3.401,3.728
122,171,1600,2.645,2.343,.49,-17.94,-10.15,-10.04,75.2,75.5,1.699,1.71,19.75,181.3,3.4,3.726
122,171,1700,3.015,2.7,.032,-6999,-7.11,-7.71,64.48,66.37,.997,1.025,51.61,181,2.555,3.717
122,171,1800,3.018,2.726,-1.065,-5.855,-8.27,-8.61,68.31,69.91,1.654,1.693,48.13,180.6,2.536,3.728
122,171,1810,2.9673,2.7083,-2.6656,-17.934,-17.23,-15.227,-14.424,-11.929,-5.4774,-3.1032,-5.9701,-99999,-99999,0,0,0,0,0,0,0,0,0,0
122,171,1820,2.9973,2.7366,-1.8791,-17.687,-17.073,-15.172,-14.395,-11.906,-5.3156,-2.9266,-5.9687,-99999,-99999,-5.7988,-7.6276,51.592,59.519,1.2177,1.2331,46.536,680.23,2.8678,3.1491
122,171,1830,2.7505,2.5044,-1.5388,-17.281,-16.683,-15.04,-14.043,-11.475,-5.0697,-2.5579,-5.4575,-99999,-99999,-9.526,-9.7205,73.078,74.821,2.4098,2.4842,28.412,780.17,3.3891,3.7227
122,171,1840,2.6132,2.3726,-1.3342,-17.274,-16.625,-15.296,-13.996,-11.348,-5.6377,-2.7353,-5.4535,-99999,-99999,-10.056,-9.9949,76.937,77.743,2.8914,2.9835,20.73,780.01,3.3921,3.7241
122,171,1850,2.2103,2.0136,-1.872,-17.093,-16.494,-15.28,-13.994,-11.353,-5.8391,-3.2464,-5.7079,-99999,-99999,-10.37,-10.318,78.831,79.73,3.3676,3.4676,11.336,779.85,3.3968,3.7258
122,171,1900,1.8333,1.667,-1.6534,-16.907,-16.367,-15.244,-13.984,-11.347,-6.0709,-3.6249,-5.9433,-99999,-99999,-10.751,-10.73,80.213,81.072,3.7483,3.8846,11.551,779.64,3.4025,3.7272
122,171,1910,1.83,1.6583,-.61599,-16.641,-16.199,-15.12,-13.955,-11.335,-6.1809,-3.8443,-6.1289,-99999,-99999,-10.905,-10.829,80.756,81.656,3.7492,3.8672,17.158,779.54,3.3985,3.7291
122,171,1920,1.4749,1.346,-1.2677,-16.484,-16.097,-15.12,-13.972,-11.362,-6.4274,-4.2161,-6.387,-99999,-99999,-11.063,-11.011,81.555,82.412,3.7893,3.9223,13.239,779.4,3.3975,3.7325
122,171,1930,1.4523,1.3234,-1.5803,-16.35,-16.002,-15.12,-13.977,-11.369,-6.6273,-4.5257,-6.6106,-99999,-99999,-11.402,-11.366,82.028,82.953,3.9987,4.1691,11.781,779.33,3.389,3.7332
122,171,1940,1.3075,1.201,-2.3969,-16.273,-15.947,-15.154,-14.001,-11.391,-6.84,-4.8452,-6.8538,-99999,-99999,-11.653,-11.636,82.059,83.053,3.7799,3.9314,16.282,779.18,3.3899,3.7345
122,171,1950,1.3907,1.2785,-2.4171,-16.213,-15.89,-15.182,-14.028,-11.414,-7.0609,-5.0914,-7.1198,-99999,-99999,-11.841,-11.778,82.096,83.133,3.761,3.985,16.638,779.12,3.3886,3.7351
122,171,2000,1.9433,1.7696,-.64277,-16.005,-15.753,-15.046,-14.036,-11.447,-7.1365,-5.1659,-7.3406,-99999,-99999,-11.683,-11.653,81.244,82.138,3.6044,3.7712,18.018,779.07,3.3887,3.7346
122,171,2010,2.0626,1.8792,-.50725,-15.857,-15.643,-14.957,-14.051,-11.486,-7.2208,-5.3154,-7.5393,-99999,-99999,-11.337,-11.354,80.678,81.631,3.741,3.8286,19.206,778.96,3.387,3.7324
122,171,2020,2.0098,1.8223,-.13138,-15.7,-15.528,-14.871,-14.043,-11.496,-7.2976,-5.4613,-7.6302,-99999,-99999,-11.376,-11.39,81.305,82.188,4.0256,4.1146,17.181,778.99,3.3833,3.7322
122,171,2030,1.9,1.7235,.02079,-15.55,-15.42,-14.796,-14.029,-11.498,-7.3496,-5.6126,-7.6772,-99999,-99999,-11.296,-11.282,81.431,82.246,4.0366,4.162,15.931,778.94,3.3869,3.7308
122,171,2040,1.7729,1.6079,.02994,-15.442,-15.341,-14.777,-14.02,-11.495,-7.4418,-5.7878,-7.714,-99999,-99999,-11.236,-11.264,81.626,82.445,4.1818,4.3202,15.924,779.01,3.3834,3.7304
122,171,2050,1.5397,1.3997,-.26949,-15.388,-15.292,-14.811,-14.021,-11.495,-7.5994,-5.9954,-7.7813,-99999,-99999,-11.445,-11.4,81.609,82.487,4.23,4.3649,16.392,778.88,3.3844,3.729
122,171,2100,1.6632,1.5134,-.20047,-15.266,-15.206,-14.761,-14.008,-11.491,-7.658,-6.0598,-7.829,-99999,-99999,-11.538,-11.502,81.513,82.422,4.441,4.5989,13.784,778.79,3.3859,3.7307
122,171,2110,1.6977,1.5467,-.60558,-15.145,-15.114,-14.701,-13.995,-11.495,-7.7192,-6.135,-7.8869,-99999,-99999,-11.496,-11.504,81.251,82.072,4.5025,4.6611,14.212,778.77,3.387,3.7309
122,171,2120,1.8444,1.6822,-.45668,-15.006,-15.006,-14.618,-13.969,-11.486,-7.7568,-6.1588,-7.9274,-99999,-99999,-11.536,-11.486,80.629,81.494,4.49,4.6465,4.7388,778.72,3.3903,3.7318
122,171,2130,1.8539,1.6897,-.282,-14.864,-14.899,-14.529,-13.949,-11.485,-7.8099,-6.2355,-7.955,-99999,-99999,-11.582,-11.59,80.522,81.437,4.7087,4.9242,3.0971,778.71,3.3907,3.7323
122,171,2140,1.6857,1.5349,-.07903,-14.739,-14.805,-14.455,-13.934,-11.493,-7.8821,-6.3887,-7.976,-99999,-99999,-11.608,-11.602,81.017,81.812,4.7672,4.9218,3.9099,778.65,3.3896,3.7291
122,171,2150,1.7576,1.5956,.38848,-14.608,-14.704,-14.379,-13.912,-11.491,-7.9388,-6.4491,-7.981,-99999,-99999,-11.63,-11.604,81.36,82.285,4.8087,5.0132,6.1213,778.54,3.3883,3.728
122,171,2200,1.8203,1.6538,.45502,-14.502,-14.621,-14.324,-13.897,-11.496,-7.9848,-6.5124,-7.9941,-99999,-99999,-11.615,-11.653,80.752,81.76,4.6687,4.8213,2.6059,778.51,3.3885,3.7268
122,171,2210,2.0022,1.827,.23126,-14.419,-14.548,-14.29,-13.886,-11.497,-8.0042,-6.536,-8.0128,-99999,-99999,-11.687,-11.687,79.806,80.484,4.7486,4.9033,2.7501,778.54,3.3895,3.728
122,171,2220,2.1427,1.9634,-.53904,-14.412,-14.521,-14.333,-13.891,-11.505,-8.1469,-6.5545,-8.0636,-99999,-99999,-11.655,-11.677,78.967,79.845,4.8642,5.0551,10.597,778.47,3.3879,3.7286
122,171,2230,2.1657,1.9869,-1.143,-14.387,-14.479,-14.346,-13.893,-11.515,-8.3101,-6.5599,-8.1205,-99999,-99999,-11.694,-11.705,78.377,79.335,4.7129,4.8499,4.286,778.51,3.3847,3.7291
122,171,2240,2.0095,1.8478,-1.939,-14.395,-14.453,-14.354,-13.893,-11.53,-8.4776,-6.799,-8.1922,-99999,-99999,-11.681,-11.712,78.532,79.312,4.2015,4.3307,9.6163,778.45,3.3854,3.7299
122,171,2250,1.5845,1.462,-3.4198,-14.442,-14.446,-14.387,-13.9,-11.547,-8.6764,-7.1132,-8.2944,-99999,-99999,-11.913,-11.876,79.145,80.072,4.2652,4.4148,14.339,778.3,3.3863,3.7298
122,171,2300,1.5565,1.4221,-1.8918,-14.374,-14.366,-14.282,-13.855,-11.519,-8.7079,-7.1297,-8.2755,-99999,-99999,-12.291,-12.225,80.399,81.352,4.0044,4.1675,17.463,778.24,3.3897,3.7309
122,171,2310,1.8078,1.6534,-.6356,-14.294,-14.288,-14.166,-13.833,-11.527,-8.7166,-7.1368,-8.329,-99999,-99999,-12.064,-12.013,79.623,80.59,4.227,4.3683,20.367,778.1,3.3889,3.7296
122,171,2320,1.3573,1.2455,-1.2238,-14.31,-14.263,-14.163,-13.822,-11.528,-8.8295,-7.2863,-8.3766,-99999,-99999,-12.109,-12.098,80.529,81.444,4.617,4.7397,13.213,777.96,3.3892,3.7292
122,171,2330,.9767,.89744,-1.6805,-14.356,-14.26,-14.189,-13.794,-11.497,-8.9588,-7.4325,-8.3878,-99999,-99999,-12.409,-12.392,81.928,82.845,4.2624,4.4381,9.5789,777.95,3.3878,3.7304
122,171,2340,.8863,.81533,-1.9426,-14.368,-14.241,-14.179,-13.772,-11.486,-9.0002,-7.5418,-8.4407,-99999,-99999,-12.757,-12.74,82.219,83.245,3.9774,4.1269,65.352,777.94,3.3885,3.7328
122,171,2350,1.194,1.0995,-1.6972,-14.37,-14.219,-14.132,-13.757,-11.485,-8.5613,-7.5257,-8.4957,-99999,-99999,-12.902,-12.846,81.355,82.402,3.9507,4.147,5.2531,777.84,3.39,3.7342
122,172,0,1.2567,1.16,-2.0009,-14.401,-14.212,-14.11,-13.759,-11.501,-8.1789,-7.5545,-8.5817,-99999,-99999,-12.896,-12.879,80.28,81.318,3.7771,3.9832,3.7124,777.8,3.3912,3.7354
122,172,10,1.264,1.1686,-2.263,-14.448,-14.212,-14.1,-13.757,-11.512,-7.8442,-7.6146,-8.6582,-99999,-99999,-13.051,-12.968,80.148,81.144,3.7676,3.9623,8.6088,777.74,3.3923,3.7363
122,172,20,1.3716,1.2617,-1.8895,-14.472,-14.208,-14.068,-13.753,-11.526,-7.5902,-7.665,-8.7248,-99999,-99999,-13.115,-13.1,80.14,81.193,3.5701,3.7634,12.815,777.68,3.3934,3.7372
122,172,30,1.3793,1.2695,-1.7581,-14.49,-14.2,-14.027,-13.75,-11.544,-7.3401,-7.7274,-8.8004,-99999,-99999,-13.03,-12.985,79.86,80.866,3.4521,3.6054,14.191,777.54,3.3936,3.7368
122,172,40,1.0071,.93582,-2.5602,-14.574,-14.233,-14.077,-13.758,-11.557,-7.5988,-7.9332,-8.8892,-99999,-99999,-13.155,-13.1,80.645,81.733,3.3858,3.5049,10.473,777.52,3.3937,3.7368
122,172,50,1.0179,.94119,-2.235,-14.605,-14.234,-14.061,-13.727,-11.533,-7.5778,-7.9873,-8.9036,-99999,-99999,-13.347,-13.263,80.706,81.877,2.9872,3.226,2.6609,777.5,3.3945,3.7387
122,172,100,1.1677,1.0787,-2.2184,-14.626,-14.229,-14.028,-13.704,-11.519,-7.3394,-7.9984,-8.9309,-99999,-99999,-13.45,-13.426,79.924,81.181,2.8968,3.1466,1.1816,777.38,3.3969,3.742
122,172,110,1.3411,1.244,-2.4639,-14.662,-14.232,-13.995,-13.693,-11.521,-6.7952,-8.0179,-9.0063,-99999,-99999,-13.497,-13.469,78.959,80.336,2.9174,3.1698,2.1859,777.25,3.3995,3.7445
122,172,120,1.3462,1.2471,-2.5537,-14.723,-14.265,-14.004,-13.702,-11.529,-6.5016,-8.0734,-9.0624,-99999,-99999,-13.6,-13.669,78.468,79.944,2.6068,2.8249,3.4383,777.23,3.4005,3.7462
122,172,130,1.3487,1.2523,-2.3615,-14.752,-14.275,-13.993,-13.715,-11.567,-6.3081,-8.1898,-9.1705,-99999,-99999,-13.719,-13.715,78.121,79.594,2.2711,2.4404,9.3534,777.17,3.4012,3.7465
122,172,140,1.0633,.9998,-3.5248,-14.854,-14.318,-14.033,-13.708,-11.562,-6.2876,-8.3283,-9.236,-99999,-99999,-13.984,-13.97,78.875,80.311,2.418,2.6387,6.6737,777.06,3.4027,3.7475
122,172,150,.907,.85153,-3.8036,-14.937,-14.347,-14.044,-13.662,-11.512,-6.3727,-8.4161,-9.2458,-99999,-99999,-14.549,-14.42,80.153,81.785,2.6546,2.9531,7.7325,776.87,3.4057,3.7507
122,172,200,.80311,.94418,-3.7196,-15.01,-14.371,-14.015,-13.632,-11.492,-6.1696,-8.4841,-9.3239,-99999,-99999,-14.857,-14.703,79.47,81.197,2.71,3.0435,11.18,776.75,3.409,3.7545
122,172,210,.29405,.67787,-4.0283,-15.14,-14.436,-14.061,-13.646,-11.509,-6.5997,-8.6295,-9.3982,-99999,-99999,-15.409,-15.201,80.314,82.217,2.5816,2.9692,5.0477,776.71,3.4121,3.7576
122,172,220,.3922,.64513,-3.4234,-15.235,-14.468,-14.046,-13.61,-11.482,-6.9706,-8.7037,-9.4214,-99999,-99999,-16.256,-15.85,80.537,82.708,2.3851,2.875,-.03072,776.58,3.418,3.7636
122,172,230,.73034,.70153,-3.1913,-15.34,-14.514,-14.038,-13.601,-11.494,-7.2997,-8.8197,-9.5124,-99999,-99999,-16.679,-16.296,80.627,83.229,2.2541,2.8195,.51048,776.46,3.4206,3.7688
122,172,240,.58146,.56382,-3.6265,-15.478,-14.586,-14.056,-13.603,-11.501,-7.7981,-8.9632,-9.6262,-99999,-99999,-17.198,-16.803,81.179,83.407,2.4616,2.9579,.60267,776.3,3.4238,3.7709
122,172,250,.86827,.82115,-2.569,-15.563,-14.629,-14.013,-13.586,-11.497,-8.0835,-9.044,-9.7179,-99999,-99999,-17.446,-17.098,80.771,82.777,2.1211,2.5716,3.4765,776.17,3.4259,3.7735
122,172,300,.71113,.68306,-1.3657,-15.666,-14.693,-14.018,-13.598,-11.527,-8.7637,-9.1946,-9.8379,-99999,-99999,-17.509,-17.314,82.328,83.891,1.927,2.2671,7.3692,776.13,3.4239,3.7704
122,172,310,.68775,.63391,.04411,-15.741,-14.75,-14.014,-13.61,-11.535,-9.28,-9.3297,-9.9341,-99999,-99999,-17.114,-16.986,84.089,85.306,2.3268,2.5719,10.874,776.03,3.419,3.7657
122,172,320,.60944,.55626,.4178,-15.819,-14.822,-14.053,-13.628,-11.562,-9.738,-9.4855,-10.037,-99999,-99999,-16.203,-16.129,85.962,86.653,2.7771,2.9117,18.421,775.93,3.4134,3.7594
122,172,330,.55766,.50874,.34206,-15.884,-14.893,-14.088,-13.641,-11.585,-10.104,-9.6268,-10.124,-99999,-99999,-15.489,-15.407,85.929,86.478,3.3324,3.4004,21.813,775.81,3.4101,3.7551
122,172,340,.60258,.54808,.50355,-15.9,-14.941,-14.082,-13.638,-11.597,-10.365,-9.7135,-10.176,-99999,-99999,-15.058,-15.002,85.079,85.616,4.0376,4.103,21.639,775.65,3.4078,3.7526
122,172,350,.70742,.64619,.61842,-15.854,-14.961,-14.042,-13.629,-11.613,-10.53,-9.748,-10.205,-99999,-99999,-14.741,-14.702,83.697,84.424,4.0812,4.1811,23.196,775.46,3.4033,3.7462
122,172,400,.62412,.57134,.30381,-15.849,-14.999,-14.063,-13.627,-11.625,-10.728,-9.8298,-10.246,-99999,-99999,-14.648,-14.621,83.11,84.02,4.1149,4.2256,21.596,775.34,3.3923,3.735
122,172,410,.67521,.61791,.42535,-15.797,-15.009,-14.047,-13.614,-11.625,-10.851,-9.8564,-10.249,-99999,-99999,-14.689,-14.68,82.789,83.773,4.0679,4.1414,18.554,775.27,3.3931,3.7351
122,172,420,.66939,.61143,.39872,-15.744,-15.009,-14.031,-13.601,-11.624,-10.961,-9.8727,-10.251,-99999,-99999,-14.673,-14.674,82.71,83.778,4.2399,4.3771,14.044,775.11,3.3918,3.7344
122,172,430,.67489,.61628,.49611,-15.693,-15.004,-14.025,-13.587,-11.625,-11.068,-9.8891,-10.251,-99999,-99999,-14.663,-14.67,82.719,83.754,4.2524,4.3494,14.618,775,3.39,3.7343
122,172,440,.67046,.61193,.49112,-15.647,-14.997,-14.027,-13.575,-11.626,-11.168,-9.9056,-10.251,-99999,-99999,-14.667,-14.617,82.742,83.836,4.4844,4.6118,18.706,774.88,3.3888,3.7338
122,172,450,.66997,.61308,.49528,-15.604,-14.99,-14.034,-13.568,-11.626,-11.26,-9.9261,-10.257,-99999,-99999,-14.4,-14.395,82.912,83.986,4.1744,4.3228,18.911,774.82,3.3856,3.7336
122,172,500,.81864,.74763,.71587,-15.515,-14.957,-13.998,-13.56,-11.635,-11.264,-9.9083,-10.255,-99999,-99999,-14.309,-14.263,82.442,83.567,3.9908,4.1096,17.881,774.82,3.3882,3.7356
122,172,510,.52465,.48147,.15316,-15.534,-14.976,-14.075,-13.551,-11.638,-11.417,-10.004,-10.276,-99999,-99999,-14.358,-14.32,82.953,84.038,4.0965,4.2422,14.07,774.76,3.3895,3.7369
122,172,520,.43926,.40864,-.03163,-15.53,-14.976,-14.112,-13.543,-11.63,-11.511,-10.055,-10.283,-99999,-99999,-14.307,-14.292,83.055,84.2,4.177,4.3389,13.57,774.6,3.3825,3.7336
122,172,530,.66393,.60959,.50524,-15.44,-14.933,-14.062,-13.518,-11.628,-11.49,-10.016,-10.268,-99999,-99999,-14.228,-14.169,82.933,84.147,3.8198,3.9887,13.216,774.5,3.3819,3.7331
122,172,540,.67254,.61475,.37788,-15.394,-14.909,-14.053,-13.514,-11.635,-11.517,-10.017,-10.269,-99999,-99999,-14.012,-13.967,82.784,84.035,3.8631,4.0027,4.0585,774.44,3.378,3.7297
122,172,550,.70218,.64349,.36124,-15.345,-14.885,-14.046,-13.506,-11.634,-11.528,-10.012,-10.266,-99999,-99999,-14.016,-13.995,82.817,84.048,4.6354,4.8217,67.005,774.33,3.3736,3.7192
122,172,600,.72862,.66993,.37539,-15.292,-14.863,-14.039,-13.5,-11.637,-11.547,-10.004,-10.261,-99999,-99999,-14.061,-14.05,82.683,83.87,4.7469,4.9055,6.8213,774.12,3.3708,3.7158
122,172,610,.7973,.73327,.39286,-15.233,-14.83,-14.023,-13.488,-11.632,-11.552,-9.9918,-10.245,-99999,-99999,-14.221,-14.198,82.231,83.348,4.9352,5.1078,6.5966,774.06,3.371,3.7091
122,172,620,.79778,.73761,.33709,-15.187,-14.803,-14.011,-13.478,-11.629,-11.56,-9.9932,-10.231,-99999,-99999,-14.485,-14.469,81.888,82.978,4.7966,4.9677,4.9232,773.96,3.3698,3.6927
122,172,630,.79234,.73037,.35622,-15.149,-14.783,-14.005,-13.469,-11.628,-11.585,-9.9945,-10.218,-99999,-99999,-14.779,-14.796,81.734,82.766,4.8397,5.0709,4.9965,773.85,3.3763,3.6861
122,172,640,.91274,.83846,.5543,-15.093,-14.739,-13.961,-13.457,-11.626,-11.571,-9.9594,-10.195,-99999,-99999,-14.865,-14.81,81.697,82.815,4.5569,4.7583,64.051,773.75,3.3731,3.6867
122,172,650,.93777,.86234,.48022,-15.056,-14.712,-13.936,-13.454,-11.633,-11.575,-9.9534,-10.185,-99999,-99999,-14.838,-14.784,81.684,82.719,4.557,4.7511,64.38,773.73,3.3729,3.687
122,172,700,.81467,.75163,.28131,-15.08,-14.715,-13.97,-13.46,-11.641,-11.649,-9.994,-10.198,-99999,-99999,-14.728,-14.693,81.878,83.027,4.7767,4.9621,1.7065,773.57,3.3728,3.6872
122,172,710,.78824,.72643,.3454,-15.081,-14.711,-13.983,-13.464,-11.643,-11.692,-10.015,-10.202,-99999,-99999,-14.635,-14.598,81.911,83.023,4.2593,4.3859,55.013,773.48,3.3723,3.6859
122,172,720,.73603,.67783,.29962,-15.084,-14.706,-13.992,-13.465,-11.65,-11.724,-10.031,-10.207,-99999,-99999,-14.68,-14.672,81.932,83.14,4.4376,4.5222,289.22,773.55,3.3709,3.6873
122,172,730,.732,.67618,.28713,-15.08,-14.694,-13.989,-13.464,-11.652,-11.736,-10.045,-10.213,-99999,-99999,-14.592,-14.549,82.067,83.212,3.7227,3.8618,166.59,773.53,3.373,3.6952
122,172,740,.83963,.77339,.45193,-15.061,-14.674,-13.965,-13.461,-11.659,-11.711,-10.045,-10.219,-99999,-99999,-14.472,-14.438,82.155,83.268,3.8494,3.9401,291.61,773.42,3.3666,3.6932
122,172,750,.93296,.8604,.4511,-15.039,-14.653,-13.938,-13.461,-11.668,-11.668,-10.045,-10.229,-99999,-99999,-14.254,-14.224,82.091,83.143,3.6781,3.7592,351.41,773.42,3.3639,3.6977
122,172,800,.91502,.84533,.28799,-15.049,-14.657,-13.953,-13.467,-11.678,-11.675,-10.079,-10.246,-99999,-99999,-14.34,-14.332,81.803,83.007,4.2603,4.3428,348.08,773.34,3.3609,3.6882
122,172,810,.88932,.82119,.24887,-15.033,-14.643,-13.944,-13.462,-11.675,-11.667,-10.072,-10.236,-99999,-99999,-14.402,-14.387,81.75,82.953,4.5578,4.6339,341.69,773.36,3.3608,3.6776
122,172,820,.8019,.7405,.06908,-15.054,-14.65,-13.975,-13.465,-11.677,-11.714,-10.109,-10.245,-99999,-99999,-14.343,-14.31,82.049,83.313,4.1864,4.2547,340.52,773.36,3.3602,3.6724
122,172,830,.8623,.79466,.10237,-15.049,-14.639,-13.973,-13.458,-11.679,-11.715,-10.116,-10.238,-99999,-99999,-14.253,-14.185,82.005,83.301,4.0989,4.1406,338.26,773.34,3.3595,3.6666
122,172,840,1.6779,1.5287,1.1752,-14.937,-14.554,-13.801,-13.437,-11.686,-11.437,-9.9804,-10.194,-99999,-99999,-14.013,-14.009,80.574,82.106,4.549,4.629,340.37,773.22,3.3603,3.6645
122,172,850,1.6397,1.4896,.07574,-14.95,-14.556,-13.804,-13.453,-11.714,-11.38,-9.9846,-10.201,-99999,-99999,-13.864,-13.869,79.57,81.172,3.7988,4.2456,332.53,773.26,3.3613,3.654
122,172,900,1.9393,1.7479,.91716,-14.876,-14.508,-13.736,-13.423,-11.693,-11.224,-9.93,-10.152,-99999,-99999,-13.978,-13.896,79.141,80.75,2.2185,4.0927,320.19,773.34,3.3618,3.6469
122,172,910,1.7449,1.59,.27382,-14.843,-14.483,-13.741,-13.408,-11.683,-11.231,-9.9118,-10.138,-99999,-99999,-14.008,-13.988,79.427,80.894,1.2871,4.0211,311.96,773.34,3.3623,3.6461
122,172,920,1.4467,1.3282,-.16146,-14.864,-14.493,-13.804,-13.405,-11.673,-11.36,-9.9504,-10.129,-99999,-99999,-14.169,-14.105,80.126,81.54,2.4673,4.2374,323.23,773.3,3.362,3.6419
122,172,930,1.4661,1.3411,-.42279,-14.907,-14.509,-13.837,-13.403,-11.674,-11.384,-9.9876,-10.12,-99999,-99999,-14.298,-14.27,79.44,81.217,4.7654,5.1526,333.83,773.34,3.3635,3.6345
122,172,940,1.862,1.6699,-.24053,-14.931,-14.503,-13.804,-13.391,-11.675,-11.259,-10.006,-10.106,-99999,-99999,-14.411,-14.304,78.33,80.236,4.5189,4.8767,333.37,773.3,3.364,3.6384
122,172,950,1.7323,1.5462,-1.1585,-14.989,-14.527,-13.831,-13.394,-11.681,-11.274,-10.05,-10.111,-99999,-99999,-14.49,-14.378,77.894,79.797,4.0833,4.8032,329.75,773.32,3.3663,3.6398
122,172,1000,1.8422,1.6364,-.64335,-15.006,-14.52,-13.819,-13.372,-11.664,-11.279,-10.057,-10.092,-99999,-99999,-14.818,-14.607,78.317,80.051,3.9588,4.5095,332.15,773.3,3.3679,3.6372
122,172,1010,2.1249,1.8786,-.2114,-15.041,-14.508,-13.765,-13.357,-11.661,-11.181,-10.042,-10.064,-99999,-99999,-14.608,-14.451,78.013,79.647,3.7509,4.114,332.78,773.22,3.3677,3.6399
122,172,1020,2.1453,1.8953,-.43777,-15.079,-14.514,-13.756,-13.35,-11.653,-11.163,-10.081,-10.066,-99999,-99999,-14.562,-14.368,77.918,79.695,2.6363,3.6706,327.44,773.32,3.3678,3.6399
122,172,1030,2.141,1.8907,-.5002,-15.112,-14.529,-13.767,-13.344,-11.637,-11.184,-10.116,-10.067,-99999,-99999,-14.763,-14.637,78.204,79.991,2.3013,3.7908,323.83,773.3,3.3688,3.6494
122,172,1040,2.2377,1.9763,-.33208,-15.136,-14.539,-13.756,-13.333,-11.636,-11.183,-10.14,-10.05,-99999,-99999,-14.883,-14.724,77.876,79.956,2.0602,3.7744,320.97,773.36,3.3695,3.6408
122,172,1050,2.32,2.0489,-.1315,-15.163,-14.553,-13.743,-13.322,-11.632,-11.197,-10.156,-10.023,-99999,-99999,-14.881,-14.763,77.296,79.854,1.7882,3.5497,322.28,773.36,3.3701,3.6417
122,172,1100,2.3462,2.0737,-.40779,-15.218,-14.577,-13.749,-13.328,-11.649,-11.226,-10.196,-10.007,-99999,-99999,-14.772,-14.774,76.56,79.333,3.0938,3.6545,332.62,773.36,3.3705,3.6424
122,172,1110,2.4541,2.1707,-.18059,-15.251,-14.596,-13.735,-13.332,-11.66,-11.208,-10.22,-9.9867,-99999,-99999,-14.636,-14.738,75.136,78.726,1.713,2.9053,323,773.45,3.3719,3.6434
122,172,1120,2.5011,2.2173,-.1731,-15.293,-14.617,-13.734,-13.338,-11.671,-11.2,-10.253,-9.9729,-99999,-99999,-14.525,-14.649,74.138,78.265,.90755,2.4957,317.95,773.49,3.3723,3.6444
122,172,1130,2.5435,2.256,-.05826,-15.33,-14.625,-13.725,-13.333,-11.667,-11.175,-10.272,-9.9411,-99999,-99999,-14.462,-14.577,73.88,78.132,.41417,2.2783,311.65,773.42,3.3726,3.6452
122,172,1140,2.5819,2.2944,.01498,-15.356,-14.633,-13.713,-13.329,-11.668,-11.147,-10.294,-9.9113,-99999,-99999,-14.417,-14.606,73.695,78.27,.40496,2.3498,311.61,773.34,3.3732,3.6452
122,172,1150,2.9017,2.5961,1.6212,-15.313,-14.589,-13.621,-13.315,-11.677,-11.022,-10.241,-9.8665,-99999,-99999,-14.002,-14.224,75.261,79.243,2.255,3.2546,331.79,773.36,3.3683,3.6391
122,172,1200,2.4416,2.2122,.98204,-15.251,-14.54,-13.55,-13.32,-11.701,-11.066,-10.16,-9.8959,-99999,-99999,-13.548,-13.68,76.438,78.183,4.12,4.2224,348.37,773.4,3.3615,3.6328
122,172,1210,2.5814,2.346,1.5904,-15.131,-14.477,-13.454,-13.298,-11.696,-10.881,-10.068,-9.8512,-99999,-99999,-13.462,-13.485,76.641,77.85,4.2641,4.3106,347.16,773.42,3.3587,3.6331
122,172,1220,2.3274,2.1174,.82052,-15.076,-14.475,-13.483,-13.288,-11.688,-10.821,-10.082,-9.8289,-99999,-99999,-13.744,-13.753,76.935,77.993,4.9265,5.0187,351.89,773.44,3.3595,3.6354
122,172,1230,2.5775,2.345,1.423,-14.939,-14.414,-13.402,-13.261,-11.683,-10.617,-9.9756,-9.7524,-99999,-99999,-13.708,-13.784,76.935,77.945,4.4898,4.5728,290.07,773.46,3.3595,3.6341
122,172,1240,2.7731,2.5151,1.4121,-14.866,-14.393,-13.39,-13.256,-11.687,-10.473,-9.9124,-9.6928,-99999,-99999,-13.625,-13.675,76.758,77.783,4.3823,4.4671,352.22,773.43,3.3607,3.632
122,172,1250,2.7627,2.5182,1.2499,-14.761,-14.34,-13.337,-13.243,-11.693,-10.325,-9.8165,-9.6392,-99999,-99999,-13.435,-13.51,76.568,77.532,4.7222,4.8491,229.39,773.41,3.3595,3.6299
122,172,1300,2.8321,2.5827,1.7,-14.621,-14.264,-13.259,-13.225,-11.69,-10.176,-9.6943,-9.5872,-99999,-99999,-13.391,-13.427,76.744,77.697,5.0705,5.2243,117.68,773.4,3.3575,3.6226
122,172,1310,2.744,2.5141,1.3497,-14.422,-14.153,-13.133,-13.202,-11.698,-10.003,-9.5428,-9.532,-99999,-99999,-13.235,-13.294,76.749,77.559,5.1424,5.2626,241.25,773.5,3.3576,3.6233
122,172,1320,2.5062,2.3025,.70977,-14.316,-14.103,-13.142,-13.198,-11.702,-9.94,-9.4995,-9.5031,-99999,-99999,-13.205,-13.235,76.092,76.924,5.2486,5.4227,239.39,773.54,3.3525,3.6251
122,172,1330,2.7201,2.4984,1.3363,-14.148,-14.01,-13.055,-13.177,-11.702,-9.7703,-9.3686,-9.4372,-99999,-99999,-13.12,-13.183,76.511,77.256,5.1421,5.2886,63.103,773.56,3.3433,3.6269
122,172,1340,2.9315,2.6834,1.59,-13.999,-13.907,-12.949,-13.153,-11.704,-9.6052,-9.2136,-9.3486,-99999,-99999,-13.05,-13.067,75.631,76.198,5.5999,5.798,2.0488,773.58,3.3446,3.6216
122,172,1350,2.6587,2.4437,.57659,-13.948,-13.866,-12.974,-13.149,-11.707,-9.584,-9.1906,-9.3173,-99999,-99999,-13.035,-13.075,75.827,76.431,5.7734,5.9476,238.36,773.58,3.3402,3.6165
122,172,1400,2.7154,2.4893,1.1199,-13.931,-13.814,-12.968,-13.139,-11.707,-9.5531,-9.1954,-9.2874,-99999,-99999,-13.076,-13.123,76.656,77.335,6.1325,6.2503,53.573,773.51,3.3472,3.6244
122,172,1410,2.7449,2.5129,1.1473,-13.902,-13.75,-12.926,-13.13,-11.709,-9.4842,-9.0766,-9.2314,-99999,-99999,-13.053,-13.118,76.156,76.811,6.0531,6.2571,56.043,773.51,3.3454,3.6233
122,172,1420,2.462,2.262,.53664,-13.914,-13.728,-12.963,-13.134,-11.719,-9.5261,-9.0691,-9.2139,-99999,-99999,-13.004,-13.076,77.052,77.921,5.8377,6.0269,124.76,773.5,3.3515,3.6167
122,172,1430,2.2229,2.0466,.11232,-13.979,-13.736,-13.043,-13.145,-11.725,-9.6185,-9.1508,-9.24,-99999,-99999,-13.142,-13.17,78.13,78.952,6.098,6.2546,351.12,773.56,3.3485,3.6128
122,172,1440,2.6857,2.4685,.98424,-14.023,-13.704,-13.001,-13.136,-11.723,-9.5336,-9.0568,-9.2219,-99999,-99999,-13.175,-13.175,76.551,77.325,6.5266,6.6632,300.75,773.54,3.3529,3.6224
122,172,1450,2.7445,2.5263,.43596,-14.087,-13.68,-12.966,-13.135,-11.732,-9.4746,-8.9576,-9.2288,-99999,-99999,-12.964,-12.997,75.735,76.371,6.0698,6.2915,307.85,773.54,3.3309,3.6288
122,172,1500,3.1661,2.9082,.99173,-14.144,-13.642,-12.897,-13.12,-11.729,-9.3529,-8.7756,-9.1385,-99999,-99999,-12.981,-12.982,75.092,75.81,6.3245,6.488,238.65,773.64,3.3315,3.6182
122,172,1510,3.7346,3.4327,2.0775,-14.198,-13.576,-12.743,-13.092,-11.727,-9.1337,-8.5344,-9.0696,-99999,-99999,-12.785,-12.828,73.03,73.524,6.5887,6.7227,291.1,773.76,3.3446,3.6142
122,172,1520,3.4094,3.1357,1.0941,-14.256,-13.521,-12.656,-13.081,-11.752,-9.0335,-8.8748,-9.1371,-99999,-99999,-12.715,-12.792,73.151,73.701,6.2126,6.3235,234.38,773.84,3.3302,3.6275
122,172,1530,3.0928,2.8424,.67641,-14.214,-13.495,-12.641,-13.072,-11.758,-8.9363,-8.8923,-9.0933,-99999,-99999,-12.816,-12.898,74.947,75.57,6.001,6.164,351.74,773.94,3.3344,3.6317
122,172,1540,2.8534,2.6251,.53746,-14.23,-13.496,-12.674,-13.07,-11.753,-8.9347,-8.8712,-9.0495,-99999,-99999,-12.881,-12.913,75.809,76.712,5.5486,5.6801,295.9,774.01,3.3455,3.6138
122,172,1550,2.6983,2.4824,.45759,-14.278,-13.493,-12.693,-13.071,-11.757,-8.9385,-8.8811,-9.0322,-99999,-99999,-12.829,-12.821,75.938,76.707,5.5938,5.6705,347.32,774.03,3.3485,3.6091
122,172,1600,2.4174,2.2308,-.18054,-14.332,-13.508,-12.757,-13.077,-11.761,-9.0167,-8.9276,-9.0297,-99999,-99999,-13.11,-13.155,76.686,77.62,5.5736,5.6838,179.51,773.95,3.3506,3.613
122,172,1610,2.3609,2.1743,-.312,-14.381,-13.509,-12.781,-13.076,-11.763,-9.0736,-8.9428,-9.0213,-99999,-99999,-13.149,-13.173,76.821,77.556,4.7776,4.902,263.41,773.94,3.3524,3.615
122,172,1620,2.4404,2.2515,-.34278,-14.444,-13.516,-12.806,-13.089,-11.776,-9.1094,-8.9048,-9.0237,-99999,-99999,-12.93,-12.94,76.295,77.027,4.4313,4.5315,346.9,774.03,3.3519,3.6145
122,172,1630,2.2846,2.1078,-.06739,-14.493,-13.502,-12.783,-13.08,-11.783,-9.1194,-8.9782,-9.0804,-99999,-99999,-12.98,-13.008,77.595,78.463,4.5761,4.6706,234.44,773.96,3.3507,3.6152
122,172,1640,2.4493,2.2632,-.19801,-14.548,-13.497,-12.757,-13.081,-11.793,-9.092,-8.9344,-9.0925,-99999,-99999,-12.844,-12.869,76.849,77.669,4.5176,4.5881,348.63,773.92,3.3514,3.6135
122,172,1650,2.5978,2.3939,-.18304,-14.613,-13.504,-12.787,-13.086,-11.797,-9.1281,-8.9096,-9.1183,-99999,-99999,-12.844,-12.798,76.031,76.783,5.2958,5.3549,344.34,773.94,3.3516,3.6139
122,172,1700,2.8919,2.6676,.13977,-14.667,-13.517,-12.831,-13.084,-11.784,-9.1353,-8.8033,-9.1066,-99999,-99999,-12.739,-12.744,75.288,76.015,5.6913,5.7971,339.79,774.03,3.3525,3.6182
122,172,1710,3.187,2.9417,.51583,-14.733,-13.513,-12.773,-13.087,-11.809,-8.9487,-8.6036,-9.0563,-99999,-99999,-12.286,-12.381,74.691,75.021,6.0802,6.2624,337.24,774.07,3.352,3.6302
122,172,1720,2.4276,2.238,-.7047,-14.779,-13.514,-12.796,-13.074,-11.808,-9.0079,-8.7757,-9.0934,-99999,-99999,-12.774,-12.799,77.122,77.891,6.0567,6.3253,336.47,774.27,3.3506,3.6314
122,172,1730,2.6169,2.4176,.02163,-14.816,-13.489,-12.698,-13.039,-11.802,-8.9016,-8.7262,-9.0492,-99999,-99999,-12.793,-12.849,76.612,77.316,5.8114,5.9603,337.29,774.39,3.3567,3.6366
122,172,1740,2.8457,2.6253,.23379,-14.875,-13.485,-12.617,-13.02,-11.816,-8.8027,-8.6409,-8.9942,-99999,-99999,-12.622,-12.637,76.214,77.017,5.523,5.7762,340.31,774.41,3.3546,3.636
122,172,1750,2.7387,2.5233,-.17222,-14.946,-13.514,-12.688,-13.034,-11.825,-8.99,-8.6297,-8.9941,-99999,-99999,-12.655,-12.704,75.93,76.676,5.308,5.3953,343.29,774.4,3.3544,3.6334
122,172,1800,3.1989,2.9374,.3253,-15.009,-13.556,-12.813,-13.059,-11.821,-9.1751,-8.4107,-8.9413,-99999,-99999,-12.508,-12.561,74.796,75.43,5.7533,6.0426,335.35,774.41,3.3581,3.633
122,172,1810,2.8515,2.6232,-.58904,-15.063,-13.595,-12.919,-13.075,-11.82,-9.3352,-8.4289,-8.9646,-99999,-99999,-12.705,-12.713,74.925,75.599,5.6612,6.3494,333.75,774.53,3.3608,3.6344
122,172,1820,2.3085,2.1261,-.92433,-15.112,-13.624,-12.98,-13.075,-11.825,-9.4504,-8.5783,-9.0035,-99999,-99999,-12.912,-12.945,76.607,77.312,5.3068,6.3612,327.37,774.53,3.3613,3.6321
122,172,1830,2.0663,1.9092,-1.0109,-15.16,-13.661,-13.102,-13.086,-11.814,-9.7118,-8.6349,-9.0124,-99999,-99999,-13.095,-13.119,77.286,78.039,5.1234,6.2096,329.25,774.59,3.3516,3.6192
122,172,1840,1.9075,1.7791,-1.857,-15.214,-13.694,-13.185,-13.107,-11.823,-10.069,-8.6587,-9.0596,-99999,-99999,-13.111,-13.1,76.835,77.615,3.4535,5.2898,321.3,774.6,3.3466,3.6235
122,172,1850,2.8338,2.6202,-.12314,-15.273,-13.727,-13.186,-13.131,-11.849,-10.257,-8.4112,-9.0538,-99999,-99999,-12.67,-12.666,75.04,75.725,2.7636,5.2968,321.03,774.64,3.345,3.6216
122,172,1900,2.4509,2.2708,-.98092,-15.336,-13.768,-13.24,-13.158,-11.884,-10.377,-8.5837,-9.1466,-99999,-99999,-12.694,-12.689,75.949,76.643,3.5705,5.4426,323.02,774.62,3.3476,3.6193
122,172,1910,2.1086,1.9581,-2.3063,-15.383,-13.792,-13.3,-13.157,-11.878,-10.383,-8.7141,-9.1956,-99999,-99999,-12.868,-12.894,75.829,76.721,5.1084,5.4874,332.91,774.72,3.3518,3.6242
122,172,1920,2.1507,1.9916,-2.5692,-15.421,-13.813,-13.349,-13.166,-11.886,-10.364,-8.8104,-9.2675,-99999,-99999,-13.027,-13.037,74.929,75.744,4.2794,4.8261,331.74,774.78,3.3534,3.6238
122,172,1930,2.062,1.9139,-2.5742,-15.451,-13.825,-13.347,-13.16,-11.891,-10.385,-8.8343,-9.2968,-99999,-99999,-13.304,-13.294,76.09,77.003,3.4679,4.3643,329.7,774.84,3.3554,3.6262
122,172,1940,2.849,2.6336,.22713,-15.51,-13.853,-13.288,-13.146,-11.905,-10.025,-8.6191,-9.2663,-99999,-99999,-12.89,-12.898,75.374,76.199,3.5101,3.9584,330.62,774.88,3.3532,3.6237