5,88,500,0,0,.053,-41.52,-40.88,-38,61.17,0,5.366,235,364.4,1.78,2.16,-34.51
5,88,600,0,0,.053,-41.84,-41.2,-37.99,60.84,0,5.618,231.1,364.3,1.782,2.162,-34.52
5,88,700,0,0,.029,-42.1,-41.54,-37.96,60.56,0,5.371,231.9,364.3,1.782,2.163,-34.53
5,88,800,.001,.003,.021,-42.37,-41.69,-38,60.33,0,5.403,228,364.4,1.785,2.166,-34.54
5,88,900,.008,.027,-.226,-42.63,-42.05,-37.97,60.03,0,5.593,228.5,364.3,1.784,2.165,-34.55
5,88,1000,.054,.14,-1.356,-42.53,-42.03,-37.97,60.04,0,5.426,227.2,364.4,1.783,2.163,-34.57
5,88,1100,.104,.31,-2.36,-41.99,-41.54,-38.03,60.44,0,5.54,223,364.2,1.782,2.163,-34.59
5,88,1200,.184,.625,-3.788,-40.87,-41.15,-38.03,60.77,0,5.985,222.5,364,1.772,2.161,-34.59
5,88,1300,.205,.869,-4.16,-39.45,-40.16,-38.02,61.72,0,6.202,223.1,363.9,1.771,2.158,-34.6
5,88,1400,.213,1.052,-5.407,-38.44,-38.8,-38.02,62.94,0,5.945,221.8,363.8,1.768,2.154,-34.6
5,88,1500,.232,1.139,-8.22,-37.35,-37.46,-37.97,64.19,0,5.745,221.1,363.6,1.755,2.149,-34.58
5,88,1600,.256,1.211,-10.59,-36.65,-36.45,-37.91,65.19,0,6.141,220.1,363.7,1.745,2.145,-34.56
5,88,1700,.286,1.203,-11.38,-36.09,-35.54,-37.87,66.03,0,5.97,218.6,363.5,1.739,2.144,-34.57
5,88,1800,.316,1.132,-10.83,-36.22,-35.51,-37.86,65.73,0,5.846,213.8,363.5,1.744,2.145,-34.58
5,88,1900,.329,1.002,-9.28,-36.71,-36.34,-37.86,64.74,0,6.264,211.4,363.4,1.747,2.147,-34.58
5,88,2000,.309,.819,-7.54,-37.25,-37.07,-37.86,64.21,0,6.449,209.5,363.2,1.752,2.146,-34.58
5,88,2100,.245,.566,-5.431,-38.17,-37.96,-37.92,63.4,0,6.565,207,363.1,1.763,2.149,-34.58
5,88,2200,.109,.241,-2.422,-39.53,-39.27,-37.97,62.42,0,6.682,204.6,362.8,1.769,2.153,-34.57
5,88,2300,.017,.052,-.465,-40.45,-40.18,-38.03,61.86,0,7.35,205.4,362.7,1.777,2.157,-34.59
5,89,0,.002,.011,-.076,-40.18,-39.98,-38.09,62.19,0,7.75,205.9,362.6,1.781,2.157,-34.62
5,89,100,0,0,.033,-39.28,-39.05,-38.07,63.05,0,7.6,207.1,362.5,1.776,2.151,-34.65
5,89,200,0,0,.027,-38.16,-38.01,-38.07,64.17,0,7.82,211.4,362.5,1.771,2.145,-34.67
5,89,300,0,0,.042,-36.02,-35.91,-37.98,66.13,0,8.02,215.8,362.5,1.754,2.136,-34.7
5,89,400,0,0,.067,-35.17,-34.93,-37.92,66.82,0,8,217.5,362.5,1.754,2.135,-34.7
5,89,500,0,0,.078,-33.83,-33.79,-37.92,67.99,0,8.75,221.5,362.5,1.756,2.131,-34.7
5,89,600,0,0,.097,-33.01,-32.84,-37.87,68.83,0,8.66,223.6,362.9,1.754,2.127,-34.69
5,89,700,0,0,.055,-32.58,-32.44,-37.85,69.2,0,9.37,226.1,363.3,1.752,2.127,-34.67
5,89,800,.002,.004,.062,-32.29,-32.01,-37.85,69.43,0,9.77,222.6,363.7,1.752,2.127,-34.65
5,89,900,.008,.029,-.152,-33.08,-32.73,-37.68,68.79,0,8.58,220.2,364.4,1.756,2.128,-34.63
5,89,1000,.032,.11,-.927,-34.15,-33.96,-37.67,67.77,0,7.99,216.8,364.9,1.747,2.132,-34.62
5,89,1100,.082,.278,-2.155,-33.07,-32.98,-37.77,68.76,0,9.92,218.6,364.9,1.754,2.127,-34.65
5,89,1200,.14,.496,-3.665,-32.39,-32.29,-37.78,69.27,0,10.49,219,364.9,1.752,2.126,-34.66
5,89,1300,.167,.659,-4.73,-31.33,-31.26,-37.77,70.2,0,11.43,222.1,365.3,1.75,2.124,-34.66
5,89,1400,.22,.864,-7.35,-29.93,-29.9,-37.61,71.4,0,11.49,223.8,366.1,1.744,2.12,-34.67
5,89,1500,.223,.867,-8.11,-28.35,-28.22,-37.38,72.8,0,11.06,229.4,366.9,1.738,2.111,-34.66
5,89,1600,.252,.989,-9.51,-27.57,-27.5,-37.08,73.5,0,9.94,232.5,367.1,1.736,2.113,-34.63
5,89,1700,.234,.865,-8.64,-26.31,-26.28,-36.91,74.6,0,10.86,235.2,367.3,1.732,2.054,-34.6
5,89,1800,.273,.983,-10.09,-24.29,-24.46,-36.4,76.1,0,10.71,237.7,367.5,1.726,2.01,-34.6
5,89,1900,.173,.626,-6.431,-23.55,-23.5,-35.89,77,0,11.06,235.7,367.6,1.721,2.005,-34.57
5,89,2000,.147,.523,-5.481,-22.22,-22.18,-35.32,78.1,0,12.85,238.3,368,1.704,1.986,-34.58
5,89,2100,.11,.369,-3.933,-22.4,-22.29,-34.51,77.9,0,14.39,228.9,368,1.7,1.989,-34.55
5,89,2200,.074,.238,-2.432,-23.07,-22.72,-33.97,77.5,0,14.51,227.3,368.3,1.721,1.959,-34.54
5,89,2300,.024,.075,-.698,-23.78,-23.36,-33.71,77,0,13.51,228.3,368.6,1.723,1.956,-34.52
5,90,0,.005,.015,-.017,-24.23,-23.93,-33.58,76.6,0,12.64,224.1,368.8,1.724,1.964,-34.53
5,90,100,.002,.003,.153,-24.38,-24.08,-33.53,76.5,0,11.67,220.1,369,1.725,1.986,-34.54
5,90,200,-.001,0,.147,-24.02,-24.06,-33.36,76.7,0,11.32,221.9,368.8,1.723,2.008,-34.56
5,90,300,-.001,-.001,.131,-22.38,-22.45,-33.46,78,0,13.51,225.6,368.6,1.718,1.976,-34.57
5,90,400,-.001,-.001,.162,-22.19,-21.96,-32.84,78.3,0,12.34,220.5,368.9,1.717,1.994,-34.55
5,90,500,0,0,.241,-22.65,-22.33,-32.16,78,0,10.62,218.7,368.7,1.718,2.005,-34.54
5,90,600,0,0,.22,-22.34,-22.19,-31.99,78.1,0,11.69,218.3,367.8,1.717,2.012,-34.54
5,90,700,0,0,.247,-22.86,-22.5,-31.72,77.8,0,11.4,215.3,367.4,1.72,2.023,-34.55
5,90,800,.001,.007,.182,-22.18,-22.09,-31.42,78.3,0,10.66,212.9,366.8,1.716,2.024,-34.56
5,90,900,.009,.027,-.241,-21.63,-21.54,-31.82,78.6,0,16.37,213.9,365.4,1.717,2.06,-34.55
5,90,1000,.028,.097,-.916,-20.54,-20.63,-30.24,79.4,0,11.01,213.9,366.4,1.712,2.064,-34.58
5,90,1100,.061,.217,-2.073,-18.76,-18.77,-29.34,80.8,0,11.3,212.1,365.7,1.706,2.059,-34.59
5,90,1200,.112,.395,-3.778,-17.93,-17.82,-28.11,81.5,0,10.73,212.1,365.4,1.703,2.056,-34.59
5,90,1300,.205,.736,-6.753,-16.79,-16.71,-26.48,82.3,0,9.95,216.9,364.7,1.699,2.047,-34.59
5,90,1400,.384,1.453,-12.74,-15.2,-14.99,-24.84,83.5,0,14.81,218.9,363.6,1.696,2.047,-34.59
5,90,1500,.286,1.039,-10.24,-14.88,-14.69,-22.26,83.6,0,15.46,224.7,363.7,1.694,2.052,-34.53
5,90,1600,.25,.882,-9.22,-15.11,-14.94,-19.72,83.5,0,15.65,227.8,364.3,1.695,2.053,-34.5
5,90,1700,.22,.764,-8.01,-15.12,-15.02,-16.13,83.5,0,15.63,225.6,364.6,1.695,2.057,-34.47
5,90,1800,.215,.731,-7.76,-14.93,-14.86,-13.26,83.6,5.69,17.31,221.3,364.5,1.695,2.053,-34.45
5,90,1900,.203,.669,-7.2,-14.99,-14.91,-11.62,83.6,14.88,17.44,223.1,364.9,1.696,2.065,-34.45
5,90,2000,.136,.448,-4.744,-15,-14.91,-10.13,83.6,14.27,16.64,227.1,365.7,1.696,2.071,-34.43
5,90,2100,.091,.301,-3.092,-15.13,-15.05,-8.6,83.5,13.7,15.98,227.3,366.1,1.695,2.055,-34.41
5,90,2200,.056,.187,-1.843,-15.34,-15.24,-7.77,83.4,13.48,15.76,226.8,366.4,1.696,2.014,-34.39
5,90,2300,.023,.068,-.615,-15.57,-15.44,-7.32,83.3,13.52,15.75,225.6,366.6,1.696,2.056,-34.38
5,91,0,.008,.022,-.095,-15.69,-15.55,-7.57,83.2,12.53,14.62,228.2,366.8,1.697,2.058,-34.39
5,91,100,0,.003,.153,-15.77,-15.6,-7.91,83.2,11.39,13.26,227.1,366.7,1.696,2.005,-34.4
5,91,200,0,0,.203,-15.86,-15.66,-8.05,83.2,11.79,13.76,227.7,366.5,1.697,1.32,-34.4
5,91,300,0,0,.169,-15.76,-15.59,-7.83,83.2,12.06,14.17,227.8,366.6,1.697,1.935,-34.39
5,91,400,0,0,.155,-15.7,-15.55,-7.07,83.3,11.76,13.73,227.8,366.6,1.696,1.909,-34.39
5,91,500,0,0,.168,-15.6,-15.44,-6.738,83.3,12.01,14.01,226.2,366.3,1.696,1.949,-34.39
5,91,600,0,0,.144,-16,-15.83,-6.032,83,12.52,14.7,226.6,366.2,1.697,1.966,-34.38
5,91,700,0,0,.086,-16.69,-16.58,-6.379,82.5,12.51,15,233.7,366.5,1.7,1.944,-34.34
5,91,800,.002,.008,-.036,-17.87,-17.8,-8.48,81.6,12.43,15.14,235.8,367,1.703,1.969,-34.3
5,91,900,.009,.025,-.255,-19.59,-19.53,-12.7,80.2,13.13,15.72,233.6,367.5,1.71,1.982,-34.29
5,91,1000,.035,.118,-1.038,-21.27,-21.19,-17.46,79,13.6,15.87,229.1,367.8,1.716,1.97,-34.31
5,91,1100,.056,.192,-1.571,-22.68,-22.55,-21.99,77.9,13.48,15.89,231.1,369,1.721,1.958,-34.31
5,91,1200,.151,.525,-3.585,-24.46,-24.41,-27.28,76.4,13.36,16.1,236.9,370.2,1.726,1.942,-34.3
5,91,1300,.219,.757,-4.852,-25.71,-25.69,-30.39,75.3,12.97,15.96,237.5,371.5,1.73,1.994,-34.3
5,91,1400,.29,1.004,-5.991,-26.8,-26.77,-32.92,74.3,12.77,15.58,235.4,372.5,1.735,2.018,-34.32
5,91,1500,.333,1.105,-8.39,-27.39,-27.41,-34,73.8,12.09,14.94,236.4,373.4,1.737,2.022,-34.35
5,91,1600,.32,1.025,-8.63,-27.78,-27.82,-34.31,73.5,12.31,15.12,237.8,374.3,1.734,2.024,-34.37
5,91,1700,.342,1.042,-8.45,-28.08,-28.12,-34.25,73.2,11.95,14.54,239,375,1.739,2.026,-34.37
5,91,1800,.338,.967,-6.999,-28.42,-28.44,-34.49,72.9,12.01,14.54,240.2,375.6,1.74,2.025,-34.35
5,91,1900,.317,.84,-5.018,-28.95,-28.96,-34.59,72.5,11.81,14.14,241.7,376.6,1.742,2.027,-34.34
5,91,2000,.28,.677,-3.091,-29.76,-29.72,-34.73,71.8,11.14,13.38,241.4,377.6,1.744,2.032,-34.36
5,91,2100,.138,.407,-3.299,-30.34,-30.33,-35.34,71.4,11.39,13.8,241,378.6,1.746,2.034,-34.35
5,91,2200,.087,.268,-2.217,-31,-30.98,-35.81,70.8,11.48,13.88,242.2,379.6,1.748,2.038,-34.35
5,91,2300,.059,.153,-.959,-32.07,-31.95,-36.13,69.93,10.69,13.03,239.3,380.5,1.752,2.042,-34.37
5,92,0,.008,.025,-.064,-33.21,-33.01,-36.26,69.01,9.96,12.08,240.1,381.5,1.756,2.046,-34.39
5,92,100,.002,.005,.116,-33.71,-33.5,-36.51,68.58,9.8,11.87,236.8,382.1,1.758,2.049,-34.43
5,92,200,0,.001,.132,-33.4,-33.28,-36.8,68.77,9.71,11.75,239.7,382.8,1.757,2.048,-34.47
5,92,300,0,0,.13,-33.71,-33.58,-36.85,68.45,9.42,11.35,239.9,383.6,1.757,2.048,-34.49
5,92,400,0,0,.08,-33.94,-33.84,-37.23,68.26,10.07,12.18,237.6,384.1,1.759,2.05,-34.49
5,92,500,0,0,.119,-33.53,-33.41,-37.41,68.63,9.86,11.84,235.7,384.8,1.757,2.048,-34.51
5,92,600,0,0,.171,-34.2,-34,-37.42,68.07,9.46,11.27,234.7,385.3,1.76,2.051,-34.52
5,92,700,0,.001,.173,-34.72,-34.5,-37.36,67.62,9.2,10.89,234.5,386,1.761,2.053,-34.53
5,92,800,.003,.013,.092,-34.83,-34.61,-37.4,67.6,9.1,10.73,233.9,386.6,1.762,2.054,-34.55
5,92,900,.02,.066,-.181,-34.73,-34.49,-37.33,67.66,8.84,10.38,233,386.9,1.762,2.053,-34.58
5,92,1000,.068,.234,-.83,-34.28,-34.06,-39.41,68,9.59,11.28,234.3,387.3,1.76,2.052,-34.6
5,92,1100,.128,.454,-1.074,-33.91,-33.73,-41.27,68.2,9.48,11.04,231.8,387.9,1.759,2.05,-34.6
5,92,1200,.184,.68,-1.893,-33.72,-33.61,-40.2,68.32,8.99,10.32,228.7,388.3,1.759,2.049,-34.59
5,92,1300,.279,1.053,-3.77,-32.57,-32.48,-38.78,69.25,8.57,9.85,229.8,388.5,1.755,2.045,-34.6
5,92,1400,.307,1.17,-5.548,-31.49,-31.4,-37.72,70.2,8.3,9.63,231.4,388.8,1.751,2.04,-34.58
5,92,1500,.359,1.338,-9.08,-31.03,-30.96,-36.96,70.5,8.37,9.68,231.4,389,1.75,2.038,-34.55
5,92,1600,.392,1.379,-10.64,-30.43,-30.34,-36.15,71.1,7.52,8.85,234.4,389.1,1.747,2.035,-34.53
5,92,1700,.407,1.275,-7.79,-29.98,-29.84,-35.53,71.5,7.02,8.33,234.9,389.1,1.746,2.033,-34.52
5,92,1800,.425,1.166,-4.038,-29.65,-29.51,-35.21,71.8,6.885,8.31,238.4,389,1.745,2.032,-34.52
5,92,1900,.464,1.076,.364,-29.35,-29.19,-34.92,72,6.823,8.19,240.4,389,1.743,2.03,-34.54
5,92,2000,.419,.826,2.657,-29.95,-29.7,-34.81,71.6,6.37,7.67,236.9,389.1,1.745,2.033,-34.53
5,92,2100,.36,.596,3.184,-30.87,-30.48,-35.07,70.8,6.069,7.12,231.2,389.1,1.749,2.037,-34.52
5,92,2200,.277,.366,2.177,-31.98,-31.46,-35.55,69.99,5.505,6.458,227.5,389.2,1.752,2.04,-34.55
5,92,2300,.156,.151,.973,-33.11,-32.55,-35.92,69.11,5.467,6.442,228.2,389,1.755,2.045,-34.55
5,93,0,.033,.036,.383,-34.62,-33.99,-36.38,67.94,4.984,5.916,225.2,388.8,1.761,2.051,-34.53
5,93,100,.003,.007,.402,-35.51,-34.93,-36.82,67.2,5.315,6.283,224.3,388.5,1.764,2.054,-34.54
5,93,200,0,.002,.437,-36.18,-35.68,-37.08,66.53,5.222,6.124,220.6,388.5,1.766,2.056,-34.57
5,93,300,0,0,.444,-36.92,-36.43,-37.31,65.83,5.058,5.989,219.5,388.3,1.769,2.06,-34.6
5,93,400,0,0,.466,-37.16,-36.61,-37.46,65.64,4.656,5.588,217.7,388.2,1.771,2.061,-34.64
5,93,500,0,0,.449,-37.94,-37.35,-37.58,64.94,4.545,5.531,214.7,388,1.774,2.066,-34.65
5,93,600,0,0,.419,-38.42,-37.85,-37.63,64.44,4.592,5.575,214.5,387.8,1.774,2.066,-34.66
5,93,700,0,.002,.398,-38.86,-38.26,-37.71,64.06,4.483,5.444,212.6,387.7,1.776,2.068,-34.67
5,93,800,.006,.02,.335,-39.36,-38.76,-37.72,63.59,4.574,5.57,211.4,387.7,1.778,2.071,-34.67
5,93,900,.056,.126,1.183,-39.69,-39.17,-37.74,63.13,5.134,6.092,207.9,387.7,1.779,2.073,-34.69
5,93,1000,.114,.347,1.987,-39.55,-39.12,-37.74,63.17,4.979,5.875,203.9,387.8,1.78,2.073,-34.69
5,93,1100,.159,.615,1.797,-38.96,-38.65,-37.74,63.57,4.892,5.733,201.5,388,1.778,2.07,-34.69
5,93,1200,.207,.886,.255,-37.95,-37.93,-37.73,64.21,5.505,6.388,205.4,387.9,1.775,2.066,-34.67
5,93,1300,.26,1.124,-2.721,-36.82,-36.64,-37.64,65.33,4.755,5.539,200.6,387.8,1.771,2.062,-34.66
5,93,1400,.31,1.311,-5.388,-35.9,-35.7,-37.51,66.08,5.209,6.054,198.3,387.6,1.767,2.059,-34.6
5,93,1500,.36,1.439,-10.62,-34.83,-34.64,-37.3,67.02,4.564,5.295,198.3,387.6,1.764,2.054,-34.56
5,93,1600,.407,1.496,-12.58,-34.05,-33.85,-37.12,67.7,4.413,5.134,198.3,387.4,1.761,2.051,-34.53
5,93,1700,.457,1.461,-9.03,-33.44,-33.28,-37.01,68.21,4.86,5.632,198.4,387.1,1.759,2.048,-34.51
5,93,1800,.489,1.342,-3.112,-32.97,-32.79,-36.97,68.64,4.593,5.392,198.4,386.6,1.757,2.046,-34.51
5,93,1900,.494,1.153,2.317,-32.72,-32.45,-36.97,68.96,4.235,5.041,198.4,386.3,1.756,2.046,-34.53
5,93,2000,.464,.916,5.102,-33.02,-32.69,-37.01,68.74,2.119,5.242,198.3,385.9,1.756,2.046,-34.54
5,93,2100,.401,.661,5.191,-33.58,-33.25,-37.1,68.29,3.237,5.85,198.3,385.3,1.759,2.048,-34.53
5,93,2200,.312,.404,3.272,-34.54,-34.11,-37.23,67.55,1.661,5.423,198.3,384.9,1.762,2.052,-34.53
5,93,2300,.199,.181,1.344,-35.44,-34.97,-37.34,66.92,.628,5.788,198.3,384.4,1.765,2.056,-34.54
5,94,0,.069,.049,.568,-36.62,-36.07,-37.47,66.01,.123,5.853,198.1,383.8,1.769,2.06,-34.51
5,94,100,.004,.01,.392,-37.82,-37.24,-37.59,65,0,5.573,198.1,383.2,1.772,2.064,-34.49
5,94,200,.001,.002,.44,-38.17,-37.6,-37.68,64.65,.024,5.791,198.1,382.5,1.774,2.066,-34.53
5,94,300,0,0,.43,-38.67,-38.13,-37.77,64.16,0,5.819,198.1,381.7,1.775,2.068,-34.54
5,94,400,0,0,.406,-39.01,-38.51,-37.82,63.8,0,5.815,198.1,381,1.777,2.07,-34.55
5,94,500,0,0,.378,-39.42,-38.94,-37.87,63.38,0,5.775,198.1,380.3,1.778,2.072,-34.56
5,94,600,0,0,.34,-39.81,-39.38,-37.87,62.94,.001,5.975,198.1,379.7,1.78,2.075,-34.55
5,94,700,.001,.004,.295,-40.17,-39.75,-37.88,62.58,0,5.986,198.1,379,1.782,2.077,-34.55
5,94,800,.009,.028,.238,-40.17,-39.78,-37.88,62.54,0,5.889,198.1,378.5,1.782,2.077,-34.56
5,94,900,.047,.12,.383,-39.76,-39.33,-37.9,62.93,0,5.746,198.1,377.8,1.78,2.076,-34.56
5,94,1000,.098,.318,.433,-39.56,-39.26,-37.89,62.95,0,5.632,198,377.4,1.78,2.075,-34.56
5,94,1100,.148,.576,.105,-39.1,-38.89,-37.88,63.3,0,5.627,198.1,377,1.778,2.073,-34.57
5,94,1200,.203,.88,-1.838,-38.04,-38.06,-37.87,64.02,0,5.354,198.1,376.6,1.775,2.068,-34.55
5,94,1300,.255,1.134,-5.138,-37.19,-37.13,-37.82,64.8,0,4.867,198.3,376.2,1.772,2.064,-34.53
5,94,1400,.329,1.457,-9.94,-35.71,-35.61,-37.65,66.09,0,4.106,198.4,375.9,1.768,2.059,-34.48
5,94,1500,.341,1.424,-12.47,-34.68,-34.58,-37.48,67,0,3.887,198.3,375.8,1.764,2.055,-34.41
5,94,1600,.37,1.437,-13.45,-33.66,-33.45,-37.26,67.96,0,3.842,198.4,375.5,1.761,2.051,-34.37
5,94,1700,.422,1.436,-11.5,-32.96,-32.58,-37.05,68.66,0,2.956,198.4,375.4,1.759,2.049,-34.36
5,94,1800,.415,1.259,-7.61,-32.49,-31.87,-36.88,69.25,0,3.024,198.4,375.1,1.757,2.047,-34.34
5,94,1900,.287,.82,-4.312,-32.59,-31.97,-36.84,69.28,0,2.982,198.2,375,1.756,2.045,-34.31
5,94,2000,.28,.784,-4.36,-31.55,-31.21,-36.89,70.1,0,2.945,198.2,374.9,1.753,2.041,-34.33
5,94,2100,.245,.597,-2.906,-31.73,-30.81,-36.95,70.4,0,2.913,198.3,375,1.753,2.042,-34.34
5,94,2200,.229,.418,-1.457,-32.48,-31.09,-37.03,70.1,0,3.103,198.2,375,1.756,2.045,-34.35
5,94,2300,.21,.283,-1.521,-33.16,-31.53,-37.1,69.65,0,2.956,198.2,374.9,1.758,2.049,-34.37
5,95,0,.101,.111,-.869,-34.32,-33.09,-37.23,68.44,0,2.788,198.2,374.7,1.762,2.053,-34.34
5,95,100,.008,.02,.023,-35.65,-34.74,-37.39,67.26,0,2.57,198.1,374.4,1.765,2.056,-34.3
5,95,200,.002,.003,.194,-36.42,-35.59,-37.55,66.58,0,2.6,198.1,374,1.767,2.058,-34.29
5,95,300,0,.001,.189,-36.89,-36.18,-37.62,66.06,0,2.111,198.1,373.5,1.768,2.061,-34.32
5,95,400,0,0,.252,-36.29,-35.49,-37.67,66.7,0,1.191,198.1,373.2,1.765,2.057,-34.36
5,95,500,0,0,.26,-37.05,-35.98,-37.73,66.16,0,.963,198.1,373,1.769,2.061,-34.37
5,95,600,0,0,.155,-36.41,-36.2,-37.73,66.04,0,.134,198.1,372.8,1.767,2.06,-34.38
5,95,700,0,.004,.077,-36.19,-35.87,-37.73,66.29,0,.007,198.1,372.7,1.768,2.07,-34.39
5,95,800,.006,.025,-.241,-36.45,-35.98,-37.76,66.15,0,.027,198.1,372.7,1.768,2.063,-34.38
5,95,900,.034,.13,-.814,-36.85,-36.02,-37.75,66.08,0,.529,198.1,372.8,1.769,2.062,-34.37
5,95,1000,.088,.35,-2.108,-36.52,-35.83,-37.74,66.22,0,.13,198.1,373,1.769,2.061,-34.38
5,95,1100,.114,.463,-3.259,-35.74,-34.99,-37.67,66.94,0,.559,198.3,373.3,1.768,2.06,-34.37
5,95,1200,.184,.836,-5.252,-36.17,-35.16,-37.61,66.54,0,.77,198.2,373.4,1.773,2.068,-34.35
5,95,1300,.238,1.186,-8.82,-37.13,-35.94,-37.52,65.94,0,.449,198.1,373.5,1.775,2.072,-34.32
5,95,1400,.261,1.344,-11.86,-37.04,-35.4,-37.29,66.32,0,.342,198.3,373.4,1.776,2.074,-34.27
5,95,1500,.296,1.526,-15.71,-36.25,-34.16,-36.94,67.32,0,.216,198.4,373.3,1.775,2.077,-34.23
5,95,1600,.331,1.575,-17.92,-36.25,-34.2,-36.74,67.31,0,.078,198.2,373.1,1.775,2.072,-34.16
5,95,1700,.37,1.527,-17.16,-35.73,-33.6,-36.75,67.65,0,.421,198.4,372.8,1.774,2.072,-34.15
5,95,1800,.409,1.433,-13.4,-34.93,-32.89,-36.79,68.15,0,.417,198.4,372.5,1.774,2.072,-34.18
5,95,1900,.423,1.26,-7.62,-35.4,-33.33,-36.86,67.59,0,.882,198.4,372.1,1.775,2.073,-34.19
5,95,2000,.348,.929,-3.116,-36.09,-35.06,-37,66.31,0,1.578,198.2,371.6,1.775,2.072,-34.19
5,95,2100,.345,.763,.347,-34.56,-33.18,-37.11,67.85,0,.441,198.3,371.3,1.773,2.075,-34.22
5,95,2200,.278,.442,1.195,-37.48,-35.23,-37.32,66.04,0,.373,198.2,370.8,1.779,2.081,-34.19
5,95,2300,.193,.235,.316,-38.96,-36.67,-37.49,64.9,0,.73,198.3,370.4,1.783,2.089,-34.22
5,96,0,.066,.076,.165,-42.32,-37.81,-37.59,63.87,0,1.39,198.3,369.9,1.793,2.102,-34.17
5,96,100,.005,.018,.132,-44.45,-41.69,-37.59,60.63,0,.969,198.3,369.1,1.797,2.107,-34.18
5,96,200,0,.002,.148,-45.93,-44.07,-37.65,58.4,0,.438,198.3,368.4,1.803,2.12,-34.22
5,96,300,0,0,.107,-47.09,-46.22,-37.74,56.43,0,.35,198.3,368,1.807,2.126,-34.27
5,96,400,0,.001,.119,-48.8,-47.92,-37.69,54.75,0,.501,198.3,367.5,1.813,2.133,-34.3
5,96,500,0,0,.082,-50.45,-49.88,-37.62,52.9,0,.427,198.3,367,1.821,2.137,-34.32
5,96,600,0,.001,.067,-51.34,-50.98,-37.6,51.89,0,.419,198.3,366.5,1.824,2.14,-34.35
5,96,700,.002,.008,.022,-52.19,-51.84,-37.61,51.02,0,.259,198.4,366.5,1.828,2.145,-34.38
5,96,800,.023,.055,-.258,-52.69,-52.29,-37.65,50.54,0,.211,198.4,366.4,1.83,2.15,-34.41
5,96,900,.087,.218,-.748,-52.64,-51.95,-37.77,50.72,0,.32,198.2,366.4,1.83,2.149,-34.44
5,96,1000,.138,.462,-1.752,-51.87,-51.56,-37.91,51.03,0,.668,198,366.6,1.827,2.142,-34.45
5,96,1100,.173,.74,-3.483,-50.11,-50.06,-38.07,52.41,0,1.453,197.9,366.6,1.821,2.134,-34.45
5,96,1200,.205,1.016,-6.225,-47.89,-48.2,-38.15,54.05,0,4.903,198,366.6,1.815,2.115,-34.44
5,96,1300,.238,1.258,-9.57,-45.99,-45.86,-38.2,56.21,0,4.66,198.2,367.1,1.808,2.107,-34.41
5,96,1400,.27,1.449,-13.62,-44.24,-43.89,-38.23,57.88,0,4.863,198.2,367.2,1.801,2.1,-34.37
5,96,1500,.302,1.568,-17.22,-42.59,-42.23,-38.22,59.44,0,4.525,198.2,367.5,1.794,2.092,-34.34
5,96,1600,.339,1.624,-19.27,-40.89,-40.44,-38.17,61.14,0,3.792,198.2,367.7,1.788,2.084,-34.31
5,96,1700,.384,1.587,-18.49,-39.6,-38.72,-38.09,62.82,0,3.534,198.3,368,1.783,2.078,-34.28
5,96,1800,.419,1.467,-13.95,-39.07,-38.18,-38.02,63.34,0,4.304,198.3,367.9,1.78,2.076,-34.23
5,96,1900,.434,1.276,-7.6,-39.02,-38.02,-37.96,63.54,0,3.893,198.3,368.1,1.781,2.076,-34.22
5,96,2000,.425,1.041,-1.189,-39.51,-37.94,-37.97,63.41,0,3.978,198.2,368.2,1.783,2.078,-34.24
5,96,2100,.388,.78,1.399,-40.67,-38.33,-37.96,62.94,0,4.059,198.1,368.1,1.787,2.085,-34.22
5,96,2200,.322,.511,1.009,-41.6,-38.9,-38.01,62.6,0,3.158,197.9,368.1,1.794,2.092,-34.24
5,96,2300,.225,.262,.197,-43.4,-40.23,-38.01,61.25,0,3.173,198.1,368.1,1.798,2.099,-34.27
5,97,0,.095,.085,.162,-44.61,-43.48,-38.01,58.71,0,4.251,198.1,367.9,1.8,2.101,-34.24
5,97,100,.009,.021,.224,-46.02,-45.08,-38.01,57.26,0,3.632,198.1,367.9,1.804,2.105,-34.22
5,97,200,.002,.004,.277,-48.22,-47.31,-37.91,55.19,0,3.315,198,368,1.813,2.116,-34.24
5,97,300,0,0,.278,-48.53,-48.15,-37.94,54.49,0,4.885,198.1,367.8,1.814,2.118,-34.27
5,97,400,0,0,.253,-48.81,-48.43,-37.99,54.15,0,4.833,198.1,367.5,1.815,2.117,-34.31
5,97,500,0,.001,.202,-49.78,-49.37,-37.94,53.21,0,4.35,198.1,367.5,1.819,2.121,-34.33
5,97,600,.002,.003,.155,-50.33,-50.01,-37.93,52.6,0,4.387,198.1,367.3,1.821,2.123,-34.34
5,97,700,.004,.012,.046,-50.89,-50.56,-37.89,52.01,0,4.399,198.1,367.1,1.823,2.127,-34.34
5,97,800,.021,.057,-.184,-51.11,-50.82,-37.91,51.75,0,4.463,198.1,366.9,1.825,2.128,-34.35
5,97,900,.084,.222,-.436,-51.31,-50.65,-37.93,51.81,0,4.436,198.1,366.9,1.825,2.129,-34.37
5,97,1000,.138,.471,-1.14,-50.94,-50.45,-37.98,51.88,0,4.286,198,366.9,1.824,2.127,-34.38
5,97,1100,.176,.75,-2.608,-49.89,-49.67,-38.06,52.59,0,4.406,198,366.9,1.821,2.123,-34.37
5,97,1200,.206,1.034,-5.042,-48.34,-48.34,-38.11,53.74,0,4.007,198,366.8,1.816,2.118,-34.35
5,97,1300,.237,1.288,-8.57,-46.95,-46.49,-38.17,55.54,0,4.135,198,366.7,1.811,2.111,-34.34
5,97,1400,.266,1.478,-12.4,-45.44,-44.35,-38.21,57.45,0,3.641,197.9,366.6,1.806,2.105,-34.3
5,97,1500,.297,1.597,-15.77,-44.2,-43.21,-38.23,58.43,0,3.948,197.9,366.6,1.801,2.099,-34.25
5,97,1600,.335,1.649,-17.79,-43.05,-41.83,-38.18,59.82,0,3.758,197.9,366.3,1.797,2.094,-34.22
5,97,1700,.382,1.611,-17.05,-42.14,-40.71,-38.15,60.93,0,3.661,198,366.1,1.794,2.091,-34.2
5,97,1800,.419,1.488,-12.54,-41.69,-39.91,-38.09,61.74,0,3.375,198.1,365.9,1.792,2.089,-34.2
5,97,1900,.434,1.295,-6.566,-41.7,-39.31,-38.07,62.31,0,3.248,198,365.6,1.793,2.089,-34.21
5,97,2000,.425,1.056,-.436,-42.19,-39.28,-38.07,62.23,0,3.356,197.9,365.5,1.794,2.092,-34.22
5,97,2100,.391,.794,1.788,-42.89,-39.99,-38.07,61.37,0,3.225,197.8,365.3,1.797,2.095,-34.22
5,97,2200,.325,.525,.905,-44.09,-40.34,-38.04,61.16,0,2.879,197.8,365.2,1.802,2.101,-34.24
5,97,2300,.224,.274,-.299,-46.02,-43.47,-38.01,58.15,0,3.647,198.1,365,1.807,2.107,-34.24
5,98,0,.112,.101,-.466,-47.65,-45.39,-38.02,56.57,0,3.227,198.3,364.5,1.813,2.114,-34.21
5,98,100,.023,.029,-.161,-49.43,-48.33,-37.97,54.01,0,3.68,198.3,364.1,1.818,2.122,-34.2
5,98,200,.001,.007,.063,-50.37,-49.99,-37.95,52.64,0,3.763,198.4,363.8,1.822,2.124,-34.22
5,98,300,0,.002,.085,-51.23,-50.85,-37.93,51.8,0,3.47,198.3,363.5,1.825,2.129,-34.26
5,98,400,0,.002,.082,-51.97,-51.66,-37.93,50.99,0,3.664,198.4,363.2,1.828,2.132,-34.29
5,98,500,0,.002,.129,-51.92,-51.83,-37.95,50.82,0,3.838,198.4,363,1.828,2.131,-34.31
5,98,600,0,.004,.091,-51.88,-51.59,-37.99,50.92,0,4.406,198.4,362.5,1.827,2.131,-34.33
5,98,700,.004,.016,-.006,-6999,-6999,-38,50.92,0,3.833,198.4,362.5,1.827,2.131,-6999
5,98,800,.027,.071,-.141,-6999,-6999,-38.03,51.31,0,3.61,198.4,362.3,1.826,2.13,-6999
5,98,900,.093,.254,-.452,-6999,-6999,-38.07,52.97,0,3.829,198.3,362.2,1.822,2.124,-6999
5,98,1000,.144,.501,-1.206,-49.09,-48.06,-38.09,54.02,0,3.818,198.2,362.1,1.817,2.119,-34.38
5,98,1100,.188,.805,-3.028,-47.22,-46.7,-38.16,55.28,0,3.052,198,362,1.811,2.111,-34.37
5,98,1200,.206,1.021,-5.36,-45.21,-45.1,-38.26,56.69,0,2.914,198.2,361.9,1.805,2.105,-34.32
5,98,1300,.238,1.285,-8.66,-44.3,-44.12,-38.24,57.61,0,3.389,198.2,361.8,1.802,2.101,-34.28
5,98,1400,.271,1.499,-12.72,-43.55,-43.5,-38.19,58.14,0,3.898,198.2,361.9,1.799,2.097,-34.22
5,98,1500,.302,1.614,-15.85,-42.67,-42.7,-38.18,58.95,0,3.916,198.2,362.1,1.796,2.094,-34.19
5,98,1600,.337,1.687,-18.25,-41.9,-41.99,-38.15,59.62,0,3.792,198.2,362.2,1.793,2.09,-34.19
5,98,1700,.381,1.638,-18.37,-41.53,-41.65,-38.12,59.96,0,4.378,198.2,362.5,1.791,2.089,-34.17
5,98,1800,.418,1.523,-15.18,-41.35,-41.53,-38.07,60.07,0,4.129,198.2,362.8,1.791,2.088,-34.17
5,98,1900,.434,1.333,-8.56,-41.19,-41.44,-38.07,60.11,0,3.62,198.1,363.5,1.791,2.089,-34.21
5,98,2000,.423,1.09,-2.185,-41.65,-41.29,-38.06,60.19,0,2.903,198,364.2,1.795,2.093,-34.21
5,98,2100,.388,.826,.288,-43.15,-41.33,-38.02,60.37,0,3.028,197.9,364.8,1.8,2.099,-34.15
5,98,2200,.303,.541,-.574,-44.66,-42.34,-37.99,59.45,0,3.473,197.9,365.4,1.804,2.104,-34.15
5,98,2300,.23,.308,-.91,-46.21,-44.3,-38.01,57.71,0,3.801,198.1,365.8,1.808,2.11,-34.19
5,99,0,.088,.113,-.6,-47.7,-46.22,-38.01,55.99,0,4.145,198.3,366.4,1.813,2.118,-34.17
5,99,100,.018,.035,-.017,-48.58,-47.88,-38.04,54.5,0,4.845,198.3,366.8,1.815,2.12,-34.17
5,99,200,.002,.009,.201,-48.99,-48.41,-38.09,53.94,0,4.896,198.3,367.1,1.816,2.118,-34.21
5,99,300,0,.002,.248,-48.86,-48.53,-38.05,53.85,0,5.316,198.4,367.6,1.816,2.119,-34.25
5,99,400,0,.001,.267,-48.58,-48.21,-38.09,54.1,0,5.333,198.4,368,1.814,2.115,-34.28
5,99,500,0,.003,.26,-48.5,-48.09,-38.07,54.18,0,5.334,198.4,368.3,1.814,2.116,-34.3
5,99,600,.002,.005,.21,-48.23,-47.95,-38.11,54.27,0,5.542,198.4,368.8,1.813,2.115,-34.31
5,99,700,.005,.021,.031,-47.05,-46.81,-38.16,55.33,0,5.776,198.4,369.3,1.808,2.109,-34.33
5,99,800,.015,.056,-.308,-46.68,-46.41,-38.13,55.68,0,5.878,198.4,369.8,1.807,2.108,-34.33
5,99,900,.042,.156,-.974,-45.9,-45.6,-38.13,56.44,0,5.722,198.4,370.2,1.803,2.104,-34.33
5,99,1000,.097,.378,-2.127,-45.57,-45.25,-38.06,56.75,0,5.408,198.4,370.7,1.803,2.103,-34.34
5,99,1100,.153,.67,-3.688,-45.01,-44.81,-38.07,57.16,0,5.178,198.4,371.1,1.802,2.101,-34.34
5,99,1200,.189,.949,-6.271,-43.89,-43.92,-38.11,57.96,0,5.258,198.4,371.6,1.798,2.097,-34.32
5,99,1300,.22,1.221,-9.81,-42.3,-42.43,-38.16,59.29,0,5.065,198.4,371.9,1.792,2.091,-34.32
5,99,1400,.24,1.375,-13.16,-40.91,-41.09,-38.16,60.5,0,4.909,198.3,372.5,1.787,2.084,-34.28
5,99,1500,.269,1.575,-17.04,-39.79,-40.08,-38.11,61.47,0,5.368,198.3,372.9,1.783,2.078,-34.24
5,99,1600,.297,1.657,-19.49,-38.89,-39.23,-38.07,62.32,0,5.389,198.3,373.3,1.78,2.075,-34.22
5,99,1700,.331,1.579,-19.18,-38.2,-38.55,-38.04,63,0,5.39,198.4,373.9,1.777,2.072,-34.19
5,99,1800,.371,1.496,-17.37,-37.83,-38.18,-37.98,63.36,0,5.059,198.3,374.5,1.777,2.072,-34.18
5,99,1900,.393,1.319,-13.73,-37.87,-38.06,-37.92,63.48,0,4.36,198.2,375.2,1.778,2.073,-34.18
5,99,2000,.384,1.082,-9.8,-38.1,-38,-37.86,63.57,0,4.293,198.2,375.6,1.779,2.075,-34.18
5,99,2100,.313,.766,-6.144,-39.17,-38.56,-37.85,63.17,0,4.355,198.1,376,1.782,2.078,-34.14
5,99,2200,.21,.532,-4.072,-39.65,-39.15,-37.91,62.75,0,4.597,198.2,376.3,1.782,2.078,-34.14
5,99,2300,.101,.262,-1.971,-40.3,-39.76,-37.98,62.21,0,4.666,198.3,376.6,1.784,2.08,-34.16
5,100,0,.04,.1,-.558,-41.77,-40.99,-37.99,61.16,0,4.72,198.4,376.6,1.789,2.086,-34.18
5,100,100,.012,.038,-.029,-42.64,-42.02,-38.01,60.21,0,4.821,198.3,376.7,1.791,2.089,-34.2
5,100,200,.002,.011,.187,-42.21,-41.99,-38.06,60.21,0,4.985,198.4,376.8,1.79,2.087,-34.24
5,100,300,0,.003,.226,-41.28,-41.22,-38.08,60.89,0,5.317,198.4,376.7,1.786,2.082,-34.27
5,100,400,0,.002,.252,-40.9,-40.81,-38.09,61.27,0,5.553,198.4,376.8,1.784,2.08,-34.29
5,100,500,0,.003,.305,-41.11,-40.65,-38.09,61.41,0,5.551,198.4,376.8,1.785,2.078,-34.29
5,100,600,.002,.006,.284,-42.25,-41.59,-38.04,60.55,0,5.522,198.4,376.8,1.79,2.087,-34.29
5,100,700,.005,.026,.126,-42.7,-42.23,-38.02,59.92,0,5.367,198.4,376.9,1.791,2.088,-34.29
5,100,800,.02,.076,-.378,-42.77,-42.3,-38.03,59.85,0,5.382,198.4,376.9,1.792,2.089,-34.31
5,100,900,.062,.225,-1.029,-42.69,-41.77,-38.03,60.45,0,5.43,198.5,376.8,1.791,2.09,-34.33
5,100,1000,.111,.445,-2.041,-42.65,-41.38,-38.03,60.81,0,5.471,198.5,376.8,1.792,2.085,-34.34
5,100,1100,.153,.702,-3.708,-41.69,-41.12,-38.07,61.07,0,5.653,198.4,376.9,1.789,2.06,-34.34
5,100,1200,.192,1.014,-6.233,-40.09,-39.65,-38.09,62.41,0,5.638,198.4,376.8,1.784,2.059,-34.35
5,100,1300,.224,1.237,-10.02,-38.66,-37.97,-38.05,64.13,0,5.836,198.5,376.9,1.78,2.072,-34.34
5,100,1400,.239,1.263,-12.16,-36.84,-35.93,-38,66.1,0,5.94,198.4,376.8,1.772,2.064,-34.32
5,100,1500,.256,1.589,-16.7,-35.43,-34.27,-37.97,67.75,0,6.408,198.5,376.8,1.768,2.059,-34.31
5,100,1600,.287,1.632,-18.56,-34.31,-33.41,-37.99,68.48,1.318,7.12,198.5,376.7,1.763,2.054,-34.25
5,100,1700,.319,1.532,-17.79,-33.47,-32.64,-37.99,69.19,5.88,7.47,218.7,376.8,1.76,2.05,-34.23
5,100,1800,.372,1.482,-16.35,-32.76,-32.04,-37.98,69.78,6.721,7.85,224.1,377,1.758,2.047,-34.23
5,100,1900,.33,1.141,-10.96,-32.37,-31.67,-37.87,70.1,6.811,7.94,222.3,377.3,1.756,2.046,-34.23
5,100,2000,.318,.926,-6.684,-32.48,-31.34,-37.76,70.5,6.4,7.47,219.5,377.7,1.756,2,-34.25
5,100,2100,.313,.762,-3.858,-32.81,-31.38,-37.64,70.5,6.542,7.56,217.1,378,1.757,2.026,-34.25
5,100,2200,.217,.466,-2.283,-33.28,-31.81,-37.61,70.1,6.37,7.49,215.8,378.3,1.759,2.047,-34.27
5,100,2300,.089,.212,-1.347,-34.13,-32.85,-37.58,69.06,5.739,6.988,213.3,378.6,1.761,2.05,-34.27
5,101,0,.026,.079,-.446,-34.56,-34.02,-37.7,67.9,6.44,7.52,211.5,378.8,1.762,2.052,-34.26
5,101,100,.01,.038,-.033,-34.45,-34.19,-37.83,67.7,6.785,7.91,210.7,379,1.761,2.052,-34.28
5,101,200,.003,.014,.231,-34.24,-33.92,-37.86,67.9,6.8,7.88,208.4,379.2,1.743,2.051,-34.3
5,101,300,.003,.004,.305,-35.22,-34.86,-37.81,67.09,6.46,7.44,204.1,379.5,1.746,2.054,-34.31
5,101,400,0,.003,.264,-35.68,-35.41,-37.84,66.61,6.83,7.87,203.8,379.5,1.765,2.058,-34.34
5,101,500,0,.003,.224,-36.05,-35.8,-37.86,66.24,7.18,8.23,202.8,379.6,1.757,2.059,-34.36
5,101,600,.002,.01,.126,-36.34,-36.11,-37.92,65.94,7.17,8.24,203.5,379.8,1.749,2.061,-34.37
5,101,700,.007,.035,-.11,-37.31,-37.08,-37.98,64.99,7.42,8.5,202.9,380,1.772,2.026,-34.37
5,101,800,.023,.088,-.509,-37.86,-37.61,-38.06,64.52,7.37,8.44,202.8,380.4,1.774,2.002,-34.38
5,101,900,.063,.237,-.974,-38.02,-37.76,-38,64.36,7.14,8.17,201.1,380.6,1.775,2.068,-34.4
5,101,1000,.115,.458,-1.884,-37.5,-37.25,-37.99,64.78,7.19,8.24,202.8,380.8,1.773,2.066,-34.41
5,101,1100,.161,.728,-3.575,-36.79,-36.61,-37.99,65.37,7.35,8.42,204.4,381.1,1.77,2.062,-34.43
5,101,1200,.2,1.015,-6.383,-35.84,-35.79,-37.92,66.12,7.34,8.41,206.9,381.6,1.768,2.059,-34.43
5,101,1300,.227,1.309,-10.15,-34.74,-34.58,-37.84,67.23,7.33,8.43,208.6,381.9,1.764,2.056,-34.43
5,101,1400,.245,1.509,-14.15,-33.63,-33.34,-37.72,68.3,7.2,8.31,209,382.4,1.761,2.05,-34.39
5,101,1500,.263,1.65,-18.14,-32.41,-32.08,-37.57,69.45,7.05,8.13,210.8,382.8,1.756,2.037,-34.37
5,101,1600,.309,1.72,-20.24,-31.26,-30.92,-37.45,70.5,7.1,8.19,213.7,383.4,1.752,1.994,-34.35
5,101,1700,.319,1.504,-17.78,-30.32,-29.89,-37.27,71.4,6.78,7.82,215.4,384.2,1.749,2.031,-34.34
5,101,1800,.351,1.369,-14.48,-29.47,-29.15,-37.16,72.1,6.522,7.53,216.6,384.7,1.745,2.032,-34.34
5,101,1900,.425,1.354,-10.26,-29.17,-28.87,-37.04,72.2,6.595,7.6,218,385.2,1.745,2.032,-34.36
5,101,2000,.446,1.157,-4.014,-29.66,-29.33,-37,71.8,6.456,7.46,216.2,385.6,1.747,2.034,-34.37
5,101,2100,.42,.913,-.224,-30.07,-29.71,-36.97,71.4,6.037,7.02,215.7,386.2,1.748,2.036,-34.37
5,101,2200,.365,.658,.733,-30.7,-30.35,-37.02,70.8,6.096,7.12,214.7,386.7,1.75,2.039,-34.38
5,101,2300,.269,.392,.131,-31.58,-31.25,-37.08,70,5.854,6.849,211.2,387.1,1.753,2.042,-34.4
5,102,0,.145,.18,-.208,-32.71,-32.37,-37.24,69.08,6.035,7.06,210.5,387.5,1.756,2.045,-34.39
5,102,100,.037,.06,-.043,-34.36,-34.08,-37.39,67.65,5.503,6.4,203.3,387.9,1.762,2.053,-34.38
5,102,200,.005,.02,.202,-35.22,-34.83,-37.56,67.16,5.516,6.493,207.8,388.2,1.764,2.055,-34.39
5,102,300,.003,.007,.321,-35.3,-34.92,-37.73,67.04,6.347,7.43,211.4,388.3,1.764,2.055,-34.42
5,102,400,.002,.003,.327,-35.75,-35.39,-37.83,66.59,6.249,7.31,209.5,388.7,1.766,2.058,-34.44
5,102,500,.002,.004,.293,-36.08,-35.73,-37.86,66.28,6.293,7.34,206.6,389,1.767,2.058,-34.47
5,102,600,.003,.013,.208,-36.45,-36.09,-37.85,65.99,6.163,7.12,206.4,389.2,1.73,2.061,-34.49
5,102,700,.008,.036,.003,-35.97,-35.62,-37.86,66.43,6.186,7.26,210,389.4,1.682,2.057,-34.51
5,102,800,.026,.1,-.538,-34.93,-34.62,-38.17,67.25,7.35,8.57,215.4,389.8,1.729,2.054,-34.52
5,102,900,.06,.237,-1.233,-34.23,-33.92,-38.33,67.88,7.2,8.42,215.1,390.1,1.761,2.051,-34.52
5,102,1000,.113,.466,-2.276,-33.37,-33.08,-38.18,68.57,7.56,8.77,214.6,390.4,1.757,2.046,-34.51
5,102,1100,.161,.732,-3.947,-32.7,-32.5,-38.01,69.14,7.52,8.76,215.4,390.8,1.756,2.045,-34.49
5,102,1200,.2,1.004,-6.662,-31.62,-31.49,-37.86,70.1,8.04,9.36,215.7,391,1.752,2.04,-34.47
5,102,1300,.236,1.323,-10.52,-30.69,-30.6,-37.72,70.9,8.13,9.46,216.9,391.3,1.749,2.037,-34.46
5,102,1400,.254,1.51,-14.21,-29.82,-29.68,-37.37,71.7,7.88,9.17,213.8,391.3,1.747,2.034,-34.43
5,102,1500,.278,1.539,-16.55,-28.73,-28.59,-37.02,72.7,7.39,8.61,214.4,391.5,1.742,2.028,-34.41
5,102,1600,.287,1.447,-16.53,-27.71,-27.52,-36.67,73.5,7.78,9.04,214.5,391.4,1.739,2.025,-34.4
5,102,1700,.339,1.47,-16.36,-27.18,-27.05,-36.31,73.9,6.943,7.94,207.3,391.5,1.732,2.023,-34.4
5,102,1800,.403,1.563,-16.32,-26.2,-26.07,-36.04,74.8,7.02,8.15,209.7,391.2,1.732,2.019,-34.41
5,102,1900,.305,1.076,-10.24,-26.32,-26.13,-35.96,74.7,8.25,9.45,208.6,390.9,1.71,2.019,-34.4
5,102,2000,.294,.978,-8.32,-26.29,-26.18,-35.88,74.7,7.83,9.02,204.7,390.6,1.622,2.012,-34.4
5,102,2100,.293,.828,-5.055,-25.62,-25.43,-35.56,75.3,7.35,8.5,206.2,390.5,1.639,2.016,-34.43
5,102,2200,.166,.508,-3.8,-25.62,-25.42,-35.48,75.4,7.48,8.65,207.2,390.4,1.653,2.016,-34.41
5,102,2300,.064,.24,-2.075,-25.53,-25.37,-35.24,75.6,6.678,7.71,202.2,390,1.667,2.014,-34.4
5,103,0,.032,.121,-.941,-24.82,-24.68,-35.35,76.1,7.94,9.14,208,389.5,1.663,2.013,-34.4
5,103,100,.014,.05,-.323,-24.82,-24.73,-35.34,76.1,8.32,9.51,205.8,389,1.665,2.012,-34.39
5,103,200,.005,.017,.01,-25.39,-25.25,-35.07,75.6,7.79,8.9,204.5,388.6,1.669,2.014,-34.39
5,103,300,.002,.008,.152,-26.32,-26.14,-34.91,74.9,7.64,8.76,200.8,388,1.674,2.018,-34.39
5,103,400,0,.004,.154,-26.9,-26.73,-35.03,74.4,7.45,8.54,200.3,387.3,1.675,2.021,-34.4
5,103,500,0,.006,.164,-27.41,-27.23,-35.08,74,6.061,6.954,200.4,386.8,1.677,2.021,-34.4
5,103,600,.003,.012,.134,-27.4,-27.19,-35.25,74,6,6.895,204.5,386.4,1.678,2.021,-34.41
5,103,700,.01,.034,-.097,-27.18,-27.03,-35.35,74.2,5.906,6.781,203.4,386,1.678,2.021,-34.43
5,103,800,.028,.099,-.543,-27.05,-26.82,-35.31,74.3,5.147,5.937,200.7,385.6,1.677,2.02,-34.43
5,103,900,.043,.157,-.86,-28.69,-28.4,-35.41,72.9,5.24,6.073,201.6,385.2,1.684,2.027,-34.42
5,103,1000,.102,.378,-1.677,-29.39,-29.17,-35.53,72.2,5.085,5.92,197.8,384.9,1.686,2.031,-34.44
5,103,1100,.118,.449,-2.292,-29,-28.76,-35.82,72.6,5.782,6.67,207.6,384.3,1.684,2.029,-34.45
5,103,1200,.237,.926,-5.253,-28.03,-27.89,-35.91,73.4,5.81,6.713,213.1,384.1,1.681,2.025,-34.47
5,103,1300,.412,1.727,-10.4,-26.89,-26.81,-35.69,74.3,6.921,7.92,216.7,383.9,1.677,2.021,-34.48
5,103,1400,.365,1.613,-11.03,-26.54,-26.34,-34.72,74.7,6.735,7.74,217.1,383.9,1.677,2.02,-34.43
5,103,1500,.406,1.76,-15.4,-26.19,-26.02,-33.69,74.9,5.621,6.493,214.2,383.8,1.677,2.019,-34.4
5,103,1600,.449,1.804,-16.57,-25.08,-24.8,-32.54,76,4.661,5.395,219.7,383.9,1.674,2.015,-34.4
5,103,1700,.499,1.806,-14.23,-24.49,-24.27,-32.18,76.4,6.633,7.55,221.5,384,1.671,2.012,-34.37
5,103,1800,.499,1.613,-8.52,-24.29,-24.1,-32.18,76.5,6.492,7.42,219.9,384.5,1.671,2.011,-34.38
5,103,1900,.425,1.258,-4.093,-24.45,-24.23,-32.19,76.4,5.728,6.609,219.1,385.1,1.671,2.011,-34.4
5,103,2000,.465,1.192,.252,-24.36,-24.05,-32.42,76.5,5.109,5.878,222.2,385.7,1.671,2.012,-34.43
5,103,2100,.257,.686,-1.607,-25.04,-24.63,-32.78,76.1,4.046,4.762,223.5,386.5,1.673,2.014,-34.42
5,103,2200,.142,.483,-3.446,-24.78,-24.53,-33.1,76.2,3.952,4.599,223.1,387,1.671,2.011,-34.4
5,103,2300,.07,.249,-1.832,-25.05,-24.81,-33.21,75.9,4.213,4.866,217.8,387.4,1.672,2.013,-34.41
5,104,0,.036,.124,-.858,-26.12,-25.91,-33.51,75,4.48,5.171,211.5,387.8,1.675,2.017,-34.41
5,104,100,.015,.049,-.267,-27.35,-27.2,-34.13,74,4.57,5.289,210.9,388.1,1.679,2.022,-34.41
5,104,200,.009,.022,.034,-26.97,-26.78,-34.65,74.4,4.699,5.47,213.1,388.2,1.678,2.02,-34.43
5,104,300,.002,.01,.22,-27.29,-26.87,-34.93,74.2,4.067,4.83,210.8,388.4,1.678,2.021,-34.44
5,104,400,0,.007,.152,-29.05,-28.62,-35.33,72.7,4.533,5.301,209,388.7,1.685,2.029,-34.43
5,104,500,.001,.008,.17,-30.52,-30.17,-35.88,71.4,4.676,5.492,217,389.2,1.69,2.035,-34.45
5,104,600,.005,.018,.089,-31.48,-30.9,-36.33,70.7,4.379,5.207,219.4,389.7,1.693,2.038,-34.46
5,104,700,.015,.052,-.141,-33.43,-33.01,-36.77,68.87,4.512,5.37,215.5,390,1.7,2.047,-34.47
5,104,800,.033,.117,-.397,-32.67,-32.39,-37.08,69.43,5.053,5.9,218.4,390.5,1.698,2.044,-34.5
5,104,900,.089,.3,-.02,-33.09,-32.63,-37.24,69.15,5.161,6.002,219.9,390.9,1.699,2.046,-34.52
5,104,1000,.165,.595,.361,-33.33,-32.91,-37.25,68.89,5.4,6.261,221.2,391.5,1.701,2.048,-34.52
5,104,1100,.22,.878,.48,-33.18,-32.84,-37.13,68.98,5.078,5.927,225.2,392,1.701,2.047,-34.51
5,104,1200,.272,1.161,-1.089,-32.43,-32.25,-36.91,69.48,5.528,6.371,225.2,392.4,1.699,2.045,-34.49
5,104,1300,.328,1.473,-5.522,-31.44,-31.24,-36.54,70.5,5.427,6.275,227,392.8,1.695,2.041,-34.48
5,104,1400,.366,1.672,-11.24,-30.76,-30.54,-36.03,71.1,5.512,6.366,226.4,393.3,1.693,2.039,-34.46
5,104,1500,.403,1.795,-16.44,-30.26,-30.06,-35.52,71.5,5.532,6.316,223.5,393.6,1.692,2.037,-34.43
5,104,1600,.441,1.851,-17.36,-29.89,-29.68,-35.2,71.8,5.544,6.314,220.7,393.9,1.691,2.035,-34.41
5,104,1700,.473,1.78,-12.93,-29.44,-29.23,-35.15,72.1,5.378,6.119,221.2,394.3,1.689,2.033,-34.4
5,104,1800,.506,1.681,-7.01,-29.43,-29.17,-35.2,72.1,5.266,6.056,218.4,394.6,1.689,2.033,-34.43
5,104,1900,.508,1.462,-.62,-29.43,-29.11,-35.4,72.1,4.981,5.758,217.8,394.9,1.689,2.033,-34.45
5,104,2000,.515,1.271,4.39,-29.85,-29.45,-35.63,71.7,4.685,5.45,214.8,395.1,1.69,2.035,-34.48
5,104,2100,.476,1.003,5.191,-30.62,-30.21,-35.96,71,4.832,5.634,214,395.2,1.693,2.038,-34.47
5,104,2200,.408,.723,4.263,-31.59,-31.17,-36.33,70.1,4.889,5.713,212.8,395.2,1.696,2.042,-34.49
5,104,2300,.312,.456,1.579,-32.92,-32.49,-36.7,68.97,4.854,5.699,210.3,395.1,1.7,2.048,-34.49
5,105,0,.194,.239,-.253,-34.37,-33.99,-37.05,67.73,5.177,6.077,210.1,395,1.704,2.052,-34.48
5,105,100,.082,.103,-.397,-35.65,-35.3,-37.35,66.65,5.413,6.324,209,394.8,1.709,2.058,-34.46
5,105,200,.018,.04,-.186,-36.36,-36.03,-37.59,66.04,5.719,6.649,209.2,394.6,1.711,2.061,-34.47
5,105,300,.004,.019,-.033,-36.93,-36.62,-37.78,65.5,5.919,6.894,209.9,394.2,1.713,2.062,-34.49
5,105,400,.002,.013,.001,-37.49,-37.18,-37.88,64.94,6.119,7.08,207.5,394,1.715,2.067,-34.53
5,105,500,.002,.015,0,-37.91,-37.64,-37.96,64.55,6.25,7.25,211.2,393.8,1.717,2.068,-34.54
5,105,600,.007,.028,-.036,-37.72,-37.42,-38.07,64.71,5.849,6.809,213.5,393.8,1.716,2.066,-34.56
5,105,700,.022,.068,-.142,-37.71,-37.41,-38.06,64.69,5.848,6.804,217.7,394,1.715,2.066,-34.56
5,105,800,.057,.189,.168,-37.63,-37.28,-38.06,64.8,6.091,7.06,218,394.1,1.716,2.066,-34.56
5,105,900,.117,.396,.493,-37.52,-37.1,-38.07,64.92,6.057,7.06,215.2,394.2,1.716,2.065,-34.56
5,105,1000,.168,.648,.174,-37.24,-36.91,-38.04,65.09,5.973,6.923,213.6,394.4,1.714,2.064,-34.55
5,105,1100,.213,.931,.354,-36.43,-36.2,-37.95,65.76,5.899,6.83,210.7,394.4,1.712,2.061,-34.55
5,105,1200,.25,1.247,-1.124,-35.37,-35.24,-37.86,66.62,6.229,7.19,213.1,394.3,1.709,2.057,-34.52
5,105,1300,.26,1.424,-6.093,-33.75,-33.49,-37.7,68.15,6.016,6.927,214.9,394.4,1.703,2.05,-34.49
5,105,1400,.283,1.695,-12.47,-32.4,-31.99,-37.48,69.4,6.058,7,215.7,394.5,1.698,2.045,-34.45
5,105,1500,.304,1.84,-17.4,-31.32,-30.93,-37.12,70.4,5.577,6.411,216.7,394.6,1.695,2.04,-34.43
5,105,1600,.333,1.898,-18.42,-30.4,-29.95,-36.75,71.2,5.525,6.379,215.2,394.5,1.691,2.036,-34.39
5,105,1700,.381,1.853,-14.17,-29.88,-29.47,-36.48,71.7,5.758,6.597,218.8,394.4,1.69,2.034,-34.37
5,105,1800,.43,1.725,-7.44,-29.37,-28.99,-36.32,72.1,5.598,6.406,220.5,394.2,1.688,2.032,-34.38
5,105,1900,.467,1.53,-.131,-29.08,-28.63,-36.22,72.4,5.066,5.809,220.9,394.2,1.687,2.032,-34.39
5,105,2000,.481,1.288,4.71,-29.2,-28.54,-36.17,72.4,4.392,5.114,218.3,394.1,1.688,2.032,-34.4
5,105,2100,.466,1.02,5.801,-29.93,-29.1,-36.3,71.8,4.101,4.838,213.4,394,1.691,2.036,-34.39
5,105,2200,.415,.745,5.007,-30.86,-30.01,-36.5,71,4.086,4.849,211.7,393.7,1.694,2.04,-34.4
5,105,2300,.319,.476,2.2,-31.86,-31.06,-36.73,70.1,4.251,5.07,212.4,393.4,1.697,2.043,-34.41
5,106,0,.207,.262,.215,-33.05,-32.36,-36.99,69.05,4.749,5.639,212.4,393,1.7,2.048,-34.38
5,106,100,.085,.115,-.232,-34.15,-33.56,-37.23,68.12,4.635,5.526,211.8,392.4,1.703,2.051,-34.36
5,106,200,.023,.046,-.126,-35.08,-34.53,-37.45,67.36,4.523,5.378,209.2,392,1.706,2.055,-34.36
5,106,300,.005,.023,.022,-35.74,-35.24,-37.6,66.75,4.932,5.832,210.1,391.6,1.708,2.057,-34.37
5,106,400,.003,.016,.036,-36.35,-35.92,-37.72,66.15,5.227,6.121,210,391.1,1.711,2.06,-34.39
5,106,500,.005,.019,.041,-36.63,-36.2,-37.79,65.87,5.194,6.08,208.6,390.8,1.711,2.061,-34.42
5,106,600,.008,.034,-.042,-36.98,-36.58,-37.83,65.5,5.548,6.451,208.1,390.6,1.713,2.063,-34.43
5,106,700,.031,.085,-.124,-37.25,-36.83,-37.86,65.24,5.338,6.244,209.3,390.4,1.714,2.063,-34.44
5,106,800,.068,.224,.221,-37.21,-36.74,-37.87,65.3,5.479,6.37,208.6,390.2,1.714,2.064,-34.45
5,106,900,.127,.442,.728,-36.65,-36.09,-37.87,65.89,5.472,6.346,207.3,390,1.711,2.061,-34.45
5,106,1000,.184,.72,.544,-36.02,-35.54,-37.82,66.36,5.389,6.253,208.1,389.7,1.71,2.059,-34.45
5,106,1100,.223,1.013,.905,-34.6,-34.24,-37.7,67.54,5.292,6.155,213.9,389.5,1.705,2.053,-34.43
5,106,1200,.25,1.305,-.774,-32.94,-32.7,-37.59,68.86,5.197,6.059,214.8,389.3,1.701,2.048,-34.38
5,106,1300,.264,1.56,-6.729,-31.85,-31.46,-37.36,69.95,5.208,6.045,213.1,389.4,1.697,2.043,-34.35
5,106,1400,.273,1.755,-13.79,-30.51,-30.11,-37.02,71.2,5.428,6.243,219,389.2,1.692,2.037,-34.31
5,106,1500,.291,1.881,-18.51,-29.49,-29.15,-36.53,72.1,5.32,6.103,220.2,389.2,1.688,2.033,-34.28
5,106,1600,.321,1.926,-19.19,-28.6,-28.39,-35.99,72.8,5.173,5.936,223.3,389,1.685,2.03,-34.24
5,106,1700,.374,1.859,-14.6,-27.85,-27.74,-35.65,73.3,4.682,5.433,225.7,389,1.683,2.027,-34.23
5,106,1800,.397,1.6,-8.83,-27.13,-27.11,-35.43,73.9,4.355,5.033,227,388.9,1.681,2.024,-34.23
5,106,1900,.336,1.221,-7.06,-26.25,-26.25,-35.25,74.7,4.636,5.33,233.5,389,1.677,2.019,-34.22
5,106,2000,.32,1.04,-3.999,-25.54,-25.46,-35.01,75.3,3.807,4.514,237.1,389.1,1.674,2.017,-34.23
5,106,2100,.238,.769,-3.67,-25.91,-25.66,-34.84,75.2,3.098,3.773,235.4,389,1.676,2.018,-34.22
5,106,2200,.159,.53,-3.013,-26.12,-25.87,-34.81,75,3.175,3.836,233.9,388.9,1.676,2.017,-34.2
5,106,2300,.122,.357,-1.701,-26.54,-26.32,-34.87,74.6,3.221,3.986,237.6,388.8,1.677,2.019,-34.19
5,107,0,.215,.303,.277,-29.36,-28.79,-35.32,72.5,2.924,3.748,226,388.6,1.689,2.033,-34.21
5,107,100,.12,.139,-.15,-32.12,-31.46,-36,70.1,3.259,4.099,223.5,388.3,1.698,2.043,-34.19
5,107,200,.033,.053,-.22,-34.07,-33.39,-36.61,68.41,3.407,4.24,220.3,388.2,1.704,2.05,-34.18
5,107,300,.008,.027,-.124,-35.3,-34.65,-37.04,67.36,3.257,4.053,218.9,388.1,1.708,2.055,-34.2
5,107,400,.004,.019,-.032,-36.24,-35.63,-37.34,66.47,3.349,4.13,217.8,387.8,1.711,2.059,-34.23
5,107,500,.003,.02,.025,-35.53,-35.14,-37.53,66.92,3.257,3.922,217.1,387.9,1.707,2.054,-34.26
5,107,600,.008,.036,-.096,-34.64,-34.32,-37.59,67.59,3.055,3.689,212,387.9,1.704,2.05,-34.29
5,107,700,.029,.091,-.389,-35.49,-35.08,-37.67,66.82,3.532,4.203,210.3,388,1.708,2.056,-34.28
5,107,800,.058,.211,-.478,-37.38,-36.88,-37.75,65.2,3.46,4.14,207.7,388,1.715,2.064,-34.28
5,107,900,.111,.418,-.579,-37.84,-37.27,-37.79,64.83,3.396,4.04,208.8,388,1.716,2.066,-34.3
5,107,1000,.177,.709,-.57,-37.46,-37.04,-37.79,65,3.322,3.924,208.1,388,1.715,2.064,-34.32
5,107,1100,.229,1.035,-.277,-36.93,-36.69,-37.79,65.27,3.154,3.756,212,388.3,1.715,2.063,-34.31
5,107,1200,.24,1.174,-2.879,-35.43,-35.59,-37.69,66.3,3.079,3.606,212,388.5,1.71,2.058,-34.26
5,107,1300,.272,1.502,-7.31,-33.81,-33.97,-37.54,67.7,2.63,3.092,216.5,388.8,1.707,2.054,-34.26
5,107,1400,.288,1.777,-14.26,-32.52,-32.54,-37.26,68.93,2.361,2.813,209.4,389,1.705,2.051,-34.22
5,107,1500,.304,1.865,-18.02,-31.42,-31.54,-36.85,69.85,2.216,2.706,214.3,389.2,1.702,2.048,-34.18
5,107,1600,.34,1.888,-17.84,-29.91,-30.24,-36.23,71.1,1.787,2.29,224.5,389.4,1.697,2.043,-34.16
5,107,1700,.382,1.903,-16.91,-28.78,-29.03,-35.7,72,1.747,2.386,226.3,389.5,1.696,2.041,-34.14
5,107,1800,.433,1.791,-11.27,-28.86,-29.07,-35.64,72,1.941,2.567,226.3,389.5,1.696,2.042,-34.14
5,107,1900,.471,1.59,-3.427,-29.24,-29.31,-35.76,71.8,1.872,2.565,226.5,389.9,1.697,2.042,-34.16
5,107,2000,.49,1.352,2.471,-29.99,-29.65,-36.02,71.3,1.946,2.771,226.5,390,1.699,2.045,-34.17
5,107,2100,.458,1.055,4.049,-30.89,-30.47,-36.37,70.6,2.069,2.851,226.4,390.2,1.701,2.048,-34.17
5,107,2200,.385,.76,3.155,-32.44,-31.7,-36.72,69.5,2.17,3.033,226.3,390.2,1.705,2.053,-34.16
5,107,2300,.302,.504,.862,-34.24,-33.4,-37.04,68.07,2.439,3.215,226.3,390,1.709,2.057,-34.16
5,108,0,.225,.308,-.747,-36.04,-34.85,-37.3,66.78,2.463,3.352,226.2,389.8,1.714,2.063,-34.16
5,108,100,.114,.151,-1.092,-37.95,-36.86,-37.54,65.03,2.5,3.359,226.1,389.7,1.72,2.069,-34.14
5,108,200,.048,.066,-.753,-39.19,-38.33,-37.69,63.8,2.566,3.45,226.1,389.5,1.722,2.072,-34.16
5,108,300,.012,.033,-.371,-39.76,-39.05,-37.82,63.16,2.556,3.506,226.1,389.2,1.724,2.074,-34.2
5,108,400,.007,.024,-.099,-39.9,-39.34,-37.87,62.88,2.726,3.705,226.2,388.9,1.723,2.074,-34.23
5,108,500,.007,.027,-.182,-40.15,-39.64,-37.93,62.54,2.855,3.822,226.1,388.5,1.724,2.075,-34.25
5,108,600,.01,.042,-.281,-40.15,-39.79,-37.94,62.43,3.175,4.059,224.8,388.4,1.724,2.075,-34.26
5,108,700,.041,.135,-.967,-39.46,-39.33,-37.95,62.84,3.99,4.271,204.2,388.4,1.721,2.073,-34.27
5,108,800,.063,.242,-1.199,-38.74,-38.44,-37.98,63.61,4.416,4.71,202.2,388.3,1.719,2.07,-34.28
5,108,900,.218,.848,-3.157,-37.73,-37.07,-37.93,64.86,4.666,4.831,204.1,388.2,1.716,2.067,-34.29
5,108,1000,.154,.646,-3.494,-35.13,-34.77,-37.87,66.95,4.52,5.027,205.3,387.9,1.706,2.055,-34.26
5,108,1100,.173,.731,-4.226,-33.4,-33.26,-37.77,68.32,4.571,5.165,205.6,387.7,1.701,2.048,-34.24
5,108,1200,.214,.985,-4.856,-32.09,-31.86,-37.63,69.6,4.225,4.877,207.6,387.5,1.697,2.043,-34.19
5,108,1300,.289,1.579,-8.16,-31.03,-30.37,-37.39,71,4.229,4.879,202.9,387.4,1.695,2.041,-34.16
5,108,1400,.291,1.629,-12.02,-29.88,-29.21,-36.99,72,4.419,5.079,206.8,387.1,1.691,2.036,-34.11
5,108,1500,.327,1.99,-17.84,-28.75,-28.06,-36.48,73,4.439,5.098,207.9,386.9,1.688,2.032,-34.08
5,108,1600,.355,2.048,-19.9,-27.8,-27.25,-35.88,73.7,4.383,4.987,208.8,386.5,1.685,2.029,-34.05
5,108,1700,.384,1.97,-16.99,-27.65,-27.33,-35.52,73.6,4.79,5.44,204.7,386,1.684,2.027,-34.02
5,108,1800,.425,1.778,-9.03,-27.61,-27.52,-35.54,73.4,4.709,5.374,203.8,385.6,1.683,2.026,-34.03
5,108,1900,.466,1.586,-1.37,-27.75,-27.71,-35.75,73.2,4.527,5.199,206,385.2,1.683,2.027,-34.05
5,108,2000,.453,1.258,4.234,-28.26,-28.19,-35.98,72.8,4.885,5.608,205.5,384.9,1.684,2.028,-34.06
5,108,2100,.494,1.114,6.891,-28.84,-28.77,-36.24,72.3,4.966,5.704,205.2,384.4,1.686,2.031,-34.07
5,108,2200,.447,.833,6.274,-29.71,-29.61,-36.47,71.5,5.292,6.059,206.2,383.8,1.689,2.034,-34.07
5,108,2300,.365,.562,3.362,-30.72,-30.56,-36.72,70.7,5.457,6.283,203.9,383.2,1.692,2.038,-34.06
5,109,0,.262,.337,.64,-31.94,-31.72,-36.97,69.75,5.94,6.807,201.6,382.6,1.696,2.044,-34.05
5,109,100,.156,.177,-.473,-33.01,-32.74,-37.2,68.86,5.781,6.66,202,381.9,1.7,2.048,-34.04
5,109,200,.055,.07,-.503,-34.14,-33.84,-37.42,67.96,5.751,6.655,200.9,381.2,1.703,2.05,-34.03
5,109,300,.018,.037,-.548,-34.99,-34.68,-37.56,67.25,5.902,6.814,198.9,380.3,1.706,2.056,-34.04
5,109,400,.015,.032,-.566,-35.62,-35.32,-37.67,66.68,6.181,7.14,199.4,379.6,1.708,2.057,-34.05
5,109,500,.014,.039,-.712,-35.88,-35.58,-37.77,66.45,6.237,7.19,200.9,378.9,1.71,2.06,-34.09
5,109,600,.035,.075,-.514,-35.95,-35.64,-37.81,66.35,6.313,7.3,198.9,378.2,1.709,2.06,-34.11
5,109,700,.071,.189,-.138,-36.01,-35.71,-37.81,66.27,6.416,7.38,201.5,377.6,1.71,2.06,-34.12
5,109,800,.104,.357,.281,-35.77,-35.43,-37.81,66.49,6.429,7.38,202.5,377.3,1.709,2.059,-34.13
5,109,900,.161,.585,2.607,-35.05,-34.69,-37.84,67.16,6.611,7.61,203.3,376.8,1.707,2.056,-34.12
5,109,1000,.214,.839,5.653,-34.38,-34.12,-37.82,67.64,6.838,7.84,202.7,376.5,1.706,2.055,-34.1
5,109,1100,.255,1.138,6.092,-33.08,-32.89,-37.68,68.74,6.916,7.93,204.8,376.2,1.701,2.048,-34.08
5,109,1200,.275,1.371,1.069,-31.54,-31.44,-37.51,70,7.02,8.05,206.9,376.1,1.696,2.041,-34.05
5,109,1300,.303,1.641,-6.172,-30.3,-30.18,-37.24,71.1,7.38,8.43,207.2,376,1.692,2.037,-34.03
5,109,1400,.322,1.81,-13.2,-29.16,-29.04,-36.9,72.1,7.54,8.62,208.6,376,1.688,2.033,-33.99
5,109,1500,.364,1.915,-16.73,-27.74,-27.63,-36.49,73.3,8.14,9.32,214.7,376.1,1.682,2.026,-33.96
5,109,1600,.388,1.94,-17.94,-26.59,-26.47,-36.2,74.3,8.6,9.79,218.1,376.2,1.678,2.022,-33.93
5,109,1700,.418,1.723,-10.66,-25.38,-25.27,-35.7,75.4,8.63,9.76,220.4,376.3,1.673,2.017,-33.92
5,109,1800,.435,1.51,-5.74,-23.95,-23.9,-35.12,76.6,8.82,9.97,223.9,376.3,1.668,2.011,-33.91
5,109,1900,.558,1.649,2.369,-23.58,-23.55,-34.56,76.7,9.09,10.31,221.3,376.5,1.668,2.01,-33.94
5,109,2000,.397,1.121,.574,-23.18,-23.11,-33.67,77.1,8.4,9.64,214.7,376.5,1.666,2.008,-33.91
5,109,2100,.298,.857,-1.373,-22.21,-22.08,-32.58,78,8.25,9.39,208.4,376.5,1.662,2.004,-33.89
5,109,2200,.227,.678,-2.125,-21.24,-21.09,-31.62,78.9,9.47,10.88,213.5,376.1,1.659,2,-33.87
5,109,2300,.271,.699,-1.466,-20.98,-20.81,-30.69,79.1,9.26,10.61,212.8,375.9,1.658,1.999,-33.86
5,110,0,.142,.429,-1.468,-20.44,-20.32,-29.66,79.5,10,11.48,211.6,375.6,1.656,1.997,-33.84
5,110,100,.039,.129,-.365,-20.17,-20.05,-29.2,79.8,10.73,12.23,218.6,375.4,1.655,1.997,-33.83
5,110,200,.02,.061,-.408,-20.47,-20.35,-29.01,79.5,11.11,12.72,214.8,374.9,1.656,1.997,-33.81
5,110,300,.008,.023,-.821,-21.22,-21.06,-28.64,79,11.59,13.35,211.7,374.2,1.659,1.999,-33.81
5,110,400,.007,.017,-.885,-21.86,-21.69,-28.4,78.5,11.02,12.55,210.3,373.9,1.661,2.003,-33.81
5,110,500,.008,.022,-1.104,-22.37,-22.18,-28.65,78.1,9.43,10.74,205.1,373.6,1.662,2.004,-33.81
5,110,600,.015,.05,-1.417,-22.23,-21.97,-29.31,78.3,9.97,11.48,211.7,372.8,1.662,2.004,-33.83
5,110,700,.031,.098,-1.402,-22.6,-22.33,-29.3,78,9.05,10.37,210.5,372.4,1.663,2.006,-33.83
5,110,800,.055,.198,-1.478,-23.18,-22.87,-29.41,77.5,7.52,8.7,212.3,372.2,1.664,2.008,-33.83
5,110,900,.109,.378,-.928,-23.34,-22.91,-29.73,77.5,7.68,8.87,212.2,371.5,1.665,2.008,-33.84
5,110,1000,.224,.808,2.223,-22.73,-22.4,-29.34,77.9,8.04,9.23,217.6,371.2,1.664,2.007,-33.85
5,110,1100,.282,1.088,5.576,-21.92,-21.69,-28.05,78.4,8.73,9.98,221.1,370.9,1.661,2.002,-33.83
5,110,1200,.322,1.241,5.702,-21.13,-20.97,-26.64,79,9.75,11.17,226.3,370.7,1.659,2.001,-33.8
5,110,1300,.394,1.551,9.08,-20.79,-20.65,-25.31,79.2,10.15,11.64,229.2,370.7,1.658,1.982,-33.78
5,110,1400,.47,1.752,10.17,-20.85,-20.8,-24.86,79,10.63,12.17,230.1,370.4,1.658,1.966,-33.74
5,110,1500,.51,1.9,9.62,-21.09,-21.12,-25.26,78.7,11.6,13.26,231.6,370.2,1.659,1.956,-33.72
5,110,1600,.541,1.992,10.51,-21.62,-21.72,-26.01,78.2,10.99,12.63,236.1,370.2,1.661,1.96,-33.69
5,110,1700,.58,1.957,9.01,-21.9,-22,-27.13,78,10.41,11.97,237,370.3,1.662,1.965,-33.69
5,110,1800,.609,1.827,6.652,-22.19,-22.25,-27.7,77.8,10.6,12.13,233.9,370.3,1.663,1.968,-33.7
5,110,1900,.617,1.657,5.374,-22.68,-22.68,-28.25,77.4,11.54,13.09,231,370.1,1.664,1.971,-33.72
5,110,2000,.584,1.422,4.82,-23.21,-23.18,-28.92,77,11.32,12.86,231.6,370.3,1.666,1.974,-33.73
5,110,2100,.554,1.163,4.296,-23.7,-23.63,-29.94,76.7,10.84,12.34,233.7,370.7,1.667,1.976,-33.73
5,110,2200,.509,.896,-.569,-24.38,-24.27,-31.04,76.2,10.95,12.53,235.6,370.8,1.669,1.978,-33.72
5,110,2300,.431,.627,-3.478,-25.2,-25.07,-31.76,75.5,10.64,12.22,237,370.9,1.672,1.982,-33.71
5,111,0,.341,.407,-5.622,-26.01,-25.83,-32.97,74.9,10.86,12.49,238,371.2,1.674,1.985,-33.7
5,111,100,.244,.235,-6.202,-27.14,-26.91,-33.86,74.1,9.94,11.5,239.2,371.8,1.678,1.991,-33.69
5,111,200,.145,.124,-5.292,-28.34,-28.08,-34.08,73.1,8.49,9.97,242.7,372.5,1.682,1.996,-33.69
5,111,300,.064,.065,-4.69,-29.82,-29.45,-34.61,72,7.32,8.47,237.8,373,1.686,2.002,-33.7
5,111,400,.048,.047,-4.55,-30.67,-30.28,-35.34,71.3,7.04,8.17,235.5,373.2,1.688,2.006,-33.73
5,111,500,.043,.084,-2.762,-30.81,-30.56,-35.88,71.2,6.727,7.71,234.4,373.4,1.69,2.007,-33.77
5,111,600,.034,.087,-1.059,-28.82,-28.66,-36.15,72.8,7.95,9.06,234.3,373.7,1.683,1.997,-33.81
5,111,700,.066,.185,-2.227,-28.95,-28.71,-36.02,72.7,7.99,9.09,232.4,374,1.684,1.999,-33.81
5,111,800,.088,.258,-.441,-28.6,-28.51,-36.18,72.9,7.8,8.88,233,374.4,1.682,1.998,-33.81
5,111,900,.125,.363,-.027,-27.42,-27.37,-35.92,73.9,6.931,8.18,241.4,374.7,1.679,1.993,-33.81
5,111,1000,.187,.546,-.416,-27.23,-27.18,-35.2,73.9,6.653,7.76,236.8,375,1.678,1.991,-33.81
5,111,1100,.289,.9,-1.532,-27.81,-27.77,-34.42,73.4,6.305,7.28,231.4,375.1,1.68,1.995,-33.77
5,111,1200,.361,1.124,-.492,-26.4,-26.41,-33.44,74.5,6.043,7.14,236.1,375.4,1.676,1.989,-33.77
5,111,1300,.472,1.492,.138,-25.14,-25.16,-31.95,75.5,6.025,7.24,238.3,375.8,1.672,1.985,-33.76
5,111,1400,.475,1.444,.274,-24.18,-24.18,-30.42,76.3,6.409,7.69,240.4,376.2,1.669,1.981,-33.73
5,111,1500,.654,1.97,1.979,-22.74,-22.92,-29.05,77.2,6.973,8.42,243.7,376.3,1.664,1.976,-33.73
5,111,1600,.604,1.812,1.799,-22.23,-22.38,-27.13,77.6,6.616,8.01,244.9,376.7,1.662,1.973,-33.7
5,111,1700,.666,1.904,1.722,-21.54,-21.72,-24.81,78,6.044,7.35,246.1,377.2,1.65,1.971,-33.69
5,111,1800,.602,1.589,.476,-21.14,-21.27,-23.38,78.5,6.044,7.37,244.9,377.3,1.659,1.97,-33.66
5,111,1900,.614,1.487,-.086,-21.21,-21.24,-22.87,78.5,6.331,7.65,240,377.5,1.659,1.97,-33.67
5,111,2000,.448,1.084,-.414,-21.48,-21.43,-23.38,78.4,6.559,7.93,233.4,377.9,1.66,1.968,-33.64
5,111,2100,.32,.788,-.347,-21.89,-21.82,-24.29,78.1,5.239,6.268,232.1,378.2,1.66,1.943,-33.62
5,111,2200,.231,.578,-.296,-22.26,-22.21,-25.33,78,5.255,6.382,232.9,378.5,1.661,1.95,-33.63
5,111,2300,.145,.365,-.534,-22.43,-22.33,-26.44,77.9,5.343,6.466,233.1,378.8,1.662,1.955,-33.63
5,112,0,.111,.286,-.556,-22.53,-22.41,-27.34,77.9,5.809,7.1,235.2,379.3,1.662,1.955,-33.63
5,112,100,.046,.116,-.846,-23.31,-23.17,-28.17,77.3,5.483,6.726,234.3,379.6,1.665,1.959,-33.63
5,112,200,.032,.081,-.998,-23.94,-23.8,-29.15,76.8,5.455,6.673,233.3,379.8,1.666,1.966,-33.63
5,112,300,.016,.046,-1.327,-24.65,-24.45,-30.12,76.3,4.821,5.796,229.2,380.1,1.668,1.97,-33.64
5,112,400,.013,.038,-.926,-24.63,-24.46,-30.89,76.3,4.822,5.794,236.2,380.5,1.669,1.97,-33.65
5,112,500,.014,.045,-.483,-24.5,-24.37,-31.25,76.4,4.756,5.681,240.9,380.8,1.668,1.969,-33.65
5,112,600,.023,.072,-.584,-24.63,-24.5,-31.39,76.3,3.991,4.804,242.5,381.1,1.668,1.97,-33.65
5,112,700,.04,.135,-.914,-24.82,-24.62,-31.48,76.1,4.277,5.147,229.3,381.4,1.669,1.971,-33.65
5,112,800,.073,.249,-1.072,-25.63,-25.42,-31.8,75.5,4.312,5.052,222,381.7,1.672,1.975,-33.65
5,112,900,.125,.417,-.999,-25.69,-25.51,-32.14,75.4,4.353,5.098,218.6,382,1.673,1.975,-33.66
5,112,1000,.185,.602,.022,-24.77,-24.73,-31.98,75.9,4.162,4.815,218.1,382.2,1.67,1.972,-33.67
5,112,1100,.238,.764,-.572,-25.07,-25.01,-31.31,75.7,3.385,3.956,214.8,382.3,1.671,1.973,-33.66
5,112,1200,.305,.971,.122,-23.66,-23.68,-30.29,76.8,3.23,3.88,225.6,382.3,1.667,1.968,-33.66
5,112,1300,.404,1.224,.388,-21.83,-21.84,-28.27,78.2,3.594,4.396,234.1,382.5,1.661,1.961,-33.67
5,112,1400,.763,1.65,.581,-20.77,-20.75,-24.58,78.9,3.325,4.093,233.7,382.8,1.658,1.958,-33.65
5,112,1500,.51,1.453,.32,-20.29,-20.36,-20.71,79.2,2.469,2.982,250.5,383,1.657,1.956,-33.6
5,112,1600,.602,1.635,.576,-19.47,-19.62,-18.36,79.7,3.192,3.87,255.3,382.9,1.654,1.953,-33.58
5,112,1700,.652,1.726,.715,-19.09,-19.16,-16.27,80,3.099,3.711,254.8,382.9,1.653,1.952,-33.57
5,112,1800,.611,1.593,.229,-18.73,-18.71,-15.32,80.3,4.258,5.099,241.8,382.6,1.651,1.951,-33.53
5,112,1900,.539,1.386,-.189,-18.89,-18.78,-15.94,80.2,3.553,4.403,231.8,382.5,1.652,1.951,-33.53
5,112,2000,.427,1.128,-.038,-18.94,-18.84,-17.28,80.3,3.145,3.873,232.5,382.6,1.652,1.951,-33.52
5,112,2100,.314,.797,-.456,-19.38,-19.08,-18.26,80.2,2.292,3.011,227.4,382.6,1.653,1.952,-33.49
5,112,2200,.305,.741,-.404,-20.16,-19.63,-19.77,79.8,1.784,2.503,212.9,382.5,1.656,1.955,-33.5
5,112,2300,.258,.657,-.451,-20.45,-20.09,-21.55,79.5,2.414,3.082,205.7,382.5,1.657,1.955,-33.5
5,113,0,.167,.443,-.289,-20.97,-20.7,-23.4,79.1,2.42,3.082,208.5,382.5,1.658,1.957,-33.5
5,113,100,.076,.206,-.666,-21.3,-21.02,-24.9,78.9,3.197,3.937,215.2,382.4,1.658,1.956,-33.49
5,113,200,.044,.119,-.931,-21.76,-21.3,-26.19,78.8,2.721,3.475,209.9,382.2,1.659,1.959,-33.49
5,113,300,.026,.065,-.903,-22.08,-21.64,-27.23,78.6,3.171,3.968,208.3,381.9,1.66,1.96,-33.49
5,113,400,.021,.056,-.897,-22.42,-21.89,-28.06,78.4,2.988,3.793,212.8,381.6,1.661,1.962,-33.49
5,113,500,.019,.05,-.566,-22.07,-21.77,-28.5,78.6,3.074,3.838,209.6,381.3,1.661,1.961,-33.5
5,113,600,.03,.078,-.951,-21.2,-20.78,-28.03,79.3,3.834,4.717,213.6,381,1.657,1.957,-33.51
5,113,700,.053,.142,-1.305,-21.14,-20.69,-26.93,79.3,4.03,4.917,214.6,380.9,1.655,1.956,-33.51
5,113,800,.098,.262,-2.373,-22.77,-22.2,-27.01,78.1,4.048,5.028,216.2,381,1.651,1.964,-33.48
5,113,900,.156,.406,-2.684,-23.11,-22.54,-27.91,77.8,4.856,5.922,225.3,381.2,1.662,1.965,-33.48
5,113,1000,.362,.855,-1.528,-22.22,-21.94,-26.98,78.3,5.611,6.914,235.8,381.7,1.662,1.962,-33.49
5,113,1100,.679,1.184,-1.235,-21.96,-21.78,-24.04,78.3,5.669,6.868,237.8,382.5,1.662,1.925,-33.47
5,113,1200,1.328,1.512,-.836,-22.59,-22.53,-21.51,77.6,4.855,5.997,235,383.2,1.665,1.918,-33.43
5,113,1300,1.969,1.919,.586,-22.18,-22.12,-20.41,77.8,5.797,7.05,234.7,383.6,1.664,1.947,-33.4
5,113,1400,2.694,2.021,.665,-21.82,-21.78,-20.2,77.8,5.96,7.23,231.1,383.7,1.662,1.963,-33.39
5,113,1500,2.819,2.039,1.679,-21.4,-21.36,-20.76,78.2,5.68,6.939,235.1,383.7,1.661,1.961,-33.37
5,113,1600,2.439,2.136,2.274,-20.81,-20.79,-20.91,78.7,5.002,6.096,236.2,383.7,1.659,1.944,-33.37
5,113,1700,1.673,2.097,1.603,-20.21,-20.34,-20.74,79,5.414,6.486,251.8,383.9,1.655,1.944,-33.37
5,113,1800,1.264,1.872,.373,-20.28,-20.4,-20.18,78.9,4.803,5.718,257.5,383.9,1.656,1.957,-33.37
5,113,1900,.986,1.767,-.863,-20.71,-20.74,-19.79,78.5,4.203,5.05,255.4,384.1,1.656,1.959,-33.39
5,113,2000,.753,1.523,-.876,-21.36,-21.25,-20.6,78.1,3.191,3.909,250.5,384.3,1.661,1.962,-33.41
5,113,2100,.497,.954,-.904,-22.51,-22.31,-23.59,77.6,2.85,3.556,250.6,384.5,1.664,1.966,-33.32
5,113,2200,.4,.742,-1.454,-23.13,-22.85,-26.53,77.2,2.614,3.331,248.5,384.7,1.666,1.967,-33.3
5,113,2300,.261,.473,-1.632,-25.04,-24.6,-29.11,75.9,2.295,3.145,241.4,384.8,1.672,1.974,-33.31
5,114,0,.181,.29,-2.745,-27.79,-26.84,-31.44,74,1.533,2.578,237.1,384.9,1.681,1.985,-33.31
5,114,100,.192,.265,-3.658,-29.63,-28.7,-33.39,72.5,2.198,3.316,227.1,384.9,1.687,1.991,-33.34
5,114,200,.13,.169,-3.098,-30.56,-29.63,-34.75,71.8,2.65,3.893,222.5,384.8,1.69,1.995,-33.36
5,114,300,.099,.122,-2.862,-31.6,-30.49,-35.7,71,2.593,3.731,209.2,384.6,1.694,1.999,-33.37
5,114,400,.105,.145,-1.912,-31.07,-30.45,-36.32,71.3,3.252,4.18,201.1,384.3,1.692,1.997,-33.4
5,114,500,.078,.158,-1.26,-28.94,-28.63,-36.6,72.8,4.097,4.96,211.7,384.1,1.684,1.989,-33.45
5,114,600,.052,.104,-1.196,-28.28,-27.79,-36.56,73.6,3.843,4.745,209.3,384,1.681,1.985,-33.45
5,114,700,.096,.197,-1.325,-27.72,-27.26,-36.34,74,4.096,4.979,208.9,383.8,1.677,1.983,-33.43
5,114,800,.138,.272,-.465,-27.06,-26.81,-36.02,74.5,4.122,4.958,208.2,383.9,1.67,1.981,-33.42
5,114,900,.218,.439,-.281,-25.29,-25.07,-35.3,75.8,4.263,5.161,217.1,383.9,1.664,1.974,-33.42
5,114,1000,.358,.648,-.054,-24.62,-24.53,-33.99,76.2,4.553,5.453,219.3,383.8,1.664,1.972,-33.38
5,114,1100,1.319,1.41,-.51,-24.1,-24.01,-31.8,76.4,4.747,5.647,223,383.9,1.659,1.971,-33.37
5,114,1200,2.342,1.602,-.259,-24.21,-24.21,-28.84,76.2,4.861,5.801,221.6,384.1,1.656,1.972,-33.32
5,114,1300,3.208,1.725,.178,-24.13,-24.04,-26.06,76.2,4.809,5.746,215.7,384,1.659,1.972,-33.27
5,114,1400,3.904,1.927,.361,-23.86,-23.71,-23.7,76.4,3.037,3.775,229.6,384.2,1.662,1.972,-33.27
5,114,1500,3.474,1.995,.256,-23.54,-23.37,-20.79,76.6,3.37,4.208,234.5,384.3,1.66,1.971,-33.22
5,114,1600,2.621,1.947,.535,-23.21,-23.1,-20.83,76.8,3.962,4.844,231.2,384,1.658,1.969,-33.19
5,114,1700,2.32,2.142,.59,-22.57,-22.51,-21.95,77.2,4.361,5.34,235.3,384,1.657,1.967,-33.2
5,114,1800,1.553,1.799,-.459,-22.69,-22.61,-22.32,77,4.052,4.937,230.1,384,1.657,1.963,-33.22
5,114,1900,1.206,1.645,-.718,-22.91,-22.86,-23.83,76.9,3.808,4.515,226,384.1,1.657,1.962,-33.23
5,114,2000,.93,1.388,-.964,-23.52,-23.39,-25.07,76.5,3.332,4.025,222.5,384.1,1.659,1.965,-33.25
5,114,2100,.723,1.186,-1.598,-24.82,-24.42,-27.15,75.6,2.147,2.937,225.6,384.4,1.665,1.972,-33.28
5,114,2200,.445,.718,-1.673,-27.08,-25.93,-29.95,74.6,1.275,2.223,209.6,384.5,1.672,1.98,-33.21
5,114,2300,.459,.738,-2.798,-28.15,-27.57,-32.18,73.1,2.207,3.043,218.7,384.5,1.675,1.985,-33.24
5,115,0,.383,.551,-5.062,-29.79,-29.08,-33.79,71.8,2.754,3.737,220,384.6,1.68,1.992,-33.26
5,115,100,.278,.355,-5.914,-31.31,-30.64,-34.97,70.6,3.164,4.136,219.2,384.8,1.684,1.997,-33.22
5,115,200,.182,.212,-4.735,-32.7,-32.05,-35.88,69.45,3.397,4.337,218.4,384.9,1.689,2,-33.2
5,115,300,.093,.122,-3.483,-33.95,-33.34,-36.53,68.43,3.66,4.601,214.9,384.9,1.69,2.004,-33.2
5,115,400,.062,.084,-2.861,-34.5,-33.95,-36.98,67.97,3.865,4.825,217.1,385,1.682,2.007,-33.22
5,115,500,.054,.1,-2.653,-35.02,-34.55,-37.26,67.47,4.104,5.037,216.5,385.1,1.682,2.009,-33.25
5,115,600,.089,.174,-2.95,-35.15,-34.69,-37.46,67.34,3.98,4.884,213.6,385.3,1.685,2.009,-33.26
5,115,700,.116,.278,-3.552,-34.82,-34.43,-37.58,67.5,4.481,5.43,214.9,385.6,1.687,2.008,-33.3
5,115,800,.141,.481,-4.652,-34.75,-34.33,-37.65,67.5,4.503,5.423,210.7,386,1.688,2.008,-33.3
5,115,900,.196,.734,-4.319,-34.67,-34.26,-37.6,67.56,4.723,5.634,207,386.4,1.692,2.008,-33.28
5,115,1000,.363,1.006,-2.635,-34.11,-33.85,-37.52,67.87,4.884,5.793,206.5,386.8,1.691,2.003,-33.26
5,115,1100,.514,1.295,-.918,-33.17,-33.09,-37.3,68.55,5.017,5.912,205.6,387.3,1.691,2.004,-33.24
5,115,1200,.648,1.567,-1.231,-31.62,-31.69,-36.93,69.81,4.923,5.804,207.1,387.7,1.687,1.997,-33.22
5,115,1300,.836,1.8,-4.08,-30.33,-30.26,-36.25,71,4.757,5.608,204.8,388,1.682,1.993,-33.19
5,115,1400,1.162,1.976,-8.5,-29.03,-28.97,-35.34,72,4.766,5.617,206.3,388.3,1.678,1.988,-33.16
5,115,1500,1.377,2.092,-12.26,-27.81,-27.75,-34.19,73,4.387,5.161,206.4,388.6,1.673,1.982,-33.12
5,115,1600,1.445,2.142,-13.02,-26.85,-26.81,-32.84,73.8,4.23,4.994,205,388.8,1.67,1.979,-33.09
5,115,1700,1.285,2.105,-10.71,-26.05,-26.03,-31.89,74.4,4.265,5.052,209.1,389,1.668,1.975,-33.07
5,115,1800,.887,1.986,-7.28,-25.47,-25.39,-31.73,74.8,4.219,5.04,212,389.2,1.665,1.973,-33.1
5,115,1900,.671,1.802,-3.732,-25.29,-25.12,-31.87,74.9,3.855,4.665,214.3,389.3,1.665,1.973,-33.11
5,115,2000,.594,1.564,-.987,-25.64,-25.43,-32.12,74.7,3.622,4.45,214.7,389.7,1.659,1.974,-33.12
5,115,2100,.492,1.286,-.871,-26.32,-26.07,-32.95,74.1,3.793,4.659,212.6,389.9,1.661,1.977,-33.1
5,115,2200,.427,1,-1.512,-27.38,-27.12,-33.97,73.3,3.978,4.877,210.3,390.2,1.665,1.981,-33.1
5,115,2300,.317,.653,-2.652,-28.63,-28.3,-34.8,72.5,4.105,5.051,208.6,390.3,1.668,1.984,-33.07
5,116,0,.245,.469,-3.316,-29.28,-28.92,-35.53,72.1,4.2,5.12,208.7,390.4,1.67,1.987,-33.04
5,116,100,.205,.336,-4.65,-29.92,-29.55,-36.06,71.6,4.356,5.326,206.3,390.4,1.672,1.988,-33.03
5,116,200,.135,.193,-4.15,-30.77,-30.35,-36.49,71,4.533,5.527,207.2,390.4,1.676,1.992,-33.03
5,116,300,.082,.133,-3.44,-31.39,-30.94,-36.81,70.5,4.536,5.545,207.6,390.5,1.678,1.995,-33.02
5,116,400,.058,.089,-2.897,-31.99,-31.53,-37.04,70.1,4.63,5.618,206.8,390.3,1.68,1.997,-33.02
5,116,500,.061,.115,-2.949,-32.05,-31.66,-37.17,69.98,4.818,5.824,207.2,390.3,1.682,1.997,-33.04
5,116,600,.117,.215,-3.388,-31.93,-31.66,-37.24,69.93,4.942,5.937,203.6,390.4,1.681,1.998,-33.05
5,116,700,.175,.265,-3.155,-30.63,-30.34,-37.19,71.1,4.959,5.984,210.8,390.6,1.678,1.992,-33.06
5,116,800,.238,.242,-1.652,-30.32,-30.06,-37,71.3,4.99,5.969,207,390.7,1.676,1.99,-33.04
5,116,900,.514,.501,-.847,-29.18,-29.05,-36.75,72.1,5.074,6.033,210.1,390.8,1.673,1.986,-33.04
5,116,1000,.868,.834,-1.482,-27.64,-27.47,-36.08,73.2,4.778,5.709,212.1,391,1.667,1.979,-33.03
5,116,1100,1.27,1.208,-.343,-26.62,-26.62,-34.81,73.7,4.917,5.865,212.9,391.2,1.664,1.976,-33
5,116,1200,1.597,1.5,.585,-25.5,-25.65,-33.4,74.4,4.738,5.655,213.9,391.4,1.662,1.972,-32.95
5,116,1300,1.898,1.755,1.123,-24.18,-24.29,-31.49,75,4.979,5.95,217.6,391.4,1.657,1.967,-32.92
5,116,1400,2.136,1.946,1.361,-23.15,-23.3,-29.03,75,5.133,6.041,219.5,391.2,1.654,1.963,-32.88
5,116,1500,2.298,2.075,1.154,-21.83,-22.02,-26.24,74.9,5.428,6.328,222.6,391.1,1.649,1.958,-32.85
5,116,1600,2.395,2.161,1.24,-20.69,-20.91,-23.24,75.3,5.064,5.95,227.4,391,1.645,1.953,-32.83
5,116,1700,2.413,2.161,1.435,-19.64,-19.96,-20.77,75.2,5.194,6.061,225.8,390.9,1.642,1.95,-32.82
5,116,1800,2.239,1.969,.235,-19.44,-19.69,-20.77,74.7,5.138,6.033,225.7,390.8,1.641,1.948,-32.82
5,116,1900,2.048,1.783,-.526,-19.38,-19.62,-21.69,73.5,5.006,5.878,223,390.7,1.641,1.948,-32.83
5,116,2000,1.819,1.576,-.076,-19.52,-19.7,-23.05,72.6,5.211,6.127,222.3,390.6,1.641,1.949,-32.83
5,116,2100,1.526,1.323,.048,-19.94,-20.04,-24.68,71.9,5.195,6.125,219.9,390.6,1.643,1.951,-32.82
5,116,2200,1.224,1.065,-.579,-20.57,-20.59,-26.26,71.3,4.934,5.85,212.6,390.5,1.644,1.953,-32.84
5,116,2300,.933,.808,-1.919,-21.62,-21.54,-27.74,70.5,4.827,5.763,208.6,390.3,1.647,1.957,-32.83
5,117,0,.66,.571,-3.849,-22.74,-22.56,-29.49,69.02,4.848,5.806,205,389.9,1.651,1.962,-32.8
5,117,100,.389,.376,-5.125,-23.82,-23.55,-31.15,67.02,4.989,5.98,206.4,389.6,1.655,1.966,-32.78
5,117,200,.226,.251,-4.654,-24.69,-24.39,-32.52,65.74,5.171,6.181,203.4,389.1,1.658,1.969,-32.76
5,117,300,.118,.174,-3.836,-25.35,-25.01,-33.61,64.87,5.432,6.442,200.4,388.7,1.659,1.971,-32.76
5,117,400,.109,.145,-3.057,-25.9,-25.54,-34.34,63.9,5.714,6.674,198.7,388.3,1.661,1.973,-32.76
5,117,500,.092,.162,-3.633,-26.36,-26,-34.84,63.79,5.849,6.83,197.6,387.8,1.663,1.975,-32.77
5,117,600,.174,.235,-4.622,-26.5,-26.16,-35.14,64.59,6.062,7.04,198.7,387.4,1.664,1.976,-32.77
5,117,700,.31,.368,-6.436,-26.13,-25.8,-35.06,70.7,6.473,7.52,201.4,387,1.663,1.975,-32.78
5,117,800,.34,.568,-6.941,-25.42,-25.03,-34.14,72.2,5.994,7.01,200.4,386.9,1.66,1.971,-32.79
5,117,900,.609,.803,-5.28,-25.14,-24.73,-32.52,71.4,6.006,7.04,201.9,386.7,1.659,1.97,-32.77
5,117,1000,1.109,1.068,-2.963,-24.38,-24.08,-30.67,71.9,6.102,7.2,203,386.6,1.658,1.967,-32.76
5,117,1100,1.414,1.345,-.711,-23.46,-23.29,-28.46,72.4,6.44,7.56,203.3,386.5,1.655,1.965,-32.74
5,117,1200,1.715,1.606,.504,-22.25,-22.19,-26.09,73.3,6.602,7.75,205.6,386.3,1.651,1.961,-32.71
5,117,1300,1.983,1.822,1.066,-20.88,-20.73,-23.28,73.2,6.366,7.5,210,386.1,1.647,1.955,-32.69
5,117,1400,2.214,2.007,.938,-19.66,-19.55,-20.26,73.5,6.548,7.72,212.3,385.9,1.643,1.951,-32.66
5,117,1500,2.365,2.125,.262,-18.39,-18.3,-16.91,74.3,6.601,7.78,211.7,385.6,1.639,1.946,-32.64
5,117,1600,2.428,2.178,.08,-17.29,-17.23,-13.51,74.6,6.592,7.83,215.8,385.4,1.636,1.942,-32.61
5,117,1700,2.408,2.14,.017,-16.36,-16.33,-12.04,74.3,6.736,7.93,220,385.4,1.633,1.939,-32.6
5,117,1800,2.301,2.024,-.982,-15.64,-15.63,-11.67,73.6,6.431,7.59,225.6,385.6,1.631,1.936,-32.62
5,117,1900,2.118,1.844,-1.529,-15.34,-15.32,-11.6,73.8,6.21,7.35,226.1,385.7,1.63,1.935,-32.63
5,117,2000,1.866,1.619,-.85,-15.27,-15.22,-12.76,74.5,6.464,7.66,226.1,385.7,1.63,1.927,-32.62
5,117,2100,1.568,1.363,-.66,-15.38,-15.28,-14.39,76.3,6.531,7.74,224.9,385.9,1.63,1.921,-32.61
5,117,2200,1.274,1.111,-1.484,-15.39,-15.22,-15.3,77.3,5.938,7.11,227.4,386,1.629,1.925,-32.62
5,117,2300,.975,.852,-2.982,-15.98,-15.76,-16.15,78.1,5.709,6.882,226.7,386.1,1.631,1.921,-32.61
5,118,0,.627,.548,-4.697,-17.72,-17.34,-18.54,78.4,4.585,5.626,221.5,386.1,1.636,1.93,-32.57
5,118,100,.341,.318,-5.078,-19.47,-18.89,-22.05,79.1,4.104,5.136,216.5,386,1.64,1.935,-32.52
5,118,200,.252,.237,-4.719,-20.37,-19.79,-25.01,78.7,4.398,5.477,213.4,385.9,1.636,1.939,-32.53
5,118,300,.137,.168,-3.683,-21.65,-21.06,-27.54,78.2,4.527,5.619,215.3,385.7,1.642,1.944,-32.53
5,118,400,.161,.163,-3.054,-21.35,-20.8,-29.1,78.1,5.196,6.371,218,385.8,1.641,1.943,-32.56
5,118,500,.167,.207,-2.53,-21.9,-21.38,-29.73,76.8,5.121,6.258,216.1,386,1.644,1.944,-32.56
5,118,600,.368,.368,-2.457,-22.43,-21.97,-30.15,75.8,4.674,5.761,212.3,386.2,1.638,1.947,-32.56
5,118,700,.418,.393,.634,-19.35,-19.18,-28.92,76.8,5.89,7.1,222,386.6,1.619,1.936,-32.61
5,118,800,.458,.425,.604,-18.99,-18.96,-23.71,78.8,7.89,9.33,226.3,387,1.629,1.931,-32.58
5,118,900,.254,.243,-1.06,-21.31,-21.17,-21.83,68.03,5.628,6.657,223.6,387.2,1.639,1.937,-32.52
5,118,1000,.993,.964,-3.723,-23.53,-23.16,-24.74,65.08,4.493,5.396,219.9,387.1,1.648,1.945,-32.5
5,118,1100,1.397,1.334,-1.913,-22.71,-22.45,-24.16,66.36,5.377,6.405,223.8,387.2,1.647,1.943,-32.52
5,118,1200,1.488,1.396,-.866,-21.98,-21.81,-21.78,69.8,4.823,5.795,225.5,387.1,1.646,1.94,-32.51
5,118,1300,1.899,1.754,-.14,-20.43,-20.26,-19.41,73.8,5.633,6.702,226.1,387.1,1.642,1.935,-32.51
5,118,1400,2.116,1.923,-.116,-18.57,-18.39,-14.71,73.1,4.235,5.233,233.2,387.5,1.637,1.929,-32.5
5,118,1500,2.401,2.159,-.656,-17.74,-17.68,-10.17,72.5,4.121,4.98,226.2,387.7,1.634,1.925,-32.46
5,118,1600,2.125,1.905,-.867,-17.45,-17.08,-7.56,70.5,1.832,2.512,217.4,387.7,1.634,1.924,-32.44
5,118,1700,2.225,1.981,-.875,-15.86,-15.63,-4.716,64.96,1.428,1.851,175.8,387.8,1.631,1.92,-32.49
5,118,1800,2.021,1.788,-.683,-16.61,-16.41,-9.15,72.2,2.44,3.155,218.7,387.7,1.63,1.921,-32.41
5,118,1900,1.666,1.472,-.924,-17.82,-16.77,-14.52,70.5,1.369,2.149,185.1,387.7,1.634,1.924,-32.45
5,118,2000,1.358,1.214,-.299,-18.39,-18.04,-19.24,74.2,2.592,3.335,192,387.6,1.635,1.927,-32.36
5,118,2100,1.192,1.081,.192,-17.65,-17.34,-21.8,75.8,2.981,3.751,205.2,387.5,1.633,1.924,-32.38
5,118,2200,1.071,.967,-.584,-18.19,-17.96,-22.91,75,2.767,3.48,198.5,387.5,1.634,1.925,-32.41
5,118,2300,.788,.707,-1.313,-20.47,-20.03,-24.66,74.1,2.13,2.827,175.1,387.3,1.642,1.934,-32.39
5,119,0,.511,.469,-1.173,-21.41,-20.93,-26.73,75.9,2.253,2.988,184.1,387.2,1.644,1.937,-32.37
5,119,100,.266,.249,-.71,-22.2,-21.93,-28.07,75.4,2.584,3.262,185,387,1.646,1.94,-32.37
5,119,200,.167,.159,-1.11,-22.6,-22.25,-29.1,76.6,2.883,3.64,211,386.9,1.647,1.941,-32.39
5,119,300,.13,.123,-1.157,-23.05,-22.57,-30.07,77.4,2.815,3.665,226,386.7,1.649,1.943,-32.4
5,119,400,.119,.117,-1.458,-23.84,-23.05,-30.85,77.5,1.622,2.587,236.1,386.8,1.652,1.946,-32.41
5,119,500,.096,.095,-1.079,-26.04,-24.09,-31.94,77,.832,1.722,189.9,386.8,1.659,1.952,-32.39
5,119,600,.214,.206,-.914,-26.06,-24.85,-32.96,76.5,1.326,2.235,226.8,386.8,1.659,1.955,-32.42
5,119,700,.259,.245,-.421,-25.39,-24.86,-33.43,76,1.085,1.791,256.2,387,1.656,1.955,-32.46
5,119,800,.341,.327,-.55,-26.16,-25.58,-33.6,74.8,1.328,2.09,218.8,387.2,1.659,1.958,-32.44
5,119,900,.438,.407,.149,-25.75,-25.6,-33.72,74.9,2.397,3.069,225.1,387.1,1.657,1.954,-32.44
5,119,1000,.623,.575,.259,-24.17,-24.18,-32.97,75.3,2.399,2.989,228.5,387.4,1.651,1.946,-32.46
5,119,1100,1.119,1.04,-.388,-23.73,-23.73,-31.55,73.8,1.816,2.378,223.3,387.5,1.65,1.945,-32.44
5,119,1200,1.417,1.315,-.611,-23.34,-23.29,-29.75,73,1.512,2.218,230.7,387.8,1.649,1.946,-32.4
5,119,1300,1.523,1.396,-.091,-22.68,-22.69,-28.31,72.3,1.441,2.035,223.1,388,1.647,1.954,-32.37
5,119,1400,1.959,1.786,-.4,-21.53,-21.77,-26.46,70.2,1.255,1.745,229.1,388.1,1.645,1.939,-32.36
5,119,1500,2.148,1.956,-.065,-20.47,-20.78,-24.26,70.8,1.882,2.333,243.7,388.2,1.64,1.934,-32.31
5,119,1600,2.384,2.168,-.4,-19.64,-19.95,-23.04,71.2,2.466,2.96,248.9,388,1.635,1.93,-32.28
5,119,1700,2.579,2.329,-1.048,-19.61,-20.06,-22.76,69.51,2.432,2.919,243.1,388.2,1.634,1.93,-32.26
5,119,1800,2.38,2.13,-1.893,-20.32,-20.79,-24.77,69.02,2.329,2.907,236.1,388.1,1.637,1.933,-32.22
5,119,1900,2.074,1.838,-1.612,-20.96,-21.35,-26.51,68.91,2.1,2.675,231.1,388,1.638,1.935,-32.24
5,119,2000,1.823,1.615,-.729,-22.09,-22.28,-28.13,68.53,1.772,2.348,216.4,387.9,1.642,1.939,-32.27
5,119,2100,1.525,1.358,-.63,-23.19,-23.17,-29.6,69.52,2,2.626,211,387.8,1.644,1.942,-32.27
5,119,2200,1.189,1.065,-1.235,-24.1,-23.88,-30.95,70.2,1.941,2.65,208.8,387.6,1.648,1.944,-32.28
5,119,2300,.89,.799,-1.841,-25.47,-25.17,-32.21,70.4,2.235,2.995,204.2,387.3,1.652,1.949,-32.27
5,120,0,.412,.378,-1.901,-26.66,-26.26,-33.4,71.6,2.461,3.258,203.7,387,1.655,1.952,-32.24
5,120,100,.305,.287,-2.362,-28.31,-27.78,-34.4,71.8,2.51,3.383,205.4,386.7,1.659,1.957,-32.25
5,120,200,.309,.302,-2.771,-29.14,-28.72,-35.21,70.7,2.601,3.424,203.5,386.4,1.662,1.961,-32.31
5,120,300,.253,.263,-2.111,-29.88,-29.64,-35.8,69.96,2.923,3.673,199.3,386.1,1.664,1.964,-32.32
5,120,400,.235,.24,-1.65,-30.55,-30.39,-36.21,70.1,3.479,4.242,204,385.6,1.667,1.967,-32.32
5,120,500,.236,.271,-2.666,-31.29,-31.12,-36.51,69.49,3.588,4.294,202,385.4,1.668,1.97,-32.34
5,120,600,.272,.297,-3.244,-32.17,-31.98,-36.74,68.5,3.652,4.376,197.2,385,1.67,1.974,-32.34
5,120,700,.34,.338,-1.981,-32.28,-32.17,-36.91,68.84,4.038,4.825,196.6,384.6,1.668,1.975,-32.34
5,120,800,.431,.477,-1.812,-31.46,-31.37,-36.98,68.94,3.833,4.535,196.4,384.3,1.667,1.972,-32.37
5,120,900,.705,.709,-2.732,-30.73,-30.5,-36.89,68.93,4.15,4.958,197.2,384,1.668,1.968,-32.38
5,120,1000,1.158,1.126,-3.272,-30.83,-30.64,-36.7,67.85,4.146,4.981,196.4,383.7,1.656,1.963,-32.34
5,120,1100,1.524,1.465,-1.17,-30.38,-30.35,-36.54,67.56,3.96,4.732,193.8,383.3,1.653,1.957,-32.31
5,120,1200,1.69,1.601,-.31,-29.51,-29.58,-36.39,67.91,3.718,4.465,191.7,383.1,1.662,1.962,-32.29
5,120,1300,2.022,1.881,.154,-28.44,-28.44,-36.13,66.68,3.88,4.624,191.3,382.7,1.661,1.626,-32.29
5,120,1400,2.301,2.112,-.479,-27.36,-27.42,-35.67,66.73,3.999,4.74,191.4,382.4,1.652,1.92,-32.24
5,120,1500,2.452,2.233,-2.277,-26.44,-26.57,-35.15,66.52,4.005,4.749,193.2,382,1.653,1.954,-32.2
5,120,1600,2.457,2.223,-2.803,-25.81,-25.95,-34.68,65.6,3.984,4.721,188.9,381.6,1.655,1.959,-32.18
5,120,1700,2.459,2.207,-2.614,-25.09,-25.23,-34.33,65.51,4.037,4.813,191.7,381.3,1.652,1.635,-32.17
5,120,1800,2.375,2.11,-2.415,-24.83,-24.95,-34.02,65.25,3.856,4.562,190.2,380.9,1.634,1.963,-32.18
5,120,1900,2.192,1.928,-1.457,-24.82,-24.91,-33.9,65.06,4.123,4.909,192.7,380.4,1.63,1.959,-32.17
5,120,2000,1.949,1.708,-.303,-25.07,-25.1,-34.15,65.01,3.977,4.771,192.6,380,1.638,1.957,-32.18
5,120,2100,1.652,1.449,-.115,-25.6,-25.53,-34.56,64.95,3.736,4.519,191.3,379.7,1.641,1.956,-32.19
5,120,2200,1.349,1.182,-1.14,-26.39,-26.23,-34.99,65.21,3.846,4.685,194,379.3,1.644,1.96,-32.19
5,120,2300,1.049,.912,-2.645,-27.42,-27.19,-35.42,65.31,3.963,4.86,189.8,379,1.65,1.963,-32.18
5,121,0,.788,.68,-4.52,-28.47,-28.16,-35.92,65.37,3.964,4.89,189.1,378.8,1.655,1.962,-32.18
5,121,100,.542,.492,-6.26,-29,-28.64,-36.22,65.96,4.596,5.553,192,378.6,1.658,1.968,-32.18
5,121,200,.335,.341,-6.612,-29.94,-29.59,-36.36,66.5,5.082,6.09,192.1,378.5,1.665,1.974,-32.18
5,121,300,.136,.244,-5.424,-30.89,-30.47,-36.65,67.13,4.586,5.531,194.6,378.3,1.671,1.976,-32.17
5,121,400,.147,.21,-5.146,-31.14,-30.73,-36.73,67.94,5.404,6.459,197.6,378.1,1.674,1.977,-32.18
5,121,500,.157,.234,-5.505,-31.74,-31.38,-36.61,67.47,5.759,6.846,198.4,378.1,1.681,1.978,-32.17
5,121,600,.274,.322,-6.529,-32.29,-31.94,-36.61,66.51,5.807,6.953,197.3,378.1,1.68,1.981,-32.18
5,121,700,.439,.448,-7.5,-32.43,-32.09,-36.93,66.21,5.703,6.631,197,378.3,1.647,1.982,-32.18
5,121,800,.21,.622,-6.471,-32.47,-32.15,-36.69,66.29,5.521,6.467,195.8,378.4,1.646,1.978,-32.18
5,121,900,.837,.857,-4.725,-31.53,-31.09,-36.91,67.38,5.187,6.093,199.5,378.5,1.677,1.953,-32.18
5,121,1000,1.208,1.15,-2.885,-30.56,-30.3,-36.83,68.22,5.696,6.729,206,378.8,1.676,1.622,-32.16
5,121,1100,1.522,1.436,-.765,-29.49,-29.38,-36.71,69.21,5.719,6.74,208,379.2,1.673,1.906,-32.15
5,121,1200,1.831,1.705,.287,-28.47,-28.49,-36.56,69.16,5.663,6.681,208.8,379.4,1.67,1.88,-32.13
5,121,1300,2.103,1.932,.177,-27.39,-27.36,-36.67,67.93,5.311,6.214,210,379.8,1.667,1.831,-32.11
5,121,1400,2.313,2.101,-.7,-26.25,-26.26,-36.34,67.34,4.558,5.359,207.2,380.3,1.663,1.823,-32.08
5,121,1500,2.464,2.227,-2.601,-24.94,-25.02,-35.72,67.58,4.248,4.98,212.6,380.5,1.658,1.819,-32.04
5,121,1600,2.531,2.287,-3.36,-23.93,-24.06,-34.43,67.66,4.094,4.814,214.3,380.8,1.655,1.814,-32.01
5,121,1700,2.522,2.261,-3.06,-23.31,-23.46,-33.15,67.38,4.012,4.71,212.9,381,1.653,1.812,-31.98
5,121,1800,2.414,2.141,-2.494,-23.09,-23.23,-31.9,66.86,3.767,4.44,214.1,381.1,1.652,1.811,-31.98
5,121,1900,2.224,1.954,-1.321,-23.09,-23.19,-31.29,66.7,3.757,4.435,212.5,381.2,1.652,1.812,-31.99
5,121,2000,1.974,1.725,-.073,-23.33,-23.37,-31.29,66.97,3.699,4.393,212.3,381.2,1.653,1.813,-32
5,121,2100,1.679,1.466,.144,-23.88,-23.82,-31.9,67.01,3.737,4.467,210.4,381.3,1.654,1.815,-31.99
5,121,2200,1.361,1.187,-.784,-24.83,-24.71,-32.77,66.89,3.867,4.661,208.1,381.3,1.657,1.82,-31.99
5,121,2300,1.033,.895,-2.185,-25.94,-25.72,-33.68,67.06,4.041,4.898,206.9,381.2,1.66,1.825,-31.98
5,122,0,.807,.691,-4.01,-26.84,-26.54,-34.45,68.28,4.144,5.064,207.7,381.3,1.664,1.826,-31.99
5,122,100,.554,.492,-5.74,-27.95,-27.56,-35.01,69.17,4.155,5.108,206.7,381.3,1.667,1.946,-31.98
5,122,200,.35,.347,-6.214,-29.14,-28.71,-35.41,69.2,4.374,5.299,201.8,381.2,1.671,1.956,-31.97
5,122,300,.18,.251,-5.061,-30.22,-29.79,-35.69,69.67,4.407,5.315,201.9,381.1,1.674,1.96,-31.97
5,122,400,.164,.207,-4.041,-31.09,-30.68,-35.94,69.5,4.743,5.657,200.6,381,1.677,1.962,-31.98
5,122,500,.185,.229,-4.237,-31.54,-31.18,-35.81,68.91,5.248,6.247,198.6,380.9,1.679,1.967,-31.99
5,122,600,.332,.315,-5.297,-31.82,-31.46,-36.02,68.19,5.29,6.313,197.3,381,1.68,1.97,-32.01
5,122,700,.477,.457,-6.586,-31.73,-31.41,-36.33,67.85,5.476,6.49,199.5,381,1.681,1.968,-32.01
5,122,800,.224,.659,-5.897,-31.44,-31.16,-36.55,67.34,5.569,6.596,196.1,380.9,1.679,1.969,-32.01
5,122,900,.905,.909,-4.526,-31.11,-30.76,-36.68,66.96,5.77,6.835,196,381,1.679,1.966,-31.99
5,122,1000,1.264,1.189,-2.585,-30.41,-30.16,-36.83,66.77,5.508,6.562,194,381.1,1.676,1.965,-31.98
5,122,1100,1.569,1.468,-1.026,-29.45,-29.37,-36.69,67.53,5.596,6.713,191.8,381.1,1.674,1.966,-31.97
5,122,1200,1.872,1.735,-1.04,-28.14,-28.18,-36.38,67.57,5.734,6.911,192.7,381.2,1.671,1.958,-31.96
5,122,1300,2.156,1.974,-2.412,-27.02,-27,-35.88,66.63,5.706,6.857,191.3,381.3,1.668,1.954,-31.93
5,122,1400,2.371,2.154,-3.443,-25.89,-25.92,-35,66.89,5.975,7.16,190.8,381.5,1.665,1.954,-31.89
5,122,1500,2.505,2.265,-4.159,-24.62,-24.68,-33.96,67.38,6.05,7.21,193.8,381.4,1.66,1.952,-31.86
5,122,1600,2.583,2.335,-3.869,-23.36,-23.44,-32.58,67.96,6.041,7.17,196,381.4,1.656,1.947,-31.84
5,122,1700,2.553,2.29,-3.052,-22.47,-22.56,-31.32,67.71,5.541,6.618,195.1,381.4,1.653,1.944,-31.82
5,122,1800,2.445,2.171,-2.331,-21.78,-21.84,-30.01,67.43,5.172,6.241,193.2,381.4,1.651,1.941,-31.82
5,122,1900,2.26,1.988,-1.139,-21.31,-21.34,-28.56,67.77,5.563,6.723,193.8,381.4,1.649,1.938,-31.83
5,122,2000,2.015,1.767,0,-21.33,-21.31,-28.25,67.7,5.154,6.233,190.3,381.1,1.649,1.938,-31.84
5,122,2100,1.731,1.519,.092,-21.62,-21.5,-29.03,67.59,5.036,5.995,185.6,381.1,1.65,1.943,-31.84
5,122,2200,1.421,1.245,-1.074,-22.05,-21.86,-29.72,67.95,5.305,6.346,185.5,381,1.651,1.942,-31.83
5,122,2300,1.117,.969,-2.708,-22.78,-22.51,-30.54,67.66,5.473,6.492,181.2,380.9,1.653,1.94,-31.83
5,123,0,.847,.726,-4.514,-23.85,-23.51,-31.59,67.85,5.287,6.3,180.1,380.7,1.657,1.945,-31.81
5,123,100,.612,.54,-6.489,-24.45,-24.08,-31.98,68.42,5.725,6.831,182.2,380.5,1.659,1.951,-31.81
5,123,200,.401,.394,-7.32,-25.59,-25.19,-32.61,68.98,5.584,6.669,184.3,380.3,1.662,1.955,-31.79
5,123,300,.184,.292,-6.44,-26.35,-25.92,-33.23,69.86,5.598,6.711,187.3,380.3,1.664,1.96,-31.79
5,123,400,.114,.253,-5.193,-27.44,-27.02,-33.95,69.6,5.384,6.474,187,380.2,1.669,1.958,-31.78
5,123,500,.182,.278,-6.179,-28.38,-27.88,-35.36,69.16,4.393,5.32,183.1,380.1,1.672,1.966,-31.78
5,123,600,.336,.366,-7.02,-28.54,-28.13,-35.7,68.68,5.047,6.144,191.2,380,1.672,1.963,-31.79
5,123,700,.51,.505,-7.87,-28.84,-28.46,-36.12,67.69,4.754,5.814,195,380.1,1.673,1.968,-31.79
5,123,800,.307,.696,-6.454,-28.9,-28.5,-36.41,67.03,4.343,5.216,201.1,380.3,1.674,1.969,-31.79
5,123,900,.951,.941,-4.711,-28.68,-28.22,-36.59,67.22,4.508,5.366,204.1,380.3,1.673,1.967,-31.78
5,123,1000,1.288,1.206,-2.445,-28.27,-27.92,-36.71,67.52,3.566,4.28,208.9,380.5,1.671,1.965,-31.76
5,123,1100,1.417,1.318,-.392,-27.71,-27.56,-36.71,69.8,3.073,3.804,215.7,380.6,1.67,1.963,-31.75
5,123,1200,1.56,1.438,.661,-25.51,-25.56,-36.09,72.4,2.706,3.339,242.1,380.7,1.664,1.956,-31.79
5,123,1300,1.476,1.358,.84,-23.22,-23.25,-34.42,75.1,2.782,3.213,283.2,380.7,1.655,1.947,-31.78
5,123,1400,1.96,1.799,1.168,-21.67,-21.85,-30.85,76,1.51,2.454,285.3,380.9,1.651,1.943,-31.76
5,123,1500,2.003,1.841,.893,-20.66,-20.98,-26.35,76.8,2.726,4.33,279.3,380.8,1.647,1.937,-31.68
5,123,1600,2.084,1.914,1.014,-20.41,-20.89,-23.73,75.8,3.639,4.539,61.8,380.9,1.646,1.937,-31.66
5,123,1700,1.877,1.729,.77,-20.37,-20.89,-22.17,74.3,3.288,3.811,33.69,381,1.645,1.938,-31.63
5,123,1800,1.885,1.738,.542,-20.34,-20.95,-21.88,72.5,2.676,3.026,13.48,380.9,1.645,1.938,-31.61
5,123,1900,1.872,1.72,.171,-20.68,-21.22,-21.47,71.4,2.966,3.39,16.41,380.8,1.648,1.939,-31.59
5,123,2000,1.501,1.373,-.757,-21.01,-21.47,-21.54,71.7,1.979,2.386,28.61,380.5,1.649,1.942,-31.61
5,123,2100,1.471,1.327,-.659,-20.58,-22.29,-22.32,68.99,.539,1.174,18.93,380.3,1.654,1.946,-31.68
5,123,2200,1.407,1.263,-.92,-21.28,-21.22,-23.4,60.59,.207,.218,20.48,380.2,1.659,1.949,-31.76
5,123,2300,1.112,.995,-2.446,-27.32,-23.67,-27.64,71,.833,1.701,125.4,379.9,1.667,1.962,-31.62
5,124,0,.775,.695,-3.015,-28.91,-28.61,-31.12,68.63,2.157,2.95,206.4,379.4,1.672,1.968,-31.54
5,124,100,.501,.458,-4.831,-30.01,-29.52,-33.49,68.78,2.664,3.58,208.3,379,1.675,1.97,-31.59
5,124,200,.415,.409,-7.06,-31.9,-31.45,-35.05,66.97,3.356,4.267,201.5,378.7,1.681,1.979,-31.66
5,124,300,.224,.315,-6.404,-33.18,-32.77,-36.1,64.73,3.937,4.82,201.9,378.3,1.682,1.984,-31.68
5,124,400,.095,.269,-5.051,-33.95,-33.56,-36.57,65.41,4.277,5.173,200.3,378,1.687,1.986,-31.7
5,124,500,.195,.283,-6.016,-34.11,-33.73,-36.57,65.98,4.854,5.804,199.7,377.7,1.689,1.988,-31.74
5,124,600,.354,.37,-6.658,-34.07,-33.72,-36.66,65.91,5.033,6.011,198.3,377.5,1.691,1.988,-31.76
5,124,700,.525,.517,-7.77,-34.14,-33.83,-36.95,65.16,4.815,5.787,192.8,377.5,1.691,1.989,-31.76
5,124,800,.367,.725,-6.148,-33.74,-33.42,-37.1,64.21,4.976,5.906,188.8,377.3,1.69,1.987,-31.75
5,124,900,.988,.973,-4.396,-33.28,-32.88,-37.18,63.88,5.177,6.127,186.8,377.4,1.689,1.985,-31.72
5,124,1000,1.327,1.245,-2.047,-32.47,-32.21,-37.07,63.59,5.017,5.889,186.7,377.3,1.687,1.982,-31.7
5,124,1100,1.638,1.529,.192,-31.59,-31.5,-36.65,64.59,5.199,6.126,188.8,377.4,1.684,1.977,-31.69
5,124,1200,1.943,1.798,.931,-30.1,-30.14,-36.2,64.77,5.108,6.084,193.6,377.5,1.68,1.969,-31.68
5,124,1300,2.22,2.03,.682,-28.4,-28.35,-35.43,64.04,5.355,6.351,196.7,377.7,1.674,1.96,-31.67
5,124,1400,2.441,2.227,-.019,-26.82,-26.81,-34.89,63.95,4.976,5.917,197.1,377.9,1.668,1.96,-31.63