212,147,2100,-6999,-6999,-6999,-6999,-6999,20.94,20.06,.008,.014,201,158.2,0,1.305,1.415
188,147,2100,-6999,-6999,-6999,-6999,-6999,-6999,-6999,-6999,-6999,-6999,-3.334,-1.201,1.013,12.81
212,147,2200,-6999,-6999,.892,-6999,-6999,50.81,45.05,.001,0,175.7,146.6,613.7,1.556,1.557
188,147,2200,-6999,-6999,-6999,-6999,-6999,-6999,-6999,-6999,-6999,-6999,-3.445,-1.167,.039,12.78
212,147,2300,.357,.286,.666,-6999,-2.797,69.35,60.31,0,0,164.2,155.5,614.4,1.538,1.285
188,147,2300,-6999,-6999,-6999,-6999,-6999,-6999,-6999,-6999,-6999,-6999,-2.693,-.629,.013,12.8
212,148,0,.63,.408,1.114,.908,1.122,27.21,27.16,.002,.001,166.7,164.8,614.7,1.816,1.301
188,148,0,4.774,6.079,7.42,6.853,10.05,9.92,7.88,7.93,10.65,4.681,5.949,6.588,.091,12.8
212,148,100,.53,.505,-.011,4.956,4.571,37.11,29.18,0,0,151.2,156,614.9,2.693,1.61
188,148,100,-2.16,-2.492,2.011,-.84,-3.186,-2.687,-1.694,-.052,2.179,-2.725,.916,2.122,.007,12.8
212,148,200,.625,.59,.166,2.663,1.719,27.4,25.37,0,0,141.2,154.5,614.8,2.136,1.589
188,148,200,1.336,.258,4.051,4.309,.332,-1.167,1.809,2.815,5.45,.273,3.468,7.84,0,12.78
212,148,300,.688,.459,.396,.274,-.936,30.43,22.06,0,0,139,154.2,614.7,1.586,1.577
188,148,300,1.218,-.671,2.185,3.255,-.824,-2.842,.316,-.257,8.2,.061,-.208,7.27,0,12.78
212,148,400,.687,.212,.682,-.002,-1.922,33.33,24.59,0,0,139.9,154.4,614.6,1.267,1.574
188,148,400,1.19,.433,2.131,1.116,-2.994,-2.818,.348,-.671,8.36,.534,-1.499,2.713,0,12.78
212,148,500,.987,.482,.687,-1.874,-3.409,42.11,28.28,0,0,140.4,154.4,614.6,1.321,1.575
188,148,500,-1.785,-2.543,-1.397,-2.922,-5.14,-4.053,-1.276,-2.922,3.816,-1.704,-3.137,-1.154,0,12.77
212,148,600,3.078,2.436,.462,-2.697,-3.749,46.38,29.83,0,0,142.1,154.3,614.4,.807,1.57
188,148,600,-2.149,-2.58,-1.947,-3.399,-4.53,-4.082,-1.248,-3.339,1.653,-1.026,-3.816,-2.161,0,12.77
212,148,700,3.162,2.451,-1.002,-2.681,-3.914,40.54,27.51,0,0,142.8,154.4,614.5,1.075,1.568
188,148,700,.05,.752,.752,-1.152,-4.25,-2.635,.642,-2.014,2.959,2.723,-2.743,.728,0,12.77
212,148,800,3.045,2.242,-3.141,-3.478,-4.676,36.13,30.1,0,0,142.8,154.5,614.7,.536,1.567
188,148,800,1.307,3.638,-.114,.202,.759,2.108,1.563,.869,4.377,11.66,-1.249,-1.028,0,12.76
212,148,900,3.686,2.71,-5.389,-5.034,-5.873,36.04,35.07,0,0,142.8,154.6,614.9,0,1.815
188,148,900,-2.823,-2.011,-4.699,-3.469,.653,1.287,-2.954,-2.009,-.148,9.67,-2.678,-4.29,0,12.77
212,148,1000,4.093,3.26,-8.89,-4.479,-5.328,35.87,36.22,0,0,142.8,154.5,614.9,0,1.897
188,148,1000,-2.564,-1.384,-3.642,-1.728,5.389,.951,-1.829,-1.626,-.181,12.23,-1.993,-3.686,0,12.77
212,148,1100,4.507,3.869,-11.51,-3.158,-4.375,31.02,34.39,0,0,142.9,154.6,615,.799,1.388
188,148,1100,-.98,.878,-1.863,1.566,12.07,2.719,-.321,.071,1.369,16.23,1.675,-1.198,0,12.78
212,148,1200,5.055,4.58,-12.08,-3.782,-4.429,28.21,37.03,0,0,142.9,154.6,615,0,2.065
188,148,1200,-2.964,-2.661,-3.485,-1.902,9.13,1.389,-2.537,-1.286,-.418,10.03,4.482,-1.54,0,12.78
212,148,1300,5.551,5.351,-11.77,-3.379,-3.974,21.19,37.84,0,0,143,154.6,615,.798,1.292
188,148,1300,-2.278,-2.104,-3.196,-2.059,10.1,3.418,-2.078,.202,1.061,9.31,12.16,-.721,0,12.79
212,148,1400,5.34,5.823,-10.33,-2.798,-3.43,19.63,37.75,0,0,145.1,154.6,614.9,.265,1.979
188,148,1400,-1.489,-1.337,-2.689,-1.382,12.2,6.843,-1.759,1.305,1.659,7.36,16.13,-.903,0,12.79
212,148,1500,2.335,.205,-2.57,-2.611,-3.144,32.94,38.51,0,0,22.02,35.83,0,.841,.467
188,148,1500,-2.144,-1.954,-1.984,-1.79,-1.154,-.262,-.873,-.451,.075,-2.812,-.91,-.458,0,12.79
212,148,1600,1.749,.133,-3.384,-2.28,-3.087,36.72,38.95,0,0,23.05,36.9,614.7,1.093,.364
188,148,1600,-2.302,-2.122,-1.533,-1.56,-.094,-.853,-.602,-.71,-1.688,-2.275,-.868,-.239,0,12.78
212,148,1700,1.042,.107,-3.758,-.992,-2.735,36.86,39.15,0,0,23.11,37.02,614.4,1.083,1.154
188,148,1700,-1.981,-1.798,-.664,-.633,.854,-.529,-.35,-.316,1.46,-1.364,-.276,.337,0,12.78
212,148,1800,.956,.118,-4.2,2.724,-1.135,33.34,28.68,0,0,22.7,36.33,614.4,1.052,.969
188,148,1800,-.588,-.429,1.213,1.629,3.222,1.487,.727,2.403,6.811,.534,1.753,6.065,0,12.79
212,148,2300,4.25,2.047,6.035,-2.892,-2.964,75.1,73.3,1.577,.878,306.1,283.5,0,0,0
188,148,2300,.216,-2.292,-2.56,-2.289,-1.501,-1.207,-2.067,-1.615,-1.77,-.55,-2.153,-1.8,1.222,13.02
212,149,0,3.944,2.062,4.741,-3.063,-3.133,86.7,84.5,1.721,.824,289.4,328.3,610.8,1.239,1.11
188,149,0,2.874,-1.67,-2.346,-2.47,-1.449,.007,-2.17,-1.057,-1.696,.119,-2.707,-2.359,1.124,13.24
212,149,100,3.454,1.893,2.935,-3.21,-3.12,87.2,84.4,1.606,1.045,16.94,246.4,610.5,1.239,1.111
188,149,100,3.686,-1.328,-2.516,-2.802,-1.785,-.528,-2.667,-1.937,-2.732,-.049,-2.854,-2.298,1.659,13.3
212,149,200,3.071,1.645,2.872,-3.325,-3.272,89,85.5,1.533,1.456,27.4,213.2,610.3,1.239,1.112
188,149,200,1.031,-1.97,-2.725,-2.906,-1.605,-2.59,-3.108,-3.087,-3.119,-.833,-2.963,-2.378,1.98,13.33
212,149,300,2.813,1.496,2.294,-3.358,-3.392,89.6,85.1,1.079,.912,45.17,100.6,610.2,1.24,1.112
188,149,300,.307,-1.924,-2.695,-2.699,-.606,-2.457,-3.193,-2.949,-3.152,-.97,-2.98,-2.293,1.901,13.35
212,149,400,2.556,1.463,2.184,-3.29,-3.463,88.3,82.5,.746,.47,116.3,296.9,610,1.24,1.113
188,149,400,-.281,-1.022,-2.474,-2.144,1.413,-.908,-2.873,-2.27,-2.762,.823,-2.825,-2.01,.889,13.36
212,149,500,2.727,1.643,.539,-3.37,-4.129,87.4,88.6,.677,.215,265,295.1,609.6,1.241,1.113
188,149,500,-1.835,-1.832,-3.065,-2.926,-.761,-.923,-2.559,-2.113,-2.359,-1.171,-2.884,-3.47,.719,13.38
212,149,600,2.901,1.754,.926,-4.174,-4.789,89.4,91.5,1.127,.366,330.7,306.4,609.4,1.242,1.114
188,149,600,-3.501,-3.428,-3.698,-3.3,4.253,-.4,-2.61,-2.395,-2.179,2.127,-3.643,-4.347,.836,13.42
212,149,700,3.216,2.01,1.458,-4.497,-4.834,88,88.6,1.326,.757,140.1,315.5,609.3,1.243,1.114
188,149,700,-3.072,-3.301,-4.125,-4.1,1.292,-.175,-3.066,-2.575,-2.919,1.083,-4.086,-4.328,1.921,13.46
212,149,800,3.651,2.369,2.287,-4.153,-4.166,86.1,83.5,1.338,1.206,40.03,46.79,609.2,1.242,1.114
188,149,800,-3.252,-2.572,-3.718,-3.892,-.596,-2.646,-3.333,-3.727,-3.284,-1.075,-3.752,-3.156,1.914,13.51
212,149,900,4.188,2.76,3.763,-3.741,-3.731,84.2,81.4,1.49,1.357,41.38,46.75,609,1.241,1.113
188,149,900,-2.343,-.994,-3.102,-3.282,.424,-1.674,-1.993,-3.07,-2.394,.805,-3.368,-2.714,1.973,13.64
212,149,1000,4.782,3.052,5.715,-3.41,-3.319,83.3,80.4,1.499,1.358,45.36,14.21,609,1.24,1.113
188,149,1000,-1.62,-.175,-2.524,-2.714,.832,-.609,-.883,-2.426,-1.023,.889,-3.005,-2.27,1.869,13.71
212,149,1100,5.407,3.19,8.1,-3.049,-2.943,83.9,81.7,1.879,1.75,43.01,11.23,608.7,1.239,1.112
188,149,1100,-1.347,-.21,-2.325,-2.414,.247,-.581,-.361,-2.048,-.33,1.053,-2.641,-2.047,2.502,14.07
212,149,1200,6.005,3.396,9.82,-2.77,-2.575,82.3,80.7,1.467,1.38,55.05,34.27,608.4,1.239,1.111
188,149,1200,-.451,.628,-1.394,-1.512,.553,.741,.293,-1.015,.757,.924,-2.171,-1.696,1.973,13.53
212,149,1300,6.526,3.596,12,-2.064,-1.845,78.9,77.6,1.163,1.121,53.45,20.83,608.2,1.238,1.109
188,149,1300,.686,1.904,-.296,-.351,1.88,2.014,1.163,.589,1.89,2.027,-1.298,-.767,1.823,13.42
212,149,1400,6.939,3.695,14.11,-1.297,-1.185,76.2,76.6,1.053,.978,65.95,31.48,607.6,1.237,1.108
188,149,1400,1.614,2.266,.869,.909,2.207,2.681,1.374,2.411,2.752,1.664,-.327,-.186,1.601,13.29
212,149,1500,7.21,3.795,14.78,-.822,-.597,75.9,75,1.013,.914,155.1,104.3,607.1,1.235,1.107
188,149,1500,.839,1.482,1.31,.944,3.042,3.859,4.15,6.652,9.26,2.655,.297,.551,1.731,13.48
212,149,1600,7.37,3.734,17.15,-1.797,-1.577,84.8,85.2,2.432,2.032,229.2,194.7,606.7,1.236,1.109
188,149,1600,-1.392,-1.173,-.961,-1.429,-.743,-.26,2.248,1.391,2.808,-1.17,-.981,-1.216,2.724,13.72
212,149,1700,7.33,3.623,17.52,-1.54,-1.336,84.4,84.8,2.365,1.983,234.8,199.9,606.1,1.235,1.108
188,149,1700,-1.183,-1.033,-.574,-1.299,-.728,-.258,.714,.739,.939,-1.158,-.853,-1.053,2.685,13.56
212,149,1800,7.13,3.451,16.72,-1.188,-.982,83.4,84,1.91,1.585,232,197.2,605.6,1.235,1.108
188,149,1800,-.564,-.495,-.736,-1.021,-.293,.274,1.029,1.382,1.568,-.864,-.27,-.562,2.927,13.72
212,149,1900,6.813,3.282,15.76,-1.478,-1.288,88.2,87.7,1.773,1.508,242.2,208.8,605.4,1.236,1.109
188,149,1900,-.327,.225,-.779,-1.295,-.561,.135,1.362,1.474,1.207,-.981,-.69,-.809,2.973,14.41
212,149,2000,6.274,3.044,12.95,-1.323,-1.175,88.2,86.8,1.409,1.116,293.7,257.3,604.9,1.235,1.108
188,149,2000,1.312,1.392,1.01,-.779,.463,.342,1.571,.273,1.05,.743,-.584,-.315,2.182,13.98
212,149,2100,5.078,2.534,10.67,-1.182,-1.059,89.6,88.5,1.796,1.548,248.8,215.1,604.8,1.235,1.108
188,149,2100,2.098,.58,.61,-.554,-.114,.359,2.124,1.519,2.577,-.161,-.549,-.553,2.613,13.93
