102,1995,287,1745,59.5,2.054,7.41,10.34
102,1995,287,1746,0,2.059,7.41,10.34
102,1995,287,1746,.5,2.064,7.41,10.34
102,1995,287,1746,1,2.067,7.4,10.34
102,1995,287,1746,1.5,2.067,7.4,10.33
102,1995,287,1746,2,2.07,7.41,10.34
102,1995,287,1746,2.5,2.07,7.41,10.34
102,1995,287,1746,3,2.07,7.41,10.34
102,1995,287,1746,3.5,2.072,7.41,10.34
102,1995,287,1746,4,2.073,7.41,10.34
102,1995,287,1746,4.5,2.076,7.42,10.35
102,1995,287,1746,5,2.078,7.42,10.34
102,1995,287,1746,5.5,2.076,7.42,10.34
102,1995,287,1746,6,2.076,7.42,10.34
102,1995,287,1746,6.5,2.077,7.42,10.34
102,1995,287,1746,7,2.076,7.42,10.34
102,1995,287,1746,7.5,2.077,7.42,10.34
102,1995,287,1746,8,2.077,7.42,10.34
102,1995,287,1746,8.5,2.076,7.42,10.34
102,1995,287,1746,9,2.077,7.41,10.33
102,1995,287,1746,9.5,2.075,7.41,10.33
102,1995,287,1746,10,2.076,7.41,10.33
102,1995,287,1746,10.5,2.077,7.42,10.33
102,1995,287,1746,11,2.076,7.42,10.33
102,1995,287,1746,11.5,2.076,7.41,10.33
102,1995,287,1746,12,2.074,7.41,10.33
102,1995,287,1746,12.5,2.075,7.41,10.33
102,1995,287,1746,13,2.076,7.42,10.33
102,1995,287,1746,13.5,2.074,7.42,10.33
102,1995,287,1746,14,2.075,7.42,10.33
102,1995,287,1746,14.5,2.076,7.42,10.33
102,1995,287,1746,15,2.076,7.42,10.33
102,1995,287,1746,15.5,2.075,7.42,10.33
102,1995,287,1746,16,2.075,7.42,10.34
102,1995,287,1746,16.5,2.076,7.42,10.34
102,1995,287,1746,17,2.075,7.42,10.33
102,1995,287,1746,17.5,2.074,7.42,10.34
102,1995,287,1746,18,2.074,7.42,10.34
102,1995,287,1746,18.5,2.072,7.43,10.34
102,1995,287,1746,19,2.076,7.43,10.35
102,1995,287,1746,19.5,2.074,7.43,10.35
102,1995,287,1746,20,2.075,7.43,10.35
102,1995,287,1746,20.5,2.07,7.43,10.34
102,1995,287,1746,21,2.07,7.42,10.34
102,1995,287,1746,21.5,2.073,7.43,10.34
102,1995,287,1746,22,2.073,7.43,10.35
102,1995,287,1746,22.5,2.073,7.43,10.35
102,1995,287,1746,23,2.069,7.43,10.35
102,1995,287,1746,23.5,2.069,7.43,10.35
102,1995,287,1746,24,2.068,7.43,10.35
102,1995,287,1746,24.5,2.067,7.43,10.35
102,1995,287,1746,25,2.067,7.43,10.35
102,1995,287,1746,25.5,2.067,7.43,10.35
102,1995,287,1746,26,2.073,7.43,10.35
102,1995,287,1746,26.5,2.074,7.43,10.35
102,1995,287,1746,27,2.073,7.43,10.35
102,1995,287,1746,27.5,2.074,7.43,10.36
102,1995,287,1746,28,2.075,7.43,10.36
102,1995,287,1746,28.5,2.075,7.43,10.37
102,1995,287,1746,29,2.074,7.43,10.36
102,1995,287,1746,29.5,2.073,7.43,10.36
102,1995,287,1746,30,2.074,7.44,10.35
102,1995,287,1746,30.5,2.074,7.44,10.35
102,1995,287,1746,31,2.072,7.44,10.35
102,1995,287,1746,31.5,2.073,7.43,10.35
102,1995,287,1746,32,2.071,7.43,10.34
102,1995,287,1746,32.5,2.071,7.43,10.36
102,1995,287,1746,33,2.071,7.43,10.36
102,1995,287,1746,33.5,2.073,7.43,10.36
102,1995,287,1746,34,2.071,7.43,10.36
102,1995,287,1746,34.5,2.074,6.924,10.37
102,1995,287,1746,35,2.074,4.618,10.37
102,1995,287,1746,35.5,2.072,3.268,10.36
102,1995,287,1746,36,2.073,2.508,10.36
102,1995,287,1746,36.5,2.072,2.08,10.37
102,1995,287,1746,37,2.073,1.833,10.36
102,1995,287,1746,37.5,2.073,1.687,10.36
102,1995,287,1746,38,2.073,1.598,10.36
102,1995,287,1746,38.5,2.073,1.544,10.36
102,1995,287,1746,39,2.073,1.507,10.37
102,1995,287,1746,39.5,2.075,1.484,10.37
102,1995,287,1746,40,2.073,1.465,10.37
102,1995,287,1746,40.5,2.074,1.454,10.35
102,1995,287,1746,41,2.072,1.444,10.34
102,1995,287,1746,41.5,2.072,1.437,10.33
102,1995,287,1746,42,2.073,1.429,10.34
102,1995,287,1746,42.5,2.073,1.424,10.34
102,1995,287,1746,43,2.071,1.417,10.35
102,1995,287,1746,43.5,2.07,1.414,10.35
102,1995,287,1746,44,2.072,1.41,10.35
102,1995,287,1746,44.5,2.074,1.406,10.35
102,1995,287,1746,45,2.075,1.404,10.35
102,1995,287,1746,45.5,2.077,1.401,10.35
102,1995,287,1746,46,2.076,1.399,10.35
102,1995,287,1746,46.5,2.075,1.396,10.35
102,1995,287,1746,47,2.073,1.395,10.35
102,1995,287,1746,47.5,2.073,1.393,10.35
102,1995,287,1746,48,2.07,1.392,10.35
102,1995,287,1746,48.5,2.066,1.389,10.36
102,1995,287,1746,49,2.066,1.386,10.35
102,1995,287,1746,49.5,2.067,1.385,10.36
102,1995,287,1746,50,2.068,1.383,10.36
102,1995,287,1746,50.5,2.068,1.381,10.35
102,1995,287,1746,51,2.069,1.38,10.35
102,1995,287,1746,51.5,2.068,1.378,10.36
102,1995,287,1746,52,2.07,1.378,10.36
102,1995,287,1746,52.5,2.071,1.377,10.36
102,1995,287,1746,53,2.072,1.377,10.37
102,1995,287,1746,53.5,2.071,1.372,10.36
102,1995,287,1746,54,2.073,1.372,10.36
102,1995,287,1746,54.5,2.074,1.371,10.35
102,1995,287,1746,55,2.074,1.371,10.35
102,1995,287,1746,55.5,2.076,1.37,10.35
102,1995,287,1746,56,2.076,1.37,10.35
102,1995,287,1746,56.5,2.078,1.37,10.35
102,1995,287,1746,57,2.079,1.369,10.35
102,1995,287,1746,57.5,2.078,1.369,10.35
102,1995,287,1746,58,2.079,1.369,10.35
102,1995,287,1746,58.5,2.079,1.367,10.35
102,1995,287,1746,59,2.078,1.367,10.35
102,1995,287,1746,59.5,2.078,1.366,10.35
102,1995,287,1747,0,2.079,1.365,10.36
102,1995,287,1747,.5,2.078,1.365,10.36
102,1995,287,1747,1,2.078,1.365,10.36
102,1995,287,1747,1.5,2.078,1.363,10.36
102,1995,287,1747,2,2.077,1.364,10.35
102,1995,287,1747,2.5,2.077,1.364,10.35
102,1995,287,1747,3,2.078,1.363,10.35
102,1995,287,1747,3.5,2.077,1.363,10.35
102,1995,287,1747,4,2.077,1.363,10.35
102,1995,287,1747,4.5,2.079,1.363,10.35
102,1995,287,1747,5,2.079,1.361,10.35
102,1995,287,1747,5.5,2.076,1.363,10.35
102,1995,287,1747,6,2.075,1.362,10.35
102,1995,287,1747,6.5,2.074,1.362,10.34
102,1995,287,1747,7,2.074,1.36,10.35
102,1995,287,1747,7.5,2.074,1.359,10.34
102,1995,287,1747,8,2.075,1.36,10.34
102,1995,287,1747,8.5,2.075,1.359,10.34
102,1995,287,1747,9,2.075,1.359,10.34
102,1995,287,1747,9.5,2.075,1.358,10.33
102,1995,287,1747,10,2.075,1.359,10.33
102,1995,287,1747,10.5,2.073,1.358,10.33
102,1995,287,1747,11,2.075,1.358,10.33
102,1995,287,1747,11.5,2.073,1.357,10.33
102,1995,287,1747,12,2.073,1.356,10.34
102,1995,287,1747,12.5,2.075,1.357,10.34
102,1995,287,1747,13,2.075,1.358,10.34
102,1995,287,1747,13.5,2.075,1.357,10.33
102,1995,287,1747,14,2.075,1.357,10.34
102,1995,287,1747,14.5,2.075,1.357,10.34
102,1995,287,1747,15,2.075,1.356,10.33
102,1995,287,1747,15.5,2.075,1.355,10.33
102,1995,287,1747,16,2.075,1.357,10.33
102,1995,287,1747,16.5,2.075,1.356,10.33
102,1995,287,1747,17,2.075,1.355,10.33
102,1995,287,1747,17.5,2.073,1.356,10.33
102,1995,287,1747,18,2.073,1.356,10.33
102,1995,287,1747,18.5,2.071,1.356,10.33
102,1995,287,1747,19,2.066,1.359,10.33
102,1995,287,1747,19.5,2.063,1.358,10.34
102,1995,287,1747,20,2.06,1.358,10.33
102,1995,287,1747,20.5,2.061,1.357,10.34
102,1995,287,1747,21,2.06,1.356,10.33
102,1995,287,1747,21.5,2.061,1.355,10.33
102,1995,287,1747,22,2.062,1.354,10.33
102,1995,287,1747,22.5,2.061,1.354,10.33
102,1995,287,1747,23,2.061,1.352,10.33
102,1995,287,1747,23.5,2.06,1.351,10.33
102,1995,287,1747,24,2.061,1.352,10.33
102,1995,287,1747,24.5,2.065,1.351,10.33
102,1995,287,1747,25,2.065,1.35,10.33
102,1995,287,1747,25.5,2.066,1.351,10.33
102,1995,287,1747,26,2.067,1.351,10.33
102,1995,287,1747,26.5,2.066,1.351,10.33
102,1995,287,1747,27,2.065,1.349,10.33
102,1995,287,1747,27.5,2.066,1.349,10.33
102,1995,287,1747,28,2.066,1.348,10.33
102,1995,287,1747,28.5,2.066,1.348,10.33
102,1995,287,1747,29,2.067,1.348,10.33
102,1995,287,1747,29.5,2.067,1.348,10.33
102,1995,287,1747,30,2.067,1.348,10.34
102,1995,287,1747,30.5,2.067,1.348,10.34
102,1995,287,1747,31,2.067,1.348,10.35
102,1995,287,1747,31.5,2.066,1.35,10.34
102,1995,287,1747,32,2.064,1.349,10.34
102,1995,287,1747,32.5,2.063,1.351,10.34
102,1995,287,1747,33,2.062,1.352,10.33
102,1995,287,1747,33.5,2.063,1.349,10.32
102,1995,287,1747,34,2.062,1.349,10.32
102,1995,287,1747,34.5,2.063,1.35,10.32
102,1995,287,1747,35,2.063,2.809,10.33
102,1995,287,1747,35.5,2.067,4.737,10.34
102,1995,287,1747,36,2.067,5.83,10.34
102,1995,287,1747,36.5,2.067,6.448,10.35
102,1995,287,1747,37,2.069,6.798,10.34
102,1995,287,1747,37.5,2.069,7,10.35
102,1995,287,1747,38,2.069,7.12,10.35
102,1995,287,1747,38.5,2.069,7.2,10.35
102,1995,287,1747,39,2.069,7.25,10.35
102,1995,287,1747,39.5,2.067,7.28,10.35
102,1995,287,1747,40,2.066,7.3,10.35
102,1995,287,1747,40.5,2.067,7.32,10.36
102,1995,287,1747,41,2.069,7.33,10.36
102,1995,287,1747,41.5,2.069,7.35,10.37
102,1995,287,1747,42,2.068,7.35,10.36
102,1995,287,1747,42.5,2.068,7.36,10.36
102,1995,287,1747,43,2.064,7.36,10.34
102,1995,287,1747,43.5,2.066,7.37,10.35
102,1995,287,1747,44,2.07,7.37,10.34
102,1995,287,1747,44.5,2.075,7.37,10.34
102,1995,287,1747,45,2.083,7.38,10.35
102,1995,287,1747,45.5,2.09,7.38,10.36
102,1995,287,1747,46,2.099,7.39,10.36
102,1995,287,1747,46.5,2.105,7.39,10.36
102,1995,287,1747,47,2.108,7.4,10.36
102,1995,287,1747,47.5,2.109,7.39,10.35
102,1995,287,1747,48,2.109,7.4,10.35
102,1995,287,1747,48.5,2.108,7.4,10.35
102,1995,287,1747,49,2.109,7.4,10.36
102,1995,287,1747,49.5,2.11,7.4,10.36
102,1995,287,1747,50,2.115,7.41,10.36
102,1995,287,1747,50.5,2.125,7.42,10.37
102,1995,287,1747,51,2.131,7.41,10.37
102,1995,287,1747,51.5,2.134,7.41,10.36
102,1995,287,1747,52,2.138,7.41,10.36
102,1995,287,1747,52.5,2.14,7.41,10.35
102,1995,287,1747,53,2.141,7.41,10.35
102,1995,287,1747,53.5,2.139,7.41,10.35
102,1995,287,1747,54,2.138,7.42,10.36
102,1995,287,1747,54.5,2.136,7.42,10.35
102,1995,287,1747,55,2.131,7.41,10.35
102,1995,287,1747,55.5,2.126,7.41,10.35
102,1995,287,1747,56,2.124,7.42,10.35
102,1995,287,1747,56.5,2.125,7.42,10.35
102,1995,287,1747,57,2.123,7.42,10.35
102,1995,287,1747,57.5,2.123,7.42,10.35
102,1995,287,1747,58,2.123,7.42,10.35
102,1995,287,1747,58.5,2.125,7.42,10.35
102,1995,287,1747,59,2.123,7.42,10.35
102,1995,287,1747,59.5,2.125,7.42,10.35
102,1995,287,1748,0,2.125,7.42,10.35
102,1995,287,1748,.5,2.123,7.42,10.35
102,1995,287,1748,1,2.124,7.42,10.35
102,1995,287,1748,1.5,2.123,7.42,10.36
102,1995,287,1748,2,2.125,7.43,10.35
102,1995,287,1748,2.5,2.125,7.43,10.35
102,1995,287,1748,3,2.125,7.43,10.36
102,1995,287,1748,3.5,2.123,7.43,10.36
102,1995,287,1748,4,2.124,7.43,10.36
102,1995,287,1748,4.5,2.125,7.44,10.36
102,1995,287,1748,5,2.125,7.44,10.36
102,1995,287,1748,5.5,2.126,7.44,10.36
102,1995,287,1748,6,2.125,7.44,10.36
102,1995,287,1748,6.5,2.124,7.43,10.35
102,1995,287,1748,7,2.124,7.43,10.35
102,1995,287,1748,7.5,2.125,7.43,10.35
102,1995,287,1748,8,2.124,7.43,10.35
102,1995,287,1748,8.5,2.125,7.44,10.36
102,1995,287,1748,9,2.124,7.43,10.35
102,1995,287,1748,9.5,2.125,7.44,10.35
102,1995,287,1748,10,2.123,7.44,10.35
102,1995,287,1748,10.5,2.125,7.44,10.36
102,1995,287,1748,11,2.125,7.44,10.36
102,1995,287,1748,11.5,2.125,7.45,10.36
102,1995,287,1748,12,2.125,7.45,10.36
102,1995,287,1748,12.5,2.125,7.44,10.36
102,1995,287,1748,13,2.123,7.44,10.35
102,1995,287,1748,13.5,2.123,7.44,10.35
102,1995,287,1748,14,2.127,7.44,10.35
102,1995,287,1748,14.5,2.124,7.44,10.35
102,1995,287,1748,15,2.126,7.44,10.35
102,1995,287,1748,15.5,2.126,7.44,10.35
102,1995,287,1748,16,2.126,7.44,10.35
102,1995,287,1748,16.5,2.124,7.44,10.35
102,1995,287,1748,17,2.123,7.44,10.35
102,1995,287,1748,17.5,2.124,7.44,10.35
102,1995,287,1748,18,2.125,7.44,10.35
102,1995,287,1748,18.5,2.124,7.44,10.35
102,1995,287,1748,19,2.123,7.44,10.34
102,1995,287,1748,19.5,2.125,7.44,10.34
102,1995,287,1748,20,2.123,7.44,10.34
102,1995,287,1748,20.5,2.123,7.44,10.34
102,1995,287,1748,21,2.123,7.44,10.34
102,1995,287,1748,21.5,2.124,7.44,10.34
102,1995,287,1748,22,2.123,7.44,10.35
102,1995,287,1748,22.5,2.124,7.44,10.34
102,1995,287,1748,23,2.122,7.44,10.34
102,1995,287,1748,23.5,2.122,7.44,10.34
102,1995,287,1748,24,2.123,7.44,10.34
102,1995,287,1748,24.5,2.122,7.44,10.35
102,1995,287,1748,25,2.122,7.44,10.34
102,1995,287,1748,25.5,2.121,7.44,10.35
102,1995,287,1748,26,2.121,7.44,10.35
102,1995,287,1748,26.5,2.122,7.44,10.35
102,1995,287,1748,27,2.123,7.44,10.35
102,1995,287,1748,27.5,2.123,7.44,10.35
102,1995,287,1748,28,2.124,7.44,10.35
102,1995,287,1748,28.5,2.123,7.44,10.35
102,1995,287,1748,29,2.123,7.44,10.35
102,1995,287,1748,29.5,2.126,7.44,10.36
102,1995,287,1748,30,2.125,7.44,10.36
102,1995,287,1748,30.5,2.124,7.44,10.35
102,1995,287,1748,31,2.124,7.45,10.36
102,1995,287,1748,31.5,2.124,7.44,10.36
102,1995,287,1748,32,2.124,7.44,10.36
102,1995,287,1748,32.5,2.123,7.44,10.36
102,1995,287,1748,33,2.124,7.45,10.36
102,1995,287,1748,33.5,2.125,7.45,10.36
102,1995,287,1748,34,2.127,7.45,10.36
102,1995,287,1748,34.5,2.125,7.44,10.35
102,1995,287,1748,35,2.126,7.44,10.33
102,1995,287,1748,35.5,2.125,7.44,10.33
102,1995,287,1748,36,2.124,7.45,10.33
102,1995,287,1748,36.5,2.123,7.45,10.35
102,1995,287,1748,37,2.125,7.45,10.35
102,1995,287,1748,37.5,2.122,7.45,10.35
102,1995,287,1748,38,2.121,7.45,10.35
102,1995,287,1748,38.5,2.122,7.45,10.36
102,1995,287,1748,39,2.121,7.45,10.36
102,1995,287,1748,39.5,2.121,7.45,10.36
102,1995,287,1748,40,2.12,7.45,10.36
102,1995,287,1748,40.5,2.123,7.45,10.36
102,1995,287,1748,41,2.121,7.45,10.36
102,1995,287,1748,41.5,2.12,7.45,10.36
102,1995,287,1748,42,2.121,7.45,10.36
102,1995,287,1748,42.5,2.121,7.45,10.36
102,1995,287,1748,43,2.12,7.45,10.36
102,1995,287,1748,43.5,2.119,7.45,10.36
102,1995,287,1748,44,2.12,7.45,10.36
102,1995,287,1748,44.5,2.119,7.45,10.36
102,1995,287,1748,45,2.119,7.45,10.35
102,1995,287,1748,45.5,2.119,7.45,10.34
102,1995,287,1748,46,2.12,7.45,10.33
102,1995,287,1748,46.5,2.118,7.45,10.33
102,1995,287,1748,47,2.119,7.44,10.33
102,1995,287,1748,47.5,2.117,7.44,10.34
102,1995,287,1748,48,2.119,7.44,10.35
102,1995,287,1748,48.5,2.118,7.45,10.35
102,1995,287,1748,49,2.12,7.45,10.35
102,1995,287,1748,49.5,2.119,7.45,10.35
102,1995,287,1748,50,2.119,7.45,10.35
102,1995,287,1748,50.5,2.119,7.45,10.35
102,1995,287,1748,51,2.119,7.45,10.34
102,1995,287,1748,51.5,2.118,7.44,10.34
102,1995,287,1748,52,2.117,7.45,10.35
102,1995,287,1748,52.5,2.115,7.45,10.36
102,1995,287,1748,53,2.118,7.45,10.36
102,1995,287,1748,53.5,2.118,7.45,10.36
102,1995,287,1748,54,2.119,7.45,10.35
102,1995,287,1748,54.5,2.119,7.45,10.35
102,1995,287,1748,55,2.119,7.45,10.36
102,1995,287,1748,55.5,2.119,7.45,10.35
102,1995,287,1748,56,2.119,7.45,10.36
102,1995,287,1748,56.5,2.119,7.46,10.36
102,1995,287,1748,57,2.118,7.46,10.36
102,1995,287,1748,57.5,2.12,7.46,10.36
102,1995,287,1748,58,2.119,7.46,10.36
102,1995,287,1748,58.5,2.12,7.46,10.36
102,1995,287,1748,59,2.12,7.46,10.36
102,1995,287,1748,59.5,2.12,7.46,10.36
102,1995,287,1749,0,2.12,7.46,10.36
102,1995,287,1749,.5,2.119,7.46,10.35
102,1995,287,1749,1,2.118,7.45,10.35
102,1995,287,1749,1.5,2.119,7.45,10.35
102,1995,287,1749,2,2.119,7.45,10.35
102,1995,287,1749,2.5,2.119,7.45,10.34
102,1995,287,1749,3,2.117,7.45,10.35
102,1995,287,1749,3.5,2.118,7.45,10.34
102,1995,287,1749,4,2.118,7.45,10.35
102,1995,287,1749,4.5,2.117,7.45,10.34
102,1995,287,1749,5,2.119,7.45,10.35
102,1995,287,1749,5.5,2.118,7.46,10.35
102,1995,287,1749,6,2.117,7.46,10.36
102,1995,287,1749,6.5,2.115,7.46,10.36
102,1995,287,1749,7,2.115,7.46,10.36
102,1995,287,1749,7.5,2.115,7.46,10.35
102,1995,287,1749,8,2.118,7.46,10.35
102,1995,287,1749,8.5,2.119,7.46,10.34
102,1995,287,1749,9,2.117,7.46,10.35
102,1995,287,1749,9.5,2.116,7.46,10.35
102,1995,287,1749,10,2.119,7.46,10.35
102,1995,287,1749,10.5,2.117,7.46,10.35
102,1995,287,1749,11,2.117,7.46,10.35
102,1995,287,1749,11.5,2.118,7.46,10.35
102,1995,287,1749,12,2.118,7.46,10.35
102,1995,287,1749,12.5,2.118,7.46,10.35
102,1995,287,1749,13,2.119,7.47,10.35
102,1995,287,1749,13.5,2.119,7.47,10.35
102,1995,287,1749,14,2.119,7.46,10.36
102,1995,287,1749,14.5,2.119,7.47,10.35
102,1995,287,1749,15,2.12,7.46,10.35
102,1995,287,1749,15.5,2.118,7.46,10.35
102,1995,287,1749,16,2.118,7.46,10.34
102,1995,287,1749,16.5,2.121,7.46,10.34
102,1995,287,1749,17,2.118,7.46,10.34
102,1995,287,1749,17.5,2.118,7.46,10.33
102,1995,287,1749,18,2.117,7.46,10.33
102,1995,287,1749,18.5,2.119,7.46,10.34
102,1995,287,1749,19,2.119,7.46,10.34
102,1995,287,1749,19.5,2.118,7.46,10.33
102,1995,287,1749,20,2.118,7.46,10.33
102,1995,287,1749,20.5,2.119,7.46,10.32
102,1995,287,1749,21,2.119,7.46,10.33
102,1995,287,1749,21.5,2.118,7.46,10.32
102,1995,287,1749,22,2.119,7.47,10.33
102,1995,287,1749,22.5,2.119,7.46,10.33
102,1995,287,1749,23,2.12,7.47,10.33
102,1995,287,1749,23.5,2.118,7.47,10.33
102,1995,287,1749,24,2.12,7.47,10.34
102,1995,287,1749,24.5,2.121,7.48,10.34
102,1995,287,1749,25,2.119,7.48,10.34
102,1995,287,1749,25.5,2.12,7.47,10.33
102,1995,287,1749,26,2.119,7.47,10.33
102,1995,287,1749,26.5,2.118,7.47,10.33
102,1995,287,1749,27,2.12,7.47,10.34
102,1995,287,1749,27.5,2.12,7.47,10.34
102,1995,287,1749,28,2.119,7.47,10.34
102,1995,287,1749,28.5,2.119,7.47,10.34
102,1995,287,1749,29,2.118,7.47,10.34
102,1995,287,1749,29.5,2.119,7.47,10.34
102,1995,287,1749,30,2.118,7.47,10.33
102,1995,287,1749,30.5,2.119,7.47,10.34
102,1995,287,1749,31,2.119,7.47,10.34
102,1995,287,1749,31.5,2.121,7.47,10.34
102,1995,287,1749,32,2.118,7.47,10.34
102,1995,287,1749,32.5,2.119,7.47,10.34
102,1995,287,1749,33,2.119,7.47,10.35
102,1995,287,1749,33.5,2.12,7.47,10.34
102,1995,287,1749,34,2.118,7.47,10.34
102,1995,287,1749,34.5,2.118,7.47,10.34
102,1995,287,1749,35,2.117,7.47,10.35
102,1995,287,1749,35.5,2.12,7.47,10.35
102,1995,287,1749,36,2.118,7.47,10.35
102,1995,287,1749,36.5,2.116,7.47,10.35
102,1995,287,1749,37,2.115,7.47,10.35
102,1995,287,1749,37.5,2.117,7.47,10.34
102,1995,287,1749,38,2.116,7.47,10.34
102,1995,287,1749,38.5,2.115,7.47,10.34
102,1995,287,1749,39,2.117,7.47,10.33
102,1995,287,1749,39.5,2.117,7.47,10.34
102,1995,287,1749,40,2.117,7.47,10.35
102,1995,287,1749,40.5,2.116,7.47,10.35
102,1995,287,1749,41,2.117,7.48,10.35
102,1995,287,1749,41.5,2.115,7.47,10.35
102,1995,287,1749,42,2.114,7.47,10.35
102,1995,287,1749,42.5,2.116,7.47,10.35
102,1995,287,1749,43,2.116,7.47,10.35
102,1995,287,1749,43.5,2.117,7.47,10.36
102,1995,287,1749,44,2.117,7.47,10.36
102,1995,287,1749,44.5,2.117,7.47,10.36
102,1995,287,1749,45,2.117,7.47,10.36
102,1995,287,1749,45.5,2.117,7.47,10.36
102,1995,287,1749,46,2.117,7.47,10.36
102,1995,287,1749,46.5,2.119,7.47,10.36
102,1995,287,1749,47,2.118,7.47,10.37
102,1995,287,1749,47.5,2.121,7.49,10.38
102,1995,287,1749,48,2.12,7.49,10.38
102,1995,287,1749,48.5,2.119,7.48,10.36
102,1995,287,1749,49,2.116,7.48,10.36
102,1995,287,1749,49.5,2.117,7.48,10.36
102,1995,287,1749,50,2.117,7.48,10.37
102,1995,287,1749,50.5,2.117,7.48,10.36
102,1995,287,1749,51,2.117,7.47,10.36
102,1995,287,1749,51.5,2.117,7.47,10.36
102,1995,287,1749,52,2.117,7.47,10.36
102,1995,287,1749,52.5,2.117,7.47,10.36
102,1995,287,1749,53,2.116,7.47,10.36
102,1995,287,1749,53.5,2.114,7.47,10.36
102,1995,287,1749,54,2.113,7.47,10.36
102,1995,287,1749,54.5,2.113,7.48,10.36
102,1995,287,1749,55,2.113,7.47,10.36
102,1995,287,1749,55.5,2.113,7.47,10.36
102,1995,287,1749,56,2.112,7.48,10.37
102,1995,287,1749,56.5,2.113,7.47,10.37
102,1995,287,1749,57,2.113,7.48,10.36
102,1995,287,1749,57.5,2.113,7.47,10.36
102,1995,287,1749,58,2.113,7.48,10.37
102,1995,287,1749,58.5,2.115,7.48,10.36
102,1995,287,1749,59,2.115,7.47,10.36
102,1995,287,1749,59.5,2.115,7.48,10.36
102,1995,287,1750,0,2.114,7.48,10.36
102,1995,287,1750,.5,2.115,7.48,10.36
102,1995,287,1750,1,2.115,7.48,10.36
102,1995,287,1750,1.5,2.115,7.48,10.36
102,1995,287,1750,2,2.118,7.48,10.36
102,1995,287,1750,2.5,2.118,7.48,10.36
102,1995,287,1750,3,2.118,7.48,10.37
102,1995,287,1750,3.5,2.119,7.48,10.37
102,1995,287,1750,4,2.118,7.48,10.36
102,1995,287,1750,4.5,2.115,7.48,10.37
102,1995,287,1750,5,2.116,7.48,10.38
102,1995,287,1750,5.5,2.117,7.48,10.37
102,1995,287,1750,6,2.115,7.47,10.36
102,1995,287,1750,6.5,2.117,7.48,10.37
102,1995,287,1750,7,2.114,7.47,10.36
102,1995,287,1750,7.5,2.116,7.47,10.37
102,1995,287,1750,8,2.117,7.47,10.36
102,1995,287,1750,8.5,2.117,7.48,10.37
102,1995,287,1750,9,2.118,7.48,10.36
102,1995,287,1750,9.5,2.119,7.48,10.36
102,1995,287,1750,10,2.117,7.48,10.36
102,1995,287,1750,10.5,2.116,7.48,10.36
102,1995,287,1750,11,2.115,7.48,10.36
102,1995,287,1750,11.5,2.118,7.48,10.37
102,1995,287,1750,12,2.118,7.48,10.36
102,1995,287,1750,12.5,2.118,7.48,10.35
102,1995,287,1750,13,2.118,7.48,10.36
102,1995,287,1750,13.5,2.115,7.48,10.35
102,1995,287,1750,14,2.116,7.48,10.35
102,1995,287,1750,14.5,2.117,7.48,10.36
102,1995,287,1750,15,2.115,7.48,10.36
102,1995,287,1750,15.5,2.115,7.48,10.36
102,1995,287,1750,16,2.117,7.48,10.36
102,1995,287,1750,16.5,2.116,7.48,10.36
102,1995,287,1750,17,2.116,7.49,10.36
102,1995,287,1750,17.5,2.115,7.48,10.35
102,1995,287,1750,18,2.117,7.48,10.35
102,1995,287,1750,18.5,2.116,7.48,10.35
102,1995,287,1750,19,2.116,7.48,10.35
102,1995,287,1750,19.5,2.117,7.48,10.35
102,1995,287,1750,20,2.115,7.47,10.34
102,1995,287,1750,20.5,2.115,7.47,10.34
102,1995,287,1750,21,2.115,7.47,10.34
102,1995,287,1750,21.5,2.116,7.48,10.34
102,1995,287,1750,22,2.118,7.48,10.34
102,1995,287,1750,22.5,2.117,7.48,10.34
102,1995,287,1750,23,2.117,7.48,10.34
102,1995,287,1750,23.5,2.115,7.48,10.33
102,1995,287,1750,24,2.117,7.48,10.34
102,1995,287,1750,24.5,2.115,7.48,10.34
102,1995,287,1750,25,2.115,7.48,10.35
102,1995,287,1750,25.5,2.115,7.48,10.34
102,1995,287,1750,26,2.115,7.47,10.34
102,1995,287,1750,26.5,2.117,7.47,10.34
102,1995,287,1750,27,2.117,7.48,10.34
102,1995,287,1750,27.5,2.118,7.48,10.34
102,1995,287,1750,28,2.118,7.48,10.34
102,1995,287,1750,28.5,2.119,7.48,10.35
102,1995,287,1750,29,2.119,7.48,10.35
102,1995,287,1750,29.5,2.12,7.49,10.36
102,1995,287,1750,30,2.119,7.49,10.36
102,1995,287,1750,30.5,2.119,7.49,10.36
102,1995,287,1750,31,2.119,7.48,10.36
102,1995,287,1750,31.5,2.118,7.49,10.36
102,1995,287,1750,32,2.116,7.48,10.35
102,1995,287,1750,32.5,2.116,7.48,10.36
102,1995,287,1750,33,2.116,7.48,10.36
102,1995,287,1750,33.5,2.116,7.48,10.36
102,1995,287,1750,34,2.114,7.48,10.36
102,1995,287,1750,34.5,2.114,7.48,10.36
102,1995,287,1750,35,2.115,7.48,10.36
102,1995,287,1750,35.5,2.117,7.49,10.37
102,1995,287,1750,36,2.119,7.49,10.37
102,1995,287,1750,36.5,2.118,7.48,10.36
102,1995,287,1750,37,2.119,7.48,10.35
102,1995,287,1750,37.5,2.115,7.48,10.35
102,1995,287,1750,38,2.111,7.48,10.35
102,1995,287,1750,38.5,2.108,7.49,10.36
102,1995,287,1750,39,2.106,7.48,10.35
102,1995,287,1750,39.5,2.102,7.48,10.34
102,1995,287,1750,40,2.097,7.49,10.36
102,1995,287,1750,40.5,2.089,7.49,10.34
102,1995,287,1750,41,2.08,7.48,10.34
102,1995,287,1750,41.5,2.073,7.48,10.35
102,1995,287,1750,42,2.074,7.48,10.36
102,1995,287,1750,42.5,2.075,7.48,10.36
102,1995,287,1750,43,2.077,7.48,10.36
102,1995,287,1750,43.5,2.091,7.49,10.37
102,1995,287,1750,44,2.113,7.49,10.37
102,1995,287,1750,44.5,2.129,7.48,10.37
102,1995,287,1750,45,2.118,7.48,10.37
102,1995,287,1750,45.5,2.108,7.48,10.36
102,1995,287,1750,46,2.092,7.48,10.36
102,1995,287,1750,46.5,2.085,7.48,10.36
102,1995,287,1750,47,2.08,7.48,10.36
102,1995,287,1750,47.5,2.08,7.49,10.37
102,1995,287,1750,48,2.082,7.49,10.37
102,1995,287,1750,48.5,2.081,7.49,10.38
102,1995,287,1750,49,2.08,7.49,10.37
102,1995,287,1750,49.5,2.083,7.49,10.37
102,1995,287,1750,50,2.082,7.49,10.35
102,1995,287,1750,50.5,2.08,7.49,10.35
102,1995,287,1750,51,2.078,7.49,10.34
102,1995,287,1750,51.5,2.079,7.48,10.34
102,1995,287,1750,52,2.079,7.49,10.34
102,1995,287,1750,52.5,2.078,7.49,10.36
102,1995,287,1750,53,2.08,7.49,10.35
102,1995,287,1750,53.5,2.079,7.48,10.35
102,1995,287,1750,54,2.078,7.49,10.36
102,1995,287,1750,54.5,2.077,7.49,10.36
102,1995,287,1750,55,2.077,7.49,10.35
102,1995,287,1750,55.5,2.074,7.48,10.35
102,1995,287,1750,56,2.077,7.48,10.35
102,1995,287,1750,56.5,2.076,7.48,10.35
102,1995,287,1750,57,2.077,7.49,10.36
102,1995,287,1750,57.5,2.076,7.49,10.36
102,1995,287,1750,58,2.077,7.49,10.36
102,1995,287,1750,58.5,2.076,7.48,10.35
102,1995,287,1750,59,2.078,7.49,10.35
102,1995,287,1750,59.5,2.079,7.48,10.35
102,1995,287,1751,0,2.077,7.48,10.35
102,1995,287,1751,.5,2.08,7.49,10.36
102,1995,287,1751,1,2.079,7.5,10.36
102,1995,287,1751,1.5,2.08,7.49,10.36
102,1995,287,1751,2,2.08,7.49,10.35
102,1995,287,1751,2.5,2.08,7.49,10.36
102,1995,287,1751,3,2.079,7.49,10.36
102,1995,287,1751,3.5,2.08,7.49,10.36
102,1995,287,1751,4,2.079,7.49,10.35
102,1995,287,1751,4.5,2.08,7.49,10.36
102,1995,287,1751,5,2.078,7.49,10.36
102,1995,287,1751,5.5,2.076,7.49,10.36
102,1995,287,1751,6,2.077,7.49,10.36
102,1995,287,1751,6.5,2.077,7.49,10.36
102,1995,287,1751,7,2.076,7.48,10.35
102,1995,287,1751,7.5,2.075,7.49,10.36
102,1995,287,1751,8,2.074,7.49,10.36
102,1995,287,1751,8.5,2.072,7.49,10.36
102,1995,287,1751,9,2.072,7.49,10.36
102,1995,287,1751,9.5,2.073,7.49,10.36
102,1995,287,1751,10,2.075,7.49,10.36
102,1995,287,1751,10.5,2.074,7.48,10.35
102,1995,287,1751,11,2.075,7.49,10.36
102,1995,287,1751,11.5,2.073,7.49,10.36
102,1995,287,1751,12,2.075,7.49,10.36
102,1995,287,1751,12.5,2.076,7.5,10.36
102,1995,287,1751,13,2.077,7.5,10.36
102,1995,287,1751,13.5,2.077,7.49,10.36
102,1995,287,1751,14,2.074,7.49,10.35
102,1995,287,1751,14.5,2.072,7.49,10.35
102,1995,287,1751,15,2.069,7.48,10.34
102,1995,287,1751,15.5,2.069,7.49,10.35
102,1995,287,1751,16,2.069,7.5,10.35
102,1995,287,1751,16.5,2.071,7.49,10.35
102,1995,287,1751,17,2.071,7.5,10.36
102,1995,287,1751,17.5,2.073,7.5,10.35
102,1995,287,1751,18,2.074,7.5,10.36
102,1995,287,1751,18.5,2.076,7.49,10.35
102,1995,287,1751,19,2.075,7.5,10.36
102,1995,287,1751,19.5,2.074,7.5,10.36
102,1995,287,1751,20,2.074,7.49,10.35
102,1995,287,1751,20.5,2.075,7.5,10.35
102,1995,287,1751,21,2.074,7.49,10.35
102,1995,287,1751,21.5,2.077,7.5,10.36
102,1995,287,1751,22,2.075,7.5,10.36
102,1995,287,1751,22.5,2.073,7.49,10.35
102,1995,287,1751,23,2.073,7.49,10.34
102,1995,287,1751,23.5,2.075,7.49,10.34
102,1995,287,1751,24,2.074,7.49,10.35
102,1995,287,1751,24.5,2.075,7.5,10.35
102,1995,287,1751,25,2.076,7.5,10.35
102,1995,287,1751,25.5,2.076,7.5,10.35
102,1995,287,1751,26,2.076,7.49,10.34
102,1995,287,1751,26.5,2.077,7.49,10.34
102,1995,287,1751,27,2.075,7.49,10.34
102,1995,287,1751,27.5,2.074,7.49,10.34
102,1995,287,1751,28,2.07,7.49,10.33
102,1995,287,1751,28.5,2.067,7.49,10.33
102,1995,287,1751,29,2.065,7.49,10.33
102,1995,287,1751,29.5,2.065,7.49,10.33
102,1995,287,1751,30,2.065,7.5,10.34
102,1995,287,1751,30.5,2.065,7.49,10.33
102,1995,287,1751,31,2.065,7.49,10.33
102,1995,287,1751,31.5,2.065,7.5,10.33
102,1995,287,1751,32,2.064,7.49,10.33
102,1995,287,1751,32.5,2.063,7.5,10.33
102,1995,287,1751,33,2.065,7.5,10.34
102,1995,287,1751,33.5,2.065,7.5,10.34
102,1995,287,1751,34,2.065,7.5,10.34
102,1995,287,1751,34.5,2.066,7.4,10.34
102,1995,287,1751,35,2.064,4.97,10.34
102,1995,287,1751,35.5,2.065,3.47,10.34
102,1995,287,1751,36,2.065,2.628,10.34
102,1995,287,1751,36.5,2.063,2.153,10.34
102,1995,287,1751,37,2.065,1.883,10.34
102,1995,287,1751,37.5,2.065,1.72,10.35
102,1995,287,1751,38,2.065,1.625,10.36
102,1995,287,1751,38.5,2.064,1.565,10.36
102,1995,287,1751,39,2.064,1.527,10.36
102,1995,287,1751,39.5,2.065,1.5,10.36
102,1995,287,1751,40,2.066,1.482,10.36
102,1995,287,1751,40.5,2.066,1.466,10.36
102,1995,287,1751,41,2.067,1.458,10.36
102,1995,287,1751,41.5,2.066,1.449,10.36
102,1995,287,1751,42,2.065,1.441,10.36
102,1995,287,1751,42.5,2.066,1.437,10.36
102,1995,287,1751,43,2.067,1.433,10.36
102,1995,287,1751,43.5,2.067,1.429,10.36
102,1995,287,1751,44,2.065,1.424,10.36
102,1995,287,1751,44.5,2.065,1.421,10.36
102,1995,287,1751,45,2.066,1.417,10.37
102,1995,287,1751,45.5,2.065,1.415,10.37
102,1995,287,1751,46,2.066,1.414,10.38
102,1995,287,1751,46.5,2.067,1.412,10.38
102,1995,287,1751,47,2.068,1.41,10.38
102,1995,287,1751,47.5,2.067,1.407,10.37
102,1995,287,1751,48,2.07,1.404,10.37
102,1995,287,1751,48.5,2.067,1.402,10.38
102,1995,287,1751,49,2.067,1.4,10.38
102,1995,287,1751,49.5,2.066,1.4,10.38
102,1995,287,1751,50,2.067,1.399,10.37
102,1995,287,1751,50.5,2.068,1.396,10.38
102,1995,287,1751,51,2.068,1.393,10.38
102,1995,287,1751,51.5,2.067,1.393,10.39
102,1995,287,1751,52,2.067,1.393,10.38
102,1995,287,1751,52.5,2.067,1.39,10.37
102,1995,287,1751,53,2.066,1.388,10.37
102,1995,287,1751,53.5,2.065,1.387,10.36
102,1995,287,1751,54,2.066,1.386,10.35
102,1995,287,1751,54.5,2.068,1.385,10.35
102,1995,287,1751,55,2.068,1.385,10.37
102,1995,287,1751,55.5,2.068,1.384,10.37
102,1995,287,1751,56,2.067,1.381,10.38
102,1995,287,1751,56.5,2.068,1.383,10.38
102,1995,287,1751,57,2.066,1.381,10.38
102,1995,287,1751,57.5,2.064,1.38,10.37
102,1995,287,1751,58,2.065,1.379,10.37
102,1995,287,1751,58.5,2.065,1.378,10.37
102,1995,287,1751,59,2.065,1.378,10.37
102,1995,287,1751,59.5,2.065,1.378,10.37
102,1995,287,1752,0,2.065,1.377,10.37
102,1995,287,1752,.5,2.065,1.378,10.37
102,1995,287,1752,1,2.065,1.378,10.37
102,1995,287,1752,1.5,2.064,1.377,10.37
102,1995,287,1752,2,2.063,1.378,10.37
102,1995,287,1752,2.5,2.067,1.375,10.37
102,1995,287,1752,3,2.067,1.374,10.37
102,1995,287,1752,3.5,2.068,1.374,10.37
102,1995,287,1752,4,2.067,1.375,10.37
102,1995,287,1752,4.5,2.067,1.374,10.37
102,1995,287,1752,5,2.066,1.375,10.37
102,1995,287,1752,5.5,2.065,1.374,10.37
102,1995,287,1752,6,2.065,1.373,10.37
102,1995,287,1752,6.5,2.065,1.373,10.37
102,1995,287,1752,7,2.067,1.373,10.36
102,1995,287,1752,7.5,2.066,1.372,10.37
102,1995,287,1752,8,2.065,1.371,10.37
102,1995,287,1752,8.5,2.067,1.371,10.37
102,1995,287,1752,9,2.067,1.371,10.37
102,1995,287,1752,9.5,2.066,1.37,10.37
102,1995,287,1752,10,2.066,1.37,10.37
102,1995,287,1752,10.5,2.065,1.371,10.37
102,1995,287,1752,11,2.066,1.371,10.37
102,1995,287,1752,11.5,2.065,1.37,10.36
102,1995,287,1752,12,2.064,1.369,10.36
102,1995,287,1752,12.5,2.065,1.37,10.36
102,1995,287,1752,13,2.065,1.369,10.36
102,1995,287,1752,13.5,2.065,1.369,10.37
102,1995,287,1752,14,2.065,1.37,10.37
102,1995,287,1752,14.5,2.065,1.369,10.36
102,1995,287,1752,15,2.065,1.368,10.37
102,1995,287,1752,15.5,2.065,1.368,10.37
102,1995,287,1752,16,2.064,1.367,10.37
102,1995,287,1752,16.5,2.064,1.366,10.37
102,1995,287,1752,17,2.065,1.367,10.37
102,1995,287,1752,17.5,2.066,1.367,10.37
102,1995,287,1752,18,2.069,1.367,10.36
102,1995,287,1752,18.5,2.068,1.366,10.36
102,1995,287,1752,19,2.069,1.365,10.36
102,1995,287,1752,19.5,2.068,1.365,10.36
102,1995,287,1752,20,2.067,1.366,10.36
102,1995,287,1752,20.5,2.068,1.366,10.36
102,1995,287,1752,21,2.067,1.364,10.36
102,1995,287,1752,21.5,2.068,1.365,10.37
102,1995,287,1752,22,2.067,1.366,10.36
102,1995,287,1752,22.5,2.069,1.364,10.36
102,1995,287,1752,23,2.069,1.365,10.36
102,1995,287,1752,23.5,2.069,1.365,10.36
102,1995,287,1752,24,2.068,1.365,10.36
102,1995,287,1752,24.5,2.067,1.364,10.35
102,1995,287,1752,25,2.065,1.363,10.35
102,1995,287,1752,25.5,2.064,1.361,10.35
102,1995,287,1752,26,2.065,1.363,10.35
102,1995,287,1752,26.5,2.061,1.362,10.35
102,1995,287,1752,27,2.062,1.363,10.35
102,1995,287,1752,27.5,2.06,1.363,10.35
102,1995,287,1752,28,2.06,1.364,10.35
102,1995,287,1752,28.5,2.061,1.362,10.35
102,1995,287,1752,29,2.059,1.362,10.35
102,1995,287,1752,29.5,2.06,1.363,10.35
102,1995,287,1752,30,2.059,1.364,10.35
102,1995,287,1752,30.5,2.056,1.361,10.36
102,1995,287,1752,31,2.052,1.362,10.35
102,1995,287,1752,31.5,2.052,1.362,10.35
102,1995,287,1752,32,2.041,1.361,10.35
102,1995,287,1752,32.5,2.018,1.361,10.35
102,1995,287,1752,33,1.997,1.362,10.35
102,1995,287,1752,33.5,1.983,1.361,10.35
102,1995,287,1752,34,2,1.361,10.35
102,1995,287,1752,34.5,2.013,1.36,10.36
102,1995,287,1752,35,2.025,3.632,10.36
102,1995,287,1752,35.5,2.039,5.234,10.36
102,1995,287,1752,36,2.048,6.134,10.36
102,1995,287,1752,36.5,2.053,6.644,10.36
102,1995,287,1752,37,2.056,6.936,10.36
102,1995,287,1752,37.5,2.057,7.1,10.35
102,1995,287,1752,38,2.055,7.21,10.35
102,1995,287,1752,38.5,2.054,7.27,10.35
102,1995,287,1752,39,2.052,7.32,10.36
102,1995,287,1752,39.5,2.057,7.35,10.36
102,1995,287,1752,40,2.058,7.37,10.36
102,1995,287,1752,40.5,2.059,7.39,10.36
102,1995,287,1752,41,2.058,7.4,10.36
102,1995,287,1752,41.5,2.058,7.4,10.36
102,1995,287,1752,42,2.056,7.41,10.36
102,1995,287,1752,42.5,2.056,7.42,10.36
102,1995,287,1752,43,2.057,7.42,10.37
102,1995,287,1752,43.5,2.056,7.43,10.37
102,1995,287,1752,44,2.057,7.44,10.37
102,1995,287,1752,44.5,2.057,7.44,10.36
102,1995,287,1752,45,2.057,7.44,10.34
102,1995,287,1752,45.5,2.056,7.44,10.34
102,1995,287,1752,46,2.054,7.44,10.34
102,1995,287,1752,46.5,2.052,7.45,10.35
102,1995,287,1752,47,2.052,7.45,10.36
102,1995,287,1752,47.5,2.053,7.46,10.37
102,1995,287,1752,48,2.052,7.46,10.37
102,1995,287,1752,48.5,2.053,7.46,10.37
102,1995,287,1752,49,2.052,7.47,10.38
102,1995,287,1752,49.5,2.049,7.47,10.37
102,1995,287,1752,50,2.05,7.47,10.37
102,1995,287,1752,50.5,2.049,7.46,10.36
102,1995,287,1752,51,2.048,7.47,10.37
102,1995,287,1752,51.5,2.052,7.47,10.37
102,1995,287,1752,52,2.051,7.47,10.37
102,1995,287,1752,52.5,2.054,7.47,10.37
102,1995,287,1752,53,2.054,7.47,10.37
102,1995,287,1752,53.5,2.056,7.47,10.37
102,1995,287,1752,54,2.055,7.48,10.36
102,1995,287,1752,54.5,2.054,7.48,10.36
102,1995,287,1752,55,2.053,7.47,10.35
102,1995,287,1752,55.5,2.052,7.47,10.34
102,1995,287,1752,56,2.053,7.47,10.34
102,1995,287,1752,56.5,2.053,7.48,10.34
102,1995,287,1752,57,2.053,7.47,10.34
102,1995,287,1752,57.5,2.05,7.47,10.36
102,1995,287,1752,58,2.051,7.48,10.36
102,1995,287,1752,58.5,2.053,7.48,10.37
102,1995,287,1752,59,2.053,7.48,10.37
102,1995,287,1752,59.5,2.053,7.49,10.37
102,1995,287,1753,0,2.051,7.49,10.36
102,1995,287,1753,.5,2.051,7.48,10.36
102,1995,287,1753,1,2.049,7.48,10.36
102,1995,287,1753,1.5,2.05,7.49,10.36
102,1995,287,1753,2,2.046,7.48,10.35
102,1995,287,1753,2.5,2.045,7.49,10.36
102,1995,287,1753,3,2.045,7.49,10.36
102,1995,287,1753,3.5,2.045,7.48,10.35
102,1995,287,1753,4,2.044,7.48,10.35
102,1995,287,1753,4.5,2.043,7.49,10.35
102,1995,287,1753,5,2.043,7.49,10.35
102,1995,287,1753,5.5,2.042,7.49,10.35
102,1995,287,1753,6,2.042,7.49,10.35
102,1995,287,1753,6.5,2.041,7.49,10.35
102,1995,287,1753,7,2.043,7.49,10.35
102,1995,287,1753,7.5,2.043,7.49,10.35
102,1995,287,1753,8,2.044,7.49,10.35
102,1995,287,1753,8.5,2.046,7.49,10.36
102,1995,287,1753,9,2.046,7.49,10.36
102,1995,287,1753,9.5,2.045,7.49,10.35
102,1995,287,1753,10,2.044,7.49,10.36
102,1995,287,1753,10.5,2.047,7.49,10.35
102,1995,287,1753,11,2.047,7.49,10.36
102,1995,287,1753,11.5,2.048,7.49,10.35
102,1995,287,1753,12,2.047,7.49,10.35
102,1995,287,1753,12.5,2.049,7.5,10.35
102,1995,287,1753,13,2.051,7.5,10.36
102,1995,287,1753,13.5,2.049,7.5,10.36
102,1995,287,1753,14,2.05,7.49,10.36
102,1995,287,1753,14.5,2.05,7.5,10.36
102,1995,287,1753,15,2.05,7.5,10.36
102,1995,287,1753,15.5,2.051,7.5,10.35
102,1995,287,1753,16,2.05,7.49,10.35
102,1995,287,1753,16.5,2.047,7.49,10.34
102,1995,287,1753,17,2.045,7.49,10.35
102,1995,287,1753,17.5,2.044,7.5,10.35
102,1995,287,1753,18,2.043,7.5,10.35
102,1995,287,1753,18.5,2.043,7.5,10.35
102,1995,287,1753,19,2.044,7.5,10.35
102,1995,287,1753,19.5,2.044,7.5,10.35
102,1995,287,1753,20,2.042,7.5,10.36
102,1995,287,1753,20.5,2.043,7.5,10.35
102,1995,287,1753,21,2.043,7.5,10.35
102,1995,287,1753,21.5,2.043,7.5,10.35
102,1995,287,1753,22,2.043,7.5,10.35
102,1995,287,1753,22.5,2.043,7.5,10.35
102,1995,287,1753,23,2.044,7.51,10.36
102,1995,287,1753,23.5,2.044,7.5,10.35
102,1995,287,1753,24,2.044,7.5,10.35
102,1995,287,1753,24.5,2.042,7.5,10.35
102,1995,287,1753,25,2.041,7.5,10.35
102,1995,287,1753,25.5,2.039,7.5,10.35
102,1995,287,1753,26,2.032,7.5,10.35
102,1995,287,1753,26.5,2.029,7.5,10.35
102,1995,287,1753,27,2.006,7.5,10.34
102,1995,287,1753,27.5,2.003,7.5,10.34
102,1995,287,1753,28,2.016,7.5,10.35
102,1995,287,1753,28.5,2.029,7.51,10.35
102,1995,287,1753,29,2.038,7.5,10.34
102,1995,287,1753,29.5,2.045,7.51,10.34
102,1995,287,1753,30,2.05,7.51,10.34
102,1995,287,1753,30.5,2.054,7.5,10.34
102,1995,287,1753,31,2.056,7.5,10.34
102,1995,287,1753,31.5,2.058,7.5,10.34
102,1995,287,1753,32,2.06,7.5,10.34
102,1995,287,1753,32.5,2.063,7.5,10.33
102,1995,287,1753,33,2.065,7.5,10.33
102,1995,287,1753,33.5,2.064,7.5,10.34
102,1995,287,1753,34,2.061,7.39,10.34
102,1995,287,1753,34.5,2.06,4.958,10.34
102,1995,287,1753,35,2.061,3.463,10.34
102,1995,287,1753,35.5,2.061,2.621,10.34
102,1995,287,1753,36,2.061,2.146,10.34
102,1995,287,1753,36.5,2.06,1.873,10.34
102,1995,287,1753,37,2.061,1.711,10.34
102,1995,287,1753,37.5,2.062,1.614,10.34
102,1995,287,1753,38,2.061,1.555,10.34
102,1995,287,1753,38.5,2.059,1.517,10.34
102,1995,287,1753,39,2.061,1.493,10.35
102,1995,287,1753,39.5,2.061,1.473,10.34
102,1995,287,1753,40,2.06,1.46,10.34
102,1995,287,1753,40.5,2.063,1.449,10.33
102,1995,287,1753,41,2.063,1.44,10.34
102,1995,287,1753,41.5,2.061,1.435,10.34
102,1995,287,1753,42,2.062,1.428,10.34
102,1995,287,1753,42.5,2.073,1.424,10.34
102,1995,287,1753,43,2.077,1.418,10.34
102,1995,287,1753,43.5,2.07,1.415,10.34
102,1995,287,1753,44,2.067,1.41,10.34
102,1995,287,1753,44.5,2.066,1.408,10.34
102,1995,287,1753,45,2.066,1.405,10.34
102,1995,287,1753,45.5,2.064,1.402,10.35
102,1995,287,1753,46,2.063,1.398,10.35
102,1995,287,1753,46.5,2.065,1.397,10.35
102,1995,287,1753,47,2.063,1.394,10.34
102,1995,287,1753,47.5,2.064,1.393,10.33
102,1995,287,1753,48,2.063,1.392,10.33
102,1995,287,1753,48.5,2.063,1.391,10.34
102,1995,287,1753,49,2.061,1.387,10.34
102,1995,287,1753,49.5,2.062,1.385,10.34
102,1995,287,1753,50,2.061,1.385,10.34
102,1995,287,1753,50.5,2.061,1.384,10.35
102,1995,287,1753,51,2.061,1.383,10.35
102,1995,287,1753,51.5,2.061,1.381,10.35
102,1995,287,1753,52,2.061,1.38,10.35
102,1995,287,1753,52.5,2.062,1.379,10.36
102,1995,287,1753,53,2.062,1.379,10.36
102,1995,287,1753,53.5,2.062,1.378,10.35
102,1995,287,1753,54,2.062,1.375,10.36
102,1995,287,1753,54.5,2.063,1.374,10.36
102,1995,287,1753,55,2.063,1.372,10.36
102,1995,287,1753,55.5,2.061,1.371,10.36
102,1995,287,1753,56,2.061,1.371,10.36
102,1995,287,1753,56.5,2.061,1.372,10.35
102,1995,287,1753,57,2.064,1.37,10.36
102,1995,287,1753,57.5,2.062,1.37,10.35
102,1995,287,1753,58,2.062,1.369,10.35
102,1995,287,1753,58.5,2.062,1.368,10.34
102,1995,287,1753,59,2.061,1.368,10.34
102,1995,287,1753,59.5,2.061,1.368,10.34
102,1995,287,1754,0,2.061,1.367,10.34
102,1995,287,1754,.5,2.061,1.367,10.36
102,1995,287,1754,1,2.062,1.367,10.36
102,1995,287,1754,1.5,2.063,1.364,10.36
102,1995,287,1754,2,2.064,1.364,10.36
102,1995,287,1754,2.5,2.062,1.365,10.35
102,1995,287,1754,3,2.062,1.363,10.35
102,1995,287,1754,3.5,2.061,1.364,10.35
102,1995,287,1754,4,2.062,1.363,10.35
102,1995,287,1754,4.5,2.062,1.363,10.35
102,1995,287,1754,5,2.06,1.363,10.35
102,1995,287,1754,5.5,2.061,1.361,10.35
102,1995,287,1754,6,2.061,1.362,10.35
102,1995,287,1754,6.5,2.062,1.362,10.35
102,1995,287,1754,7,2.061,1.364,10.35
102,1995,287,1754,7.5,2.061,1.363,10.35
102,1995,287,1754,8,2.061,1.36,10.35
102,1995,287,1754,8.5,2.062,1.361,10.35
102,1995,287,1754,9,2.062,1.362,10.35
102,1995,287,1754,9.5,2.064,1.36,10.35
102,1995,287,1754,10,2.064,1.36,10.35
102,1995,287,1754,10.5,2.063,1.359,10.35
102,1995,287,1754,11,2.064,1.36,10.35
102,1995,287,1754,11.5,2.063,1.362,10.35
102,1995,287,1754,12,2.063,1.363,10.35
102,1995,287,1754,12.5,2.062,1.36,10.35
102,1995,287,1754,13,2.062,1.36,10.35
102,1995,287,1754,13.5,2.062,1.359,10.35
102,1995,287,1754,14,2.061,1.359,10.35
102,1995,287,1754,14.5,2.064,1.358,10.35
102,1995,287,1754,15,2.066,1.358,10.35
102,1995,287,1754,15.5,2.069,1.359,10.35
102,1995,287,1754,16,2.069,1.359,10.35
102,1995,287,1754,16.5,2.07,1.358,10.35
102,1995,287,1754,17,2.068,1.358,10.35
102,1995,287,1754,17.5,2.07,1.357,10.35
102,1995,287,1754,18,2.068,1.358,10.35
102,1995,287,1754,18.5,2.068,1.355,10.35
102,1995,287,1754,19,2.067,1.356,10.35
102,1995,287,1754,19.5,2.067,1.355,10.34
102,1995,287,1754,20,2.067,1.356,10.34
102,1995,287,1754,20.5,2.066,1.356,10.34
102,1995,287,1754,21,2.067,1.357,10.34
102,1995,287,1754,21.5,2.067,1.357,10.33
102,1995,287,1754,22,2.067,1.357,10.34
102,1995,287,1754,22.5,2.067,1.357,10.33
102,1995,287,1754,23,2.067,1.357,10.33
102,1995,287,1754,23.5,2.067,1.358,10.34
102,1995,287,1754,24,2.068,1.355,10.34
102,1995,287,1754,24.5,2.068,1.354,10.35
102,1995,287,1754,25,2.069,1.353,10.35
102,1995,287,1754,25.5,2.069,1.354,10.35
102,1995,287,1754,26,2.069,1.352,10.34
102,1995,287,1754,26.5,2.069,1.355,10.34
102,1995,287,1754,27,2.067,1.354,10.34
102,1995,287,1754,27.5,2.069,1.354,10.34
102,1995,287,1754,28,2.068,1.355,10.34
102,1995,287,1754,28.5,2.07,1.354,10.35
102,1995,287,1754,29,2.07,1.354,10.34
102,1995,287,1754,29.5,2.069,1.353,10.34
102,1995,287,1754,30,2.069,1.353,10.33
102,1995,287,1754,30.5,2.067,1.351,10.33
102,1995,287,1754,31,2.066,1.351,10.33
102,1995,287,1754,31.5,2.067,1.354,10.34
102,1995,287,1754,32,2.067,1.352,10.34
102,1995,287,1754,32.5,2.067,1.353,10.34
102,1995,287,1754,33,2.066,1.353,10.34
102,1995,287,1754,33.5,2.067,1.355,10.34
102,1995,287,1754,34,2.066,1.353,10.34
102,1995,287,1754,34.5,2.065,1.353,10.34
102,1995,287,1754,35,2.064,3.26,10.34
102,1995,287,1754,35.5,2.065,5.027,10.34
102,1995,287,1754,36,2.068,6.026,10.35
102,1995,287,1754,36.5,2.069,6.587,10.35
102,1995,287,1754,37,2.068,6.911,10.35
102,1995,287,1754,37.5,2.068,7.1,10.35
102,1995,287,1754,38,2.07,7.21,10.34
102,1995,287,1754,38.5,2.07,7.28,10.35
102,1995,287,1754,39,2.068,7.33,10.35
102,1995,287,1754,39.5,2.067,7.35,10.35
102,1995,287,1754,40,2.067,7.38,10.36
102,1995,287,1754,40.5,2.068,7.39,10.36
102,1995,287,1754,41,2.068,7.4,10.36
102,1995,287,1754,41.5,2.067,7.42,10.35
102,1995,287,1754,42,2.065,7.42,10.35
102,1995,287,1754,42.5,2.064,7.43,10.35
102,1995,287,1754,43,2.068,7.44,10.36
102,1995,287,1754,43.5,2.071,7.44,10.36
102,1995,287,1754,44,2.075,7.45,10.36
102,1995,287,1754,44.5,2.077,7.45,10.37
102,1995,287,1754,45,2.076,7.46,10.36
102,1995,287,1754,45.5,2.076,7.46,10.37
102,1995,287,1754,46,2.075,7.46,10.36
102,1995,287,1754,46.5,2.074,7.46,10.36
102,1995,287,1754,47,2.075,7.46,10.35
102,1995,287,1754,47.5,2.073,7.47,10.36
102,1995,287,1754,48,2.072,7.47,10.36
102,1995,287,1754,48.5,2.072,7.48,10.35
102,1995,287,1754,49,2.07,7.47,10.34
102,1995,287,1754,49.5,2.07,7.47,10.34
102,1995,287,1754,50,2.068,7.47,10.34
102,1995,287,1754,50.5,2.066,7.48,10.35
102,1995,287,1754,51,2.069,7.48,10.37
102,1995,287,1754,51.5,2.069,7.49,10.37
102,1995,287,1754,52,2.067,7.49,10.37
102,1995,287,1754,52.5,2.067,7.49,10.37
102,1995,287,1754,53,2.065,7.49,10.37
102,1995,287,1754,53.5,2.067,7.49,10.37
102,1995,287,1754,54,2.068,7.49,10.37
102,1995,287,1754,54.5,2.065,7.49,10.37
102,1995,287,1754,55,2.067,7.49,10.37
102,1995,287,1754,55.5,2.064,7.49,10.37
102,1995,287,1754,56,2.067,7.49,10.37
102,1995,287,1754,56.5,2.065,7.49,10.37
102,1995,287,1754,57,2.066,7.49,10.36
102,1995,287,1754,57.5,2.068,7.49,10.36
102,1995,287,1754,58,2.065,7.5,10.36
102,1995,287,1754,58.5,2.064,7.49,10.35
102,1995,287,1754,59,2.063,7.5,10.34
102,1995,287,1754,59.5,2.063,7.5,10.34
102,1995,287,1755,0,2.065,7.5,10.34
102,1995,287,1755,.5,2.066,7.5,10.34
102,1995,287,1755,1,2.071,7.5,10.35
102,1995,287,1755,1.5,2.072,7.5,10.36
102,1995,287,1755,2,2.074,7.5,10.36
102,1995,287,1755,2.5,2.073,7.5,10.36
102,1995,287,1755,3,2.071,7.5,10.36
102,1995,287,1755,3.5,2.069,7.5,10.35
102,1995,287,1755,4,2.068,7.5,10.35
102,1995,287,1755,4.5,2.068,7.5,10.35
102,1995,287,1755,5,2.067,7.5,10.35
102,1995,287,1755,5.5,2.068,7.5,10.35
102,1995,287,1755,6,2.067,7.5,10.36
102,1995,287,1755,6.5,2.067,7.5,10.36
102,1995,287,1755,7,2.069,7.5,10.36
102,1995,287,1755,7.5,2.072,7.5,10.36
102,1995,287,1755,8,2.074,7.51,10.36
102,1995,287,1755,8.5,2.073,7.5,10.35
102,1995,287,1755,9,2.073,7.5,10.35
102,1995,287,1755,9.5,2.071,7.5,10.35
102,1995,287,1755,10,2.068,7.51,10.36
102,1995,287,1755,10.5,2.069,7.5,10.35
102,1995,287,1755,11,2.07,7.5,10.35
102,1995,287,1755,11.5,2.072,7.5,10.35
102,1995,287,1755,12,2.072,7.5,10.34
102,1995,287,1755,12.5,2.073,7.5,10.34
102,1995,287,1755,13,2.073,7.5,10.34
102,1995,287,1755,13.5,2.072,7.5,10.35
102,1995,287,1755,14,2.071,7.5,10.35
102,1995,287,1755,14.5,2.073,7.51,10.35
102,1995,287,1755,15,2.074,7.51,10.36
102,1995,287,1755,15.5,2.075,7.51,10.36
102,1995,287,1755,16,2.074,7.5,10.35
102,1995,287,1755,16.5,2.074,7.5,10.35
102,1995,287,1755,17,2.075,7.51,10.35
102,1995,287,1755,17.5,2.073,7.51,10.35
102,1995,287,1755,18,2.074,7.51,10.35
102,1995,287,1755,18.5,2.077,7.51,10.35
102,1995,287,1755,19,2.078,7.5,10.35
102,1995,287,1755,19.5,2.078,7.51,10.35
102,1995,287,1755,20,2.081,7.51,10.35
102,1995,287,1755,20.5,2.08,7.5,10.35
102,1995,287,1755,21,2.079,7.5,10.34
102,1995,287,1755,21.5,2.082,7.51,10.35
102,1995,287,1755,22,2.081,7.51,10.35
102,1995,287,1755,22.5,2.083,7.51,10.36
102,1995,287,1755,23,2.082,7.51,10.35
102,1995,287,1755,23.5,2.082,7.51,10.34
102,1995,287,1755,24,2.081,7.51,10.34
102,1995,287,1755,24.5,2.082,7.51,10.35
102,1995,287,1755,25,2.084,7.51,10.34
102,1995,287,1755,25.5,2.084,7.51,10.34
102,1995,287,1755,26,2.085,7.51,10.34
102,1995,287,1755,26.5,2.082,7.51,10.34
102,1995,287,1755,27,2.081,7.51,10.35
102,1995,287,1755,27.5,2.079,7.51,10.34
102,1995,287,1755,28,2.078,7.51,10.34
102,1995,287,1755,28.5,2.08,7.51,10.34
102,1995,287,1755,29,2.081,7.51,10.34
102,1995,287,1755,29.5,2.081,7.51,10.34
102,1995,287,1755,30,2.079,7.52,10.34
102,1995,287,1755,30.5,2.078,7.52,10.34
102,1995,287,1755,31,2.076,7.51,10.34
102,1995,287,1755,31.5,2.076,7.51,10.33
102,1995,287,1755,32,2.075,7.51,10.33
102,1995,287,1755,32.5,2.071,7.51,10.33
102,1995,287,1755,33,2.069,7.51,10.33
102,1995,287,1755,33.5,2.071,7.51,10.33
102,1995,287,1755,34,2.069,7.51,10.33
102,1995,287,1755,34.5,2.067,7.41,10.33
102,1995,287,1755,35,2.069,4.98,10.33
102,1995,287,1755,35.5,2.071,3.475,10.33
102,1995,287,1755,36,2.07,2.628,10.33
102,1995,287,1755,36.5,2.066,2.151,10.33
102,1995,287,1755,37,2.065,1.876,10.32
102,1995,287,1755,37.5,2.063,1.713,10.33
102,1995,287,1755,38,2.065,1.616,10.33
102,1995,287,1755,38.5,2.063,1.556,10.33
102,1995,287,1755,39,2.062,1.52,10.34
102,1995,287,1755,39.5,2.063,1.492,10.33
102,1995,287,1755,40,2.063,1.473,10.33
102,1995,287,1755,40.5,2.061,1.458,10.32
102,1995,287,1755,41,2.061,1.449,10.32
102,1995,287,1755,41.5,2.061,1.439,10.33
102,1995,287,1755,42,2.061,1.433,10.33
102,1995,287,1755,42.5,2.061,1.427,10.32
102,1995,287,1755,43,2.06,1.422,10.32
102,1995,287,1755,43.5,2.059,1.417,10.32
102,1995,287,1755,44,2.06,1.413,10.32
102,1995,287,1755,44.5,2.062,1.409,10.33
102,1995,287,1755,45,2.062,1.406,10.33
102,1995,287,1755,45.5,2.063,1.404,10.33
102,1995,287,1755,46,2.062,1.4,10.33
102,1995,287,1755,46.5,2.062,1.397,10.34
102,1995,287,1755,47,2.061,1.394,10.34
102,1995,287,1755,47.5,2.061,1.393,10.34
102,1995,287,1755,48,2.062,1.392,10.34
102,1995,287,1755,48.5,2.061,1.391,10.34
102,1995,287,1755,49,2.061,1.39,10.35
102,1995,287,1755,49.5,2.062,1.388,10.34
102,1995,287,1755,50,2.061,1.386,10.34
102,1995,287,1755,50.5,2.059,1.384,10.35
102,1995,287,1755,51,2.061,1.382,10.34
102,1995,287,1755,51.5,2.063,1.382,10.34
102,1995,287,1755,52,2.062,1.38,10.34
102,1995,287,1755,52.5,2.063,1.379,10.34
102,1995,287,1755,53,2.064,1.378,10.34
102,1995,287,1755,53.5,2.064,1.378,10.35
102,1995,287,1755,54,2.064,1.376,10.35
102,1995,287,1755,54.5,2.065,1.375,10.35
102,1995,287,1755,55,2.067,1.373,10.35
102,1995,287,1755,55.5,2.068,1.373,10.35
102,1995,287,1755,56,2.067,1.372,10.35
102,1995,287,1755,56.5,2.068,1.373,10.36
102,1995,287,1755,57,2.068,1.37,10.36
102,1995,287,1755,57.5,2.068,1.372,10.36
102,1995,287,1755,58,2.067,1.372,10.36
102,1995,287,1755,58.5,2.068,1.37,10.36
102,1995,287,1755,59,2.066,1.37,10.36
102,1995,287,1755,59.5,2.065,1.37,10.35
102,1995,287,1756,0,2.065,1.37,10.35
102,1995,287,1756,.5,2.065,1.368,10.35
102,1995,287,1756,1,2.062,1.368,10.35
102,1995,287,1756,1.5,2.064,1.368,10.35
102,1995,287,1756,2,2.065,1.368,10.34
102,1995,287,1756,2.5,2.065,1.37,10.34
102,1995,287,1756,3,2.064,1.368,10.34
102,1995,287,1756,3.5,2.064,1.365,10.35
102,1995,287,1756,4,2.066,1.365,10.36
102,1995,287,1756,4.5,2.065,1.365,10.35
102,1995,287,1756,5,2.066,1.364,10.35
102,1995,287,1756,5.5,2.067,1.365,10.35
102,1995,287,1756,6,2.065,1.365,10.35
102,1995,287,1756,6.5,2.068,1.365,10.36
102,1995,287,1756,7,2.065,1.365,10.36
102,1995,287,1756,7.5,2.066,1.365,10.35
102,1995,287,1756,8,2.065,1.364,10.35
102,1995,287,1756,8.5,2.066,1.365,10.36
102,1995,287,1756,9,2.065,1.364,10.36
102,1995,287,1756,9.5,2.066,1.363,10.35
102,1995,287,1756,10,2.066,1.362,10.35
102,1995,287,1756,10.5,2.067,1.363,10.34
102,1995,287,1756,11,2.069,1.362,10.35
102,1995,287,1756,11.5,2.068,1.361,10.35
102,1995,287,1756,12,2.069,1.361,10.35
102,1995,287,1756,12.5,2.07,1.36,10.35
102,1995,287,1756,13,2.07,1.361,10.35
102,1995,287,1756,13.5,2.069,1.36,10.36
102,1995,287,1756,14,2.07,1.36,10.36
102,1995,287,1756,14.5,2.069,1.36,10.35
102,1995,287,1756,15,2.07,1.36,10.35
102,1995,287,1756,15.5,2.068,1.358,10.35
102,1995,287,1756,16,2.069,1.359,10.35
102,1995,287,1756,16.5,2.069,1.36,10.36
102,1995,287,1756,17,2.068,1.359,10.36
102,1995,287,1756,17.5,2.069,1.359,10.36
102,1995,287,1756,18,2.07,1.358,10.36
102,1995,287,1756,18.5,2.07,1.36,10.36
102,1995,287,1756,19,2.069,1.359,10.36
102,1995,287,1756,19.5,2.069,1.358,10.36
102,1995,287,1756,20,2.069,1.357,10.36
102,1995,287,1756,20.5,2.07,1.357,10.37
102,1995,287,1756,21,2.07,1.356,10.36
102,1995,287,1756,21.5,2.068,1.357,10.36
102,1995,287,1756,22,2.07,1.355,10.35
102,1995,287,1756,22.5,2.069,1.355,10.35
102,1995,287,1756,23,2.07,1.355,10.35
102,1995,287,1756,23.5,2.071,1.354,10.35
102,1995,287,1756,24,2.07,1.354,10.35
102,1995,287,1756,24.5,2.07,1.355,10.36
102,1995,287,1756,25,2.07,1.355,10.36
102,1995,287,1756,25.5,2.071,1.354,10.36
102,1995,287,1756,26,2.071,1.355,10.36
102,1995,287,1756,26.5,2.071,1.355,10.36
102,1995,287,1756,27,2.07,1.356,10.37
102,1995,287,1756,27.5,2.072,1.355,10.37
102,1995,287,1756,28,2.072,1.356,10.38
102,1995,287,1756,28.5,2.07,1.354,10.37
102,1995,287,1756,29,2.07,1.354,10.37
102,1995,287,1756,29.5,2.067,1.355,10.36
102,1995,287,1756,30,2.068,1.355,10.36
102,1995,287,1756,30.5,2.065,1.354,10.36
102,1995,287,1756,31,2.068,1.354,10.36
102,1995,287,1756,31.5,2.068,1.354,10.36
102,1995,287,1756,32,2.066,1.353,10.36
102,1995,287,1756,32.5,2.066,1.352,10.37
102,1995,287,1756,33,2.066,1.352,10.36
102,1995,287,1756,33.5,2.065,1.352,10.37
102,1995,287,1756,34,2.065,1.352,10.36
102,1995,287,1756,34.5,2.065,1.351,10.36
102,1995,287,1756,35,2.067,1.351,10.36
102,1995,287,1756,35.5,2.065,2.223,10.35
102,1995,287,1756,36,2.066,4.429,10.35
102,1995,287,1756,36.5,2.067,5.694,10.35
102,1995,287,1756,37,2.068,6.406,10.35
102,1995,287,1756,37.5,2.067,6.81,10.35
102,1995,287,1756,38,2.068,7.04,10.35
102,1995,287,1756,38.5,2.069,7.18,10.35
102,1995,287,1756,39,2.072,7.27,10.35
102,1995,287,1756,39.5,2.07,7.32,10.35
102,1995,287,1756,40,2.071,7.36,10.35
102,1995,287,1756,40.5,2.074,7.38,10.35
102,1995,287,1756,41,2.078,7.4,10.34
102,1995,287,1756,41.5,2.082,7.41,10.35
102,1995,287,1756,42,2.085,7.43,10.36
102,1995,287,1756,42.5,2.088,7.43,10.35
102,1995,287,1756,43,2.092,7.44,10.35
102,1995,287,1756,43.5,2.095,7.45,10.36
102,1995,287,1756,44,2.101,7.45,10.36
102,1995,287,1756,44.5,2.104,7.46,10.36
102,1995,287,1756,45,2.11,7.47,10.36
102,1995,287,1756,45.5,2.108,7.47,10.36
102,1995,287,1756,46,2.111,7.48,10.37
102,1995,287,1756,46.5,2.112,7.48,10.37
102,1995,287,1756,47,2.113,7.48,10.37
102,1995,287,1756,47.5,2.115,7.48,10.36
102,1995,287,1756,48,2.113,7.48,10.36
102,1995,287,1756,48.5,2.109,7.49,10.36
102,1995,287,1756,49,2.109,7.49,10.37
102,1995,287,1756,49.5,2.106,7.49,10.37
102,1995,287,1756,50,2.102,7.5,10.37
102,1995,287,1756,50.5,2.099,7.5,10.37
102,1995,287,1756,51,2.096,7.5,10.37
102,1995,287,1756,51.5,2.098,7.5,10.37
102,1995,287,1756,52,2.101,7.5,10.37
102,1995,287,1756,52.5,2.1,7.5,10.36
102,1995,287,1756,53,2.1,7.5,10.35
102,1995,287,1756,53.5,2.099,7.5,10.35
102,1995,287,1756,54,2.1,7.5,10.36
102,1995,287,1756,54.5,2.099,7.5,10.36
102,1995,287,1756,55,2.097,7.5,10.37
102,1995,287,1756,55.5,2.095,7.5,10.37
102,1995,287,1756,56,2.098,7.5,10.37
102,1995,287,1756,56.5,2.1,7.51,10.37
102,1995,287,1756,57,2.098,7.51,10.37
102,1995,287,1756,57.5,2.096,7.51,10.38
102,1995,287,1756,58,2.095,7.51,10.38
102,1995,287,1756,58.5,2.094,7.51,10.38
102,1995,287,1756,59,2.092,7.51,10.37
102,1995,287,1756,59.5,2.092,7.51,10.37
102,1995,287,1757,0,2.092,7.51,10.37
102,1995,287,1757,.5,2.092,7.51,10.37
102,1995,287,1757,1,2.091,7.51,10.37
102,1995,287,1757,1.5,2.092,7.51,10.37
102,1995,287,1757,2,2.093,7.51,10.37
102,1995,287,1757,2.5,2.092,7.51,10.36
102,1995,287,1757,3,2.092,7.51,10.35
102,1995,287,1757,3.5,2.091,7.51,10.34
102,1995,287,1757,4,2.091,7.51,10.34
102,1995,287,1757,4.5,2.092,7.51,10.35
102,1995,287,1757,5,2.09,7.52,10.36
102,1995,287,1757,5.5,2.089,7.52,10.36
102,1995,287,1757,6,2.087,7.52,10.36
102,1995,287,1757,6.5,2.086,7.52,10.36
102,1995,287,1757,7,2.083,7.52,10.36
102,1995,287,1757,7.5,2.081,7.52,10.36
102,1995,287,1757,8,2.081,7.51,10.36
102,1995,287,1757,8.5,2.082,7.52,10.36
102,1995,287,1757,9,2.084,7.52,10.36
102,1995,287,1757,9.5,2.085,7.52,10.36
102,1995,287,1757,10,2.086,7.52,10.36
102,1995,287,1757,10.5,2.086,7.52,10.36
102,1995,287,1757,11,2.086,7.52,10.36
102,1995,287,1757,11.5,2.088,7.52,10.36
102,1995,287,1757,12,2.088,7.52,10.36
102,1995,287,1757,12.5,2.089,7.52,10.36
102,1995,287,1757,13,2.088,7.52,10.35
102,1995,287,1757,13.5,2.088,7.52,10.35
102,1995,287,1757,14,2.086,7.52,10.36
102,1995,287,1757,14.5,2.089,7.52,10.36
102,1995,287,1757,15,2.09,7.52,10.36
102,1995,287,1757,15.5,2.09,7.52,10.36
102,1995,287,1757,16,2.093,7.51,10.36
102,1995,287,1757,16.5,2.094,7.52,10.36
102,1995,287,1757,17,2.094,7.52,10.36
102,1995,287,1757,17.5,2.095,7.52,10.36
102,1995,287,1757,18,2.094,7.52,10.36
102,1995,287,1757,18.5,2.095,7.52,10.36
102,1995,287,1757,19,2.095,7.52,10.36
102,1995,287,1757,19.5,2.097,7.52,10.36
102,1995,287,1757,20,2.095,7.52,10.36
102,1995,287,1757,20.5,2.097,7.52,10.35
102,1995,287,1757,21,2.098,7.52,10.36
102,1995,287,1757,21.5,2.097,7.52,10.36
102,1995,287,1757,22,2.1,7.52,10.36
102,1995,287,1757,22.5,2.098,7.52,10.35
102,1995,287,1757,23,2.1,7.53,10.36
102,1995,287,1757,23.5,2.1,7.53,10.36
102,1995,287,1757,24,2.102,7.52,10.36
102,1995,287,1757,24.5,2.102,7.52,10.35
102,1995,287,1757,25,2.102,7.52,10.35
102,1995,287,1757,25.5,2.102,7.53,10.35
102,1995,287,1757,26,2.101,7.53,10.35
102,1995,287,1757,26.5,2.103,7.52,10.35
102,1995,287,1757,27,2.106,7.53,10.36
102,1995,287,1757,27.5,2.105,7.53,10.35
102,1995,287,1757,28,2.104,7.53,10.36
102,1995,287,1757,28.5,2.104,7.53,10.36
102,1995,287,1757,29,2.104,7.53,10.36
102,1995,287,1757,29.5,2.105,7.53,10.36
102,1995,287,1757,30,2.105,7.53,10.36
102,1995,287,1757,30.5,2.106,7.53,10.36
102,1995,287,1757,31,2.105,7.53,10.35
102,1995,287,1757,31.5,2.106,7.53,10.35
102,1995,287,1757,32,2.105,7.53,10.35
102,1995,287,1757,32.5,2.105,7.52,10.35
102,1995,287,1757,33,2.106,7.53,10.35
102,1995,287,1757,33.5,2.105,7.53,10.35
102,1995,287,1757,34,2.104,7.53,10.35
102,1995,287,1757,34.5,2.106,7.53,10.35
102,1995,287,1757,35,2.106,7.53,10.35
102,1995,287,1757,35.5,2.108,7.53,10.35
102,1995,287,1757,36,2.106,7.53,10.35
102,1995,287,1757,36.5,2.107,7.53,10.35
102,1995,287,1757,37,2.107,7.53,10.35
102,1995,287,1757,37.5,2.108,7.53,10.35
102,1995,287,1757,38,2.106,7.53,10.35
102,1995,287,1757,38.5,2.106,7.54,10.35
102,1995,287,1757,39,2.107,7.54,10.35
102,1995,287,1757,39.5,2.109,7.54,10.35
102,1995,287,1757,40,2.106,7.54,10.35
102,1995,287,1757,40.5,2.106,7.54,10.35
102,1995,287,1757,41,2.105,7.53,10.34
102,1995,287,1757,41.5,2.104,7.53,10.34
102,1995,287,1757,42,2.104,7.53,10.33
102,1995,287,1757,42.5,2.103,7.53,10.33
102,1995,287,1757,43,2.102,7.53,10.34
102,1995,287,1757,43.5,2.103,7.54,10.34
102,1995,287,1757,44,2.1,7.54,10.34
102,1995,287,1757,44.5,2.096,7.54,10.34
102,1995,287,1757,45,2.093,7.53,10.34
102,1995,287,1757,45.5,2.089,7.54,10.34
102,1995,287,1757,46,2.083,7.53,10.34
102,1995,287,1757,46.5,2.073,7.54,10.34
102,1995,287,1757,47,2.055,7.54,10.34
102,1995,287,1757,47.5,2.019,7.54,10.35
102,1995,287,1757,48,1.982,7.54,10.34
102,1995,287,1757,48.5,1.977,7.53,10.34
102,1995,287,1757,49,1.996,7.53,10.34
102,1995,287,1757,49.5,2.043,7.54,10.34
102,1995,287,1757,50,2.09,7.54,10.35
102,1995,287,1757,50.5,2.12,7.54,10.35
102,1995,287,1757,51,2.133,7.54,10.35
102,1995,287,1757,51.5,2.141,7.54,10.35
102,1995,287,1757,52,2.141,7.54,10.35
102,1995,287,1757,52.5,2.145,7.54,10.35
102,1995,287,1757,53,2.142,7.54,10.35
102,1995,287,1757,53.5,2.142,7.54,10.36
102,1995,287,1757,54,2.149,7.54,10.36
102,1995,287,1757,54.5,2.142,7.54,10.35
102,1995,287,1757,55,2.144,7.54,10.34
102,1995,287,1757,55.5,2.159,7.54,10.35
102,1995,287,1757,56,2.172,7.54,10.35
102,1995,287,1757,56.5,2.175,7.55,10.36
102,1995,287,1757,57,2.181,7.54,10.36
102,1995,287,1757,57.5,2.188,7.54,10.36
102,1995,287,1757,58,2.188,7.54,10.36
102,1995,287,1757,58.5,2.186,7.54,10.36
102,1995,287,1757,59,2.181,7.54,10.36
102,1995,287,1757,59.5,2.172,7.54,10.36
102,1995,287,1758,0,2.166,7.54,10.36
102,1995,287,1758,.5,2.16,7.54,10.36
102,1995,287,1758,1,2.156,7.54,10.36
102,1995,287,1758,1.5,2.155,7.54,10.36
102,1995,287,1758,2,2.155,7.53,10.36
102,1995,287,1758,2.5,2.156,7.53,10.36
102,1995,287,1758,3,2.157,7.53,10.36
102,1995,287,1758,3.5,2.156,7.53,10.35
102,1995,287,1758,4,2.158,7.53,10.35
102,1995,287,1758,4.5,2.161,7.53,10.36
102,1995,287,1758,5,2.164,7.53,10.35
102,1995,287,1758,5.5,2.168,7.54,10.35
102,1995,287,1758,6,2.165,7.53,10.35
102,1995,287,1758,6.5,2.168,7.54,10.36
102,1995,287,1758,7,2.168,7.54,10.37
102,1995,287,1758,7.5,2.171,7.54,10.38
102,1995,287,1758,8,2.178,7.55,10.38
102,1995,287,1758,8.5,2.183,7.54,10.37
102,1995,287,1758,9,2.182,7.54,10.37
102,1995,287,1758,9.5,2.179,7.54,10.38
102,1995,287,1758,10,2.174,7.54,10.37
102,1995,287,1758,10.5,2.142,7.54,10.38
102,1995,287,1758,11,2.058,7.54,10.39
102,1995,287,1758,11.5,2.006,7.54,10.38
102,1995,287,1758,12,2.006,7.55,10.38
102,1995,287,1758,12.5,2.034,7.55,10.38
102,1995,287,1758,13,2.06,7.54,10.38
102,1995,287,1758,13.5,2.075,7.54,10.37
102,1995,287,1758,14,2.088,7.55,10.38
102,1995,287,1758,14.5,2.098,7.55,10.38
102,1995,287,1758,15,2.1,7.54,10.37
102,1995,287,1758,15.5,2.1,7.53,10.37
102,1995,287,1758,16,2.102,7.54,10.37
102,1995,287,1758,16.5,2.102,7.54,10.37
102,1995,287,1758,17,2.103,7.54,10.37
102,1995,287,1758,17.5,2.104,7.54,10.37
102,1995,287,1758,18,2.105,7.54,10.36
102,1995,287,1758,18.5,2.105,7.54,10.36
102,1995,287,1758,19,2.106,7.54,10.37
102,1995,287,1758,19.5,2.107,7.54,10.37
102,1995,287,1758,20,2.107,7.54,10.36
102,1995,287,1758,20.5,2.104,7.54,10.37
102,1995,287,1758,21,2.102,7.54,10.37
102,1995,287,1758,21.5,2.1,7.54,10.37
102,1995,287,1758,22,2.099,7.54,10.37
102,1995,287,1758,22.5,2.1,7.55,10.37
102,1995,287,1758,23,2.1,7.55,10.37
102,1995,287,1758,23.5,2.099,7.55,10.37
102,1995,287,1758,24,2.099,7.55,10.37
102,1995,287,1758,24.5,2.099,7.55,10.37
102,1995,287,1758,25,2.1,7.55,10.38
102,1995,287,1758,25.5,2.098,7.55,10.38
102,1995,287,1758,26,2.098,7.55,10.37
102,1995,287,1758,26.5,2.098,7.54,10.37
102,1995,287,1758,27,2.098,7.54,10.37
102,1995,287,1758,27.5,2.098,7.54,10.36
102,1995,287,1758,28,2.099,7.54,10.37
102,1995,287,1758,28.5,2.104,7.55,10.37
102,1995,287,1758,29,2.106,7.55,10.37
102,1995,287,1758,29.5,2.108,7.55,10.37
102,1995,287,1758,30,2.107,7.54,10.37
102,1995,287,1758,30.5,2.103,7.54,10.37
102,1995,287,1758,31,2.103,7.55,10.37
102,1995,287,1758,31.5,2.102,7.55,10.38
102,1995,287,1758,32,2.101,7.55,10.37
102,1995,287,1758,32.5,2.102,7.54,10.36
102,1995,287,1758,33,2.103,7.54,10.37
102,1995,287,1758,33.5,2.103,7.55,10.37
102,1995,287,1758,34,2.104,7.55,10.37
102,1995,287,1758,34.5,2.103,7.54,10.36
102,1995,287,1758,35,2.104,7.55,10.37
102,1995,287,1758,35.5,2.104,7.55,10.37
102,1995,287,1758,36,2.101,7.55,10.37
102,1995,287,1758,36.5,2.102,7.54,10.36
102,1995,287,1758,37,2.102,7.54,10.36
102,1995,287,1758,37.5,2.102,7.54,10.36
102,1995,287,1758,38,2.101,7.54,10.36
102,1995,287,1758,38.5,2.102,7.54,10.35
102,1995,287,1758,39,2.103,7.54,10.36
102,1995,287,1758,39.5,2.103,7.54,10.36
102,1995,287,1758,40,2.101,7.54,10.36
102,1995,287,1758,40.5,2.102,7.54,10.36
102,1995,287,1758,41,2.1,7.54,10.36
102,1995,287,1758,41.5,2.1,7.55,10.36
102,1995,287,1758,42,2.099,7.54,10.35
102,1995,287,1758,42.5,2.097,7.54,10.35
102,1995,287,1758,43,2.097,7.54,10.36
102,1995,287,1758,43.5,2.098,7.54,10.35
102,1995,287,1758,44,2.097,7.54,10.36
102,1995,287,1758,44.5,2.097,7.54,10.36
102,1995,287,1758,45,2.097,7.55,10.37
102,1995,287,1758,45.5,2.098,7.54,10.36
102,1995,287,1758,46,2.096,7.54,10.36
102,1995,287,1758,46.5,2.097,7.54,10.36
102,1995,287,1758,47,2.096,7.54,10.36
102,1995,287,1758,47.5,2.096,7.54,10.36
102,1995,287,1758,48,2.096,7.54,10.37
102,1995,287,1758,48.5,2.094,7.54,10.36
102,1995,287,1758,49,2.095,7.54,10.36
102,1995,287,1758,49.5,2.096,7.54,10.37
102,1995,287,1758,50,2.096,7.54,10.36
102,1995,287,1758,50.5,2.095,7.55,10.37
102,1995,287,1758,51,2.095,7.54,10.36
102,1995,287,1758,51.5,2.092,7.54,10.36
102,1995,287,1758,52,2.093,7.55,10.37
102,1995,287,1758,52.5,2.094,7.55,10.38
102,1995,287,1758,53,2.095,7.55,10.38
102,1995,287,1758,53.5,2.092,7.55,10.38
102,1995,287,1758,54,2.094,7.55,10.38
102,1995,287,1758,54.5,2.093,7.55,10.38
102,1995,287,1758,55,2.088,7.55,10.38
102,1995,287,1758,55.5,2.085,7.55,10.37
102,1995,287,1758,56,2.084,7.55,10.37
102,1995,287,1758,56.5,2.082,7.55,10.37
102,1995,287,1758,57,2.082,7.55,10.36
102,1995,287,1758,57.5,2.081,7.55,10.36
102,1995,287,1758,58,2.083,7.55,10.36
102,1995,287,1758,58.5,2.085,7.54,10.36
102,1995,287,1758,59,2.084,7.55,10.37
102,1995,287,1758,59.5,2.086,7.55,10.37
102,1995,287,1759,0,2.085,7.55,10.37
102,1995,287,1759,.5,2.085,7.55,10.38
102,1995,287,1759,1,2.087,7.55,10.38
102,1995,287,1759,1.5,2.09,7.55,10.38
102,1995,287,1759,2,2.09,7.55,10.38
102,1995,287,1759,2.5,2.085,7.55,10.38
102,1995,287,1759,3,2.084,7.55,10.38
102,1995,287,1759,3.5,2.085,7.55,10.38
102,1995,287,1759,4,2.084,7.55,10.38
102,1995,287,1759,4.5,2.08,7.55,10.38
102,1995,287,1759,5,2.08,7.55,10.38
102,1995,287,1759,5.5,2.08,7.55,10.37
102,1995,287,1759,6,2.075,7.55,10.37
102,1995,287,1759,6.5,2.06,7.55,10.37
102,1995,287,1759,7,2.052,7.55,10.36
102,1995,287,1759,7.5,2.067,7.55,10.35
102,1995,287,1759,8,2.081,7.55,10.35
102,1995,287,1759,8.5,2.089,7.55,10.36
102,1995,287,1759,9,2.096,7.55,10.36
102,1995,287,1759,9.5,2.099,7.55,10.37
102,1995,287,1759,10,2.102,7.55,10.37
102,1995,287,1759,10.5,2.104,7.54,10.37
102,1995,287,1759,11,2.105,7.55,10.37
102,1995,287,1759,11.5,2.104,7.55,10.37
102,1995,287,1759,12,2.106,7.55,10.37
102,1995,287,1759,12.5,2.106,7.55,10.37
102,1995,287,1759,13,2.104,7.55,10.37
102,1995,287,1759,13.5,2.104,7.55,10.37
102,1995,287,1759,14,2.104,7.55,10.37
102,1995,287,1759,14.5,2.102,7.55,10.37
102,1995,287,1759,15,2.103,7.55,10.36
102,1995,287,1759,15.5,2.103,7.55,10.36
102,1995,287,1759,16,2.103,7.55,10.37
102,1995,287,1759,16.5,2.103,7.55,10.37
102,1995,287,1759,17,2.104,7.55,10.37
102,1995,287,1759,17.5,2.106,7.55,10.37
102,1995,287,1759,18,2.104,7.55,10.38
102,1995,287,1759,18.5,2.106,7.55,10.37
102,1995,287,1759,19,2.104,7.55,10.37
102,1995,287,1759,19.5,2.102,7.55,10.37
102,1995,287,1759,20,2.102,7.55,10.37
102,1995,287,1759,20.5,2.099,7.55,10.37
102,1995,287,1759,21,2.097,7.55,10.37
102,1995,287,1759,21.5,2.094,7.56,10.37
102,1995,287,1759,22,2.09,7.55,10.37
102,1995,287,1759,22.5,2.086,7.55,10.37
102,1995,287,1759,23,2.086,7.55,10.37
102,1995,287,1759,23.5,2.086,7.55,10.36
102,1995,287,1759,24,2.083,7.55,10.36
102,1995,287,1759,24.5,2.079,7.55,10.36
102,1995,287,1759,25,2.079,7.55,10.36
102,1995,287,1759,25.5,2.079,7.55,10.36
102,1995,287,1759,26,2.082,7.55,10.37
102,1995,287,1759,26.5,2.082,7.55,10.36
102,1995,287,1759,27,2.084,7.55,10.37
102,1995,287,1759,27.5,2.085,7.55,10.36
102,1995,287,1759,28,2.085,7.55,10.36
102,1995,287,1759,28.5,2.087,7.55,10.36
102,1995,287,1759,29,2.089,7.55,10.36
102,1995,287,1759,29.5,2.088,7.55,10.36
102,1995,287,1759,30,2.087,7.55,10.36
102,1995,287,1759,30.5,2.088,7.55,10.36
102,1995,287,1759,31,2.087,7.55,10.36
102,1995,287,1759,31.5,2.088,7.55,10.36
102,1995,287,1759,32,2.09,7.55,10.36
102,1995,287,1759,32.5,2.091,7.56,10.36
102,1995,287,1759,33,2.092,7.56,10.36
102,1995,287,1759,33.5,2.094,7.56,10.37
102,1995,287,1759,34,2.098,7.55,10.36
102,1995,287,1759,34.5,2.099,7.55,10.36
102,1995,287,1759,35,2.099,7.55,10.36
102,1995,287,1759,35.5,2.099,7.55,10.36
102,1995,287,1759,36,2.101,7.56,10.36
102,1995,287,1759,36.5,2.1,7.55,10.35
102,1995,287,1759,37,2.099,7.55,10.35
102,1995,287,1759,37.5,2.1,7.56,10.36
102,1995,287,1759,38,2.101,7.56,10.36
102,1995,287,1759,38.5,2.1,7.56,10.36
102,1995,287,1759,39,2.1,7.56,10.35
102,1995,287,1759,39.5,2.1,7.56,10.36
102,1995,287,1759,40,2.1,7.56,10.36
102,1995,287,1759,40.5,2.1,7.56,10.36
102,1995,287,1759,41,2.1,7.56,10.36
102,1995,287,1759,41.5,2.1,7.56,10.35
102,1995,287,1759,42,2.1,7.56,10.35
102,1995,287,1759,42.5,2.1,7.56,10.35
102,1995,287,1759,43,2.1,7.56,10.35
102,1995,287,1759,43.5,2.099,7.56,10.36
102,1995,287,1759,44,2.099,7.56,10.36
102,1995,287,1759,44.5,2.1,7.56,10.36
102,1995,287,1759,45,2.1,7.56,10.35
102,1995,287,1759,45.5,2.099,7.56,10.35
102,1995,287,1759,46,2.099,7.56,10.35
102,1995,287,1759,46.5,2.1,7.56,10.35
102,1995,287,1759,47,2.099,7.56,10.35
102,1995,287,1759,47.5,2.1,7.56,10.35
102,1995,287,1759,48,2.1,7.56,10.35
102,1995,287,1759,48.5,2.101,7.56,10.35
102,1995,287,1759,49,2.102,7.56,10.35
102,1995,287,1759,49.5,2.102,7.56,10.35
102,1995,287,1759,50,2.1,7.56,10.35
102,1995,287,1759,50.5,2.098,7.56,10.35
102,1995,287,1759,51,2.099,7.56,10.35
102,1995,287,1759,51.5,2.099,7.56,10.35
102,1995,287,1759,52,2.099,7.56,10.35
102,1995,287,1759,52.5,2.098,7.56,10.35
102,1995,287,1759,53,2.098,7.56,10.35
102,1995,287,1759,53.5,2.098,7.56,10.36
102,1995,287,1759,54,2.098,7.56,10.36
102,1995,287,1759,54.5,2.097,7.56,10.36
102,1995,287,1759,55,2.098,7.56,10.36
102,1995,287,1759,55.5,2.097,7.56,10.36
102,1995,287,1759,56,2.097,7.56,10.36
102,1995,287,1759,56.5,2.097,7.56,10.36
102,1995,287,1759,57,2.096,7.55,10.35
102,1995,287,1759,57.5,2.097,7.56,10.36
102,1995,287,1759,58,2.096,7.56,10.36
102,1995,287,1759,58.5,2.096,7.55,10.35
102,1995,287,1759,59,2.096,7.55,10.35
102,1995,287,1759,59.5,2.097,7.56,10.34
102,1995,287,1800,0,2.098,7.56,10.34
102,1995,287,1800,.5,2.097,7.56,10.35
102,1995,287,1800,1,2.098,7.56,10.35
102,1995,287,1800,1.5,2.095,7.56,10.36
102,1995,287,1800,2,2.097,7.56,10.36
102,1995,287,1800,2.5,2.098,7.56,10.36
102,1995,287,1800,3,2.097,7.56,10.36
102,1995,287,1800,3.5,2.098,7.56,10.37
102,1995,287,1800,4,2.097,7.56,10.37
102,1995,287,1800,4.5,2.096,7.56,10.37
102,1995,287,1800,5,2.096,7.56,10.36
102,1995,287,1800,5.5,2.096,7.56,10.36
102,1995,287,1800,6,2.097,7.56,10.37
102,1995,287,1800,6.5,2.097,7.56,10.37
102,1995,287,1800,7,2.097,7.56,10.37
102,1995,287,1800,7.5,2.096,7.56,10.36
102,1995,287,1800,8,2.096,7.56,10.37
102,1995,287,1800,8.5,2.096,7.56,10.37
102,1995,287,1800,9,2.096,7.56,10.36
102,1995,287,1800,9.5,2.097,7.56,10.35
102,1995,287,1800,10,2.096,7.56,10.35
102,1995,287,1800,10.5,2.097,7.56,10.36
102,1995,287,1800,11,2.096,7.56,10.36
102,1995,287,1800,11.5,2.097,7.57,10.37
102,1995,287,1800,12,2.097,7.57,10.37
102,1995,287,1800,12.5,2.096,7.56,10.37
102,1995,287,1800,13,2.097,7.57,10.38
102,1995,287,1800,13.5,2.098,7.56,10.37
102,1995,287,1800,14,2.098,7.57,10.37
102,1995,287,1800,14.5,2.095,7.56,10.37
102,1995,287,1800,15,2.096,7.56,10.37
102,1995,287,1800,15.5,2.094,7.56,10.37
102,1995,287,1800,16,2.093,7.56,10.36
102,1995,287,1800,16.5,2.093,7.56,10.37
102,1995,287,1800,17,2.092,7.56,10.37
102,1995,287,1800,17.5,2.092,7.56,10.37
102,1995,287,1800,18,2.092,7.57,10.38
102,1995,287,1800,18.5,2.092,7.58,10.39
102,1995,287,1800,19,2.092,7.57,10.38
102,1995,287,1800,19.5,2.093,7.57,10.38
102,1995,287,1800,20,2.092,7.56,10.38
102,1995,287,1800,20.5,2.092,7.56,10.37
102,1995,287,1800,21,2.092,7.56,10.37
102,1995,287,1800,21.5,2.092,7.56,10.37
102,1995,287,1800,22,2.092,7.56,10.37
102,1995,287,1800,22.5,2.092,7.56,10.37
102,1995,287,1800,23,2.094,7.56,10.37
102,1995,287,1800,23.5,2.092,7.56,10.36
102,1995,287,1800,24,2.092,7.56,10.37
102,1995,287,1800,24.5,2.092,7.57,10.37
102,1995,287,1800,25,2.087,7.57,10.38
102,1995,287,1800,25.5,2.08,7.57,10.38
102,1995,287,1800,26,2.075,7.57,10.37
102,1995,287,1800,26.5,2.075,7.56,10.37
102,1995,287,1800,27,2.078,7.57,10.37
102,1995,287,1800,27.5,2.084,7.57,10.38
102,1995,287,1800,28,2.091,7.57,10.38
102,1995,287,1800,28.5,2.096,7.57,10.38
102,1995,287,1800,29,2.097,7.57,10.38
102,1995,287,1800,29.5,2.096,7.57,10.38
102,1995,287,1800,30,2.092,7.57,10.38
102,1995,287,1800,30.5,2.092,7.57,10.38
102,1995,287,1800,31,2.088,7.57,10.37
102,1995,287,1800,31.5,2.075,7.57,10.38
102,1995,287,1800,32,2.041,7.57,10.38
102,1995,287,1800,32.5,2.037,7.57,10.38
102,1995,287,1800,33,2.068,7.57,10.38
102,1995,287,1800,33.5,2.085,7.57,10.38
102,1995,287,1800,34,2.09,7.57,10.37
102,1995,287,1800,34.5,2.092,7.57,10.37
102,1995,287,1800,35,2.09,7.57,10.37
102,1995,287,1800,35.5,2.089,7.57,10.37
102,1995,287,1800,36,2.088,7.56,10.37
102,1995,287,1800,36.5,2.09,7.57,10.37
102,1995,287,1800,37,2.086,7.57,10.37
102,1995,287,1800,37.5,2.085,7.57,10.37
102,1995,287,1800,38,2.08,7.57,10.36
102,1995,287,1800,38.5,2.08,7.57,10.36
102,1995,287,1800,39,2.08,7.56,10.36
102,1995,287,1800,39.5,2.079,7.57,10.36
102,1995,287,1800,40,2.079,7.57,10.36
102,1995,287,1800,40.5,2.087,7.57,10.36
102,1995,287,1800,41,2.092,7.57,10.37
102,1995,287,1800,41.5,2.092,7.57,10.37
102,1995,287,1800,42,2.098,7.57,10.37
102,1995,287,1800,42.5,2.101,7.58,10.37
102,1995,287,1800,43,2.098,7.58,10.37
102,1995,287,1800,43.5,2.094,7.57,10.37
102,1995,287,1800,44,2.096,7.57,10.37
102,1995,287,1800,44.5,2.095,7.57,10.36
102,1995,287,1800,45,2.093,7.57,10.37
102,1995,287,1800,45.5,2.096,7.57,10.36
102,1995,287,1800,46,2.099,7.57,10.36
102,1995,287,1800,46.5,2.098,7.57,10.36
102,1995,287,1800,47,2.098,7.57,10.36
102,1995,287,1800,47.5,2.096,7.57,10.36
102,1995,287,1800,48,2.096,7.57,10.36
102,1995,287,1800,48.5,2.093,7.57,10.36
102,1995,287,1800,49,2.092,7.57,10.36
102,1995,287,1800,49.5,2.094,7.57,10.36
102,1995,287,1800,50,2.086,7.57,10.36
102,1995,287,1800,50.5,2.021,7.57,10.36
102,1995,287,1800,51,1.993,7.57,10.36
102,1995,287,1800,51.5,1.977,7.57,10.37
102,1995,287,1800,52,1.975,7.57,10.37
102,1995,287,1800,52.5,1.976,7.57,10.37
102,1995,287,1800,53,1.972,7.57,10.37
102,1995,287,1800,53.5,2.02,7.57,10.37
102,1995,287,1800,54,2.077,7.57,10.37
102,1995,287,1800,54.5,2.051,7.57,10.37
102,1995,287,1800,55,2.007,7.57,10.37
102,1995,287,1800,55.5,1.997,7.57,10.37
102,1995,287,1800,56,1.99,7.57,10.37
102,1995,287,1800,56.5,1.984,7.57,10.37
102,1995,287,1800,57,1.987,7.57,10.37
102,1995,287,1800,57.5,1.992,7.57,10.38
102,1995,287,1800,58,1.984,7.57,10.37
102,1995,287,1800,58.5,1.983,7.57,10.38
102,1995,287,1800,59,1.983,7.57,10.38
102,1995,287,1800,59.5,2,7.57,10.38
102,1995,287,1801,0,2.02,7.57,10.39
102,1995,287,1801,.5,2.035,7.58,10.4
102,1995,287,1801,1,2.044,7.57,10.38
102,1995,287,1801,1.5,2.047,7.57,10.37
102,1995,287,1801,2,2.037,7.58,10.36
102,1995,287,1801,2.5,2.012,7.58,10.36
102,1995,287,1801,3,2.009,7.58,10.36
102,1995,287,1801,3.5,2.013,7.57,10.36
102,1995,287,1801,4,2.011,7.56,10.36
102,1995,287,1801,4.5,2.013,7.57,10.37
102,1995,287,1801,5,2.015,7.57,10.37
102,1995,287,1801,5.5,2.019,7.57,10.38
102,1995,287,1801,6,2.019,7.57,10.38
102,1995,287,1801,6.5,2.017,7.57,10.38
102,1995,287,1801,7,2.019,7.57,10.39
102,1995,287,1801,7.5,2.02,7.57,10.39
102,1995,287,1801,8,2.021,7.58,10.39
102,1995,287,1801,8.5,2.022,7.57,10.39
102,1995,287,1801,9,2.025,7.57,10.39
102,1995,287,1801,9.5,2.018,7.57,10.39
102,1995,287,1801,10,2.014,7.57,10.38
102,1995,287,1801,10.5,2.014,7.57,10.38
102,1995,287,1801,11,2.024,7.57,10.39
102,1995,287,1801,11.5,2.028,7.57,10.38
102,1995,287,1801,12,2.03,7.57,10.38
102,1995,287,1801,12.5,2.024,7.57,10.36
102,1995,287,1801,13,1.996,7.58,10.36
102,1995,287,1801,13.5,1.978,7.58,10.37
102,1995,287,1801,14,2.045,7.57,10.37
102,1995,287,1801,14.5,2.082,7.57,10.38
102,1995,287,1801,15,2.073,7.57,10.37
102,1995,287,1801,15.5,2.057,7.57,10.37
102,1995,287,1801,16,2.046,7.57,10.37
102,1995,287,1801,16.5,2.038,7.56,10.37
102,1995,287,1801,17,2.037,7.57,10.37
102,1995,287,1801,17.5,2.037,7.57,10.37
102,1995,287,1801,18,2.038,7.57,10.37
102,1995,287,1801,18.5,2.036,7.57,10.37
102,1995,287,1801,19,2.038,7.57,10.37
102,1995,287,1801,19.5,2.04,7.57,10.37
102,1995,287,1801,20,2.047,7.57,10.37
102,1995,287,1801,20.5,2.048,7.57,10.37
102,1995,287,1801,21,2.047,7.57,10.37
102,1995,287,1801,21.5,2.046,7.57,10.37
102,1995,287,1801,22,2.044,7.57,10.37
102,1995,287,1801,22.5,2.043,7.57,10.37
102,1995,287,1801,23,2.045,7.57,10.36
102,1995,287,1801,23.5,2.047,7.56,10.36
102,1995,287,1801,24,2.047,7.57,10.37
102,1995,287,1801,24.5,2.047,7.57,10.37
102,1995,287,1801,25,2.045,7.57,10.37
102,1995,287,1801,25.5,2.044,7.57,10.37
102,1995,287,1801,26,2.044,7.58,10.37
102,1995,287,1801,26.5,2.041,7.58,10.37
102,1995,287,1801,27,2.043,7.57,10.36
102,1995,287,1801,27.5,2.043,7.57,10.36
102,1995,287,1801,28,2.045,7.57,10.36
102,1995,287,1801,28.5,2.047,7.56,10.36
102,1995,287,1801,29,2.049,7.56,10.36
102,1995,287,1801,29.5,2.048,7.57,10.36
102,1995,287,1801,30,2.052,7.56,10.36
102,1995,287,1801,30.5,2.053,7.57,10.36
102,1995,287,1801,31,2.047,7.57,10.36
102,1995,287,1801,31.5,2.045,7.57,10.36
102,1995,287,1801,32,2.043,7.57,10.37
102,1995,287,1801,32.5,2.044,7.57,10.37
102,1995,287,1801,33,2.047,7.57,10.36
102,1995,287,1801,33.5,2.048,7.57,10.36
102,1995,287,1801,34,2.057,7.57,10.36
102,1995,287,1801,34.5,2.063,7.57,10.36
102,1995,287,1801,35,2.077,7.57,10.37
102,1995,287,1801,35.5,2.089,7.57,10.37
102,1995,287,1801,36,2.093,7.57,10.36
102,1995,287,1801,36.5,2.094,7.57,10.36
102,1995,287,1801,37,2.091,7.57,10.36
102,1995,287,1801,37.5,2.086,7.57,10.36
102,1995,287,1801,38,2.083,7.57,10.37
102,1995,287,1801,38.5,2.079,7.57,10.36
102,1995,287,1801,39,2.074,7.57,10.36
102,1995,287,1801,39.5,2.073,7.57,10.36
102,1995,287,1801,40,2.075,7.57,10.36
102,1995,287,1801,40.5,2.078,7.57,10.36
102,1995,287,1801,41,2.079,7.57,10.36
102,1995,287,1801,41.5,2.077,7.57,10.36
102,1995,287,1801,42,2.076,7.57,10.35
102,1995,287,1801,42.5,2.077,7.57,10.36
102,1995,287,1801,43,2.079,7.57,10.36
102,1995,287,1801,43.5,2.078,7.57,10.36
102,1995,287,1801,44,2.079,7.57,10.36
102,1995,287,1801,44.5,2.079,7.57,10.36
102,1995,287,1801,45,2.08,7.57,10.36
102,1995,287,1801,45.5,2.081,7.57,10.35
102,1995,287,1801,46,2.078,7.57,10.35
102,1995,287,1801,46.5,2.078,7.57,10.35
102,1995,287,1801,47,2.075,7.57,10.35
102,1995,287,1801,47.5,2.075,7.57,10.35
102,1995,287,1801,48,2.074,7.57,10.35
102,1995,287,1801,48.5,2.073,7.57,10.35
102,1995,287,1801,49,2.076,7.57,10.35
102,1995,287,1801,49.5,2.074,7.57,10.35
102,1995,287,1801,50,2.075,7.57,10.35
102,1995,287,1801,50.5,2.074,7.57,10.34
102,1995,287,1801,51,2.073,7.57,10.34
102,1995,287,1801,51.5,2.074,7.57,10.35
102,1995,287,1801,52,2.074,7.57,10.35
102,1995,287,1801,52.5,2.072,7.57,10.34
102,1995,287,1801,53,2.074,7.57,10.35
102,1995,287,1801,53.5,2.073,7.57,10.35
102,1995,287,1801,54,2.073,7.57,10.35
102,1995,287,1801,54.5,2.075,7.57,10.35
102,1995,287,1801,55,2.073,7.57,10.35
102,1995,287,1801,55.5,2.073,7.57,10.35
102,1995,287,1801,56,2.073,7.57,10.35
102,1995,287,1801,56.5,2.072,7.57,10.35
102,1995,287,1801,57,2.071,7.57,10.35
102,1995,287,1801,57.5,2.071,7.57,10.35
102,1995,287,1801,58,2.073,7.57,10.35
102,1995,287,1801,58.5,2.072,7.57,10.35
102,1995,287,1801,59,2.073,7.57,10.35
102,1995,287,1801,59.5,2.073,7.57,10.36
102,1995,287,1802,0,2.073,7.57,10.35
102,1995,287,1802,.5,2.071,7.57,10.36
102,1995,287,1802,1,2.071,7.57,10.36
102,1995,287,1802,1.5,2.07,7.57,10.36
102,1995,287,1802,2,2.074,7.57,10.36
102,1995,287,1802,2.5,2.074,7.58,10.36
102,1995,287,1802,3,2.074,7.58,10.36
102,1995,287,1802,3.5,2.074,7.57,10.36
102,1995,287,1802,4,2.073,7.58,10.36
102,1995,287,1802,4.5,2.074,7.58,10.36
102,1995,287,1802,5,2.073,7.58,10.36
102,1995,287,1802,5.5,2.075,7.58,10.36
102,1995,287,1802,6,2.072,7.58,10.36
102,1995,287,1802,6.5,2.074,7.58,10.37
102,1995,287,1802,7,2.073,7.58,10.37
102,1995,287,1802,7.5,2.074,7.58,10.37
102,1995,287,1802,8,2.073,7.57,10.37
102,1995,287,1802,8.5,2.074,7.57,10.37
102,1995,287,1802,9,2.072,7.57,10.37
102,1995,287,1802,9.5,2.077,7.58,10.37
102,1995,287,1802,10,2.083,7.58,10.37
102,1995,287,1802,10.5,2.087,7.57,10.37
102,1995,287,1802,11,2.087,7.58,10.38
102,1995,287,1802,11.5,2.09,7.58,10.38
102,1995,287,1802,12,2.092,7.57,10.38
102,1995,287,1802,12.5,2.094,7.57,10.38
102,1995,287,1802,13,2.096,7.58,10.38
102,1995,287,1802,13.5,2.095,7.58,10.38
102,1995,287,1802,14,2.092,7.58,10.38
102,1995,287,1802,14.5,2.091,7.58,10.37
102,1995,287,1802,15,2.09,7.58,10.36
102,1995,287,1802,15.5,2.09,7.57,10.36
102,1995,287,1802,16,2.089,7.57,10.36
102,1995,287,1802,16.5,2.088,7.57,10.37
102,1995,287,1802,17,2.086,7.57,10.37
102,1995,287,1802,17.5,2.081,7.57,10.38
102,1995,287,1802,18,2.085,7.58,10.38
102,1995,287,1802,18.5,2.088,7.58,10.38
102,1995,287,1802,19,2.089,7.57,10.37
102,1995,287,1802,19.5,2.09,7.57,10.38
102,1995,287,1802,20,2.091,7.58,10.37
102,1995,287,1802,20.5,2.091,7.58,10.37
102,1995,287,1802,21,2.092,7.58,10.37
102,1995,287,1802,21.5,2.093,7.57,10.37
102,1995,287,1802,22,2.097,7.57,10.37
102,1995,287,1802,22.5,2.1,7.57,10.37
102,1995,287,1802,23,2.097,7.57,10.37
102,1995,287,1802,23.5,2.094,7.57,10.37
102,1995,287,1802,24,2.092,7.57,10.37
102,1995,287,1802,24.5,2.09,7.57,10.37
102,1995,287,1802,25,2.088,7.57,10.37
102,1995,287,1802,25.5,2.088,7.57,10.37
102,1995,287,1802,26,2.088,7.57,10.37
102,1995,287,1802,26.5,2.09,7.57,10.37
102,1995,287,1802,27,2.091,7.57,10.37
102,1995,287,1802,27.5,2.09,7.58,10.38
102,1995,287,1802,28,2.091,7.58,10.38
102,1995,287,1802,28.5,2.09,7.58,10.37
102,1995,287,1802,29,2.09,7.58,10.38
102,1995,287,1802,29.5,2.091,7.58,10.38
102,1995,287,1802,30,2.09,7.58,10.37
102,1995,287,1802,30.5,2.091,7.57,10.37
102,1995,287,1802,31,2.091,7.57,10.37
102,1995,287,1802,31.5,2.09,7.57,10.37
102,1995,287,1802,32,2.092,7.58,10.38
102,1995,287,1802,32.5,2.09,7.57,10.37
102,1995,287,1802,33,2.09,7.57,10.37
102,1995,287,1802,33.5,2.089,7.58,10.37
102,1995,287,1802,34,2.089,7.58,10.37
102,1995,287,1802,34.5,2.092,7.58,10.37
102,1995,287,1802,35,2.092,7.58,10.37
102,1995,287,1802,35.5,2.091,7.58,10.37
102,1995,287,1802,36,2.091,7.58,10.38
102,1995,287,1802,36.5,2.089,7.58,10.37
102,1995,287,1802,37,2.09,7.58,10.38
102,1995,287,1802,37.5,2.091,7.58,10.37
102,1995,287,1802,38,2.09,7.58,10.38
102,1995,287,1802,38.5,2.09,7.58,10.37
102,1995,287,1802,39,2.09,7.58,10.37
102,1995,287,1802,39.5,2.092,7.58,10.37
102,1995,287,1802,40,2.09,7.58,10.37
102,1995,287,1802,40.5,2.09,7.58,10.37
102,1995,287,1802,41,2.091,7.58,10.37
102,1995,287,1802,41.5,2.092,7.58,10.37
102,1995,287,1802,42,2.091,7.58,10.37
102,1995,287,1802,42.5,2.09,7.58,10.37
102,1995,287,1802,43,2.089,7.58,10.37
102,1995,287,1802,43.5,2.09,7.58,10.36
102,1995,287,1802,44,2.09,7.58,10.36
102,1995,287,1802,44.5,2.091,7.57,10.36
102,1995,287,1802,45,2.092,7.57,10.36
102,1995,287,1802,45.5,2.101,7.57,10.36
102,1995,287,1802,46,2.097,7.57,10.36
102,1995,287,1802,46.5,2.085,7.57,10.36
102,1995,287,1802,47,2.079,7.58,10.36
102,1995,287,1802,47.5,2.074,7.58,10.36
102,1995,287,1802,48,2.074,7.58,10.36
102,1995,287,1802,48.5,2.072,7.57,10.36
102,1995,287,1802,49,2.074,7.58,10.36
102,1995,287,1802,49.5,2.072,7.57,10.36
102,1995,287,1802,50,2.071,7.58,10.36
102,1995,287,1802,50.5,2.072,7.58,10.36
102,1995,287,1802,51,2.07,7.58,10.36
102,1995,287,1802,51.5,2.069,7.57,10.36
102,1995,287,1802,52,2.07,7.57,10.35
102,1995,287,1802,52.5,2.07,7.58,10.36
102,1995,287,1802,53,2.07,7.58,10.36
102,1995,287,1802,53.5,2.07,7.58,10.36
102,1995,287,1802,54,2.07,7.59,10.36
102,1995,287,1802,54.5,2.069,7.58,10.37
102,1995,287,1802,55,2.069,7.58,10.37
102,1995,287,1802,55.5,2.068,7.58,10.37
102,1995,287,1802,56,2.068,7.58,10.37
102,1995,287,1802,56.5,2.068,7.58,10.36
102,1995,287,1802,57,2.067,7.58,10.36
102,1995,287,1802,57.5,2.066,7.58,10.36
102,1995,287,1802,58,2.067,7.58,10.37
102,1995,287,1802,58.5,2.066,7.58,10.37
102,1995,287,1802,59,2.066,7.58,10.37
102,1995,287,1802,59.5,2.065,7.58,10.37
102,1995,287,1803,0,2.066,7.58,10.37
102,1995,287,1803,.5,2.065,7.58,10.37
102,1995,287,1803,1,2.066,7.58,10.37
102,1995,287,1803,1.5,2.066,7.58,10.37
102,1995,287,1803,2,2.067,7.58,10.37
102,1995,287,1803,2.5,2.065,7.58,10.37
102,1995,287,1803,3,2.065,7.58,10.37
102,1995,287,1803,3.5,2.064,7.58,10.37
102,1995,287,1803,4,2.065,7.58,10.37
102,1995,287,1803,4.5,2.064,7.58,10.38
102,1995,287,1803,5,2.067,7.58,10.37
102,1995,287,1803,5.5,2.067,7.58,10.38
102,1995,287,1803,6,2.066,7.58,10.37
102,1995,287,1803,6.5,2.066,7.58,10.36
102,1995,287,1803,7,2.066,7.57,10.35
102,1995,287,1803,7.5,2.064,7.57,10.35
102,1995,287,1803,8,2.066,7.58,10.35
102,1995,287,1803,8.5,2.065,7.58,10.36
102,1995,287,1803,9,2.066,7.57,10.37
102,1995,287,1803,9.5,2.066,7.58,10.37
102,1995,287,1803,10,2.066,7.58,10.38
102,1995,287,1803,10.5,2.067,7.58,10.38
102,1995,287,1803,11,2.066,7.59,10.38
102,1995,287,1803,11.5,2.065,7.58,10.39
102,1995,287,1803,12,2.068,7.59,10.4
102,1995,287,1803,12.5,2.066,7.58,10.39
102,1995,287,1803,13,2.067,7.58,10.39
102,1995,287,1803,13.5,2.068,7.59,10.39
102,1995,287,1803,14,2.067,7.58,10.39
102,1995,287,1803,14.5,2.065,7.58,10.39
102,1995,287,1803,15,2.067,7.59,10.39
102,1995,287,1803,15.5,2.067,7.59,10.39
102,1995,287,1803,16,2.068,7.59,10.39
102,1995,287,1803,16.5,2.067,7.58,10.38
102,1995,287,1803,17,2.068,7.59,10.38
102,1995,287,1803,17.5,2.067,7.58,10.36
102,1995,287,1803,18,2.068,7.59,10.37
102,1995,287,1803,18.5,2.069,7.59,10.37
102,1995,287,1803,19,2.067,7.59,10.37
102,1995,287,1803,19.5,2.067,7.58,10.38
102,1995,287,1803,20,2.066,7.58,10.37
102,1995,287,1803,20.5,2.066,7.58,10.37
102,1995,287,1803,21,2.067,7.58,10.38
102,1995,287,1803,21.5,2.067,7.59,10.38
102,1995,287,1803,22,2.07,7.59,10.38
102,1995,287,1803,22.5,2.068,7.59,10.38
102,1995,287,1803,23,2.068,7.58,10.38
102,1995,287,1803,23.5,2.07,7.59,10.38
102,1995,287,1803,24,2.068,7.58,10.38
102,1995,287,1803,24.5,2.07,7.59,10.38
102,1995,287,1803,25,2.071,7.59,10.38
102,1995,287,1803,25.5,2.07,7.59,10.38
102,1995,287,1803,26,2.071,7.59,10.38
102,1995,287,1803,26.5,2.069,7.59,10.38
102,1995,287,1803,27,2.071,7.59,10.38
102,1995,287,1803,27.5,2.069,7.59,10.38
102,1995,287,1803,28,2.068,7.59,10.38
102,1995,287,1803,28.5,2.07,7.59,10.38
102,1995,287,1803,29,2.07,7.59,10.38
102,1995,287,1803,29.5,2.07,7.59,10.38
102,1995,287,1803,30,2.07,7.59,10.38
102,1995,287,1803,30.5,2.07,7.59,10.39
102,1995,287,1803,31,2.07,7.59,10.38
102,1995,287,1803,31.5,2.07,7.59,10.38
102,1995,287,1803,32,2.07,7.59,10.38
102,1995,287,1803,32.5,2.069,7.59,10.38
102,1995,287,1803,33,2.07,7.59,10.38
102,1995,287,1803,33.5,2.069,7.59,10.38
102,1995,287,1803,34,2.07,7.59,10.38
102,1995,287,1803,34.5,2.069,7.59,10.38
102,1995,287,1803,35,2.068,7.58,10.38
102,1995,287,1803,35.5,2.068,7.58,10.38
102,1995,287,1803,36,2.067,7.59,10.38
102,1995,287,1803,36.5,2.068,7.59,10.37
102,1995,287,1803,37,2.068,7.59,10.38
102,1995,287,1803,37.5,2.068,7.59,10.38
102,1995,287,1803,38,2.069,7.59,10.38
102,1995,287,1803,38.5,2.068,7.59,10.38
102,1995,287,1803,39,2.068,7.58,10.37
102,1995,287,1803,39.5,2.069,7.59,10.38
102,1995,287,1803,40,2.07,7.59,10.38
102,1995,287,1803,40.5,2.073,7.59,10.38
102,1995,287,1803,41,2.076,7.59,10.37
102,1995,287,1803,41.5,2.08,7.59,10.37
102,1995,287,1803,42,2.082,7.59,10.37
102,1995,287,1803,42.5,2.08,7.59,10.37
102,1995,287,1803,43,2.077,7.59,10.37
102,1995,287,1803,43.5,2.074,7.58,10.37
102,1995,287,1803,44,2.073,7.58,10.36
102,1995,287,1803,44.5,2.074,7.58,10.37
102,1995,287,1803,45,2.072,7.58,10.36
102,1995,287,1803,45.5,2.071,7.58,10.36
102,1995,287,1803,46,2.071,7.58,10.36
102,1995,287,1803,46.5,2.072,7.58,10.36
102,1995,287,1803,47,2.072,7.59,10.37
102,1995,287,1803,47.5,2.073,7.59,10.37
102,1995,287,1803,48,2.073,7.59,10.37
102,1995,287,1803,48.5,2.072,7.59,10.36
102,1995,287,1803,49,2.072,7.59,10.36
102,1995,287,1803,49.5,2.072,7.59,10.36
102,1995,287,1803,50,2.072,7.59,10.36
102,1995,287,1803,50.5,2.071,7.59,10.36
102,1995,287,1803,51,2.07,7.59,10.36
102,1995,287,1803,51.5,2.069,7.59,10.35
102,1995,287,1803,52,2.068,7.59,10.35
102,1995,287,1803,52.5,2.068,7.58,10.36
102,1995,287,1803,53,2.07,7.59,10.35
102,1995,287,1803,53.5,2.068,7.59,10.35
102,1995,287,1803,54,2.07,7.59,10.36
102,1995,287,1803,54.5,2.07,7.59,10.36
102,1995,287,1803,55,2.07,7.59,10.36
102,1995,287,1803,55.5,2.071,7.59,10.36
102,1995,287,1803,56,2.072,7.59,10.36
102,1995,287,1803,56.5,2.072,7.59,10.36
102,1995,287,1803,57,2.074,7.59,10.36
102,1995,287,1803,57.5,2.074,7.59,10.36
102,1995,287,1803,58,2.076,7.59,10.36
102,1995,287,1803,58.5,2.079,7.59,10.35
102,1995,287,1803,59,2.08,7.59,10.36
102,1995,287,1803,59.5,2.079,7.59,10.36
102,1995,287,1804,0,2.076,7.59,10.36
102,1995,287,1804,.5,2.077,7.59,10.36
102,1995,287,1804,1,2.075,7.59,10.36
102,1995,287,1804,1.5,2.076,7.59,10.36
102,1995,287,1804,2,2.077,7.59,10.35
102,1995,287,1804,2.5,2.074,7.59,10.36
102,1995,287,1804,3,2.075,7.59,10.35
102,1995,287,1804,3.5,2.073,7.59,10.36
102,1995,287,1804,4,2.074,7.59,10.35
102,1995,287,1804,4.5,2.075,7.59,10.36
102,1995,287,1804,5,2.073,7.59,10.36
102,1995,287,1804,5.5,2.074,7.59,10.36
102,1995,287,1804,6,2.072,7.59,10.36
102,1995,287,1804,6.5,2.072,7.59,10.37
102,1995,287,1804,7,2.073,7.59,10.37
102,1995,287,1804,7.5,2.071,7.59,10.37
102,1995,287,1804,8,2.072,7.59,10.37
102,1995,287,1804,8.5,2.071,7.59,10.36
102,1995,287,1804,9,2.07,7.59,10.36
102,1995,287,1804,9.5,2.07,7.59,10.35
102,1995,287,1804,10,2.069,7.59,10.35
102,1995,287,1804,10.5,2.068,7.59,10.36
102,1995,287,1804,11,2.069,7.59,10.37
102,1995,287,1804,11.5,2.069,7.59,10.38
102,1995,287,1804,12,2.068,7.6,10.38
102,1995,287,1804,12.5,2.069,7.6,10.38
102,1995,287,1804,13,2.069,7.6,10.38
102,1995,287,1804,13.5,2.069,7.6,10.38
102,1995,287,1804,14,2.07,7.6,10.38
102,1995,287,1804,14.5,2.069,7.59,10.38
102,1995,287,1804,15,2.069,7.59,10.38
102,1995,287,1804,15.5,2.068,7.59,10.38
102,1995,287,1804,16,2.068,7.59,10.38
102,1995,287,1804,16.5,2.069,7.6,10.38
102,1995,287,1804,17,2.069,7.6,10.39
102,1995,287,1804,17.5,2.069,7.6,10.39
102,1995,287,1804,18,2.068,7.6,10.38
102,1995,287,1804,18.5,2.07,7.6,10.38
102,1995,287,1804,19,2.068,7.59,10.37
102,1995,287,1804,19.5,2.069,7.59,10.37
102,1995,287,1804,20,2.069,7.59,10.37
102,1995,287,1804,20.5,2.07,7.6,10.37
102,1995,287,1804,21,2.07,7.59,10.36
102,1995,287,1804,21.5,2.07,7.59,10.37
102,1995,287,1804,22,2.069,7.59,10.37
102,1995,287,1804,22.5,2.067,7.59,10.37
102,1995,287,1804,23,2.068,7.59,10.37
102,1995,287,1804,23.5,2.068,7.59,10.37
102,1995,287,1804,24,2.068,7.59,10.38
102,1995,287,1804,24.5,2.067,7.59,10.37
102,1995,287,1804,25,2.067,7.59,10.37
102,1995,287,1804,25.5,2.068,7.59,10.37
102,1995,287,1804,26,2.068,7.59,10.37
102,1995,287,1804,26.5,2.069,7.59,10.38
102,1995,287,1804,27,2.067,7.6,10.38
102,1995,287,1804,27.5,2.068,7.59,10.38
102,1995,287,1804,28,2.067,7.59,10.38
102,1995,287,1804,28.5,2.068,7.59,10.37
102,1995,287,1804,29,2.067,7.59,10.37
102,1995,287,1804,29.5,2.066,7.59,10.37
102,1995,287,1804,30,2.067,7.59,10.37
102,1995,287,1804,30.5,2.066,7.59,10.37
102,1995,287,1804,31,2.067,7.59,10.37
102,1995,287,1804,31.5,2.066,7.59,10.37
102,1995,287,1804,32,2.065,7.59,10.37
102,1995,287,1804,32.5,2.04,7.59,10.37
102,1995,287,1804,33,2.023,7.59,10.38
102,1995,287,1804,33.5,2.015,7.59,10.37
102,1995,287,1804,34,2.016,7.6,10.37
102,1995,287,1804,34.5,2.019,7.59,10.37
102,1995,287,1804,35,2.021,7.59,10.37
102,1995,287,1804,35.5,2.023,7.59,10.37
102,1995,287,1804,36,2.031,7.59,10.37
102,1995,287,1804,36.5,2.042,7.6,10.38
102,1995,287,1804,37,2.047,7.59,10.38
102,1995,287,1804,37.5,2.051,7.6,10.38
102,1995,287,1804,38,2.054,7.6,10.38
102,1995,287,1804,38.5,2.054,7.6,10.38
102,1995,287,1804,39,2.054,7.6,10.38
102,1995,287,1804,39.5,2.053,7.6,10.38
102,1995,287,1804,40,2.05,7.6,10.38
102,1995,287,1804,40.5,2.045,7.6,10.39
102,1995,287,1804,41,2.038,7.6,10.38
102,1995,287,1804,41.5,2.028,7.6,10.38
102,1995,287,1804,42,2.029,7.6,10.38
102,1995,287,1804,42.5,2.036,7.6,10.38
102,1995,287,1804,43,2.034,7.6,10.38
102,1995,287,1804,43.5,2.015,7.59,10.37
102,1995,287,1804,44,1.996,7.59,10.37
102,1995,287,1804,44.5,1.993,7.59,10.37
102,1995,287,1804,45,1.996,7.59,10.37
102,1995,287,1804,45.5,1.995,7.6,10.37
102,1995,287,1804,46,1.998,7.59,10.38
102,1995,287,1804,46.5,1.996,7.6,10.37
102,1995,287,1804,47,1.999,7.6,10.38
102,1995,287,1804,47.5,2,7.6,10.37
102,1995,287,1804,48,1.996,7.59,10.36
102,1995,287,1804,48.5,1.996,7.6,10.37
102,1995,287,1804,49,1.992,7.6,10.37
102,1995,287,1804,49.5,1.993,7.6,10.37
102,1995,287,1804,50,1.992,7.6,10.37
102,1995,287,1804,50.5,1.993,7.61,10.38
102,1995,287,1804,51,1.998,7.6,10.37
102,1995,287,1804,51.5,1.989,7.6,10.38
102,1995,287,1804,52,1.966,7.6,10.37
102,1995,287,1804,52.5,1.96,7.6,10.37
102,1995,287,1804,53,1.964,7.6,10.38
102,1995,287,1804,53.5,1.968,7.6,10.37
102,1995,287,1804,54,1.967,7.6,10.37
102,1995,287,1804,54.5,1.968,7.61,10.38
102,1995,287,1804,55,1.969,7.61,10.38
102,1995,287,1804,55.5,1.969,7.6,10.37
102,1995,287,1804,56,1.968,7.6,10.38
102,1995,287,1804,56.5,1.967,7.6,10.37
102,1995,287,1804,57,1.968,7.6,10.38
102,1995,287,1804,57.5,1.968,7.6,10.38
102,1995,287,1804,58,1.968,7.6,10.36
102,1995,287,1804,58.5,1.968,7.6,10.36
102,1995,287,1804,59,1.968,7.6,10.36
102,1995,287,1804,59.5,1.967,7.6,10.37
102,1995,287,1805,0,1.969,7.6,10.36
102,1995,287,1805,.5,1.97,7.6,10.36
102,1995,287,1805,1,1.97,7.6,10.37
102,1995,287,1805,1.5,1.97,7.6,10.37
102,1995,287,1805,2,1.97,7.6,10.37
102,1995,287,1805,2.5,1.967,7.6,10.38
102,1995,287,1805,3,1.969,7.6,10.37
102,1995,287,1805,3.5,1.969,7.6,10.38
102,1995,287,1805,4,1.968,7.6,10.38
102,1995,287,1805,4.5,1.97,7.61,10.38
102,1995,287,1805,5,1.967,7.6,10.38
102,1995,287,1805,5.5,1.969,7.6,10.38
102,1995,287,1805,6,1.969,7.6,10.38
102,1995,287,1805,6.5,1.969,7.6,10.38
102,1995,287,1805,7,1.97,7.6,10.38
102,1995,287,1805,7.5,1.969,7.6,10.38
102,1995,287,1805,8,1.969,7.6,10.38
102,1995,287,1805,8.5,1.971,7.6,10.38
102,1995,287,1805,9,1.97,7.6,10.39
102,1995,287,1805,9.5,1.971,7.6,10.38
102,1995,287,1805,10,1.972,7.6,10.39
102,1995,287,1805,10.5,1.972,7.6,10.39
102,1995,287,1805,11,1.973,7.6,10.39
102,1995,287,1805,11.5,1.973,7.6,10.38
102,1995,287,1805,12,1.967,7.6,10.38
102,1995,287,1805,12.5,1.953,7.6,10.36
102,1995,287,1805,13,1.952,7.6,10.37
102,1995,287,1805,13.5,1.977,7.6,10.37
102,1995,287,1805,14,2.003,7.6,10.38
102,1995,287,1805,14.5,2.02,7.6,10.38
102,1995,287,1805,15,2.034,7.6,10.38
102,1995,287,1805,15.5,2.046,7.6,10.38
102,1995,287,1805,16,2.059,7.6,10.38
102,1995,287,1805,16.5,2.066,7.6,10.38
102,1995,287,1805,17,2.072,7.6,10.38
102,1995,287,1805,17.5,2.074,7.6,10.38
102,1995,287,1805,18,2.075,7.6,10.38
102,1995,287,1805,18.5,2.076,7.6,10.38
102,1995,287,1805,19,2.076,7.6,10.38
102,1995,287,1805,19.5,2.076,7.6,10.38
102,1995,287,1805,20,2.077,7.6,10.39
102,1995,287,1805,20.5,2.077,7.6,10.38
102,1995,287,1805,21,2.077,7.6,10.38
102,1995,287,1805,21.5,2.079,7.6,10.38
102,1995,287,1805,22,2.078,7.6,10.37
102,1995,287,1805,22.5,2.076,7.6,10.36
102,1995,287,1805,23,2.075,7.6,10.36
102,1995,287,1805,23.5,2.075,7.6,10.37
102,1995,287,1805,24,2.072,7.6,10.36
102,1995,287,1805,24.5,2.072,7.6,10.38
102,1995,287,1805,25,2.072,7.6,10.37
102,1995,287,1805,25.5,2.071,7.59,10.37
102,1995,287,1805,26,2.072,7.59,10.36
102,1995,287,1805,26.5,2.069,7.59,10.38
102,1995,287,1805,27,2.072,7.6,10.38
102,1995,287,1805,27.5,2.074,7.6,10.38
102,1995,287,1805,28,2.074,7.6,10.38
102,1995,287,1805,28.5,2.073,7.6,10.38
102,1995,287,1805,29,2.074,7.6,10.38
102,1995,287,1805,29.5,2.073,7.6,10.37
102,1995,287,1805,30,2.075,7.6,10.38
102,1995,287,1805,30.5,2.074,7.6,10.38
102,1995,287,1805,31,2.076,7.6,10.38
102,1995,287,1805,31.5,2.073,7.6,10.38
102,1995,287,1805,32,2.071,7.6,10.38
102,1995,287,1805,32.5,2.074,7.6,10.37
102,1995,287,1805,33,2.073,7.6,10.37
102,1995,287,1805,33.5,2.074,7.6,10.36
102,1995,287,1805,34,2.073,7.59,10.37
102,1995,287,1805,34.5,2.073,7.6,10.36
102,1995,287,1805,35,2.072,7.6,10.37
102,1995,287,1805,35.5,2.073,7.6,10.38
102,1995,287,1805,36,2.074,7.61,10.38
102,1995,287,1805,36.5,2.074,7.6,10.38
102,1995,287,1805,37,2.074,7.61,10.39
102,1995,287,1805,37.5,2.074,7.61,10.38
102,1995,287,1805,38,2.074,7.61,10.38
102,1995,287,1805,38.5,2.071,7.6,10.38
102,1995,287,1805,39,2.071,7.6,10.38
102,1995,287,1805,39.5,2.071,7.6,10.37
102,1995,287,1805,40,2.072,7.6,10.38
102,1995,287,1805,40.5,2.075,7.6,10.38
102,1995,287,1805,41,2.073,7.6,10.38
102,1995,287,1805,41.5,2.074,7.6,10.38
102,1995,287,1805,42,2.073,7.61,10.38
102,1995,287,1805,42.5,2.074,7.61,10.38
102,1995,287,1805,43,2.075,7.61,10.38
102,1995,287,1805,43.5,2.073,7.6,10.38
102,1995,287,1805,44,2.073,7.6,10.38
102,1995,287,1805,44.5,2.072,7.61,10.38
102,1995,287,1805,45,2.068,7.61,10.38
102,1995,287,1805,45.5,2.067,7.61,10.38
102,1995,287,1805,46,2.067,7.61,10.37
102,1995,287,1805,46.5,2.067,7.6,10.37
102,1995,287,1805,47,2.067,7.61,10.37
102,1995,287,1805,47.5,2.066,7.6,10.37
102,1995,287,1805,48,2.066,7.6,10.37
102,1995,287,1805,48.5,2.068,7.6,10.37
102,1995,287,1805,49,2.067,7.6,10.37
102,1995,287,1805,49.5,2.066,7.61,10.37
102,1995,287,1805,50,2.066,7.6,10.37
102,1995,287,1805,50.5,2.068,7.6,10.37
102,1995,287,1805,51,2.066,7.6,10.36
102,1995,287,1805,51.5,2.065,7.61,10.37
102,1995,287,1805,52,2.068,7.61,10.37
102,1995,287,1805,52.5,2.069,7.6,10.36
102,1995,287,1805,53,2.07,7.6,10.37
102,1995,287,1805,53.5,2.072,7.6,10.36
102,1995,287,1805,54,2.076,7.6,10.36
102,1995,287,1805,54.5,2.077,7.61,10.36
102,1995,287,1805,55,2.078,7.6,10.36
102,1995,287,1805,55.5,2.077,7.6,10.35
102,1995,287,1805,56,2.079,7.6,10.36
102,1995,287,1805,56.5,2.078,7.6,10.35
102,1995,287,1805,57,2.078,7.6,10.35
102,1995,287,1805,57.5,2.081,7.6,10.35
102,1995,287,1805,58,2.078,7.61,10.36
102,1995,287,1805,58.5,2.058,7.61,10.36
102,1995,287,1805,59,2.028,7.61,10.36
102,1995,287,1805,59.5,1.987,7.61,10.36
102,1995,287,1806,0,1.966,7.61,10.36
102,1995,287,1806,.5,1.982,7.6,10.35
102,1995,287,1806,1,2.002,7.61,10.36
102,1995,287,1806,1.5,2.015,7.61,10.36
102,1995,287,1806,2,2.022,7.61,10.36
102,1995,287,1806,2.5,2.026,7.61,10.36
102,1995,287,1806,3,2.028,7.61,10.37
102,1995,287,1806,3.5,2.028,7.61,10.35
102,1995,287,1806,4,2.029,7.61,10.36
102,1995,287,1806,4.5,2.031,7.61,10.35
102,1995,287,1806,5,2.032,7.61,10.35