
202,2001,150,1749,-4.221,-4.087,85.8,85.4,-6999,-7.57,12.64
202,2001,150,1750,-4.221,-4.154,85.8,85.6,-6999,-7.76,12.64
202,2001,150,1751,-4.422,-4.355,85.8,85.8,-6999,-7.87,12.65
202,2001,150,1752,-4.422,-4.288,86.9,86.1,-6999,-7.58,12.65
202,2001,150,1753,-4.489,-4.489,85.8,85.7,-6999,-7.33,12.65
202,2001,150,1754,-4.556,-4.489,86.5,86.4,-6999,-6.961,12.65
202,2001,150,1755,-4.556,-4.355,87.2,86.7,-6999,-6.593,12.65
202,2001,150,1756,-4.556,-4.489,87,86.1,-6999,-6.432,12.66
202,2001,150,1757,-4.556,-4.422,87.8,87.3,-6999,-6.14,12.66
202,2001,150,1758,-4.556,-4.422,87.2,86.6,-6999,-5.847,12.66
202,2001,150,1759,-4.489,-4.355,87.2,86.2,-6999,-5.778,12.66
202,2001,150,1800,-4.623,-4.355,86.9,86.3,-6999,-5.652,12.66
202,2001,150,1801,-4.69,-4.422,86.8,86.4,-6999,-5.572,12.66
202,2001,150,1802,-4.69,-4.422,86.6,86,-6999,-5.478,12.66
202,2001,150,1803,-4.69,-4.556,87.4,87,-6999,-5.335,12.66
202,2001,150,1804,-4.757,-4.69,86.8,86.3,-6999,-5.312,12.66
202,2001,150,1805,-4.824,-4.623,87.1,86.8,-6999,-5.172,12.66
202,2001,150,1806,-4.623,-4.623,87.6,87.4,-6999,-4.909,12.66
202,2001,150,1807,-4.556,-4.489,87.4,86.6,-6999,-4.804,12.66
202,2001,150,1808,-4.422,-4.221,86.5,86.4,-6999,-4.512,12.66
202,2001,150,1809,-4.355,-4.154,85.8,85,-6999,-4.59,12.66
202,2001,150,1810,-4.154,-4.02,87,86,-6999,-4.336,12.66
202,2001,150,1811,-4.154,-3.886,84.4,83.9,-6999,-4.548,12.67
202,2001,150,1812,-4.221,-3.953,86.5,85.5,-6999,-4.565,12.66
202,2001,150,1813,-4.288,-4.154,85.3,85,-6999,-4.54,12.66
202,2001,150,1814,-4.288,-4.087,85.5,84.7,-6999,-4.683,12.66
202,2001,150,1815,-4.355,-4.154,85,84.8,-6999,-4.676,12.66
202,2001,150,1816,-4.355,-4.087,86.2,85.4,-6999,-4.607,12.65
202,2001,150,1817,-4.355,-4.221,85.6,84.8,-6999,-4.794,12.66
202,2001,150,1818,-4.288,-4.288,87.2,85.8,-6999,-4.662,12.65
202,2001,150,1819,-4.288,-4.02,85.8,85,-6999,-4.599,12.66
202,2001,150,1820,-4.221,-4.154,86.6,86.2,-6999,-4.5,12.66
202,2001,150,1821,-4.288,-4.154,84.6,84.1,-6999,-4.711,12.67
202,2001,150,1822,-4.288,-4.154,85,84.8,-6999,-4.677,12.66
202,2001,150,1823,-4.288,-4.154,84.3,84.3,-6999,-4.62,12.66
202,2001,150,1824,-4.355,-4.154,85.2,84.7,-6999,-4.595,12.66
202,2001,150,1825,-4.355,-4.154,85.5,85.4,-6999,-4.543,12.66
202,2001,150,1826,-4.355,-4.154,84.4,83.8,-6999,-4.589,12.67
202,2001,150,1827,-4.288,-4.154,85.4,84.8,-6999,-4.526,12.67
202,2001,150,1828,-4.355,-4.154,84.2,83.6,-6999,-4.524,12.66
202,2001,150,1829,-4.355,-4.221,84.6,84.3,-6999,-4.645,12.67
202,2001,150,1830,-4.355,-4.154,84.9,84.6,-6999,-4.69,12.66
202,2001,150,1831,-4.355,-4.154,84.5,83.8,-6999,-4.707,12.66
202,2001,150,1832,-4.288,-4.221,85.3,84.6,-6999,-4.656,12.66
202,2001,150,1833,-4.288,-4.154,85.2,84.3,-6999,-4.614,12.66
202,2001,150,1834,-4.288,-4.154,85.5,84.9,-6999,-4.58,12.66
202,2001,150,1835,-4.288,-4.154,84.1,83.9,-6999,-4.671,12.67
202,2001,150,1836,-4.288,-4.154,83.7,83.4,-6999,-4.637,12.66
202,2001,150,1837,-4.288,-4.154,84.4,83.9,-6999,-4.6,12.66
202,2001,150,1838,-4.288,-4.087,84.2,83.9,-6999,-4.652,12.66
202,2001,150,1839,-4.288,-4.221,85.2,84.1,-6999,-4.629,12.66
202,2001,150,1840,-4.288,-4.087,84,83.4,-6999,-4.617,12.66
202,2001,150,1841,-4.288,-4.221,84.1,83.3,-6999,-4.701,12.66
202,2001,150,1842,-4.355,-4.288,84.4,83.8,-6999,-4.77,12.66
202,2001,150,1843,-4.422,-4.422,84.9,84.6,-6999,-4.713,12.66
202,2001,150,1844,-4.355,-4.288,85.8,85.2,-6999,-4.724,12.67
202,2001,150,1845,-4.489,-4.355,85.2,84.8,-6999,-4.73,12.67
202,2001,150,1846,-4.489,-4.422,85.6,85.2,-6999,-4.756,12.66
202,2001,150,1847,-4.556,-4.556,85.9,85.3,-6999,-4.791,12.66
202,2001,150,1848,-4.623,-4.556,86.7,85.8,-6999,-4.774,12.66
202,2001,150,1849,-4.69,-4.556,86.4,85.9,-6999,-4.705,12.67
202,2001,150,1850,-4.69,-4.623,85.8,85.2,-6999,-4.783,12.66
202,2001,150,1851,-4.824,-4.824,86.4,85.6,-6999,-4.817,12.67
202,2001,150,1852,-4.757,-4.757,86.5,86,-6999,-4.781,12.67
202,2001,150,1853,-4.824,-4.69,87,86.2,-6999,-4.655,12.66
202,2001,150,1854,-4.69,-4.623,86.3,85.4,-6999,-4.624,12.66
202,2001,150,1855,-4.757,-4.69,86.6,86,-6999,-4.59,12.67
202,2001,150,1856,-4.69,-4.69,86.2,85.7,-6999,-4.548,12.66
202,2001,150,1857,-4.556,-4.489,85.9,85.3,-6999,-4.428,12.66
202,2001,150,1858,-4.623,-4.422,85.8,85,-6999,-4.351,12.67
202,2001,150,1859,-4.556,-4.422,86.5,85.6,-6999,-4.321,12.67
202,2001,150,1900,-4.489,-4.355,86,85.1,-6999,-4.338,12.67
202,2001,150,1901,-4.489,-4.355,85.8,84.8,-6999,-4.416,12.66
202,2001,150,1902,-4.422,-4.288,84.8,84.2,-6999,-4.408,12.67
202,2001,150,1903,-4.422,-4.355,85.8,85.2,-6999,-4.345,12.66
202,2001,150,1904,-4.422,-4.288,85.6,84.6,-6999,-4.286,12.67
202,2001,150,1905,-4.355,-4.221,86,85.2,-6999,-4.284,12.66
202,2001,150,1906,-4.355,-4.221,84.8,84,-6999,-4.313,12.66
202,2001,150,1907,-4.288,-4.221,85.8,85,-6999,-4.271,12.66
202,2001,150,1908,-4.288,-4.154,84.6,83.7,-6999,-4.345,12.66
202,2001,150,1909,-4.355,-4.087,85.1,84,-6999,-4.331,12.66
202,2001,150,1910,-4.355,-4.288,84.7,83.6,-6999,-4.411,12.67
202,2001,150,1911,-4.221,-4.221,84.6,83.7,-6999,-4.406,12.66
202,2001,150,1912,-4.355,-4.288,84.2,83.4,-6999,-4.455,12.66
202,2001,150,1913,-4.355,-4.288,84.8,83.7,-6999,-4.404,12.67
202,2001,150,1914,-4.355,-4.221,84.6,83.7,-6999,-4.447,12.66
202,2001,150,1915,-4.288,-4.221,83.9,83,-6999,-4.487,12.67
202,2001,150,1916,-4.288,-4.221,83.6,82.7,-6999,-4.505,12.67
202,2001,150,1917,-4.355,-4.154,83.4,82.7,-6999,-4.468,12.66
202,2001,150,1918,-4.355,-4.154,83.8,82.8,-6999,-4.462,12.66
202,2001,150,1919,-4.422,-4.154,84,82.8,-6999,-4.491,12.66
202,2001,150,1920,-4.221,-4.221,84.3,83.1,-6999,-4.468,12.66
202,2001,150,1921,-4.288,-4.221,84.4,83.4,-6999,-4.491,12.66
202,2001,150,1922,-4.355,-4.221,84.2,83.7,-6999,-4.483,12.66
202,2001,150,1923,-4.288,-4.288,84,83.6,-6999,-4.546,12.66
202,2001,150,1924,-4.288,-4.154,84.1,83.4,-6999,-4.529,12.66
202,2001,150,1925,-4.221,-4.288,84.6,83.6,-6999,-4.546,12.66
202,2001,150,1926,-4.355,-4.221,84.6,83.8,-6999,-4.51,12.66
202,2001,150,1927,-4.288,-4.221,85.1,84.6,-6999,-4.458,12.66
202,2001,150,1928,-4.422,-4.221,85.8,84.5,-6999,-4.418,12.66
202,2001,150,1929,-4.154,-4.154,85.1,84.1,-6999,-4.436,12.66
202,2001,150,1930,-4.154,-4.154,84.8,84,-6999,-4.453,12.66
202,2001,150,1931,-4.221,-4.087,84.5,83.8,-6999,-4.451,12.66
202,2001,150,1932,-4.288,-4.154,85.6,84.7,-6999,-4.439,12.66
202,2001,150,1933,-4.087,-4.02,84.5,83.7,-6999,-4.457,12.66
202,2001,150,1934,-4.288,-4.221,85,84.6,-6999,-4.479,12.66
202,2001,150,1935,-4.288,-4.087,84.9,84.6,-6999,-4.434,12.66
202,2001,150,1936,-4.355,-4.087,85.4,84.6,-6999,-4.474,12.66
202,2001,150,1937,-4.087,-4.154,85.6,85.4,-6999,-4.342,12.66
202,2001,150,1938,-4.154,-4.02,85.3,84.6,-6999,-4.359,12.66
202,2001,150,1939,-4.154,-4.087,84.4,83.6,-6999,-4.456,12.66
202,2001,150,1940,-4.221,-4.221,85.4,84.5,-6999,-4.552,12.66
202,2001,150,1941,-4.355,-4.288,85.8,85,-6999,-4.563,12.66
202,2001,150,1942,-4.288,-4.288,85.8,85.2,-6999,-4.557,12.66
202,2001,150,1943,-4.355,-4.288,86.4,85.6,-6999,-4.512,12.66
202,2001,150,1944,-4.422,-4.154,86,85.5,-6999,-4.426,12.66
202,2001,150,1945,-4.221,-4.288,86,85.1,-6999,-4.475,12.66
202,2001,150,1946,-4.355,-4.288,86.5,85.3,-6999,-4.452,12.66
202,2001,150,1947,-4.355,-4.221,85.9,85.2,-6999,-4.47,12.66
202,2001,150,1948,-4.355,-4.221,86.4,85.5,-6999,-4.458,12.66
202,2001,150,1949,-4.355,-4.288,86.3,85.6,-6999,-4.51,12.67
202,2001,150,1950,-4.422,-4.355,86.8,85.9,-6999,-4.532,12.67
202,2001,150,1951,-4.556,-4.288,86.8,86,-6999,-4.498,12.66
202,2001,150,1952,-4.556,-4.355,87,86.1,-6999,-4.513,12.66
202,2001,150,1953,-4.556,-4.422,87.1,86,-6999,-4.542,12.66
202,2001,150,1954,-4.489,-4.489,87.2,86.4,-6999,-4.519,12.66
202,2001,150,1955,-4.623,-4.489,87.2,86.1,-6999,-4.54,12.66
202,2001,150,1956,-4.556,-4.556,87.4,86.6,-6999,-4.511,12.66
202,2001,150,1957,-4.623,-4.623,87.3,86.4,-6999,-4.505,12.66
202,2001,150,1958,-4.623,-4.623,87.4,86.5,-6999,-4.454,12.67
202,2001,150,1959,-4.623,-4.489,87.4,86.3,-6999,-4.4,12.67
202,2001,150,2000,-4.556,-4.422,87.2,86.4,-6999,-4.372,12.66
202,2001,150,2001,-4.556,-4.422,87.3,85.9,-6999,-4.358,12.66
202,2001,150,2002,-4.489,-4.489,86.8,85.8,-6999,-4.347,12.66
202,2001,150,2003,-4.556,-4.422,86.9,85.8,-6999,-4.353,12.66
202,2001,150,2004,-4.489,-4.422,87,85.9,-6999,-4.431,12.66
202,2001,150,2005,-4.623,-4.355,87.1,86,-6999,-4.431,12.66
202,2001,150,2006,-4.69,-4.422,87,85.8,-6999,-4.457,12.66
202,2001,150,2007,-4.623,-4.422,86.9,85.7,-6999,-4.411,12.66
202,2001,150,2008,-4.623,-4.355,86.8,85.6,-6999,-4.432,12.66
202,2001,150,2009,-4.623,-4.355,86.6,85.2,-6999,-4.449,12.66
202,2001,150,2010,-4.623,-4.288,86.5,85,-6999,-4.447,12.66
202,2001,150,2011,-4.556,-4.221,86.2,84.6,-6999,-4.453,12.66
202,2001,150,2012,-4.556,-4.288,86.1,84.5,-6999,-4.508,12.66
202,2001,150,2013,-4.556,-4.288,86.1,84.4,-6999,-4.548,12.67
202,2001,150,2014,-4.556,-4.288,86.1,84.4,-6999,-4.575,12.66
202,2001,150,2015,-4.556,-4.422,86.1,84.6,-6999,-4.586,12.66
202,2001,150,2016,-4.623,-4.355,86.2,84.6,-6999,-4.584,12.67
202,2001,150,2017,-4.556,-4.355,86,84.5,-6999,-4.573,12.66
202,2001,150,2018,-4.556,-4.288,86,84.6,-6999,-4.55,12.66
202,2001,150,2019,-4.489,-4.422,86,84.4,-6999,-4.605,12.66
202,2001,150,2020,-4.556,-4.355,85.8,84.5,-6999,-4.634,12.66
202,2001,150,2021,-4.623,-4.355,85.8,84.4,-6999,-4.66,12.66
202,2001,150,2022,-4.69,-4.288,85.8,84.4,-6999,-4.689,12.66
202,2001,150,2023,-4.69,-4.422,85.7,84.2,-6999,-4.729,12.67
202,2001,150,2024,-4.69,-4.422,85.6,84.2,-6999,-4.801,12.66
202,2001,150,2025,-4.824,-4.556,85.8,84.2,-6999,-4.899,12.66
202,2001,150,2026,-4.891,-4.556,85.8,84.7,-6999,-4.939,12.66
202,2001,150,2027,-4.891,-4.824,86,84.6,-6999,-5.022,12.66
202,2001,150,2028,-5.092,-4.824,86.2,84.7,-6999,-5.068,12.66
202,2001,150,2029,-5.092,-4.891,86.3,85.2,-6999,-5.118,12.66
202,2001,150,2030,-5.226,-5.025,86.3,85,-6999,-5.144,12.66
202,2001,150,2031,-5.226,-5.092,86.4,85.2,-6999,-5.11,12.66
202,2001,150,2032,-5.293,-5.025,86.3,85.2,-6999,-5.096,12.66
202,2001,150,2033,-5.36,-5.159,86.6,85.3,-6999,-5.054,12.66
202,2001,150,2034,-5.226,-5.159,86.2,85,-6999,-4.997,12.66
202,2001,150,2035,-5.293,-5.025,86.2,84.8,-6999,-4.932,12.66
202,2001,150,2036,-5.159,-4.958,86,84.6,-6999,-4.844,12.66
202,2001,150,2037,-5.092,-4.891,85.6,84.2,-6999,-4.762,12.66
202,2001,150,2038,-5.025,-4.757,85.1,83.7,-6999,-4.737,12.66
202,2001,150,2039,-4.891,-4.69,85,83.4,-6999,-4.714,12.66
202,2001,150,2040,-4.957,-4.689,84.7,83.2,-6999,-4.711,12.66
202,2001,150,2041,-4.823,-4.488,84.5,83,-6999,-4.72,12.66
202,2001,150,2042,-4.823,-4.622,84.3,82.8,-6999,-4.712,12.66
202,2001,150,2043,-4.889,-4.621,84,82.7,-6999,-4.732,12.66
202,2001,150,2044,-4.755,-4.487,83.5,82.1,-6999,-4.738,12.66
202,2001,150,2045,-4.688,-4.554,83.2,81.8,-6999,-4.77,12.66
202,2001,150,2046,-4.687,-4.553,82.9,81.5,-6999,-4.808,12.66
202,2001,150,2047,-4.821,-4.419,82.6,81.2,-6999,-4.825,12.66
202,2001,150,2048,-4.821,-4.553,82.6,81.2,-6999,-4.874,12.66
202,2001,150,2049,-4.821,-4.486,82.5,81.2,-6999,-4.879,12.66
202,2001,150,2050,-4.687,-4.553,82.4,81.1,-6999,-4.917,12.66
202,2001,150,2051,-4.821,-4.486,82.3,81,-6999,-4.955,12.66
202,2001,150,2052,-4.82,-4.485,82.1,81,-6999,-4.989,12.66
202,2001,150,2053,-4.753,-4.552,81.8,80.5,-6999,-5.041,12.66
202,2001,150,2054,-4.82,-4.619,81.8,80.3,-6999,-5.085,12.66
202,2001,150,2055,-4.887,-4.418,81.5,80.3,-6999,-5.147,12.66
202,2001,150,2056,-4.753,-4.552,81.6,80.3,-6999,-5.159,12.66
202,2001,150,2057,-4.82,-4.552,81.6,80.2,-6999,-5.231,12.66
202,2001,150,2058,-4.885,-4.617,81.5,80.3,-6999,-5.247,12.66
202,2001,150,2059,-4.818,-4.617,81.4,80.2,-6999,-5.27,12.66
202,2001,150,2100,-4.885,-4.684,81.6,80.3,-6999,-5.299,12.66
202,2001,150,2101,-4.885,-4.617,81.5,80.3,-6999,-5.337,12.66
202,2001,150,2102,-4.952,-4.684,81.4,80.1,-6999,-5.371,12.66
202,2001,150,2103,-5.019,-4.684,81.3,80.1,-6999,-5.417,12.66
202,2001,150,2104,-4.951,-4.817,81.1,79.9,-6999,-5.485,12.66
202,2001,150,2105,-4.884,-4.75,81,79.9,-6999,-5.528,12.66
202,2001,150,2106,-5.018,-4.884,80.8,79.8,-6999,-5.597,12.66
202,2001,150,2107,-4.816,-4.95,80.6,79.8,-6999,-5.671,12.66
202,2001,150,2108,-4.816,-5.017,80,79.6,-6999,-5.768,12.66
202,2001,150,2109,-4.883,-5.084,79.6,79.8,-6999,-5.849,12.66
202,2001,150,2110,-4.817,-5.286,79.3,79.9,-6999,-5.912,12.66
202,2001,150,2111,-4.817,-5.219,79.2,80.4,-6999,-5.99,12.66
202,2001,150,2112,-5.018,-5.286,79.1,80.4,-6999,-6.053,12.66
202,2001,150,2113,-5.017,-5.486,79.4,80.8,-6999,-6.076,12.66
202,2001,150,2114,-5.151,-5.553,79.9,81.4,-6999,-6.047,12.66
202,2001,150,2115,-5.151,-5.553,80.5,81.6,-6999,-5.99,12.66
202,2001,150,2116,-5.151,-5.486,80.8,81.7,-6999,-5.925,12.66
202,2001,150,2117,-5.218,-5.419,81.2,81.6,-6999,-5.856,12.66
202,2001,150,2118,-5.218,-5.352,81.8,82,-6999,-5.747,12.66
202,2001,150,2119,-5.286,-5.353,82.3,82.3,-6999,-5.581,12.66
202,2001,150,2120,-5.286,-5.219,81.9,81.8,-6999,-5.547,12.66
202,2001,150,2121,-5.285,-5.218,81.5,80.9,-6999,-5.572,12.66
202,2001,150,2122,-5.352,-5.352,81.8,81,-6999,-5.624,12.66
202,2001,150,2123,-5.419,-5.285,81.7,80.8,-6999,-5.63,12.66
202,2001,150,2124,-5.553,-5.352,81.6,80.6,-6999,-5.697,12.66
202,2001,150,2125,-5.553,-5.419,81.3,80.2,-6999,-5.76,12.66
202,2001,150,2126,-5.553,-5.352,81.3,80.1,-6999,-5.812,12.66
202,2001,150,2127,-5.62,-5.285,81.3,80.1,-6999,-5.855,12.66
202,2001,150,2128,-5.553,-5.553,81.2,79.8,-6999,-5.906,12.66
202,2001,150,2129,-5.754,-5.553,81.2,80,-6999,-6.025,12.66
202,2001,150,2130,-5.686,-5.686,81.1,80.3,-6999,-6.076,12.66
202,2001,150,2131,-5.753,-5.753,81,80.5,-6999,-6.11,12.66
202,2001,150,2132,-5.753,-5.82,81,80.7,-6999,-6.125,12.66
202,2001,150,2133,-5.686,-5.82,81,81.1,-6999,-6.085,12.66
202,2001,150,2134,-5.753,-5.887,81,80.8,-6999,-6.14,12.66
202,2001,150,2135,-5.619,-6.021,80.5,80.5,-6999,-6.215,12.66
202,2001,150,2136,-5.685,-6.087,79,79.5,-6999,-6.448,12.66
202,2001,150,2137,-5.752,-6.154,79.9,80.3,-6999,-6.578,12.66
202,2001,150,2138,-5.819,-6.355,80.2,80.8,-6999,-6.629,12.66
202,2001,150,2139,-6.087,-6.489,80.9,81.6,-6999,-6.598,12.66
202,2001,150,2140,-5.953,-6.355,81.7,82.4,-6999,-6.455,12.66
202,2001,150,2141,-6.087,-6.355,82.7,83.6,-6999,-6.217,12.66
202,2001,150,2142,-6.02,-6.355,82.8,83.4,-6999,-6.154,12.66
202,2001,150,2143,-6.02,-6.288,82.5,83.1,-6999,-6.215,12.66
202,2001,150,2144,-6.02,-6.422,82.3,82.8,-6999,-6.276,12.66
202,2001,150,2145,-6.154,-6.422,82.2,82.6,-6999,-6.316,12.66
202,2001,150,2146,-6.087,-6.355,82.2,82.6,-6999,-6.389,12.66
202,2001,150,2147,-6.221,-6.489,82.4,83,-6999,-6.404,12.66
202,2001,150,2148,-6.153,-6.623,82.6,83.4,-6999,-6.367,12.66
202,2001,150,2149,-6.288,-6.623,83,83.6,-6999,-6.319,12.66
202,2001,150,2150,-6.22,-6.489,83.2,83.8,-6999,-6.221,12.66
202,2001,150,2151,-6.287,-6.488,83.6,84,-6999,-6.156,12.66
202,2001,150,2152,-6.22,-6.421,83.6,84.1,-6999,-6.102,12.66
202,2001,150,2153,-6.153,-6.421,83.6,83.9,-6999,-6.071,12.66
202,2001,150,2154,-6.287,-6.354,83.3,83.6,-6999,-6.086,12.66
202,2001,150,2155,-6.153,-6.287,83.1,83.3,-6999,-6.113,12.66
202,2001,150,2156,-6.086,-6.354,83,82.9,-6999,-6.13,12.66
202,2001,150,2157,-6.22,-6.421,82.5,82.7,-6999,-6.208,12.66
202,2001,150,2158,-6.287,-6.488,82.4,82.6,-6999,-6.287,12.66
202,2001,150,2159,-6.421,-6.555,82.2,82.4,-6999,-6.313,12.66
202,2001,150,2200,-6.488,-6.555,82.2,82.4,-6999,-6.363,12.66
202,2001,150,2201,-6.488,-6.555,82.4,82.5,-6999,-6.349,12.66
202,2001,150,2202,-6.421,-6.555,82.6,82.8,-6999,-6.313,12.66
202,2001,150,2203,-6.421,-6.689,82.9,83.2,-6999,-6.213,12.66
202,2001,150,2204,-6.555,-6.622,82.6,82.7,-6999,-6.245,12.66
202,2001,150,2205,-6.555,-6.555,83,82.6,-6999,-6.258,12.66
202,2001,150,2206,-6.555,-6.555,82.8,82.4,-6999,-6.279,12.66
202,2001,150,2207,-6.488,-6.622,82.8,82.4,-6999,-6.279,12.66
202,2001,150,2208,-6.555,-6.622,82.6,82.4,-6999,-6.292,12.66
202,2001,150,2209,-6.488,-6.555,83,82.4,-6999,-6.296,12.66
202,2001,150,2210,-6.689,-6.689,83,82.6,-6999,-6.3,12.66
202,2001,150,2211,-6.488,-6.689,82.8,82.5,-6999,-6.292,12.66
202,2001,150,2212,-6.622,-6.756,82.7,82.4,-6999,-6.313,12.66
202,2001,150,2213,-6.689,-6.622,82.4,82.3,-6999,-6.339,12.66
202,2001,150,2214,-6.689,-6.689,82.9,82.8,-6999,-6.303,12.66
202,2001,150,2215,-6.622,-6.689,82.8,82.7,-6999,-6.304,12.66
202,2001,150,2216,-6.689,-6.689,82.8,82.6,-6999,-6.274,12.66
202,2001,150,2217,-6.555,-6.622,82.7,82.6,-6999,-6.249,12.66
202,2001,150,2218,-6.622,-6.689,83,82.7,-6999,-6.155,12.66
202,2001,150,2219,-6.555,-6.622,82.3,82.1,-6999,-6.25,12.66
202,2001,150,2220,-6.622,-6.622,82.8,82.6,-6999,-6.171,12.66
202,2001,150,2221,-6.488,-6.756,82.4,82.1,-6999,-6.249,12.66
202,2001,150,2222,-6.488,-6.689,82.6,82.4,-6999,-6.207,12.66
202,2001,150,2223,-6.622,-6.89,82.6,82.5,-6999,-6.251,12.66
202,2001,150,2224,-6.622,-6.823,82.4,82.6,-6999,-6.316,12.66
202,2001,150,2225,-6.555,-6.89,82.3,82.4,-6999,-6.371,12.66
202,2001,150,2226,-6.689,-6.957,82.4,82.6,-6999,-6.363,12.66
202,2001,150,2227,-6.756,-6.89,82.2,82.5,-6999,-6.424,12.66
202,2001,150,2228,-6.89,-7.16,79.5,79.9,-6999,-7.2,12.66
202,2001,150,2229,-7.23,-7.56,79.9,80.4,-6999,-7.46,12.65
202,2001,150,2230,-7.43,-7.69,80.8,81.4,-6999,-7.51,12.65
202,2001,150,2231,-7.63,-7.9,82,82.4,-6999,-7.48,12.66
202,2001,150,2232,-7.76,-8.16,82,82.6,-6999,-7.55,12.66
202,2001,150,2233,-7.96,-8.16,82.1,82.6,-6999,-7.65,12.65
202,2001,150,2234,-8.03,-8.43,81.4,81.9,-6999,-7.85,12.66
202,2001,150,2235,-8.16,-8.5,81.7,82,-6999,-8.01,12.66
202,2001,150,2236,-8.43,-8.7,82.5,83,-6999,-8.01,12.65
202,2001,150,2237,-8.57,-8.77,82.8,83.1,-6999,-8.06,12.66
202,2001,150,2238,-8.57,-8.9,82.8,83.2,-6999,-8.1,12.66
202,2001,150,2239,-8.63,-8.9,83.2,83.4,-6999,-8.13,12.65
202,2001,150,2240,-8.7,-8.97,83.3,83.7,-6999,-8.15,12.65
202,2001,150,2241,-8.83,-9.03,83.6,83.9,-6999,-8.13,12.66
202,2001,150,2242,-8.83,-9.1,83.8,84,-6999,-8.13,12.66
202,2001,150,2243,-8.83,-9.1,83.6,83.9,-6999,-8.11,12.66
202,2001,150,2244,-8.83,-9.17,83.6,83.6,-6999,-8.18,12.65
202,2001,150,2245,-8.97,-9.17,83.5,83.7,-6999,-8.23,12.65
202,2001,150,2246,-8.97,-9.3,83.4,83.6,-6999,-8.3,12.65
202,2001,150,2247,-9.03,-9.37,83.4,83.4,-6999,-8.34,12.65
202,2001,150,2248,-9.1,-9.44,83.7,83.8,-6999,-8.33,12.65
202,2001,150,2249,-9.17,-9.37,83.9,84.2,-6999,-8.32,12.66
202,2001,150,2250,-9.3,-9.44,84,84.2,-6999,-8.33,12.65
202,2001,150,2251,-9.24,-9.5,84,84.2,-6999,-8.33,12.66
202,2001,150,2252,-9.24,-9.5,84.4,84.5,-6999,-8.27,12.66
202,2001,150,2253,-9.24,-9.44,84.7,84.7,-6999,-8.19,12.65
202,2001,150,2254,-9.24,-9.37,85,85,-6999,-8.09,12.66
202,2001,150,2255,-9.1,-9.37,85.1,85.1,-6999,-8.01,12.65
202,2001,150,2256,-9.17,-9.3,85,84.9,-6999,-8,12.65
202,2001,150,2257,-9.1,-9.24,85.1,85,-6999,-7.93,12.65
202,2001,150,2258,-9.03,-9.3,85.5,85.4,-6999,-7.81,12.66
202,2001,150,2259,-8.9,-9.17,84.9,85,-6999,-7.79,12.65
202,2001,150,2300,-8.83,-9.1,85.5,85.3,-6999,-7.67,12.66
202,2001,150,2301,-8.77,-9.1,85.7,85.4,-6999,-7.56,12.65
202,2001,150,2302,-8.7,-8.83,85.1,84.9,-6999,-7.57,12.65
202,2001,150,2303,-8.77,-8.97,84.5,84.2,-6999,-7.66,12.65
202,2001,150,2304,-8.7,-8.97,84,83.9,-6999,-7.78,12.65
202,2001,150,2305,-8.83,-8.97,83.6,83.4,-6999,-7.95,12.65
202,2001,150,2306,-8.9,-9.1,83.1,83,-6999,-8.14,12.65
202,2001,150,2307,-8.97,-9.24,82.8,82.8,-6999,-8.31,12.65
202,2001,150,2308,-9.03,-9.37,82.6,82.6,-6999,-8.47,12.65
202,2001,150,2309,-9.3,-9.64,84.2,84.6,-6999,-8.39,12.65
202,2001,150,2310,-9.1,-9.24,88.2,88.5,-6999,-7.44,12.65
202,2001,150,2311,-8.83,-8.97,87.7,87.5,-6999,-7.16,12.65
202,2001,150,2312,-8.63,-8.83,86.6,86.7,-6999,-7.09,12.65
202,2001,150,2313,-8.43,-8.57,86,85.8,-6999,-7.07,12.65
202,2001,150,2314,-8.3,-8.43,85.3,85.4,-6999,-7.04,12.65
202,2001,150,2315,-8.3,-8.36,85.1,84.9,-6999,-7.03,12.65
202,2001,150,2316,-8.3,-8.36,85,84.6,-6999,-7.04,12.64
202,2001,150,2317,-8.16,-8.3,85.1,84.8,-6999,-6.949,12.65
202,2001,150,2318,-8.16,-8.23,84.7,84.3,-6999,-6.934,12.65
202,2001,150,2319,-8.09,-8.23,84.5,83.9,-6999,-6.978,12.65
202,2001,150,2320,-8.16,-8.09,83.8,83.5,-6999,-7,12.65
202,2001,150,2321,-8.16,-8.23,83.7,83.3,-6999,-7.06,12.65
202,2001,150,2322,-8.23,-8.29,83.4,83.1,-6999,-7.1,12.65
202,2001,150,2323,-8.16,-8.29,83.2,82.9,-6999,-7.16,12.65
202,2001,150,2324,-8.23,-8.5,82.4,82,-6999,-7.43,12.65
202,2001,150,2325,-8.49,-8.56,78.8,78.4,-6999,-8.28,12.65
202,2001,150,2326,-8.9,-9.16,79,78.8,-6999,-8.92,12.65
202,2001,150,2327,-9.23,-9.3,83.1,83.3,-6999,-8.41,12.65
202,2001,150,2328,-9.16,-9.3,84.8,84.7,-6999,-7.92,12.65
202,2001,150,2329,-8.96,-9.1,84.7,84.5,-6999,-7.67,12.64
202,2001,150,2330,-8.89,-9.1,85.1,84.6,-6999,-7.4,12.65
202,2001,150,2331,-8.63,-8.69,86.5,85.9,-6999,-6.761,12.64
202,2001,150,2332,-8.36,-8.56,83.9,83.3,-6999,-6.923,12.65
202,2001,150,2333,-8.29,-8.49,82.6,82.3,-6999,-7.1,12.64
202,2001,150,2334,-8.22,-8.42,83.1,82.6,-6999,-6.961,12.64
202,2001,150,2335,-8.22,-8.22,82.4,81.9,-6999,-6.895,12.64
202,2001,150,2336,-8.02,-8.16,81.9,81.5,-6999,-6.753,12.64
202,2001,150,2337,-7.82,-7.95,83.7,83.2,-6999,-6.335,12.64
202,2001,150,2338,-7.75,-7.89,80.9,80.5,-6999,-6.724,12.64
202,2001,150,2339,-7.82,-7.89,81,80.5,-6999,-6.748,12.64
202,2001,150,2340,-7.82,-7.89,80.3,79.7,-6999,-7,12.64
202,2001,150,2341,-7.95,-8.09,80.3,79.6,-6999,-7.14,12.64
202,2001,150,2342,-7.95,-8.15,80.9,80.7,-6999,-7.05,12.64
202,2001,150,2343,-7.95,-8.09,81.1,80.7,-6999,-7.14,12.64
202,2001,150,2344,-7.95,-8.15,81.6,81.3,-6999,-6.968,12.64
202,2001,150,2345,-8.42,-8.69,75.2,75.2,-6999,-8.79,12.64
202,2001,150,2346,-9.03,-9.23,78.8,78.9,-6999,-8.88,12.64
202,2001,150,2347,-9.29,-9.43,80.1,80.3,-6999,-8.95,12.64
202,2001,150,2348,-9.56,-9.83,80.3,80.3,-6999,-9.22,12.64
202,2001,150,2349,-9.83,-10.03,81.1,81.2,-6999,-9.32,12.64
202,2001,150,2350,-9.9,-10.17,82.6,82.8,-6999,-9.08,12.64
202,2001,150,2351,-10.03,-10.3,82.5,82.6,-6999,-9.2,12.64
202,2001,150,2352,-10.16,-10.23,83.4,83.3,-6999,-9.1,12.64
202,2001,150,2353,-10.16,-10.3,83.9,83.7,-6999,-8.98,12.64
202,2001,150,2354,-10.1,-10.23,83.7,83.3,-6999,-9.01,12.64
202,2001,150,2355,-10.23,-10.37,83.3,83,-6999,-9.24,12.64
202,2001,150,2356,-10.37,-10.43,83.1,82.8,-6999,-9.35,12.64
202,2001,150,2357,-10.3,-10.63,83.7,83.5,-6999,-9.34,12.64
202,2001,150,2358,-10.43,-10.63,84,83.7,-6999,-9.24,12.64
202,2001,150,2359,-10.57,-10.63,84.6,84.3,-6999,-9.05,12.64
202,2001,151,0,-10.37,-10.43,85.6,85.3,-6999,-8.74,12.64
202,2001,151,1,-10.23,-10.23,85.3,84.7,-6999,-8.66,12.64
202,2001,151,2,-10.1,-10.23,85.3,84.7,-6999,-8.59,12.64
202,2001,151,3,-9.9,-10.16,83.8,83.5,-6999,-8.82,12.64
202,2001,151,4,-10.1,-10.37,82.5,82.1,-6999,-9.19,12.64
202,2001,151,5,-10.3,-10.43,82.5,82.3,-6999,-9.41,12.64
202,2001,151,6,-10.43,-10.63,82.9,82.8,-6999,-9.46,12.64
202,2001,151,7,-10.5,-10.77,83.5,83.2,-6999,-9.45,12.64
202,2001,151,8,-10.63,-10.83,83.4,83.1,-6999,-9.5,12.64
202,2001,151,9,-10.77,-10.9,83.1,82.9,-6999,-9.66,12.64
202,2001,151,10,-10.83,-11.04,82.9,82.8,-6999,-9.82,12.64
202,2001,151,11,-10.97,-11.1,83.7,83.5,-6999,-9.79,12.64
202,2001,151,12,-11.04,-11.17,84,83.7,-6999,-9.76,12.64
202,2001,151,13,-11.17,-11.24,83.8,83.5,-6999,-9.89,12.63
202,2001,151,14,-11.04,-11.51,84.1,83.7,-6999,-9.9,12.63
202,2001,151,15,-11.17,-11.3,84.2,83.9,-6999,-9.89,12.64
202,2001,151,16,-11.24,-11.51,84.1,83.9,-6999,-9.89,12.63
202,2001,151,17,-11.3,-11.51,84,83.5,-6999,-10,12.64
202,2001,151,18,-11.3,-11.51,83.8,83.3,-6999,-10.1,12.63
202,2001,151,19,-11.37,-11.51,83.9,83.7,-6999,-10.12,12.64
202,2001,151,20,-11.37,-11.51,84.1,83.9,-6999,-10.1,12.64
202,2001,151,21,-11.44,-11.57,84.3,84.1,-6999,-10.11,12.64
202,2001,151,22,-11.51,-11.71,84.7,84.2,-6999,-10.07,12.63
202,2001,151,23,-11.51,-11.57,84.9,84.5,-6999,-10.04,12.64
202,2001,151,24,-11.44,-11.57,84.7,84.3,-6999,-10.04,12.64
202,2001,151,25,-11.44,-11.64,84.7,84.2,-6999,-10.01,12.64
202,2001,151,26,-11.37,-11.64,84.4,84,-6999,-10.09,12.63
202,2001,151,27,-11.44,-11.71,84.5,84.1,-6999,-10.09,12.64
202,2001,151,28,-11.51,-11.64,84.7,84.5,-6999,-10.07,12.64
202,2001,151,29,-11.51,-11.64,84.8,84.5,-6999,-10.06,12.63
202,2001,151,30,-11.57,-11.71,84.5,84.1,-6999,-10.1,12.64
202,2001,151,31,-11.57,-11.64,84.4,84,-6999,-10.22,12.63
202,2001,151,32,-11.71,-11.77,84.1,83.9,-6999,-10.34,12.63
202,2001,151,33,-11.64,-11.84,84.4,84,-6999,-10.36,12.63
202,2001,151,34,-11.84,-11.84,84.7,84.3,-6999,-10.35,12.63
202,2001,151,35,-11.84,-11.91,84.6,84.3,-6999,-10.38,12.63
202,2001,151,36,-11.84,-11.91,84.5,84.1,-6999,-10.46,12.63
202,2001,151,37,-11.84,-12.11,84,83.7,-6999,-10.65,12.63
202,2001,151,38,-11.91,-12.17,84.6,84.2,-6999,-10.66,12.63
202,2001,151,39,-12.04,-12.04,85.4,84.9,-6999,-10.53,12.63
202,2001,151,40,-12.04,-12.17,85.3,85,-6999,-10.52,12.63
202,2001,151,41,-12.11,-12.11,85.3,85,-6999,-10.53,12.63
202,2001,151,42,-12.04,-12.17,84.8,84.4,-6999,-10.67,12.63
202,2001,151,43,-12.11,-12.17,84.8,84.4,-6999,-10.69,12.63
202,2001,151,44,-12.17,-12.31,85,84.6,-6999,-10.64,12.63
202,2001,151,45,-12.17,-12.24,85,84.6,-6999,-10.71,12.63
202,2001,151,46,-12.17,-12.44,85.4,85,-6999,-10.63,12.63
202,2001,151,47,-12.11,-12.37,84.8,84.6,-6999,-10.69,12.63
202,2001,151,48,-12.24,-12.31,85.3,84.8,-6999,-10.67,12.63
202,2001,151,49,-12.24,-12.37,85.2,84.8,-6999,-10.66,12.63
202,2001,151,50,-12.31,-12.31,85.1,84.7,-6999,-10.73,12.63
202,2001,151,51,-12.1,-12.44,84.9,84.5,-6999,-10.84,12.63
202,2001,151,52,-12.31,-12.44,85.3,85,-6999,-10.81,12.63
202,2001,151,53,-12.24,-12.37,85.6,85.2,-6999,-10.77,12.63
202,2001,151,54,-12.24,-12.37,85.6,85.2,-6999,-10.76,12.63
202,2001,151,55,-12.17,-12.44,85.8,85.4,-6999,-10.67,12.63
202,2001,151,56,-12.17,-12.37,86,85.7,-6999,-10.62,12.63
202,2001,151,57,-12.1,-12.24,86.4,85.9,-6999,-10.45,12.63
202,2001,151,58,-12.04,-12.24,86.2,85.9,-6999,-10.41,12.63
202,2001,151,59,-11.9,-12.1,85.4,84.8,-6999,-10.55,12.63
202,2001,151,100,-12.04,-12.17,85.4,85,-6999,-10.53,12.63
202,2001,151,101,-12.04,-12.1,85,84.6,-6999,-10.61,12.63
202,2001,151,102,-12.04,-12.1,85,84.6,-6999,-10.68,12.63
202,2001,151,103,-11.97,-12.24,85,84.6,-6999,-10.72,12.63
202,2001,151,104,-12.17,-12.3,84.9,84.6,-6999,-10.75,12.63
202,2001,151,105,-12.17,-12.24,84.6,84.2,-6999,-10.84,12.63
202,2001,151,106,-12.1,-12.24,84.7,84.2,-6999,-10.86,12.63
202,2001,151,107,-12.17,-12.37,84.6,84.1,-6999,-10.87,12.63
202,2001,151,108,-12.17,-12.37,84.8,84.3,-6999,-10.84,12.62
202,2001,151,109,-12.24,-12.44,84.3,83.8,-6999,-10.95,12.62
202,2001,151,110,-12.37,-12.57,83.8,83.5,-6999,-11.14,12.62
202,2001,151,111,-12.5,-12.7,83.7,83.3,-6999,-11.28,12.62
202,2001,151,112,-12.57,-12.7,84.2,83.9,-6999,-11.25,12.62
202,2001,151,113,-12.57,-12.7,84.6,84.3,-6999,-11.2,12.62
202,2001,151,114,-12.64,-12.7,84.7,84.4,-6999,-11.18,12.62
202,2001,151,115,-12.64,-12.7,85,84.4,-6999,-11.17,12.62
202,2001,151,116,-12.64,-12.77,84.6,84.2,-6999,-11.24,12.62
202,2001,151,117,-12.57,-12.84,84.2,83.9,-6999,-11.34,12.62
202,2001,151,118,-12.7,-12.84,84.4,84,-6999,-11.3,12.62
202,2001,151,119,-12.77,-12.84,84.8,84.2,-6999,-11.27,12.62
202,2001,151,120,-12.7,-12.91,84.4,84,-6999,-11.36,12.62
202,2001,151,121,-12.64,-12.84,85,84.5,-6999,-11.23,12.61
202,2001,151,122,-12.64,-12.84,84.8,84.3,-6999,-11.26,12.61
202,2001,151,123,-12.64,-12.84,84.8,84.2,-6999,-11.29,12.61
202,2001,151,124,-12.7,-12.84,84.3,83.8,-6999,-11.43,12.61
202,2001,151,125,-12.77,-12.9,84.5,84.1,-6999,-11.4,12.61
202,2001,151,126,-12.7,-12.97,85,84.4,-6999,-11.38,12.61
202,2001,151,127,-12.77,-12.97,84.9,84.6,-6999,-11.33,12.61
202,2001,151,128,-12.77,-12.84,85.4,84.8,-6999,-11.26,12.61
202,2001,151,129,-12.7,-12.84,85.4,84.8,-6999,-11.23,12.61
202,2001,151,130,-12.7,-12.77,85.5,85,-6999,-11.17,12.61
202,2001,151,131,-12.64,-12.84,85.5,85.1,-6999,-11.14,12.61
202,2001,151,132,-12.64,-12.7,85.4,85,-6999,-11.11,12.61
202,2001,151,133,-12.57,-12.7,85.2,84.6,-6999,-11.15,12.61
202,2001,151,134,-12.57,-12.77,85.2,84.5,-6999,-11.17,12.61
202,2001,151,135,-12.57,-12.77,85.2,84.6,-6999,-11.14,12.61
202,2001,151,136,-12.5,-12.64,85.3,85,-6999,-11.08,12.61
202,2001,151,137,-12.5,-12.64,85.2,84.7,-6999,-11.09,12.61
202,2001,151,138,-12.5,-12.64,85,84.4,-6999,-11.11,12.61
202,2001,151,139,-12.43,-12.64,84.6,84.1,-6999,-11.24,12.61
202,2001,151,140,-12.5,-12.64,84.2,83.8,-6999,-11.35,12.61
202,2001,151,141,-12.64,-12.77,84,83.7,-6999,-11.47,12.61
202,2001,151,142,-12.64,-12.84,84.8,84.4,-6999,-11.39,12.61
202,2001,151,143,-12.64,-12.77,85.6,85.2,-6999,-11.22,12.61
202,2001,151,144,-12.57,-12.7,86.3,85.8,-6999,-10.97,12.61
202,2001,151,145,-12.37,-12.57,86.6,85.9,-6999,-10.76,12.61
202,2001,151,146,-12.17,-12.43,85.8,85.3,-6999,-10.69,12.61
202,2001,151,147,-12.17,-12.3,85.7,85.2,-6999,-10.6,12.61
202,2001,151,148,-12.03,-12.1,84.7,84.2,-6999,-10.7,12.61
202,2001,151,149,-12.03,-12.17,84.5,83.8,-6999,-10.78,12.61
202,2001,151,150,-12.03,-12.17,84.2,83.6,-6999,-10.88,12.61
202,2001,151,151,-11.97,-12.23,84.8,84.4,-6999,-10.79,12.61
202,2001,151,152,-12.03,-12.17,84.6,84.1,-6999,-10.8,12.61
202,2001,151,153,-12.03,-12.17,84.5,83.8,-6999,-10.85,12.61
202,2001,151,154,-12.03,-12.17,84.2,83.8,-6999,-10.86,12.61
202,2001,151,155,-12.03,-12.17,84.1,83.7,-6999,-10.9,12.61
202,2001,151,156,-11.97,-12.23,84,83.8,-6999,-10.93,12.61
202,2001,151,157,-12.03,-12.17,84.2,83.8,-6999,-10.91,12.61
202,2001,151,158,-12.1,-12.17,84.4,83.8,-6999,-10.87,12.61
202,2001,151,159,-12.03,-12.23,84.4,83.8,-6999,-10.85,12.6
202,2001,151,200,-12.03,-12.23,84,83.6,-6999,-10.94,12.61
202,2001,151,201,-12.1,-12.23,83.9,83.6,-6999,-10.94,12.6
202,2001,151,202,-11.97,-12.17,84.1,83.6,-6999,-10.89,12.61
202,2001,151,203,-12.1,-12.3,84,83.6,-6999,-10.83,12.6
202,2001,151,204,-11.97,-12.03,84,83.4,-6999,-10.84,12.6
202,2001,151,205,-11.97,-12.17,83.8,83.4,-6999,-10.83,12.6
202,2001,151,206,-11.9,-12.17,83.8,83.4,-6999,-10.82,12.6
202,2001,151,207,-11.97,-12.1,83.9,83.4,-6999,-10.78,12.6
202,2001,151,208,-11.9,-12.03,83.9,83.2,-6999,-10.78,12.6
202,2001,151,209,-12.03,-12.1,83.5,83.1,-6999,-10.83,12.6
202,2001,151,210,-11.9,-12.03,83.5,83.1,-6999,-10.83,12.6
202,2001,151,211,-11.9,-12.1,83.5,83.1,-6999,-10.84,12.61
202,2001,151,212,-11.9,-12.03,83.5,83,-6999,-10.81,12.6
202,2001,151,213,-11.76,-12.1,83.5,83,-6999,-10.8,12.6
202,2001,151,214,-11.76,-12.03,83.8,83.3,-6999,-10.71,12.6
202,2001,151,215,-11.76,-12.03,83.9,83.2,-6999,-10.7,12.6
202,2001,151,216,-11.83,-11.96,83.8,83.4,-6999,-10.66,12.6
202,2001,151,217,-11.83,-11.9,83.2,82.8,-6999,-10.83,12.6
202,2001,151,218,-11.83,-11.96,83.6,83.2,-6999,-10.76,12.6
202,2001,151,219,-11.76,-11.9,83.6,83.2,-6999,-10.71,12.6
202,2001,151,220,-11.76,-11.9,83.8,83.2,-6999,-10.71,12.6
202,2001,151,221,-11.83,-11.9,83.5,83,-6999,-10.79,12.6
202,2001,151,222,-11.63,-11.9,83.6,83.2,-6999,-10.69,12.6
202,2001,151,223,-11.7,-11.83,84.2,83.8,-6999,-10.47,12.6
202,2001,151,224,-11.56,-11.7,84.5,83.9,-6999,-10.23,12.6
202,2001,151,225,-11.36,-11.49,84,83.4,-6999,-10.19,12.6
202,2001,151,226,-11.23,-11.36,83.5,83.1,-6999,-10.13,12.6
202,2001,151,227,-11.23,-11.29,83.2,82.5,-6999,-10.13,12.6
202,2001,151,228,-11.23,-11.29,82,81.4,-6999,-10.43,12.6
202,2001,151,229,-11.36,-11.49,81.3,80.8,-6999,-10.64,12.6
202,2001,151,230,-11.49,-11.76,80.5,80.2,-6999,-11.16,12.6
202,2001,151,231,-11.9,-12.03,80.1,79.6,-6999,-11.61,12.6
202,2001,151,232,-12.1,-12.36,80.7,80.1,-6999,-11.92,12.6
202,2001,151,233,-12.43,-12.57,81.2,81,-6999,-12.08,12.6
202,2001,151,234,-12.36,-12.57,87.3,87.1,-6999,-10.9,12.6
202,2001,151,235,-12.03,-12.03,88.1,87.5,-6999,-10.06,12.6
202,2001,151,236,-11.36,-11.49,87.3,86.7,-6999,-9.54,12.6
202,2001,151,237,-11.16,-11.09,85.3,84.4,-6999,-9.64,12.6
202,2001,151,238,-10.89,-10.96,84.9,83.8,-6999,-9.54,12.6
202,2001,151,239,-10.69,-10.89,83.8,82.8,-6999,-9.63,12.6
202,2001,151,240,-10.55,-10.82,83.2,82.3,-6999,-9.72,12.59
202,2001,151,241,-10.55,-10.69,83.2,82.4,-6999,-9.56,12.59
202,2001,151,242,-10.55,-10.55,82.6,81.9,-6999,-9.61,12.59
202,2001,151,243,-10.49,-10.55,82.3,81.6,-6999,-9.71,12.59
202,2001,151,244,-10.49,-10.62,82.4,81.8,-6999,-9.56,12.6
202,2001,151,245,-10.42,-10.55,82.4,81.8,-6999,-9.57,12.59
202,2001,151,246,-10.42,-10.49,82.2,81.6,-6999,-9.49,12.6
202,2001,151,247,-10.35,-10.42,81.9,81.4,-6999,-9.64,12.59
202,2001,151,248,-10.42,-10.55,81.8,81.3,-6999,-9.75,12.59
202,2001,151,249,-10.35,-10.55,81.8,81.3,-6999,-9.78,12.6
202,2001,151,250,-10.42,-10.49,82,81.4,-6999,-9.81,12.59
202,2001,151,251,-10.49,-10.69,81.5,81.1,-6999,-10,12.59
202,2001,151,252,-10.49,-10.69,82.2,81.5,-6999,-9.89,12.59
202,2001,151,253,-10.49,-10.69,82,81.4,-6999,-10.02,12.59
202,2001,151,254,-10.69,-10.89,81.5,80.9,-6999,-10.29,12.59
202,2001,151,255,-10.89,-11.09,79.6,79.2,-6999,-10.98,12.59
202,2001,151,256,-11.36,-11.49,79,78.9,-6999,-11.54,12.59
202,2001,151,257,-11.76,-11.96,79.2,79.1,-6999,-11.96,12.59
202,2001,151,258,-12.16,-12.3,81.2,81,-6999,-11.95,12.59
202,2001,151,259,-12.16,-12.36,83.6,83.2,-6999,-11.49,12.59
202,2001,151,300,-12.09,-12.23,84,83.5,-6999,-11.36,12.59
202,2001,151,301,-12.03,-12.3,84.2,83.7,-6999,-11.22,12.59
202,2001,151,302,-11.96,-12.16,84.3,83.8,-6999,-11.04,12.59
202,2001,151,303,-11.89,-12.03,84.1,83.4,-6999,-11.04,12.59
202,2001,151,304,-11.89,-11.96,83.8,83.3,-6999,-10.95,12.6
202,2001,151,305,-11.83,-11.96,83.9,83.3,-6999,-10.88,12.59
202,2001,151,306,-11.69,-11.83,83.7,83,-6999,-10.82,12.59
202,2001,151,307,-11.76,-11.83,83.1,82.6,-6999,-10.8,12.59
202,2001,151,308,-11.56,-11.76,83,82.5,-6999,-10.8,12.59
202,2001,151,309,-11.49,-11.69,83.3,82.8,-6999,-10.65,12.59
202,2001,151,310,-11.49,-11.56,83,82.3,-6999,-10.68,12.58
202,2001,151,311,-11.42,-11.69,83,82.4,-6999,-10.63,12.59
202,2001,151,312,-11.42,-11.56,82.3,81.8,-6999,-10.72,12.59
202,2001,151,313,-11.49,-11.63,82.4,81.9,-6999,-10.73,12.59
202,2001,151,314,-11.56,-11.76,82.2,81.6,-6999,-10.81,12.58
202,2001,151,315,-11.56,-11.76,82.3,81.8,-6999,-10.78,12.58
202,2001,151,316,-11.49,-11.69,81.9,81.4,-6999,-10.97,12.58
202,2001,151,317,-11.63,-11.89,82.3,81.9,-6999,-10.9,12.58
202,2001,151,318,-11.63,-11.76,82.4,81.7,-6999,-10.98,12.58
202,2001,151,319,-11.76,-11.89,82.3,81.9,-6999,-10.96,12.58
202,2001,151,320,-11.63,-11.76,82.8,82.3,-6999,-10.82,12.58
202,2001,151,321,-11.63,-11.83,83.3,82.7,-6999,-10.62,12.58
202,2001,151,322,-11.49,-11.56,83,82.3,-6999,-10.57,12.58
202,2001,151,323,-11.49,-11.69,82.4,81.8,-6999,-10.69,12.58
202,2001,151,324,-11.42,-11.63,82.7,82,-6999,-10.67,12.58
202,2001,151,325,-11.49,-11.63,82.4,81.9,-6999,-10.68,12.59
202,2001,151,326,-11.42,-11.76,82,81.4,-6999,-10.85,12.58
202,2001,151,327,-11.42,-11.56,82,81.7,-6999,-10.77,12.59
202,2001,151,328,-11.42,-11.63,81.9,81.4,-6999,-10.84,12.58
202,2001,151,329,-11.49,-11.76,81.7,81.3,-6999,-11.02,12.58
202,2001,151,330,-11.69,-12.03,80.6,80.2,-6999,-11.43,12.58
202,2001,151,331,-11.89,-12.03,81.4,81.1,-6999,-11.43,12.58
202,2001,151,332,-11.89,-12.09,82.4,81.9,-6999,-11.32,12.58
202,2001,151,333,-11.89,-12.16,82.8,82.2,-6999,-11.1,12.58
202,2001,151,334,-11.83,-12.16,82.8,82.2,-6999,-11.08,12.58
202,2001,151,335,-11.89,-12.09,82.5,81.8,-6999,-11.15,12.58
202,2001,151,336,-11.89,-12.03,83.2,82.8,-6999,-11.05,12.58
202,2001,151,337,-11.83,-11.96,83.2,82.6,-6999,-10.97,12.58
202,2001,151,338,-11.76,-11.96,82.8,82.1,-6999,-10.96,12.58
202,2001,151,339,-11.69,-11.83,82.9,82.3,-6999,-10.83,12.59
202,2001,151,340,-11.63,-11.83,81.7,81.2,-6999,-11.12,12.58
202,2001,151,341,-11.76,-11.89,81.6,81.2,-6999,-11.18,12.58
202,2001,151,342,-11.76,-11.96,81.8,81.4,-6999,-11.22,12.58
202,2001,151,343,-11.89,-12.03,81.2,80.6,-6999,-11.51,12.58
202,2001,151,344,-12.09,-12.23,81.6,81.2,-6999,-11.53,12.58
202,2001,151,345,-12.23,-12.23,82.7,82.2,-6999,-11.43,12.58
202,2001,151,346,-12.16,-12.3,82.8,82.4,-6999,-11.39,12.59
202,2001,151,347,-12.16,-12.16,82.1,81.6,-6999,-11.57,12.58
202,2001,151,348,-12.09,-12.36,83.2,82.7,-6999,-11.34,12.58
202,2001,151,349,-12.09,-12.3,83.2,82.7,-6999,-11.29,12.58
202,2001,151,350,-11.96,-12.09,83,82.5,-6999,-11.2,12.58
202,2001,151,351,-12.03,-12.23,83,82.5,-6999,-11.12,12.58
202,2001,151,352,-11.96,-12.09,82.8,82.2,-6999,-11.19,12.58
202,2001,151,353,-12.03,-12.16,82.7,82.4,-6999,-11.12,12.58
202,2001,151,354,-11.89,-12.03,83,82.4,-6999,-11,12.58
202,2001,151,355,-11.83,-12.03,82.2,81.6,-6999,-11.08,12.58
202,2001,151,356,-11.96,-11.96,81.8,81.3,-6999,-11.3,12.58
202,2001,151,357,-11.96,-12.09,82,81.6,-6999,-11.23,12.58
202,2001,151,358,-11.89,-12.16,82,81.4,-6999,-11.39,12.58
202,2001,151,359,-12.03,-12.16,81.9,81.4,-6999,-11.43,12.58
202,2001,151,400,-12.03,-12.16,82.5,82,-6999,-11.3,12.58
202,2001,151,401,-12.03,-12.16,82.5,82,-6999,-11.27,12.58
202,2001,151,402,-12.03,-12.23,82.4,81.8,-6999,-11.23,12.58
202,2001,151,403,-12.03,-12.16,82.4,81.8,-6999,-11.29,12.58
202,2001,151,404,-12.03,-12.09,82.3,81.8,-6999,-11.2,12.58
202,2001,151,405,-11.96,-12.16,81.8,81.2,-6999,-11.36,12.58
202,2001,151,406,-12.03,-12.09,81.8,81.4,-6999,-11.39,12.58
202,2001,151,407,-12.16,-12.23,81.6,81.2,-6999,-11.44,12.58
202,2001,151,408,-12.16,-12.36,81.6,81.1,-6999,-11.59,12.58
202,2001,151,409,-12.3,-12.43,81.4,81,-6999,-11.78,12.58
202,2001,151,410,-12.36,-12.56,82,81.7,-6999,-11.71,12.58
202,2001,151,411,-12.43,-12.43,82.2,81.7,-6999,-11.71,12.58
202,2001,151,412,-12.5,-12.63,81.6,81.2,-6999,-11.96,12.58
202,2001,151,413,-12.56,-12.63,82.1,81.8,-6999,-11.9,12.58
202,2001,151,414,-12.5,-12.56,83.1,82.5,-6999,-11.55,12.58
202,2001,151,415,-12.36,-12.56,83.6,83,-6999,-11.31,12.58
202,2001,151,416,-12.23,-12.3,83.9,83.4,-6999,-11.03,12.58
202,2001,151,417,-12.03,-12.03,83.9,83.2,-6999,-10.84,12.58
202,2001,151,418,-11.89,-11.89,83,82.4,-6999,-10.85,12.58
202,2001,151,419,-11.76,-11.76,82.6,81.9,-6999,-10.8,12.58
202,2001,151,420,-11.76,-11.83,81.6,81.1,-6999,-11,12.58
202,2001,151,421,-11.76,-11.89,81.6,80.9,-6999,-10.96,12.58
202,2001,151,422,-11.69,-11.83,81.2,80.6,-6999,-11.09,12.58
202,2001,151,423,-11.76,-11.89,81.1,80.6,-6999,-11.15,12.58
202,2001,151,424,-11.63,-11.83,82,81.5,-6999,-10.93,12.58
202,2001,151,425,-11.63,-11.76,82.7,82.3,-6999,-10.68,12.58
202,2001,151,426,-11.56,-11.63,83.2,82.6,-6999,-10.47,12.58
202,2001,151,427,-11.42,-11.49,82.4,81.8,-6999,-10.44,12.58
202,2001,151,428,-11.29,-11.29,82.3,81.6,-6999,-10.39,12.58
202,2001,151,429,-11.22,-11.36,82,81.5,-6999,-10.3,12.58
202,2001,151,430,-11.16,-11.22,82,81.3,-6999,-10.41,12.57
202,2001,151,431,-11.09,-11.16,82.7,82.1,-6999,-10.01,12.57
202,2001,151,432,-10.82,-10.89,82.2,81.7,-6999,-9.86,12.57
202,2001,151,433,-10.75,-10.89,81.8,81.2,-6999,-9.9,12.58
202,2001,151,434,-10.62,-10.82,81.7,81.1,-6999,-9.81,12.57
202,2001,151,435,-10.48,-10.75,81.5,81,-6999,-9.84,12.57
202,2001,151,436,-10.48,-10.62,81.6,81,-6999,-9.57,12.58
202,2001,151,437,-10.35,-10.48,81.2,80.6,-6999,-9.6,12.57
202,2001,151,438,-10.22,-10.28,80.6,80,-6999,-9.49,12.57
202,2001,151,439,-10.15,-10.28,80.3,79.6,-6999,-9.49,12.57
202,2001,151,440,-10.02,-10.22,80.4,79.6,-6999,-9.43,12.57
202,2001,151,441,-9.95,-10.02,80.2,79.7,-6999,-9.27,12.57
202,2001,151,442,-9.88,-10.02,79.8,79.2,-6999,-9.39,12.57
202,2001,151,443,-9.88,-9.88,79.7,79.2,-6999,-9.31,12.57
202,2001,151,444,-9.95,-9.81,79.4,78.8,-6999,-9.37,12.57
202,2001,151,445,-9.81,-9.88,79.3,78.8,-6999,-9.41,12.57
202,2001,151,446,-9.81,-9.95,79.5,78.8,-6999,-9.42,12.57
202,2001,151,447,-9.95,-9.95,79.8,79.2,-6999,-9.36,12.57
202,2001,151,448,-9.81,-9.88,79.4,78.8,-6999,-9.37,12.58
202,2001,151,449,-9.68,-9.88,79.1,78.6,-6999,-9.34,12.57
202,2001,151,450,-9.68,-9.88,79.2,78.3,-6999,-9.15,12.57
202,2001,151,451,-9.68,-9.75,79.2,78.7,-6999,-9.32,12.57
202,2001,151,452,-9.81,-9.88,79,78.3,-6999,-9.62,12.57
202,2001,151,453,-9.81,-9.81,79.3,78.7,-6999,-9.4,12.57
202,2001,151,454,-9.75,-9.81,79.2,78.6,-6999,-9.48,12.57
202,2001,151,455,-9.81,-9.88,79.2,78.7,-6999,-9.36,12.57
202,2001,151,456,-9.75,-9.88,79,78.5,-6999,-9.34,12.57
202,2001,151,457,-9.68,-9.75,79,78.4,-6999,-9.36,12.58
202,2001,151,458,-9.61,-9.68,78.9,78.3,-6999,-9.3,12.57
202,2001,151,459,-9.61,-9.75,78.6,77.9,-6999,-9.24,12.57
202,2001,151,500,-9.68,-9.61,78.6,77.8,-6999,-9.41,12.57
202,2001,151,501,-9.68,-9.61,78.3,77.7,-6999,-9.4,12.57
202,2001,151,502,-9.68,-9.81,78.6,77.8,-6999,-9.37,12.57
202,2001,151,503,-9.68,-9.75,78.5,77.8,-6999,-9.3,12.57
202,2001,151,504,-9.61,-9.68,78.1,77.4,-6999,-9.25,12.57
202,2001,151,505,-9.55,-9.61,77.7,77.2,-6999,-9.24,12.57
202,2001,151,506,-9.61,-9.61,78.1,77.3,-6999,-9.38,12.57
202,2001,151,507,-9.61,-9.75,78,77.3,-6999,-9.54,12.57
202,2001,151,508,-9.68,-9.68,78,77.2,-6999,-9.65,12.57
202,2001,151,509,-9.75,-9.75,78,77.4,-6999,-9.58,12.57
202,2001,151,510,-9.61,-9.68,78.1,77.5,-6999,-9.49,12.57
202,2001,151,511,-9.55,-9.75,77.8,77.1,-6999,-9.25,12.57
202,2001,151,512,-9.61,-9.75,77.7,77.1,-6999,-9.45,12.57
202,2001,151,513,-9.61,-9.68,77.9,77.3,-6999,-9.43,12.57
202,2001,151,514,-9.75,-9.68,77.7,77.1,-6999,-9.54,12.57
202,2001,151,515,-9.55,-9.68,77.5,76.9,-6999,-9.39,12.57
202,2001,151,516,-9.55,-9.75,77.6,77,-6999,-9.44,12.57
202,2001,151,517,-9.68,-9.81,78.1,77.4,-6999,-9.51,12.57
202,2001,151,518,-9.61,-9.75,77.9,77.2,-6999,-9.43,12.58
202,2001,151,519,-9.61,-9.75,77.5,76.9,-6999,-9.4,12.58
202,2001,151,520,-9.75,-9.81,77.4,76.9,-6999,-9.69,12.57
202,2001,151,521,-9.68,-9.88,77.4,76.7,-6999,-9.58,12.57
202,2001,151,522,-9.81,-9.88,77.5,76.9,-6999,-9.46,12.57
202,2001,151,523,-9.75,-9.88,77.3,76.8,-6999,-9.57,12.57
202,2001,151,524,-9.81,-9.88,77.5,77,-6999,-9.43,12.57
202,2001,151,525,-9.75,-9.95,77.7,77.2,-6999,-9.68,12.57
202,2001,151,526,-9.81,-9.88,77.6,77,-6999,-9.53,12.57
202,2001,151,527,-9.95,-9.88,77.7,77.1,-6999,-9.58,12.57
202,2001,151,528,-9.88,-10.02,77.7,77.3,-6999,-9.62,12.57
202,2001,151,529,-9.75,-9.88,77.3,76.9,-6999,-9.57,12.57
202,2001,151,530,-9.81,-9.88,77.5,77,-6999,-9.68,12.57
202,2001,151,531,-9.81,-9.95,77.6,77,-6999,-9.69,12.57
202,2001,151,532,-9.88,-9.88,77.7,77.1,-6999,-9.69,12.57
202,2001,151,533,-9.88,-9.88,77.6,76.8,-6999,-9.43,12.57
202,2001,151,534,-9.75,-9.95,77.5,76.8,-6999,-9.46,12.58
202,2001,151,535,-9.81,-9.75,77.4,76.5,-6999,-9.44,12.57
202,2001,151,536,-9.81,-9.88,77.3,76.7,-6999,-9.68,12.58
202,2001,151,537,-9.88,-9.95,77.6,76.9,-6999,-9.83,12.57
202,2001,151,538,-9.95,-10.08,77.4,76.7,-6999,-9.6,12.57
202,2001,151,539,-10.02,-10.15,77.9,77,-6999,-9.7,12.57
202,2001,151,540,-9.88,-10.02,77.9,77.1,-6999,-9.94,12.57
202,2001,151,541,-9.95,-10.08,77.7,77.2,-6999,-9.74,12.57
202,2001,151,542,-10.02,-10.22,77.9,77.3,-6999,-9.75,12.57
202,2001,151,543,-10.02,-10.15,77.7,77.2,-6999,-9.8,12.57
202,2001,151,544,-9.95,-10.15,77.9,77.3,-6999,-9.63,12.58
202,2001,151,545,-9.95,-10.15,77.6,77.2,-6999,-9.65,12.57
202,2001,151,546,-9.95,-10.08,77.3,76.8,-6999,-9.65,12.57
202,2001,151,547,-9.95,-10.02,77.7,77,-6999,-9.85,12.57
202,2001,151,548,-9.95,-10.02,77.3,76.7,-6999,-9.7,12.57
202,2001,151,549,-9.95,-10.15,77.3,76.9,-6999,-9.76,12.57
202,2001,151,550,-10.02,-10.15,77.5,77.2,-6999,-10,12.57
202,2001,151,551,-10.02,-10.22,77.7,77.3,-6999,-9.97,12.57
202,2001,151,552,-10.22,-10.22,77.6,77.1,-6999,-9.94,12.57
202,2001,151,553,-9.95,-10.08,77.9,77.2,-6999,-9.77,12.57
202,2001,151,554,-10.08,-10.22,77.9,77.3,-6999,-9.83,12.57
202,2001,151,555,-10.02,-10.22,77.6,77.1,-6999,-9.69,12.57
202,2001,151,556,-10.15,-10.22,77.4,76.9,-6999,-9.8,12.57
202,2001,151,557,-10.02,-10.15,77.5,77.1,-6999,-9.8,12.57
202,2001,151,558,-10.08,-10.22,77.5,77.1,-6999,-9.89,12.57
202,2001,151,559,-10.08,-10.08,77.5,77.1,-6999,-9.83,12.57
202,2001,151,600,-10.15,-10.22,77.9,77.5,-6999,-9.89,12.57
202,2001,151,601,-10.02,-10.22,77.6,77,-6999,-9.87,12.57
202,2001,151,602,-10.08,-10.35,77.7,77.1,-6999,-9.99,12.57
202,2001,151,603,-10.08,-10.35,77.7,77.1,-6999,-9.82,12.57
202,2001,151,604,-10.15,-10.22,78.1,77.5,-6999,-10.03,12.57
202,2001,151,605,-10.15,-10.22,78,77.5,-6999,-9.82,12.57
202,2001,151,606,-10.22,-10.35,78.1,77.5,-6999,-9.92,12.57
202,2001,151,607,-10.22,-10.22,78.2,77.7,-6999,-9.98,12.57
202,2001,151,608,-10.22,-10.35,78.3,77.7,-6999,-9.98,12.57
202,2001,151,609,-10.22,-10.35,78.1,77.5,-6999,-10,12.57
202,2001,151,610,-10.15,-10.22,77.9,77.1,-6999,-9.78,12.57
202,2001,151,611,-10.22,-10.35,77.7,77.1,-6999,-9.87,12.57
202,2001,151,612,-10.15,-10.22,77.7,77,-6999,-9.85,12.57
202,2001,151,613,-10.22,-10.28,77.9,77.3,-6999,-10.01,12.57
202,2001,151,614,-10.35,-10.28,77.9,77.5,-6999,-9.96,12.57
202,2001,151,615,-10.22,-10.28,77.9,77.3,-6999,-9.96,12.57
202,2001,151,616,-10.22,-10.28,77.8,77.3,-6999,-9.9,12.57
202,2001,151,617,-10.22,-10.35,77.9,77.5,-6999,-10.04,12.57
202,2001,151,618,-10.22,-10.35,77.9,77.5,-6999,-10.01,12.57
202,2001,151,619,-10.35,-10.42,78.3,77.9,-6999,-10.15,12.57
202,2001,151,620,-10.22,-10.35,78.1,77.7,-6999,-9.97,12.57
202,2001,151,621,-10.35,-10.48,78.5,77.9,-6999,-10.18,12.57
202,2001,151,622,-10.28,-10.42,78.1,77.6,-6999,-10.1,12.57
202,2001,151,623,-10.22,-10.48,78.1,77.8,-6999,-10.1,12.57
202,2001,151,624,-10.42,-10.55,78.1,77.7,-6999,-10.16,12.57
202,2001,151,625,-10.42,-10.55,78.3,77.9,-6999,-10.18,12.57
202,2001,151,626,-10.35,-10.42,78.3,77.8,-6999,-10.16,12.57
202,2001,151,627,-10.42,-10.62,78.5,78.1,-6999,-10.32,12.57
202,2001,151,628,-10.48,-10.75,78.6,78.1,-6999,-10.32,12.57
202,2001,151,629,-10.48,-10.62,78.3,78,-6999,-10.21,12.57
202,2001,151,630,-10.55,-10.69,77.9,77.8,-6999,-10.2,12.57
202,2001,151,631,-10.48,-10.62,78.3,77.8,-6999,-10.46,12.57
202,2001,151,632,-10.48,-10.75,78.5,78,-6999,-10.31,12.57
202,2001,151,633,-10.55,-10.82,78.8,78.3,-6999,-10.32,12.57
202,2001,151,634,-10.55,-10.75,78.8,78.5,-6999,-10.3,12.57
202,2001,151,635,-10.55,-10.69,78.6,78.3,-6999,-10.37,12.57
202,2001,151,636,-10.69,-10.82,78.7,78.3,-6999,-10.46,12.57
202,2001,151,637,-10.69,-10.75,79,78.6,-6999,-10.35,12.57
202,2001,151,638,-10.69,-10.75,79,78.5,-6999,-10.43,12.57
202,2001,151,639,-10.55,-10.82,78.7,78.3,-6999,-10.22,12.57
202,2001,151,640,-10.48,-10.69,78.6,78.1,-6999,-10.23,12.57
202,2001,151,641,-10.55,-10.82,78.6,78.3,-6999,-10.38,12.57
202,2001,151,642,-10.55,-10.75,78.8,78.3,-6999,-10.26,12.56
202,2001,151,643,-10.55,-10.69,78.8,78.2,-6999,-10.21,12.56
202,2001,151,644,-10.62,-10.69,78.8,78.1,-6999,-10.18,12.57
202,2001,151,645,-10.48,-10.55,78.5,77.9,-6999,-10.21,12.57
202,2001,151,646,-10.42,-10.62,78.6,78.2,-6999,-10.17,12.57
202,2001,151,647,-10.62,-10.69,78.6,78.1,-6999,-10.21,12.57
202,2001,151,648,-10.42,-10.62,78.8,78.4,-6999,-10.21,12.57
202,2001,151,649,-10.42,-10.62,78.6,77.9,-6999,-10.21,12.57
202,2001,151,650,-10.55,-10.55,78.9,78.3,-6999,-10.21,12.57
202,2001,151,651,-10.48,-10.69,79.2,78.6,-6999,-10.21,12.56
202,2001,151,652,-10.55,-10.48,79.1,78.8,-6999,-10.2,12.57
202,2001,151,653,-10.35,-10.48,78.3,77.7,-6999,-10.13,12.57
202,2001,151,654,-10.42,-10.35,78.5,78,-6999,-10.1,12.57
202,2001,151,655,-10.42,-10.55,78.3,77.9,-6999,-10.21,12.57
202,2001,151,656,-10.42,-10.62,78.6,78.1,-6999,-10.28,12.57
202,2001,151,657,-10.42,-10.55,78.3,77.8,-6999,-10.06,12.57
202,2001,151,658,-10.48,-10.55,78.8,78.3,-6999,-10.23,12.57
202,2001,151,659,-10.48,-10.62,78.9,78.4,-6999,-10.22,12.57
202,2001,151,700,-10.42,-10.55,78.9,78.3,-6999,-10.19,12.57
202,2001,151,701,-10.42,-10.55,79,78.5,-6999,-10.17,12.57
202,2001,151,702,-10.42,-10.42,78.6,78.1,-6999,-10.08,12.57
202,2001,151,703,-10.42,-10.48,79.2,78.6,-6999,-10.2,12.57
202,2001,151,704,-10.42,-10.55,79.4,78.8,-6999,-10.19,12.57
202,2001,151,705,-10.48,-10.55,79.4,78.8,-6999,-10.15,12.58
202,2001,151,706,-10.35,-10.42,78.8,78.3,-6999,-9.94,12.57
202,2001,151,707,-10.42,-10.42,79.4,78.8,-6999,-10.18,12.57
202,2001,151,708,-10.48,-10.48,79.5,78.9,-6999,-10.16,12.57
202,2001,151,709,-10.35,-10.42,78.8,77.9,-6999,-9.87,12.57
202,2001,151,710,-10.35,-10.28,79.2,78.6,-6999,-10.09,12.57
202,2001,151,711,-10.35,-10.42,79,78.3,-6999,-10.11,12.57
202,2001,151,712,-10.35,-10.35,79.2,78.6,-6999,-10.09,12.57
202,2001,151,713,-10.28,-10.35,78.8,78.1,-6999,-9.97,12.57
202,2001,151,714,-10.35,-10.35,79,78.5,-6999,-10.05,12.57
202,2001,151,715,-10.35,-10.42,79.1,78.2,-6999,-10.11,12.57
202,2001,151,716,-10.42,-10.42,79.4,78.5,-6999,-10.1,12.57
202,2001,151,717,-10.28,-10.35,79,78.3,-6999,-10.06,12.57
202,2001,151,718,-10.28,-10.28,79.4,78.7,-6999,-10.03,12.57
202,2001,151,719,-10.42,-10.35,79.3,78.6,-6999,-10.13,12.57
202,2001,151,720,-10.42,-10.42,79.4,78.5,-6999,-10.03,12.57
202,2001,151,721,-10.22,-10.35,79.6,78.9,-6999,-10.04,12.57
202,2001,151,722,-10.35,-10.35,79.8,79.3,-6999,-10.14,12.57
202,2001,151,723,-10.15,-10.35,78.8,78.1,-6999,-9.89,12.57
202,2001,151,724,-10.28,-10.42,79.5,78.7,-6999,-10.1,12.57
202,2001,151,725,-10.28,-10.28,79.8,79.1,-6999,-10.1,12.57
202,2001,151,726,-10.28,-10.35,80.1,79.5,-6999,-10.18,12.57
202,2001,151,727,-10.35,-10.35,79.6,78.9,-6999,-10.01,12.57
202,2001,151,728,-10.28,-10.35,79.8,79,-6999,-10.03,12.57
202,2001,151,729,-10.22,-10.28,79.7,79,-6999,-9.89,12.57
202,2001,151,730,-10.28,-10.22,79.4,78.6,-6999,-9.95,12.57
202,2001,151,731,-10.15,-10.22,79.4,78.8,-6999,-10.01,12.57
202,2001,151,732,-10.22,-10.22,79.2,78.5,-6999,-9.98,12.57
202,2001,151,733,-10.22,-10.28,79.6,78.7,-6999,-9.92,12.57
202,2001,151,734,-10.22,-10.28,79.5,78.7,-6999,-10.02,12.57
202,2001,151,735,-10.22,-10.22,78.8,78.1,-6999,-9.86,12.57
202,2001,151,736,-10.28,-10.22,79.6,78.8,-6999,-10.01,12.57
202,2001,151,737,-10.15,-10.15,78.8,78,-6999,-9.81,12.57
202,2001,151,738,-10.15,-10.15,78.3,77.7,-6999,-9.74,12.57
202,2001,151,739,-10.02,-10.15,78.9,78.2,-6999,-10.04,12.57
202,2001,151,740,-10.15,-10.22,79,78.2,-6999,-9.98,12.58
202,2001,151,741,-10.15,-10.28,79.2,78.4,-6999,-9.95,12.57
202,2001,151,742,-10.22,-10.22,79.6,78.7,-6999,-10.03,12.57
202,2001,151,743,-10.22,-10.22,78.9,78.2,-6999,-9.95,12.57
202,2001,151,744,-10.08,-10.15,79.2,78.3,-6999,-9.92,12.57
202,2001,151,745,-10.02,-10.15,79,78.1,-6999,-9.91,12.57
202,2001,151,746,-10.08,-10.15,79,78.2,-6999,-9.96,12.57
202,2001,151,747,-10.08,-10.08,79.5,78.7,-6999,-9.97,12.57
202,2001,151,748,-10.08,-10.15,78.8,78.2,-6999,-9.87,12.57
202,2001,151,749,-10.02,-10.15,79.1,78.2,-6999,-9.94,12.57
202,2001,151,750,-10.15,-10.08,78.7,77.9,-6999,-9.87,12.57
202,2001,151,751,-10.02,-10.15,79.1,78.1,-6999,-9.91,12.57
202,2001,151,752,-10.08,-10.08,78.9,78.1,-6999,-9.81,12.57
202,2001,151,753,-10.02,-10.02,79.1,78.5,-6999,-9.92,12.57
202,2001,151,754,-9.95,-9.95,78.7,78.1,-6999,-9.91,12.57
202,2001,151,755,-10.02,-10.02,79.1,78.2,-6999,-9.93,12.57
202,2001,151,756,-10.09,-10.02,78.7,77.9,-6999,-9.9,12.57
202,2001,151,757,-10.15,-10.09,79.2,78.4,-6999,-10.02,12.57
202,2001,151,758,-9.95,-10.09,78.5,77.6,-6999,-9.82,12.57
202,2001,151,759,-10.02,-10.02,78.9,78.1,-6999,-9.96,12.57
202,2001,151,800,-10.02,-10.09,78.9,78.1,-6999,-9.85,12.57
202,2001,151,801,-10.02,-10.02,79.1,78.5,-6999,-9.95,12.57
202,2001,151,802,-9.88,-10.09,79,78.2,-6999,-9.96,12.57
202,2001,151,803,-9.88,-9.88,78.5,77.6,-6999,-9.7,12.58
202,2001,151,804,-9.88,-9.88,78.6,77.9,-6999,-9.83,12.57
202,2001,151,805,-9.88,-9.88,78.3,77.5,-6999,-9.77,12.57
202,2001,151,806,-9.88,-9.95,78.2,77.6,-6999,-9.81,12.57
202,2001,151,807,-9.89,-9.95,79.2,78.3,-6999,-9.93,12.57
202,2001,151,808,-9.95,-10.02,78.3,77.4,-6999,-9.72,12.57
202,2001,151,809,-9.95,-9.95,78.8,77.9,-6999,-9.83,12.57
202,2001,151,810,-9.89,-9.95,78.9,78.2,-6999,-9.77,12.57
202,2001,151,811,-9.82,-9.75,78.1,77.3,-6999,-9.76,12.57
202,2001,151,812,-9.82,-9.95,78.1,77.4,-6999,-9.71,12.57
202,2001,151,813,-9.82,-9.75,78.7,78.1,-6999,-9.87,12.57
202,2001,151,814,-9.89,-9.82,77.8,77.3,-6999,-9.64,12.57
202,2001,151,815,-9.68,-9.82,77.9,77.2,-6999,-9.58,12.57
202,2001,151,816,-9.68,-9.75,78.4,77.4,-6999,-9.72,12.57
202,2001,151,817,-9.75,-9.75,78.1,77.3,-6999,-9.71,12.57
202,2001,151,818,-9.75,-9.82,77.9,77.5,-6999,-9.57,12.57
202,2001,151,819,-9.68,-9.68,78.1,77.3,-6999,-9.46,12.57
202,2001,151,820,-9.62,-9.62,77.4,76.4,-6999,-9.54,12.58
202,2001,151,821,-9.62,-9.62,77.6,76.8,-6999,-9.61,12.57
202,2001,151,822,-9.62,-9.75,78.1,77.4,-6999,-9.69,12.57
202,2001,151,823,-9.62,-9.82,78.3,77.7,-6999,-9.69,12.57
202,2001,151,824,-9.75,-9.75,78.6,78.2,-6999,-9.85,12.58
202,2001,151,825,-9.82,-9.82,78.5,77.6,-6999,-9.75,12.57
202,2001,151,826,-9.75,-9.75,78.4,77.5,-6999,-9.77,12.57
202,2001,151,827,-9.75,-9.82,78.3,77.5,-6999,-9.68,12.57
202,2001,151,828,-9.82,-9.75,78.7,77.9,-6999,-9.7,12.57
202,2001,151,829,-9.68,-9.75,78.1,77.5,-6999,-9.67,12.57
202,2001,151,830,-9.62,-9.68,77.6,77,-6999,-9.51,12.57
202,2001,151,831,-9.62,-9.62,77.6,76.7,-6999,-9.56,12.57
202,2001,151,832,-9.62,-9.62,78.3,77.5,-6999,-9.59,12.58
202,2001,151,833,-9.62,-9.68,77.7,77.1,-6999,-9.65,12.58
202,2001,151,834,-9.62,-9.62,78.3,77.5,-6999,-9.68,12.57
202,2001,151,835,-9.62,-9.62,78.1,77.3,-6999,-9.6,12.57
202,2001,151,836,-9.48,-9.55,77.6,76.9,-6999,-9.59,12.57
202,2001,151,837,-9.55,-9.55,78.1,77.5,-6999,-9.62,12.57
202,2001,151,838,-9.55,-9.62,77.9,76.9,-6999,-9.55,12.58
202,2001,151,839,-9.55,-9.62,77.3,76.5,-6999,-9.46,12.57
202,2001,151,840,-9.48,-9.48,77.7,76.9,-6999,-9.49,12.57
202,2001,151,841,-9.48,-9.48,77.5,76.5,-6999,-9.44,12.58
202,2001,151,842,-9.42,-9.55,77.9,76.9,-6999,-9.43,12.58
202,2001,151,843,-9.35,-9.48,78,77.3,-6999,-9.48,12.58
202,2001,151,844,-9.48,-9.48,77.6,77.1,-6999,-9.36,12.58
202,2001,151,845,-9.35,-9.35,77.7,76.9,-6999,-9.34,12.57
202,2001,151,846,-9.35,-9.48,78.3,77.3,-6999,-9.44,12.58
202,2001,151,847,-9.42,-9.42,78.6,77.8,-6999,-9.58,12.58
202,2001,151,848,-9.48,-9.42,78.5,77.6,-6999,-9.55,12.58
202,2001,151,849,-9.48,-9.42,78.8,77.7,-6999,-9.41,12.57
202,2001,151,850,-9.35,-9.42,77.7,76.9,-6999,-9.33,12.58
202,2001,151,851,-9.35,-9.35,76.7,76.1,-6999,-9.33,12.57
202,2001,151,852,-9.35,-9.42,77.8,76.8,-6999,-9.38,12.58
202,2001,151,853,-9.28,-9.35,78.1,77.2,-6999,-9.51,12.58
202,2001,151,854,-9.28,-9.35,77.8,76.8,-6999,-9.42,12.58
202,2001,151,855,-9.42,-9.42,77.7,77,-6999,-9.44,12.58
202,2001,151,856,-9.42,-9.42,78.3,77.5,-6999,-9.45,12.58
202,2001,151,857,-9.28,-9.42,77.3,76.5,-6999,-9.32,12.58
202,2001,151,858,-9.22,-9.35,77.3,76.5,-6999,-9.26,12.58
202,2001,151,859,-9.35,-9.35,76.9,76.1,-6999,-9.35,12.58
202,2001,151,900,-9.28,-9.35,77.6,76.9,-6999,-9.36,12.58
202,2001,151,901,-9.28,-9.35,78.2,77.5,-6999,-9.47,12.58
202,2001,151,902,-9.35,-9.35,77.8,76.9,-6999,-9.41,12.57
202,2001,151,903,-9.35,-9.35,77.6,77.1,-6999,-9.33,12.58
202,2001,151,904,-9.28,-9.35,78.5,78,-6999,-9.46,12.57
202,2001,151,905,-9.22,-9.28,77.5,76.9,-6999,-9.19,12.58
202,2001,151,906,-9.22,-9.28,78.2,77.5,-6999,-9.31,12.58
202,2001,151,907,-9.28,-9.22,78.3,77.6,-6999,-9.3,12.58
202,2001,151,908,-9.15,-9.15,78.5,77.6,-6999,-9.29,12.58
202,2001,151,909,-9.22,-9.22,78.5,77.7,-6999,-9.28,12.58
202,2001,151,910,-9.22,-9.22,78.7,77.8,-6999,-9.39,12.58
202,2001,151,911,-9.15,-9.08,78.2,77.7,-6999,-9.11,12.58
202,2001,151,912,-9.08,-9.08,77,76.3,-6999,-9.13,12.58
202,2001,151,913,-8.95,-9.08,76.2,75.5,-6999,-9.03,12.58
202,2001,151,914,-8.95,-9.15,77.3,76.6,-6999,-9.25,12.58
202,2001,151,915,-9.15,-9.15,78.1,77,-6999,-9.32,12.58
202,2001,151,916,-9.01,-9.08,77,76.3,-6999,-9.14,12.58
202,2001,151,917,-9.08,-9.15,78.5,77.7,-6999,-9.31,12.58
202,2001,151,918,-8.95,-9.08,77.9,77.2,-6999,-9.22,12.58
202,2001,151,919,-9.01,-9.22,78.9,77.9,-6999,-9.3,12.58
202,2001,151,920,-9.15,-9.08,77.9,76.7,-6999,-9.15,12.58
202,2001,151,921,-9.15,-9.08,78.6,77.8,-6999,-9.21,12.58
202,2001,151,922,-9.08,-9.08,77.9,77.1,-6999,-9.14,12.58
202,2001,151,923,-9.08,-9.08,78.1,77.4,-6999,-9.2,12.58
202,2001,151,924,-9.08,-9.08,78.3,77.6,-6999,-9.25,12.58
202,2001,151,925,-8.95,-9.08,76.6,75.6,-6999,-8.96,12.58
202,2001,151,926,-9.01,-9.08,78.1,77.1,-6999,-9.27,12.58
202,2001,151,927,-9.01,-9.08,78.1,77.4,-6999,-9.21,12.58
202,2001,151,928,-9.01,-9.01,77.8,76.9,-6999,-9.13,12.58
202,2001,151,929,-8.95,-9.08,78.2,77.3,-6999,-9.17,12.58
202,2001,151,930,-8.95,-9.01,78.3,77.3,-6999,-9.18,12.58
202,2001,151,931,-8.95,-9.01,78.5,77.6,-6999,-9.18,12.58
202,2001,151,932,-8.88,-9.08,77.3,76.5,-6999,-8.99,12.58
202,2001,151,933,-8.81,-8.88,77.1,76.3,-6999,-8.9,12.58
202,2001,151,934,-8.88,-8.95,77.3,76.4,-6999,-8.95,12.58
202,2001,151,935,-8.95,-8.95,77.7,76.9,-6999,-9.12,12.58
202,2001,151,936,-8.88,-9.08,77.2,76.2,-6999,-9.06,12.58
202,2001,151,937,-8.95,-8.81,77.2,76.1,-6999,-9.04,12.58
202,2001,151,938,-8.95,-8.95,77.9,77.1,-6999,-9.13,12.58
202,2001,151,939,-8.88,-8.95,77.7,76.9,-6999,-9.09,12.58
202,2001,151,940,-8.88,-9.08,78.3,77.9,-6999,-9.15,12.58
202,2001,151,941,-8.95,-8.95,78,77.3,-6999,-9.11,12.58
202,2001,151,942,-8.95,-8.88,78.1,77.3,-6999,-9.09,12.58
202,2001,151,943,-8.95,-8.95,78.1,77.4,-6999,-9.1,12.58
202,2001,151,944,-8.81,-8.95,77.7,77.1,-6999,-9.06,12.58
202,2001,151,945,-8.88,-8.95,76.9,76,-6999,-8.9,12.58
202,2001,151,946,-8.81,-8.88,78.7,78,-6999,-9.08,12.58
202,2001,151,947,-8.88,-8.88,78.7,77.8,-6999,-9.07,12.58
202,2001,151,948,-8.81,-8.81,78.3,77.5,-6999,-9.06,12.58
202,2001,151,949,-8.81,-8.81,77.4,76.5,-6999,-8.91,12.58
202,2001,151,950,-8.81,-8.81,78.2,77.4,-6999,-9,12.58
202,2001,151,951,-8.81,-8.81,78.3,77.3,-6999,-9,12.58
202,2001,151,952,-8.75,-8.81,77.2,76.7,-6999,-8.92,12.58
202,2001,151,953,-8.68,-8.81,77.4,76.7,-6999,-8.89,12.58
202,2001,151,954,-8.75,-8.75,78.1,77.5,-6999,-8.92,12.58
202,2001,151,955,-8.75,-8.68,78.3,77.4,-6999,-8.9,12.57
202,2001,151,956,-8.68,-8.61,77.5,77,-6999,-8.85,12.58
202,2001,151,957,-8.61,-8.75,77.5,76.5,-6999,-8.8,12.57
202,2001,151,958,-8.61,-8.61,78,77.1,-6999,-8.84,12.57
202,2001,151,959,-8.48,-8.68,77.1,76.2,-6999,-8.72,12.58
202,2001,151,1000,-8.54,-8.54,78.6,77.5,-6999,-8.82,12.57
202,2001,151,1001,-8.48,-8.75,78.3,77.4,-6999,-8.83,12.58
202,2001,151,1002,-8.54,-8.48,77.7,76.9,-6999,-8.77,12.58
202,2001,151,1003,-8.54,-8.61,78.1,77.1,-6999,-8.82,12.58
202,2001,151,1004,-8.61,-8.48,76.9,76.1,-6999,-8.74,12.58
202,2001,151,1005,-8.54,-8.68,77.4,76.8,-6999,-8.8,12.58
202,2001,151,1006,-8.54,-8.41,78.5,77.5,-6999,-8.79,12.58
202,2001,151,1007,-8.54,-8.61,78.1,77.5,-6999,-8.82,12.58
202,2001,151,1008,-8.48,-8.61,77.5,76.7,-6999,-8.66,12.58
202,2001,151,1009,-8.34,-8.41,76.3,75.6,-6999,-8.54,12.58
202,2001,151,1010,-8.28,-8.28,77.1,76.2,-6999,-8.62,12.58
202,2001,151,1011,-8.34,-8.41,77.7,76.8,-6999,-8.7,12.58
202,2001,151,1012,-8.41,-8.34,77.7,76.7,-6999,-8.65,12.58
202,2001,151,1013,-8.41,-8.41,78.3,77.6,-6999,-8.66,12.58
202,2001,151,1014,-8.28,-8.34,78.7,77.9,-6999,-8.69,12.58
202,2001,151,1015,-8.34,-8.41,77.6,76.7,-6999,-8.54,12.58
202,2001,151,1016,-8.28,-8.34,78.1,77.2,-6999,-8.55,12.58
202,2001,151,1017,-8.28,-8.28,77,76.3,-6999,-8.47,12.58
202,2001,151,1018,-8.14,-8.21,77.7,77.1,-6999,-8.49,12.58
202,2001,151,1019,-8.28,-8.21,77,76.2,-6999,-8.43,12.58
202,2001,151,1020,-8.21,-8.21,77.2,75.9,-6999,-8.43,12.58
202,2001,151,1021,-8.21,-8.14,78,76.9,-6999,-8.5,12.58
202,2001,151,1022,-8.08,-8.14,77.3,76.3,-6999,-8.46,12.58
202,2001,151,1023,-8.01,-8.21,77.1,76.5,-6999,-8.47,12.58
202,2001,151,1024,-8.28,-8.14,77.3,76.8,-6999,-8.49,12.58
202,2001,151,1025,-8.14,-8.28,76.5,75.5,-6999,-8.36,12.58
202,2001,151,1026,-8.14,-8.14,75.8,75,-6999,-8.33,12.58
202,2001,151,1027,-8.14,-8.08,76.2,75.3,-6999,-8.31,12.58
202,2001,151,1028,-8.01,-8.08,77.2,76.7,-6999,-8.42,12.58
202,2001,151,1029,-8.08,-8.08,77.2,76.5,-6999,-8.38,12.58
202,2001,151,1030,-8.01,-8.08,76.5,75.7,-6999,-8.34,12.58
202,2001,151,1031,-7.94,-8.01,76.5,75.7,-6999,-8.32,12.58
202,2001,151,1032,-8.08,-8.01,77.9,76.8,-6999,-8.35,12.58
202,2001,151,1033,-7.94,-7.94,75.9,75,-6999,-8.23,12.58
202,2001,151,1034,-7.94,-8.08,77.4,76.7,-6999,-8.34,12.58
202,2001,151,1035,-7.94,-7.87,77.7,77.1,-6999,-8.33,12.58
202,2001,151,1036,-8.01,-7.94,77.3,76.1,-6999,-8.3,12.58
202,2001,151,1037,-7.87,-7.94,77.8,77,-6999,-8.32,12.58
202,2001,151,1038,-7.87,-7.94,76.3,75.3,-6999,-8.16,12.58
202,2001,151,1039,-7.81,-7.94,76.5,75.5,-6999,-8.2,12.58
202,2001,151,1040,-7.87,-7.94,77.5,76.8,-6999,-8.27,12.58
202,2001,151,1041,-7.74,-7.87,77.5,76.4,-6999,-8.21,12.58
202,2001,151,1042,-7.87,-7.81,77.7,76.5,-6999,-8.22,12.58
202,2001,151,1043,-7.87,-7.87,77.6,76.7,-6999,-8.24,12.58
202,2001,151,1044,-7.81,-7.81,76.7,76.3,-6999,-8.16,12.59
202,2001,151,1045,-7.74,-7.74,76.8,76.1,-6999,-8.17,12.58
202,2001,151,1046,-7.74,-7.87,77.7,77.2,-6999,-8.21,12.59
202,2001,151,1047,-7.74,-7.81,76.7,75.7,-6999,-8.11,12.58
202,2001,151,1048,-7.74,-7.81,77.2,76.6,-6999,-8.2,12.58
202,2001,151,1049,-7.74,-7.74,76.3,75.4,-6999,-8.11,12.59
202,2001,151,1050,-7.87,-7.74,77.3,76.3,-6999,-8.16,12.58
202,2001,151,1051,-7.67,-7.81,76.7,75.7,-6999,-8.1,12.59
202,2001,151,1052,-7.87,-7.81,77,76,-6999,-8.12,12.58
202,2001,151,1053,-7.67,-7.74,78.2,77.3,-6999,-8.16,12.59
202,2001,151,1054,-7.74,-7.74,76.2,74.7,-6999,-7.95,12.58
202,2001,151,1055,-7.74,-7.67,76.6,75.7,-6999,-8.02,12.59
202,2001,151,1056,-7.61,-7.67,77.1,76.3,-6999,-8.04,12.59
202,2001,151,1057,-7.67,-7.74,76.9,76,-6999,-8.02,12.58
202,2001,151,1058,-7.61,-7.61,77.3,76.5,-6999,-8.04,12.59
202,2001,151,1059,-7.67,-7.67,78,77,-6999,-8.07,12.59
202,2001,151,1100,-7.61,-7.68,77.1,76.2,-6999,-7.99,12.58
202,2001,151,1101,-7.54,-7.54,76.7,75.8,-6999,-7.97,12.58
202,2001,151,1102,-7.61,-7.54,76.5,75.6,-6999,-7.96,12.59
202,2001,151,1103,-7.54,-7.47,76.5,76,-6999,-7.95,12.59
202,2001,151,1104,-7.54,-7.61,77.3,76.5,-6999,-7.97,12.59
202,2001,151,1105,-7.54,-7.54,77.9,77.3,-6999,-7.99,12.59
202,2001,151,1106,-7.48,-7.61,76.9,76.3,-6999,-7.94,12.59
202,2001,151,1107,-7.48,-7.48,77.3,76.3,-6999,-7.91,12.59
202,2001,151,1108,-7.41,-7.54,78.3,77.6,-6999,-7.99,12.58
202,2001,151,1109,-7.34,-7.54,77,75.9,-6999,-7.89,12.59
202,2001,151,1110,-7.41,-7.48,76.9,76.2,-6999,-7.87,12.59
202,2001,151,1111,-7.41,-7.54,78.1,77.2,-6999,-7.9,12.59
202,2001,151,1112,-7.41,-7.48,77.4,76.4,-6999,-7.84,12.59
202,2001,151,1113,-7.41,-7.48,77.1,76.2,-6999,-7.8,12.59
202,2001,151,1114,-7.34,-7.34,76.5,75.4,-6999,-7.75,12.59
202,2001,151,1115,-7.34,-7.34,75.6,74.7,-6999,-7.66,12.58
202,2001,151,1116,-7.21,-7.21,77.2,76.8,-6999,-7.77,12.59
202,2001,151,1117,-7.21,-7.27,77.6,76.6,-6999,-7.75,12.59
202,2001,151,1118,-7.21,-7.27,77.1,76.3,-6999,-7.72,12.59
202,2001,151,1119,-7.27,-7.21,77.8,77,-6999,-7.7,12.59
202,2001,151,1120,-7.27,-7.21,77.5,76.9,-6999,-7.71,12.59
202,2001,151,1121,-7.14,-7.21,77.4,76.8,-6999,-7.71,12.59
202,2001,151,1122,-7.14,-7.14,77.3,76.7,-6999,-7.69,12.59
202,2001,151,1123,-7.14,-7.14,77,76.1,-6999,-7.63,12.59
202,2001,151,1124,-7.14,-7.14,77.5,76.6,-6999,-7.67,12.59
202,2001,151,1125,-7.01,-7.21,76.5,75.9,-6999,-7.63,12.59
202,2001,151,1126,-7.01,-7.07,77.1,76.2,-6999,-7.62,12.59
202,2001,151,1127,-7.14,-7.21,76,75.5,-6999,-7.57,12.59
202,2001,151,1128,-7.01,-7.14,77.6,76.8,-6999,-7.61,12.59
202,2001,151,1129,-7.01,-7.21,76.8,75.7,-6999,-7.55,12.59
202,2001,151,1130,-7.01,-7.01,76.4,75.6,-6999,-7.48,12.59
202,2001,151,1131,-7.01,-6.94,77.8,77,-6999,-7.54,12.59
202,2001,151,1132,-6.94,-6.94,77.5,76.6,-6999,-7.52,12.6
202,2001,151,1133,-6.94,-7.01,78.3,77.5,-6999,-7.52,12.59
202,2001,151,1134,-6.94,-6.94,77.3,76,-6999,-7.45,12.59
202,2001,151,1135,-6.873,-7.01,77.3,76.4,-6999,-7.45,12.59
202,2001,151,1136,-6.806,-6.94,77.7,76.6,-6999,-7.44,12.59
202,2001,151,1137,-6.873,-6.873,76.7,75.8,-6999,-7.4,12.59
202,2001,151,1138,-6.806,-6.873,75.7,74.8,-6999,-7.35,12.6
202,2001,151,1139,-6.873,-6.739,76.4,75.6,-6999,-7.35,12.6
202,2001,151,1140,-6.739,-6.806,76.2,75.2,-6999,-7.34,12.59
202,2001,151,1141,-6.739,-6.739,77.7,76.9,-6999,-7.39,12.59
202,2001,151,1142,-6.806,-6.806,77.4,76.4,-6999,-7.36,12.59
202,2001,151,1143,-6.806,-6.739,76.6,76.1,-6999,-7.31,12.58
202,2001,151,1144,-6.672,-6.806,77.4,76.5,-6999,-7.3,12.59
202,2001,151,1145,-6.672,-6.806,78.5,77.5,-6999,-7.33,12.59
202,2001,151,1146,-6.538,-6.672,76.3,75.2,-6999,-7.2,12.59
202,2001,151,1147,-6.605,-6.739,77.4,76.5,-6999,-7.19,12.59
202,2001,151,1148,-6.672,-6.672,77.5,76.7,-6999,-7.22,12.59
202,2001,151,1149,-6.605,-6.672,78.7,78.1,-6999,-7.23,12.59
202,2001,151,1150,-6.538,-6.538,76.7,75.9,-6999,-7.14,12.59
202,2001,151,1151,-6.538,-6.538,76.9,76,-6999,-7.1,12.59
202,2001,151,1152,-6.538,-6.605,78.3,77.7,-6999,-7.16,12.59
202,2001,151,1153,-6.538,-6.538,77.1,76.4,-6999,-7.09,12.59
202,2001,151,1154,-6.538,-6.538,77.6,76.8,-6999,-7.06,12.59
202,2001,151,1155,-6.404,-6.471,77.1,76.1,-6999,-7.03,12.59
202,2001,151,1156,-6.404,-6.471,78.6,77.6,-6999,-7.06,12.59
202,2001,151,1157,-6.471,-6.471,77.9,77,-6999,-7.03,12.59
202,2001,151,1158,-6.404,-6.471,77.1,76.2,-6999,-6.989,12.59
202,2001,151,1159,-6.203,-6.337,76,75.4,-6999,-6.898,12.59
202,2001,151,1200,-6.27,-6.337,78.1,77.6,-6999,-6.946,12.59
202,2001,151,1201,-6.203,-6.337,78.1,77,-6999,-6.935,12.59
202,2001,151,1202,-6.27,-6.203,76.7,76,-6999,-6.867,12.59
202,2001,151,1203,-6.203,-6.203,77.7,77.1,-6999,-6.881,12.59
202,2001,151,1204,-6.203,-6.27,77.9,77.2,-6999,-6.854,12.59
202,2001,151,1205,-6.136,-6.203,77,75.8,-6999,-6.792,12.59
202,2001,151,1206,-6.136,-6.203,77,76.4,-6999,-6.794,12.59
202,2001,151,1207,-6.07,-6.204,77.2,76.2,-6999,-6.768,12.59
202,2001,151,1208,-6.137,-6.07,76.2,75.3,-6999,-6.729,12.59
202,2001,151,1209,-6.137,-6.07,77.2,76.4,-6999,-6.748,12.59
202,2001,151,1210,-6.07,-6.07,76.4,75.5,-6999,-6.731,12.59
202,2001,151,1211,-6.137,-6.137,77.7,77.1,-6999,-6.773,12.59
202,2001,151,1212,-6.07,-6.07,77.7,76.8,-6999,-6.757,12.6
202,2001,151,1213,-5.936,-6.071,76.2,75.6,-6999,-6.674,12.59
202,2001,151,1214,-5.936,-5.936,79,77.1,-6999,-6.681,12.59
202,2001,151,1215,-5.869,-6.004,76.9,76,-6999,-6.735,12.59
202,2001,151,1216,-5.937,-5.87,77.4,76.4,-6999,-6.957,12.59
202,2001,151,1217,-5.937,-5.87,77.7,76.6,-6999,-7.21,12.58