127.18 2.39 219.33 -9.99
127.21 3.03 213.11 -13.53
128 3.63 187.50 -15.38
128.03 4.42 157.56 -17.89
128.06 3.84 151.28 -16.86
128.09 2.88 155.00 -16.65
128.12 2.35 171.33 -15.82
128.15 2.68 186.28 -14.82
128.18 2.75 198.17 -14.38
128.21 3.38 173.72 -15.28
129 3.86 141.78 -17.96
129.03 6.01 99.39 -23.01
129.06 7.59 97.44 -22.17
129.09 7.95 114.11 -19.69
129.12 8.15 112.39 -16.85
129.15 6.29 141.67 -13.34
129.18 7.98 159.33 -14.00
129.21 6.97 149.39 -14.22
130 6.30 114.06 -17.19
130.03 6.41 97.28 -21.40
130.06 7.04 81.28 -21.74
130.09 7.65 94.83 -19.49
130.12 8.71 119.39 -14.74
130.15 7.19 138.89 -11.93
130.18 5.14 156.61 -9.57
130.21 2.81 149.61 -9.61
131 1.98 79.72 -13.26
131.03 4.88 85.94 -19.70
131.06 6.91 92.28 -20.61
131.09 8.09 96.50 -18.43
131.12 6.13 97.50 -14.77
131.15 4.77 117.22 -11.00
131.18 4.66 146.50 -8.90
131.21 1.60 184.06 -9.15
132 4.24 93.17 -13.62
132.03 6.11 89.89 -16.78
132.06 7.16 92.28 -16.97
132.09 8.66 95.56 -16.11
132.12 6.87 107.61 -13.52
132.15 7.68 135.44 -11.55
132.18 5.89 148.78 -9.86
132.21 3.68 150.67 -10.49
133 2.34 95.94 -14.48
133.03 4.74 84.33 -19.03
133.06 7.65 86.56 -19.47
133.09 7.43 89.78 -17.69
133.12 7.72 93.83 -15.30
133.15 7.66 98.44 -12.08
133.18 6.40 108.11 -9.84
133.21 6.08 121.11 -10.01
134 5.56 98.50 -13.63
134.03 7.84 95.83 -18.03
134.06 8.69 94.06 -18.44
134.09 10.60 93.89 -17.81
134.12 11.00 104.50 -14.07
134.15 12.08 95.94 -11.06
134.18 14.21 101.33 -9.08
134.21 11.30 122.56 -6.86
135 11.77 127.72 -7.66
135.03 14.05 130.89 -7.44
135.06 14.19 132.61 -6.55
135.09 10.68 158.78 -5.24
135.12 8.36 160.72 -5.07
135.15 9.01 167.44 -4.27
135.18 8.91 154.33 -2.60
135.21 9.30 133.28 -2.94
136 9.64 131.06 -4.13
136.03 9.76 118.22 -5.64
136.06 8.47 116.56 -5.67
136.09 6.57 129.33 -4.62
136.12 4.57 141.56 -3.88
136.15 4.67 156.28 -4.02
136.18 6.34 175.89 -7.74
136.21 5.85 179.39 -8.96
137 6.19 171.89 -9.36
137.03 6.23 173.11 -10.39
137.06 6.31 166.17 -10.71
137.09 4.84 176.00 -11.15
137.12 4.94 172.00 -10.36
137.15 5.82 170.11 -9.01
137.18 5.37 179.78 -7.93
137.21 4.40 183.78 -9.00
138 3.81 164.33 -11.04
138.03 2.95 148.83 -11.72
138.06 3.24 94.17 -17.22
138.09 4.34 87.89 -18.39
138.12 5.22 95.06 -13.94
138.15 6.46 113.61 -10.19
138.18 5.92 124.22 -8.72
138.21 4.78 122.22 -9.44
139 5.41 98.50 -14.53
139.03 7.04 86.94 -18.92
139.06 8.12 89.72 -20.08
139.09 8.59 93.83 -18.46
139.12 8.20 111.78 -15.15
139.15 7.89 142.72 -12.19
139.18 8.17 158.78 -10.17
139.21 5.89 165.61 -9.20
140 4.09 173.22 -9.78
140.03 4.92 138.50 -11.08
140.06 8.11 112.33 -15.02
140.09 9.69 98.94 -17.13
140.12 9.80 96.28 -15.27
140.15 8.22 135.83 -10.92
140.18 5.82 151.28 -9.13
140.21 4.18 163.06 -8.82
141 3.94 133.83 -11.48
141.03 5.83 123.11 -12.67
141.06 7.20 119.56 -13.99
141.09 8.21 122.89 -13.71
141.12 9.00 124.89 -12.38
141.15 7.88 128.83 -10.09
141.18 5.67 139.22 -8.11
141.21 3.77 127.39 -7.96
142 4.27 91.89 -11.69
142.03 6.44 87.89 -15.50
142.06 8.60 95.33 -16.70
142.09 9.53 95.06 -16.34
142.12 8.98 97.61 -13.51
142.15 9.21 118.61 -9.67
142.18 7.96 122.06 -7.28
142.21 6.54 120.17 -6.76
143 7.23 107.83 -9.19
143.03 7.70 116.61 -12.54
143.06 5.65 123.72 -12.45
143.09 6.76 111.17 -13.30
143.12 7.60 112.22 -10.61
143.15 6.88 137.39 -8.03
143.18 7.25 125.22 -6.35
143.21 5.42 114.44 -6.15
144 6.41 89.11 -9.48
144.03 9.17 98.28 -10.84
144.06 9.03 89.78 -11.59
144.09 7.02 135.22 -12.86
144.12 4.50 144.94 -11.76
144.15 5.91 141.22 -8.16
144.18 6.53 144.11 -5.69
144.21 5.88 134.89 -5.00
145 7.38 117.39 -6.71
145.03 8.26 110.89 -6.36
145.06 9.15 106.22 -5.68
145.09 11.23 135.00 -2.53
145.12 15.20 147.94 -3.39
145.15 12.75 173.17 -6.67
145.18 7.33 171.00 -12.12
145.21 4.32 176.06 -6.02
146 2.96 171.33 -4.74
146.03 1.48 131.89 -7.14
146.06 4.01 67.94 -9.21
146.09 7.07 94.11 -10.02
146.12 9.07 101.00 -7.74
146.15 11.34 104.83 -5.01
146.18 12.78 123.56 -2.78
146.21 12.11 153.22 -2.82
147 9.52 158.22 -4.44
147.03 7.28 149.39 -4.76
147.06 7.06 145.50 -8.63
147.09 7.57 141.11 -6.61
147.12 9.02 125.17 -6.38
147.15 8.55 131.56 -7.59
147.18 8.54 136.72 -2.51
147.21 7.80 125.17 -2.07
148 7.93 126.67 -3.31
148.03 10.45 131.00 -4.41
148.06 11.25 143.56 -3.38
148.09 10.16 151.83 -3.85
148.12 7.55 173.61 -6.72
148.15 6.59 158.89 -5.90
148.18 6.94 158.44 -3.38
148.21 6.39 167.00 -3.29
149 4.97 179.22 -4.82
149.03 4.13 182.06 -4.45
149.06 5.35 141.33 -4.52
149.09 7.16 121.44 -5.19
149.12 8.48 118.50 -3.95
149.15 10.86 110.11 -3.84
149.18 9.43 128.00 -2.24
149.21 8.24 129.28 -2.24
150 7.89 126.33 -3.01
150.03 8.35 125.28 -.99
150.06 11.71 122.83 -1.24
150.09 12.56 122.61 -1.48
150.12 11.33 126.33 .14
150.15 11.00 133.50 1.73
150.18 10.50 132.17 2.43
150.21 9.73 131.39 1.94
151 7.98 125.22 2.03
151.03 8.35 123.33 2.31
151.06 9.80 122.00 2.17
151.09 11.12 123.78 2.02
151.12 10.10 124.72 2.53
151.15 11.00 120.11 2.41
151.18 11.65 118.56 2.96
151.21 10.21 118.28 2.92
152 9.97 116.50 2.51
152.03 9.68 116.00 2.54
152.06 10.37 111.39 1.38
152.09 13.02 110.39 .89
152.12 13.03 103.33 .96
152.15 12.90 92.94 1.31
152.18 10.33 96.11 1.61
152.21 7.74 103.22 1.78
153 8.43 117.50 2.23
153.03 7.87 94.17 .69
153.06 10.12 98.17 -.34
153.09 11.36 92.94 -1.07
153.12 13.38 108.67 .98
153.15 13.02 106.72 2.27
153.18 11.42 109.00 2.98
153.21 10.75 108.00 3.04
154 10.94 109.11 3.05
154.03 11.09 114.22 2.24
154.06 11.95 113.89 .89
154.09 14.26 113.11 -.10
154.12 14.15 116.33 .59
154.15 12.54 121.67 1.81
154.18 10.40 122.78 2.17
154.21 10.05 120.89 2.33
155 9.26 123.06 2.31
155.03 9.67 118.22 1.62
155.06 9.97 110.44 -.06
155.09 11.89 104.44 -1.49
155.12 11.65 107.00 -1.39
155.15 8.98 112.22 .61
155.18 7.56 119.50 1.34
155.21 6.64 116.78 1.46
156 5.78 121.22 .90
156.03 5.42 113.50 -.69
156.06 7.02 114.28 -1.42
156.09 6.03 128.11 -.02
156.12 5.45 128.06 .50
156.15 5.56 129.61 .56
156.18 4.67 132.78 .48
156.21 5.06 131.72 .76
157 5.01 119.11 .65
157.03 6.55 124.72 .61
157.06 5.69 132.50 .86
157.09 5.63 123.17 .69
157.12 6.36 131.78 .96
157.15 5.57 116.33 1.19
157.18 4.35 120.00 1.32
157.21 3.43 108.00 1.19
158 2.70 114.22 -.18
158.03 3.04 93.00 -2.36
158.06 4.55 90.06 -3.43
158.09 4.85 107.28 -2.25
158.12 4.42 110.33 -.49
158.15 5.15 104.83 -.62
158.18 3.01 105.33 .26
158.21 2.20 80.33 .17
159 2.78 73.94 -1.38
159.03 5.04 119.39 -2.94
159.06 7.16 116.50 -3.04
159.09 9.06 112.22 -2.10
159.12 9.99 122.00 -2.22
159.15 7.93 137.72 -.58
159.18 6.68 142.72 -.04
159.21 5.52 147.61 -.22
160 5.07 131.33 -1.12
160.03 5.90 121.83 -1.93
160.06 4.97 119.89 -1.79
160.09 5.73 118.17 -1.70
160.12 6.03 119.67 -.69
160.15 5.80 132.39 -.10
160.18 5.49 136.56 .41
160.21 4.16 121.56 .32
161 4.73 114.28 -.71
161.03 7.13 114.44 -2.69
161.06 7.82 94.56 -5.19
161.09 9.52 93.67 -6.00
161.12 9.68 103.33 -4.58
161.15 6.68 139.78 -1.03
161.18 5.98 141.94 -.30
161.21 5.43 128.00 -.11
162 6.97 124.11 -1.03
162.03 8.25 125.44 -2.34
162.06 8.49 129.44 -3.84
162.09 8.71 127.22 -4.16
162.12 8.71 128.17 -2.81
162.15 7.88 131.28 -1.71
162.18 6.16 138.33 -.83
162.21 4.59 145.61 -.80
163 3.74 120.06 -1.69
163.03 5.00 95.06 -4.23
163.06 6.47 90.94 -6.79
163.09 8.10 90.22 -7.98
163.12 8.71 94.56 -5.87
163.15 6.96 105.17 -3.07
163.18 4.98 129.94 -1.47
163.21 3.06 156.83 -1.01
164 2.04 147.72 -1.63
164.03 3.58 132.11 -3.17
164.06 6.14 122.11 -4.05
164.09 8.36 120.67 -4.14
164.12 9.16 120.22 -4.46
164.15 8.21 127.78 -2.85
164.18 5.54 136.28 -1.45
164.21 2.24 142.17 -.06
165 1.81 79.78 -2.19
165.03 3.65 71.94 -5.19
165.06 5.14 82.50 -7.58
165.09 6.26 87.56 -7.61
165.12 5.56 104.17 -4.97
165.15 5.02 135.44 -2.95
165.18 3.21 160.83 -1.44
165.21 2.16 152.72 -1.56
166 3.42 117.83 -3.51
166.03 4.26 107.39 -5.13
166.06 5.35 93.72 -6.71
166.09 6.66 101.11 -5.95
166.12 8.28 121.94 -3.74
166.15 7.50 136.06 -1.94
166.18 5.84 146.78 -1.12
166.21 4.74 137.00 -.92
167 4.70 125.56 -1.83
167.03 6.01 112.94 -3.65
167.06 8.99 104.94 -5.41
167.09 10.81 111.11 -5.02
167.12 12.91 117.33 -2.54
167.15 12.71 124.00 .05
167.18 11.34 122.28 1.53
167.21 10.73 122.39 1.76
168 8.73 147.94 1.26
168.03 7.28 147.56 .32
168.06 5.43 133.44 .05
168.09 5.34 126.72 .84
168.12 6.04 128.39 1.41
168.15 4.81 130.56 1.59
168.18 5.65 131.11 2.03
168.21 5.66 126.94 1.92
169 6.02 123.22 1.69
169.03 6.32 126.83 1.56
169.06 7.93 134.56 1.42
169.09 7.33 136.11 1.42
169.12 7.15 139.33 1.58
169.15 6.62 132.72 1.50
169.18 5.81 112.22 1.86
169.21 6.08 110.78 2.03
170 6.02 98.22 1.99
170.03 6.41 101.39 1.90
170.06 7.29 121.44 2.52
170.09 8.35 121.78 2.59
170.12 8.50 132.83 2.59
170.15 9.18 129.39 2.68
170.18 9.06 131.89 2.56
170.21 7.66 129.17 2.28
171 5.85 121.78 2.02
171.03 5.80 114.72 1.58
171.06 5.57 110.33 1.15
171.09 5.87 123.00 1.14
171.12 5.97 129.39 1.26
171.15 5.48 131.89 1.38
171.18 5.12 127.00 1.23
171.21 5.15 124.50 1.04
172 5.32 117.11 .42
172.03 5.67 109.22 -.21
172.06 6.58 117.06 -.56
172.09 6.76 121.72 .26
172.12 5.65 130.28 1.03
172.15 5.99 132.78 1.11
172.18 5.36 142.83 .66
172.21 5.48 167.06 -.38
173 6.35 158.06 -.74
173.03 5.50 147.22 -.61
173.06 5.16 139.94 -.98
173.09 6.68 129.61 -.43
173.12 7.67 127.72 .67
173.15 9.36 154.56 .86
173.18 8.53 157.67 .91
173.21 8.30 155.44 .48
174 7.47 149.17 .18
174.03 6.61 154.61 -.20
174.06 6.82 149.61 -.36
174.09 6.60 144.22 -.27
174.12 6.21 137.33 .54
174.15 6.71 128.94 1.26
174.18 5.86 130.22 1.38
174.21 6.08 141.50 1.17
175 6.33 145.28 .44
175.03 6.47 138.72 -.01
175.06 5.99 140.22 -.09
175.09 5.84 149.17 -.12
175.12 5.60 149.33 .13
175.15 4.62 163.78 .38
175.18 6.24 141.83 .23
175.21 6.00 138.28 .51
176 7.32 137.44 .48
176.03 8.42 139.72 -.13
176.06 10.82 140.11 -.93
176.09 11.84 141.67 -1.04
176.12 11.71 155.11 -.23
176.15 8.50 159.33 -.34
176.18 8.47 156.22 -.16
176.21 5.10 164.11 -.32
177 2.68 203.11 -.87
177.03 2.63 151.28 -1.37
177.06 2.60 145.89 -.56
177.09 3.39 131.50 -.05
177.12 7.29 141.78 .57
177.15 8.86 143.39 1.02
177.18 9.68 146.78 1.16
177.21 8.44 147.22 .84
178 9.40 152.67 .88
178.03 9.09 160.33 .91
178.06 10.32 165.11 .92
178.09 8.66 181.83 -.04
178.12 6.85 186.56 -.74
178.15 8.25 202.78 -1.31
178.18 6.04 165.72 -.51
178.21 7.24 168.72 -.62
179 6.54 189.00 -1.56
179.03 6.13 191.83 -2.12
179.06 6.93 200.89 -3.60
179.09 3.74 160.50 -4.27
179.12 4.77 134.89 -3.24
179.15 5.33 122.94 -1.37
179.18 5.74 118.11 -.09
179.21 7.88 101.89 -.05
180 10.31 99.50 -.68
180.03 10.32 119.00 .57
180.06 11.36 127.94 1.09
180.09 10.08 151.06 1.34
180.12 10.83 160.22 1.42
180.15 10.16 159.06 1.20
180.18 10.30 175.00 .85
180.21 12.13 184.44 -.91
181 7.43 184.11 -2.29
181.03 5.22 192.83 -3.03
181.06 4.87 172.17 -3.43
181.09 4.75 150.94 -2.94
181.12 3.87 129.22 -2.72
181.15 3.27 139.17 -.24
181.18 2.82 134.56 .78
181.21 3.34 133.72 .61
182 4.99 141.44 -.02
182.03 4.76 139.22 -.39
182.06 3.38 199.61 -1.82
182.09 3.21 223.89 -2.04
182.12 3.70 133.11 -2.69
182.15 7.20 113.11 -.87
182.18 7.58 108.78 .72
182.21 7.10 98.72 1.21
183 6.20 112.28 .43
183.03 6.05 100.67 -.86
183.06 6.94 105.39 -.93
183.09 8.40 119.44 .22
183.12 7.92 135.17 1.44
183.15 6.31 133.72 1.53
183.18 5.94 128.78 1.57
183.21 6.35 124.28 1.70
184 5.66 106.22 1.67
184.03 4.95 96.72 1.52
184.06 4.28 92.39 .49
184.09 3.45 101.06 .69
184.12 2.34 120.83 1.46
184.15 2.65 160.22 1.51
184.18 4.36 163.50 .26
184.21 6.20 177.61 -.51
185 5.01 185.83 -1.07
185.03 4.77 180.50 -2.94
185.06 4.77 155.22 -3.72
185.09 4.77 139.17 -2.26
185.12 3.08 145.00 -.60
185.15 4.24 147.39 -.43
185.18 3.83 160.67 .56
185.21 2.46 176.11 .04
186 3.10 151.83 -.56
186.03 3.05 186.50 -1.27
186.06 1.75 174.94 -1.55
186.09 1.54 163.33 -1.46
186.12 2.35 161.72 -1.11
186.15 4.57 153.61 .84
186.18 3.58 137.61 .96
186.21 3.15 109.33 .89
187 3.68 105.56 .38
187.03 4.47 90.67 -1.41
187.06 6.29 93.50 -1.96
187.09 7.43 109.28 -.81
187.12 7.68 116.44 1.02
187.15 6.84 118.89 1.96
187.18 4.53 106.22 2.07
187.21 3.00 114.61 1.46
188 2.70 117.33 .02
188.03 3.31 103.89 -2.18
188.06 4.09 85.17 -4.11
188.09 4.87 85.56 -3.12
188.12 4.50 82.44 -.63
188.15 4.00 81.50 .78
188.18 2.71 64.44 1.61
188.21 4.36 33.83 1.54
189 5.52 42.44 .26
189.03 5.90 70.94 -1.68
189.06 6.83 75.50 -2.93
189.09 9.78 84.94 -2.34
189.12 9.74 89.67 -.03
189.15 7.88 98.00 1.94
189.18 7.12 99.83 2.46
189.21 8.20 112.39 2.73
190 9.18 124.94 2.72
190.03 9.15 123.78 2.58
190.06 10.57 120.72 2.68
190.09 9.27 128.94 2.29
190.12 7.69 134.67 1.91
190.15 7.35 131.39 1.84
190.18 6.21 137.22 1.37
190.21 5.72 130.33 1.18
191 5.66 126.56 1.12
191.03 5.35 124.39 1.17
191.06 5.13 123.44 1.12
191.09 5.76 115.50 .74
191.12 5.89 113.56 1.66
191.15 4.71 107.22 1.57
191.18 4.34 116.94 1.61
191.21 4.59 113.39 1.21
192 4.31 95.06 .23
192.03 5.75 96.56 -.57
192.06 6.73 99.56 -.69
192.09 7.57 92.22 .45
192.12 8.51 103.94 1.99
192.15 7.89 96.67 2.22
192.18 6.57 107.56 1.92
192.21 7.19 117.94 1.91
193 6.39 110.17 1.66
193.03 7.01 107.56 1.14
193.06 8.45 108.56 .76
193.09 7.69 104.61 1.28
193.12 9.07 105.39 2.67
193.15 8.09 100.94 2.46
193.18 8.12 108.28 2.62
193.21 7.00 93.11 2.19
194 7.74 93.89 2.30
194.03 8.13 98.11 1.94
194.06 8.51 92.56 1.09
194.09 9.55 91.22 .51
194.12 9.12 91.94 1.61
194.15 7.47 94.56 1.89
194.18 5.64 92.50 1.73
194.21 4.42 97.39 1.84
195 3.70 87.56 .73
195.03 4.40 82.22 -.96
195.06 5.15 83.67 -2.23
195.09 5.48 85.56 -1.66
195.12 5.59 89.56 .14
195.15 4.64 92.61 1.00
195.18 4.18 87.22 .97
195.21 4.08 84.94 .53
196 4.68 84.06 -.56
196.03 5.47 85.61 -2.23
196.06 6.39 88.83 -2.59
196.09 5.95 90.56 -.94
196.12 5.11 107.89 .99
196.15 5.30 120.33 1.34
196.18 5.54 125.33 1.42
196.21 5.92 122.50 1.48
197 5.83 117.11 1.46
197.03 6.88 119.50 1.45
197.06 7.78 117.67 1.28
197.09 7.99 120.72 1.53
197.12 8.25 122.28 1.74
197.15 8.26 124.94 1.87
197.18 8.41 123.22 1.89
197.21 8.59 122.33 2.19
198 7.92 110.44 1.94
198.03 7.69 103.50 1.05
198.06 7.57 113.56 .63
198.09 8.55 116.89 .09
198.12 8.84 123.61 .93
198.15 8.41 120.00 1.83
198.18 7.69 118.00 2.43
198.21 7.77 115.44 2.57
199 8.12 105.50 2.38
199.03 9.18 108.00 2.01
199.06 9.93 113.83 1.20
199.09 10.67 119.61 1.01
199.12 10.14 119.61 1.79
199.15 9.33 117.83 2.21
199.18 9.24 119.94 2.59
199.21 10.38 123.44 2.74
200 10.90 120.33 2.71
200.03 11.59 118.72 2.46
200.06 12.07 121.94 1.68
200.09 12.09 121.83 1.69
200.12 12.45 120.22 2.49
200.15 11.50 124.11 2.34
200.18 10.38 122.89 2.21
200.21 8.59 129.72 2.07
201 7.93 128.56 1.74
201.03 7.29 120.78 1.61
201.06 6.16 113.06 1.77
201.09 6.16 108.44 1.61
201.12 7.58 113.72 1.83
201.15 8.20 114.33 1.97
201.18 7.80 117.33 1.99
201.21 6.55 102.22 1.75
202 5.79 84.44 .93
202.03 5.88 88.72 -.39
202.06 6.97 91.89 -1.22
202.09 7.34 118.06 -1.16
202.12 6.98 125.06 .28
202.15 6.40 126.39 1.06
202.18 5.94 126.17 1.32
202.21 4.62 111.94 .95
203 4.56 99.22 .31
203.03 5.30 96.28 -1.18
203.06 5.69 96.56 -1.83
203.09 5.99 91.22 -1.46
203.12 6.49 105.50 .16
203.15 5.40 120.06 .84
203.18 3.56 111.67 1.23
203.21 4.11 130.61 .92
204 3.58 96.39 -.62
204.03 4.74 86.33 -2.43
204.06 6.16 88.67 -2.99
204.09 6.57 89.83 -2.02
204.12 6.45 91.00 .57
204.15 5.74 89.39 1.42
204.18 4.80 92.61 1.54
204.21 5.24 87.06 1.34
205 6.55 86.89 .71
205.03 7.80 88.89 -.82
205.06 9.13 97.44 -1.37
205.09 11.53 101.56 -1.56
205.12 11.30 106.61 .11
205.15 11.80 107.00 1.78
205.18 13.25 114.28 2.21
205.21 13.32 118.28 2.21
206 13.10 120.78 1.97
206.03 13.18 123.28 .88
206.06 13.46 124.67 -.37
206.09 12.49 124.11 -.86
206.12 11.27 128.17 .33
206.15 10.02 131.56 1.34
206.18 8.99 134.83 1.69
206.21 7.28 132.50 1.53
207 7.68 125.06 1.09
207.03 7.88 120.00 -.09
207.06 7.89 116.61 -1.24
207.09 6.59 106.44 -1.85
207.12 5.96 111.61 -.39
207.15 5.16 129.56 .87
207.18 5.03 127.11 1.22
207.21 5.53 135.11 .90
208 5.89 132.72 .59
208.03 5.56 141.89 .21
208.06 6.85 145.06 -.22
208.09 7.52 150.17 -.19
208.12 7.96 151.00 -.08
208.15 9.59 153.94 .00
208.18 9.51 151.94 -.12
208.21 9.40 175.67 -.38
209 5.93 179.94 -1.11
209.03 5.63 181.39 -2.14
209.06 5.36 182.67 -2.59
209.09 4.53 179.72 -2.83
209.12 3.92 159.33 -2.27
209.15 2.78 127.56 -1.45
209.18 2.46 55.17 .24
209.21 3.48 62.67 .57
210 5.03 112.50 -.53
210.03 7.16 101.33 -2.55
210.06 8.63 121.61 -3.08
210.09 10.12 126.83 -1.35
210.12 10.49 121.94 -1.32
210.15 7.36 148.39 -.12
210.18 7.36 142.67 .61
210.21 9.62 136.22 1.08
211 8.79 147.83 -.61
211.03 9.49 138.61 -1.08
211.06 9.62 139.00 -2.32
211.09 11.02 139.39 -2.02
211.12 11.25 138.72 -.43
211.15 11.70 135.89 1.37
211.18 11.99 133.89 2.07
211.21 11.31 131.89 2.38
212 11.00 137.28 2.18
212.03 11.54 137.06 1.69
212.06 13.79 131.83 1.64
212.09 11.92 135.94 1.77
212.12 12.17 131.67 1.96
212.15 11.24 136.67 1.96
212.18 9.20 150.17 1.29
212.21 6.85 141.89 .99
213 6.53 139.94 .87
213.03 6.20 139.94 .66
213.06 5.73 142.67 .38
213.09 5.43 138.00 .38
213.12 6.37 136.56 .79
213.15 6.87 130.67 1.34
213.18 6.99 132.83 1.58
213.21 6.84 131.83 1.48
214 7.74 129.89 1.21
214.03 8.38 127.72 1.38
214.06 8.74 132.83 1.66
214.09 7.97 140.89 1.49
214.12 8.23 144.61 1.42
214.15 7.45 142.22 1.26
214.18 7.52 134.78 1.38
214.21 6.87 140.61 1.36
215 6.16 134.28 1.06
215.03 5.89 136.94 1.02
215.06 5.45 138.61 .88
215.09 5.74 132.61 .74
215.12 4.81 134.83 .73
215.15 2.06 127.94 .86
215.18 2.66 194.94 .27
215.21 3.30 205.00 -.51
216 3.26 162.89 -1.08
216.03 2.69 162.39 -1.56
216.06 2.69 162.89 -2.38
216.09 2.69 162.50 -3.24
216.12 2.71 162.56 -3.18
216.15 2.69 174.06 -3.36
216.18 3.01 166.56 -2.91
216.21 3.08 153.50 -3.20
217 3.33 132.67 -3.67
217.03 3.71 132.83 -4.01
217.06 5.22 110.33 -4.82
217.09 6.20 130.11 -4.07
217.12 6.96 111.67 -3.87
217.15 8.07 107.56 -3.28
217.18 7.82 99.00 -2.64
217.21 8.95 103.61 -2.86
218 9.31 99.89 -3.99
218.03 10.05 90.39 -5.68
218.06 10.91 90.78 -6.17
218.09 9.39 94.33 -4.41
218.12 8.88 98.22 -1.92
218.15 8.42 107.94 .54
218.18 6.62 114.72 1.43
218.21 5.14 110.56 1.23
219 5.14 96.17 -.29
219.03 7.28 93.83 -1.97
219.06 8.16 95.39 -2.25
219.09 10.15 91.94 -2.81
219.12 11.54 93.89 -1.74
219.15 11.29 101.50 .40
219.18 9.38 108.17 1.62
219.21 8.48 116.11 1.79
220 8.80 110.89 1.25
220.03 10.24 106.56 -.38
220.06 11.26 113.00 -.95
220.09 11.47 119.06 -.67
220.12 11.22 122.56 .72
220.15 11.57 119.61 2.04
220.18 11.32 116.50 2.03
220.21 10.30 117.00 1.76
221 10.29 115.17 .88
221.03 9.88 112.11 -.30
221.06 11.08 109.94 -.94
221.09 11.72 109.94 -1.64
221.12 12.10 115.39 -1.04
221.15 10.48 123.28 .17
221.18 6.85 138.28 .78
221.21 5.05 129.00 .77
222 5.00 125.67 .73
222.03 4.52 122.72 .00
222.06 4.23 125.78 -.03
222.09 3.60 136.83 .39
222.12 2.87 135.78 .17
222.15 1.34 145.50 1.05
222.18 .99 185.39 1.59
222.21 1.57 224.56 .10
223 2.09 179.39 -.53
223.03 4.33 149.39 -.86
223.06 6.46 143.89 -.68
223.09 7.05 135.94 -.29
223.12 8.83 133.33 -.26
223.15 8.66 127.06 .41
223.18 7.69 125.17 1.10
223.21 8.29 136.33 .89
224 7.50 137.61 .18
224.03 6.72 135.89 .08
224.06 5.50 150.17 -.45
224.09 4.25 155.94 -.97
224.12 4.23 168.56 -1.19
224.15 4.63 174.33 -1.29
224.18 5.14 175.78 -1.71
224.21 5.69 178.39 -2.46
225 6.74 168.17 -3.61
225.03 6.29 170.56 -4.24
225.06 5.60 135.17 -4.57
225.09 6.76 128.39 -4.65
225.12 7.67 132.61 -3.22
225.15 8.24 131.67 -1.47
225.18 9.64 129.44 -.95
225.21 9.34 129.17 -1.36
226 8.64 123.72 -2.07
226.03 7.97 133.56 -1.52
226.06 7.00 144.33 -2.35
226.09 7.72 131.78 -2.17
226.12 10.02 129.33 -1.40
226.15 10.79 144.11 -.57
226.18 9.98 156.22 -.22
226.21 6.94 159.67 -.86
227 5.00 145.17 -1.74
227.03 5.66 118.72 -4.77
227.06 7.49 110.11 -5.97
227.09 9.53 91.39 -7.01
227.12 9.77 89.22 -5.07
227.15 9.05 101.94 -1.67
227.18 8.91 107.11 -.34
227.21 8.52 108.89 -1.01
228 8.30 111.72 -2.74
228.03 8.98 105.39 -4.81
228.06 10.82 116.39 -5.21
228.09 10.45 122.56 -5.77
228.12 8.40 125.00 -3.54
228.15 7.69 138.94 -2.07
228.18 6.93 141.72 -2.16
228.21 5.26 130.06 -2.59
229 5.50 136.67 -3.41
229.03 9.44 115.94 -6.43
229.06 12.28 113.78 -7.64
229.09 9.67 120.28 -5.22
229.12 8.06 131.39 -2.82
229.15 10.52 145.72 -1.93
229.18 6.15 195.94 -3.68
229.21 6.69 168.78 -3.82
230 9.27 164.00 -3.77
230.03 8.79 176.89 -4.17
230.06 8.99 198.89 -4.54
230.09 6.39 209.39 -4.93
230.12 4.22 194.50 -4.72
230.15 3.49 188.28 -4.06
230.18 1.93 207.56 -3.93
230.21 1.83 250.00 -3.91
231 1.51 185.39 -4.67
231.03 2.84 151.94 -5.19
231.06 3.85 122.17 -4.87
231.09 3.75 135.50 -4.93
231.12 3.61 133.00 -5.20
231.15 3.61 133.00 -5.20
231.18 3.66 132.61 -5.21
231.21 4.85 129.06 -6.01
232 6.23 130.11 -6.38
232.03 8.93 130.78 -5.57
232.06 10.76 137.67 -3.96
232.09 12.66 147.11 -3.44
232.12 13.61 150.17 -2.99
232.15 10.90 164.44 -2.03
232.18 9.90 178.72 -1.78
232.21 8.98 174.44 -1.63
233 7.16 171.67 -1.68
233.03 7.20 177.11 -1.52
233.06 6.38 175.00 -1.80
233.09 5.97 191.11 -2.11
233.12 6.40 205.94 -2.13
233.15 8.00 207.39 -2.56
233.18 6.66 209.33 -3.37
233.21 5.47 197.06 -3.11
234 4.69 212.56 -3.76
234.03 3.95 200.94 -4.07
234.06 3.63 157.78 -4.67
234.09 4.03 159.39 -4.32
234.12 4.98 151.22 -3.92
234.15 5.58 150.72 -3.46
234.18 5.00 139.44 -3.33
234.21 4.98 106.06 -4.74
235 7.37 94.67 -7.66
235.03 10.14 106.00 -5.44
235.06 11.45 122.33 -4.27
235.09 13.23 110.83 -5.71
235.12 9.74 129.78 -3.70
235.15 5.12 170.61 -3.14
235.18 5.43 184.83 -3.68
235.21 3.36 176.56 -3.78
236 3.23 114.44 -8.38
236.03 4.78 76.94 -13.63
236.06 4.64 72.50 -13.78
236.09 4.34 81.56 -12.49
236.12 3.24 131.33 -7.97
236.15 4.71 145.22 -5.54
236.18 8.24 224.61 -5.39
236.21 5.43 200.61 -5.95
237 4.41 151.33 -6.90
237.03 4.60 134.44 -6.89
237.06 7.20 118.11 -8.84
237.09 12.72 99.67 -13.98
237.12 11.13 91.44 -13.41
237.15 9.95 97.17 -10.06
237.18 9.91 111.50 -8.41
237.21 9.29 123.28 -7.81
238 7.73 133.50 -7.44
238.03 5.00 138.44 -6.61
238.06 4.64 124.83 -5.87
238.09 3.91 168.94 -5.11
238.12 2.53 165.89 -4.77
238.15 1.77 163.22 -3.86
238.18 2.61 160.50 -4.50
238.21 2.10 187.00 -5.32
239 1.51 163.89 -7.28
239.03 2.42 147.33 -7.19
239.06 2.35 171.56 -6.89
239.09 1.62 165.67 -7.15
239.12 1.34 225.39 -6.08
239.15 3.11 230.50 -5.60
239.18 5.90 232.83 -5.90
239.21 6.81 238.17 -6.11
240 4.70 238.50 -6.28
240.03 3.37 203.22 -6.68
240.06 3.00 123.94 -9.79
240.09 4.17 107.00 -12.82
240.12 6.59 90.00 -13.77
240.15 10.20 96.50 -11.00
240.18 10.32 101.22 -9.61
240.21 11.26 96.28 -9.90
241 14.95 96.06 -11.95
241.03 15.97 95.67 -12.74
241.06 15.78 100.00 -12.57
241.09 14.06 95.11 -12.43
241.12 14.19 94.83 -10.74
241.15 12.68 95.67 -7.20
241.18 12.18 93.28 -4.78
241.21 12.51 91.39 -5.19
242 13.17 96.50 -7.56
242.03 14.12 96.17 -9.59
242.06 15.01 98.28 -10.62
242.09 14.25 101.50 -11.20
242.12 13.56 104.06 -10.31
242.15 12.57 109.89 -7.08
242.18 11.52 107.17 -5.53
244.03 4.45 5.27 -5.67
244.06 5.45 5.86 -5.19
244.09 5.71 6.57 -5.22
244.12 5.82 6.77 -5.46
244.15 1.46 2.84 -3.92
244.18 4.43 5.26 -4.12
244.21 2.83 3.84 -4.92
245 4.19 5.21 -10.30
245.03 6.36 7.59 -6.62
245.06 11.85 14.46 -15.39
245.09 12.47 14.36 -15.86
245.12 7.59 10.50 -13.21
245.15 6.55 7.08 -9.91
245.18 5.96 6.76 -8.55
245.21 4.32 4.66 -8.14
246 4.16 4.39 -7.57
246.03 4.70 5.80 -7.27
246.06 4.38 5.39 -6.79
246.09 2.95 3.38 -7.47
246.12 3.85 4.38 -7.40
246.15 5.51 7.05 -5.67
246.18 7.68 11.06 -5.21
246.21 11.63 13.04 -6.64
247 10.91 11.61 -7.60
247.03 12.22 13.11 -6.01
247.06 13.61 14.64 -5.42
247.09 13.98 15.13 -5.21
247.12 13.78 15.00 -3.53
247.15 12.58 14.78 -1.42
247.18 10.14 10.71 1.18
247.21 9.72 10.99 2.58
248 10.86 12.37 3.96
248.03 12.56 14.26 3.21
248.06 9.71 14.88 -.86
248.09 9.14 13.20 .45
248.12 10.13 11.50 -.39
248.15 8.17 10.05 1.75
248.18 9.05 12.03 1.85
248.21 1.19 12.29 2.46
249 13.99 16.73 1.95
249.03 18.94 22.44 .61
249.06 14.55 17.58 -1.39
249.09 13.31 16.46 -.77
249.12 11.72 14.02 -.33
249.15 9.38 11.43 -.71
249.18 8.72 9.83 .09
249.21 8.08 9.46 -.17
250 6.62 8.93 -1.24
250.03 2.20 7.10 -2.13
250.06 .00 .00 -3.36
250.09 .00 .00 -4.27
250.12 .00 .00 -5.10
250.15 3.49 7.32 -3.36
250.18 5.73 6.25 -2.75
250.21 3.62 4.60 -3.51
251 3.80 4.77 -4.52
251.03 4.60 5.14 -5.51
251.06 5.28 5.94 -11.16
251.09 5.95 7.08 -10.81
251.12 7.56 8.58 -10.00
251.15 8.67 9.33 -7.25
251.18 7.90 8.76 -6.51
251.21 7.09 7.72 -8.41
252 9.32 10.71 -10.05
252.03 11.24 12.56 -9.96
252.06 9.43 10.13 -8.19
252.09 8.01 8.79 -4.24
252.12 6.46 7.43 -2.17
252.15 6.27 6.84 -1.30
252.18 5.26 6.61 -1.73
252.21 3.85 4.69 -1.15
253 3.24 3.98 -2.09
253.03 2.57 3.67 -2.42
253.06 2.79 3.23 -2.72
253.09 3.22 4.75 -4.38
253.12 4.29 5.22 -6.76
253.15 3.27 4.05 -5.34
253.18 2.47 2.81 -4.22
253.21 3.44 5.61 -9.61
254 7.21 8.94 -11.27
254.03 9.21 10.28 -10.28
254.06 10.46 10.80 -9.84
254.09 10.10 11.00 -5.80
254.12 10.32 11.22 -4.35
254.15 9.53 9.79 -2.09
254.18 8.21 9.81 -1.85
254.21 6.90 8.06 -3.65
255 7.46 8.56 -6.51
255.03 7.41 8.36 -6.66
255.06 8.18 8.73 -7.32
255.09 7.47 8.61 -6.45
255.12 8.41 9.29 -5.12
255.15 7.15 8.09 -2.81
255.18 5.07 6.11 -3.04
255.21 4.67 5.40 -3.13
256 3.81 5.86 -3.68
256.03 4.10 5.50 -6.43
256.06 4.52 5.82 -8.46
256.09 4.70 5.20 -9.34
256.12 5.79 6.30 -7.77
256.15 5.30 6.20 -4.63
256.18 6.14 6.41 -4.02
256.21 4.63 5.64 -5.67
257 4.67 5.72 -8.55
257.03 5.59 6.47 -8.21
257.06 5.44 6.14 -6.43
257.09 4.65 5.25 -4.99
257.12 4.86 5.32 -4.01
257.15 4.31 5.31 -3.47
257.18 4.42 5.22 -5.64
257.21 4.78 5.57 -5.29
258 5.33 6.03 -4.33
258.03 4.72 5.79 -4.44
258.06 5.18 6.19 -5.07
258.09 6.30 6.76 -3.85
258.12 5.82 6.68 -3.82
258.15 3.71 4.16 -3.04
258.18 2.76 3.53 -2.45
258.21 1.29 1.96 -4.13
259 1.84 2.51 -5.37
259.03 2.18 2.54 -6.74
259.06 1.72 2.16 -6.64
259.09 1.89 2.26 -6.56
259.12 2.20 2.82 -6.87
259.15 2.29 3.21 -3.90
259.18 1.78 2.49 -5.69
259.21 1.31 1.66 -7.10
260 .45 1.12 -8.21
260.03 1.01 3.13 -10.30
260.06 2.41 3.36 -9.80
260.09 2.40 3.86 -10.50
260.12 2.78 3.61 -11.55
260.15 3.31 3.63 -8.04
260.18 3.27 4.08 -8.34
260.21 4.74 5.62 -9.75
261 5.74 6.01 -10.21
261.03 5.91 6.53 -10.41
261.06 10.91 12.89 -16.67
261.09 9.01 12.51 -16.47
261.12 8.49 9.33 -15.04
261.15 6.77 7.74 -12.69
261.18 4.72 6.50 -12.92
261.21 1.78 2.71 -16.24
262 4.10 5.52 -18.20
262.03 4.74 5.67 -14.59
262.06 4.21 4.79 -13.88
262.09 5.60 6.32 -13.88
262.12 6.00 6.37 -13.12
262.15 6.91 8.07 -14.18
262.18 7.09 8.39 -14.43
262.21 5.59 7.30 -16.81
263 8.13 10.35 -22.17
263.03 9.03 10.18 -23.86
263.06 8.96 9.71 -25.90
263.09 10.09 10.86 -25.72
263.12 9.47 10.37 -21.72
263.15 9.25 9.86 -20.35
263.18 8.32 9.61 -19.03
263.21 5.94 7.88 -22.51
264 7.08 8.03 -20.84
264.03 7.68 8.21 -18.66
264.06 9.14 10.30 -18.49
264.09 11.28 12.17 -19.76
264.12 12.26 13.85 -21.05
264.15 12.43 13.46 -19.84
264.18 10.86 11.64 -19.10
264.21 10.17 11.36 -20.76
265 11.86 12.83 -22.39
265.03 11.14 11.75 -21.96
265.06 12.42 13.36 -21.71
265.09 12.96 13.75 -21.50
265.12 12.77 13.45 -18.66
265.15 11.96 12.75 -15.83
265.18 9.84 11.58 -13.73
265.21 8.39 9.52 -15.20
266 7.90 9.00 -15.05
266.03 6.82 8.34 -10.26
266.06 10.19 12.09 -7.87
266.09 13.07 14.13 -6.32
266.12 13.62 14.45 -5.82
266.15 13.04 13.64 -4.43
266.18 12.54 12.97 -4.77
266.21 11.48 13.27 -7.40
267 10.04 10.98 -7.37
267.03 9.83 10.92 -6.09
267.06 9.39 10.40 -6.35
267.09 8.83 9.58 -5.15
267.12 7.60 8.04 -4.04
267.15 7.55 8.36 -2.83
267.18 9.32 10.20 -4.24
267.21 13.63 14.88 -6.03
268 12.85 14.44 -5.42
268.03 12.05 12.92 -6.06
268.06 12.01 13.32 -6.06
268.09 11.18 12.48 -2.59
268.12 9.61 11.03 -2.63
268.15 8.94 10.58 -.51
268.18 8.12 9.46 -.58
268.21 5.76 6.17 -.39
269 7.75 10.31 -2.00
269.03 8.00 9.41 -3.93
269.06 7.09 8.55 -6.92
269.09 7.75 8.40 -6.74
269.12 8.06 8.65 -7.47
269.15 8.69 10.97 -7.20
269.18 6.89 7.49 -9.33
269.21 8.04 9.23 -11.68
270 7.39 8.12 -12.67
270.03 7.99 8.55 -12.94
270.06 8.60 9.31 -13.88
270.09 9.94 10.31 -11.73
270.12 10.40 11.23 -10.57
270.15 9.37 10.52 -12.17
270.18 8.72 9.28 -11.30
270.21 8.03 8.68 -12.47
271 8.86 9.67 -13.14
271.03 10.43 10.93 -14.04
271.06 11.18 11.79 -14.02
271.09 10.90 11.76 -14.51
271.12 12.27 13.14 -12.57
271.15 12.62 13.12 -9.80
271.18 11.14 12.06 -8.38
271.21 9.98 10.71 -8.09
272 10.18 10.89 -5.95
272.03 10.21 10.87 -7.99
272.06 9.23 10.42 -6.27
272.09 5.96 7.11 -5.66
272.12 4.37 5.12 -6.29
272.15 4.15 4.62 -5.77
272.18 4.76 5.32 -6.48
272.21 3.57 4.49 -6.38
273 4.18 5.37 -9.91
273.03 3.86 4.61 -14.75
273.06 2.44 3.49 -10.35
273.09 2.98 3.66 -11.01
273.12 5.08 5.40 -10.07
273.15 5.44 5.75 -11.10
273.18 5.85 6.13 -10.86
273.21 6.03 6.36 -11.51
274 6.11 6.32 -12.34
274.03 6.48 7.14 -12.32
274.06 7.00 7.27 -12.28
274.09 5.96 6.86 -11.96
274.12 5.86 6.60 -12.34
274.15 6.62 7.34 -12.00
274.18 6.86 7.56 -12.55
274.21 7.48 8.19 -13.48
275 8.25 8.99 -13.33
275.03 6.59 8.04 -14.08
275.06 6.81 7.40 -15.10
275.09 7.98 8.54 -17.17
275.12 8.87 9.71 -18.35
275.15 9.33 9.95 -18.08
275.18 8.43 8.93 -18.70
275.21 7.80 8.19 -18.33
276 7.62 8.25 -19.50
276.03 8.31 8.97 -21.78
276.06 8.57 9.12 -21.59
276.09 9.09 9.83 -21.90
276.12 9.50 10.30 -21.27
276.15 10.37 11.24 -20.29
276.18 10.60 11.39 -19.62
276.21 8.96 9.74 -21.19
277 8.49 9.27 -20.71
277.03 9.52 10.86 -20.85
277.06 11.89 12.94 -21.09
277.09 12.42 13.70 -21.85
277.12 10.70 11.69 -19.38
277.15 12.22 13.03 -17.02
277.18 13.45 15.57 -13.71
277.21 13.18 15.25 -7.32
278 9.74 10.96 -5.52
278.03 10.85 13.35 -6.63
278.06 16.12 19.05 -8.84
278.09 19.49 20.32 -10.81
278.12 18.48 20.09 -10.81
278.15 14.97 15.73 -8.14
278.18 13.47 14.57 -8.41
278.21 11.02 12.38 -8.98
279 9.37 10.12 -9.40
279.03 6.68 7.63 -9.68
279.06 6.54 7.08 -11.25
279.09 6.38 6.90 -12.05
279.12 8.08 9.12 -13.41
279.15 8.05 8.97 -12.51
279.18 6.15 7.05 -12.63
279.21 4.72 5.41 -15.99
280 4.01 4.75 -15.71
280.03 3.36 4.43 -16.05
280.06 4.11 4.37 -19.37
280.09 2.75 4.22 -14.37
280.12 .62 1.86 -13.00
280.15 1.06 2.11 -12.18
280.18 3.84 6.15 -14.76
280.21 8.24 11.74 -19.18
281 12.36 15.55 -21.62
281.03 14.85 15.56 -19.33
281.06 15.46 16.99 -16.54
281.09 17.32 19.27 -12.66
281.12 19.15 20.28 -6.45
281.15 16.94 19.74 -1.47
281.18 8.91 14.28 -1.57
281.21 9.83 11.64 -2.86
282 11.87 13.02 -4.77
282.03 12.80 13.83 -6.55
282.06 12.72 13.44 -5.09
282.09 12.61 13.21 -4.93
282.12 10.84 12.16 -4.71
282.15 8.50 9.80 -4.85
282.18 7.21 8.54 -6.74
282.21 7.05 7.71 -6.19
283 6.40 7.41 -6.81
283.03 6.46 7.37 -7.52
283.06 6.98 7.63 -7.40
283.09 6.51 7.42 -9.34
283.12 7.21 8.00 -8.77
283.15 5.80 7.50 -7.60
283.18 5.08 5.43 -7.55
283.21 6.12 6.66 -10.07
284 6.92 7.35 -10.16
284.03 6.72 7.14 -9.91
284.06 6.06 6.90 -9.91
284.09 5.32 6.48 -13.44
284.12 6.15 7.28 -13.98
284.15 7.69 8.34 -12.19
284.18 8.34 8.93 -14.37
284.21 7.55 8.73 -15.85
285 7.30 8.21 -14.53
285.03 8.42 8.68 -14.20
285.06 7.37 8.30 -14.47
285.09 7.32 8.34 -13.77
285.12 8.64 9.25 -14.43
285.15 9.25 9.85 -13.84
285.18 9.17 9.59 -13.31
285.21 9.35 10.09 -14.20
286 9.57 11.01 -14.43
286.03 11.02 11.99 -14.22
286.06 10.68 11.55 -12.59
286.09 10.14 11.03 -14.04
286.12 9.75 10.63 -14.97
286.15 9.01 9.92 -14.89
286.18 8.52 9.76 -15.75
286.21 7.25 8.21 -16.60
287 7.64 8.65 -19.55
287.03 9.42 10.22 -21.38
287.06 10.93 12.11 -23.57
287.09 11.81 12.18 -24.67
287.12 11.94 12.47 -24.94
287.15 11.93 12.59 -25.35
287.18 10.64 11.35 -23.95
287.21 11.00 11.41 -25.79
288 11.03 11.73 -26.32
288.03 10.20 10.62 -25.60
288.06 8.78 9.31 -23.13
288.09 6.74 7.80 -19.90
288.12 3.22 5.22 -19.73
288.15 1.76 2.52 -20.93
288.18 1.69 2.63 -24.98
288.21 3.73 5.26 -27.17
289 5.09 5.84 -25.52
289.03 6.00 7.87 -24.78
289.06 8.88 9.80 -26.91
289.09 11.00 13.32 -26.80
289.12 15.07 15.88 -24.95
289.15 14.56 15.73 -21.01
289.18 15.83 16.87 -17.02
289.21 14.93 16.15 -13.83
290 14.08 15.26 -10.68
290.03 13.93 14.62 -8.50
290.06 13.61 14.69 -5.52
290.09 13.57 14.66 -3.81
290.12 14.13 14.85 -2.82
290.15 10.93 14.54 -3.00
290.18 10.80 12.36 -3.29
290.21 11.29 12.59 -4.04
291 10.50 12.56 -5.12
291.03 11.68 13.48 -5.04
291.06 12.66 14.29 -5.23
291.09 13.23 14.20 -4.74
291.12 11.16 11.67 -5.71
291.15 11.22 12.15 -6.06
291.18 10.74 11.47 -6.43
291.21 12.42 14.36 -6.16
292 14.25 15.65 -4.71
292.03 16.67 18.06 -4.77
292.06 16.55 18.62 -3.90
292.09 17.71 19.44 -3.96
292.12 17.12 19.90 -4.49
292.15 13.90 18.19 -5.20
292.18 9.84 12.47 -6.94
292.21 6.35 7.65 -5.82
293 5.39 7.76 -6.09
293.03 6.56 8.48 -4.90
293.06 8.37 10.15 -4.68
293.09 9.20 10.55 -4.27
293.12 7.18 9.71 -6.79
293.15 5.09 6.45 -8.14
293.18 4.62 5.32 -8.96
293.21 3.91 4.50 -10.46
294 5.34 6.41 -10.12
294.03 4.28 5.02 -6.74
294.06 4.91 5.38 -5.85
294.09 6.06 6.83 -5.58
294.12 5.94 6.81 -4.41
294.15 5.56 6.64 -3.84
294.18 4.15 5.88 -3.93
294.21 5.01 5.86 -5.47
295 4.06 5.25 -5.20
295.03 2.51 4.38 -5.04
295.06 2.89 4.62 -9.10
295.09 4.56 5.22 -9.36
295.12 4.84 5.34 -9.22
295.15 4.62 5.74 -5.23
295.18 3.11 5.44 -5.82
295.21 2.69 5.16 -8.41
296 2.35 3.08 -9.87
296.03 2.62 4.41 -9.57
296.06 7.67 8.83 -10.66
296.09 8.81 9.58 -11.06
296.12 5.56 7.28 -11.47
296.15 4.56 5.50 -11.64
296.18 2.72 3.33 -11.81
296.21 2.83 4.05 -12.86
297 2.85 3.88 -13.16
297.03 3.31 3.65 -14.04
297.06 2.41 3.32 -13.20
297.09 1.12 2.41 -19.45
297.12 1.33 1.80 -17.32
297.15 1.20 1.35 -15.34
297.18 .77 1.12 -16.08
297.21 1.33 1.61 -16.62
298 1.38 1.60 -16.26
298.03 1.76 1.89 -16.92
298.06 2.00 2.25 -17.86
298.09 2.37 2.85 -19.03
298.12 2.69 3.05 -18.85
298.15 2.87 3.49 -21.86
298.18 4.34 5.08 -21.20
298.21 5.62 6.38 -21.76
299 6.06 7.09 -24.55
299.03 7.52 8.07 -29.07
299.06 7.48 8.08 -29.60
299.09 7.88 8.22 -28.26
299.12 8.09 10.49 -29.77
299.15 9.63 10.40 -28.84
299.18 7.81 9.78 -30.11
299.21 6.23 7.02 -29.60
300 7.40 8.41 -29.21
300.03 7.09 7.44 -29.19
300.06 7.33 7.77 -27.30
300.09 5.70 6.77 -23.15
300.12 3.91 5.29 -21.85
300.15 3.23 6.03 -23.16
300.18 7.62 9.09 -24.16
300.21 5.20 7.31 -26.12
301 3.87 5.18 -28.76
301.03 3.99 6.20 -23.18
301.06 5.66 6.35 -20.78
301.09 6.11 8.22 -18.14
301.12 9.38 10.83 -17.89
301.15 8.33 10.36 -18.17
301.18 6.85 7.52 -17.95
301.21 7.21 7.88 -18.29
302 7.91 9.16 -18.69
302.03 4.20 6.06 -19.96
302.06 2.28 3.60 -20.84
302.09 1.25 2.95 -20.08
302.12 2.82 3.93 -20.49
302.15 4.46 5.99 -24.81
302.18 6.72 8.31 -26.40
302.21 7.09 9.13 -18.39
303 9.31 10.18 -14.76
303.03 8.78 9.43 -12.84
303.06 8.80 9.39 -11.65
303.09 7.96 8.51 -10.37
303.12 6.84 8.75 -9.29
303.15 5.01 7.20 -7.94
303.18 7.74 10.27 -8.11
303.21 7.65 10.08 -7.34
304 11.38 13.00 -6.06
304.03 10.51 12.25 -5.44
304.06 8.38 9.99 -5.58
304.09 7.50 9.77 -5.53
304.12 9.61 12.28 -5.66
304.15 12.45 15.64 -6.91
304.18 12.53 14.64 -10.97
304.21 11.27 13.39 -12.28
305 6.11 10.28 -18.11
305.03 3.59 4.17 -13.39
305.06 6.33 8.62 -13.67
305.09 9.03 10.47 -14.37
305.12 9.14 10.22 -14.78
305.15 6.44 7.68 -15.05
305.18 6.01 8.03 -15.90
305.21 5.70 6.76 -18.10
306 5.36 6.93 -23.99
306.03 6.26 7.13 -20.41
306.06 7.17 8.16 -20.54
306.09 7.05 7.82 -23.63
306.12 6.34 7.07 -22.31
306.15 6.21 7.03 -23.36
306.18 5.78 6.94 -19.62
306.21 5.55 6.89 -20.04
307 8.96 10.12 -22.98
307.03 11.44 13.09 -27.92
307.06 11.86 13.07 -26.24
307.09 13.62 14.98 -28.00
307.12 13.79 14.97 -25.08
307.15 12.10 13.80 -24.02
307.18 10.51 11.58 -23.10
307.21 11.03 11.86 -19.11
308 9.91 10.77 -13.45
308.03 10.68 11.78 -10.21
308.06 9.20 10.39 -9.80
308.09 7.15 7.66 -9.40
308.12 8.59 11.01 -8.79
308.15 9.33 10.01 -7.94
308.18 9.91 11.36 -6.81
308.21 11.52 13.07 -4.59
309 10.35 12.40 -5.01
309.03 8.52 9.60 -6.06
309.06 6.93 7.76 -6.27
309.09 4.80 6.06 -8.31
309.12 5.10 5.99 -8.84
309.15 3.11 3.72 -9.98
309.18 2.66 3.51 -9.98
309.21 2.08 2.87 -10.52
310 3.67 4.87 -11.32
310.03 1.97 3.75 -14.83
310.06 1.25 2.30 -16.67
310.09 3.29 3.90 -15.71
310.12 3.82 4.28 -15.90
310.15 3.19 3.80 -15.27
310.18 2.68 3.92 -14.93
310.21 2.27 3.84 -16.28
311 1.24 1.51 -16.21
311.03 1.58 1.81 -18.44
311.06 2.16 2.75 -20.08
311.09 3.61 4.52 -22.00
311.12 4.74 5.23 -20.84
311.15 5.34 5.98 -22.57
311.18 6.88 8.14 -28.57
311.21 8.28 9.32 -29.66
312 8.63 9.24 -29.80
312.03 9.67 10.43 -27.65
312.06 10.13 10.62 -24.93
312.09 10.40 11.01 -22.94
312.12 10.36 11.05 -19.53
312.15 10.39 11.43 -18.13
312.18 12.41 13.41 -16.97
312.21 12.57 13.72 -16.18
313 12.86 14.84 -11.80
313.03 12.74 14.98 -12.84
313.06 12.23 13.96 -14.49
313.09 9.05 10.43 -19.20
313.12 12.13 13.04 -17.76
313.15 10.85 12.71 -13.85
313.18 8.44 8.97 -15.76
313.21 7.19 8.37 -17.12
314 5.89 6.88 -19.70
314.03 4.09 5.50 -18.74
314.06 3.86 4.81 -22.47
314.09 5.24 5.79 -19.71
314.12 6.41 7.63 -20.68
314.15 8.05 8.73 -26.83
314.18 10.09 10.78 -27.45
314.21 11.47 12.36 -30.65
315 13.32 14.19 -33.38
315.03 14.57 15.93 -34.95
315.06 14.38 15.36 -33.25
315.09 15.11 16.09 -32.86
315.12 12.64 13.72 -31.11
315.15 11.04 12.20 -31.86
315.18 7.81 9.54 -29.30
315.21 6.30 7.12 -23.06
316 6.55 7.00 -22.69
316.03 7.04 8.40 -22.57
316.06 8.73 9.17 -22.56
316.09 8.61 9.94 -24.42
316.12 9.88 10.54 -25.28
316.15 10.05 10.88 -26.36
316.18 10.11 11.26 -25.80
316.21 9.45 9.99 -27.30
317 9.54 10.30 -30.07
317.03 10.07 11.66 -31.58
317.06 9.88 11.00 -30.82
317.09 9.90 10.35 -30.50
317.12 10.46 10.97 -29.95
317.15 10.98 11.35 -29.95
317.18 11.54 12.30 -30.15
317.21 11.55 11.87 -29.59
318 10.13 10.84 -30.32
318.03 10.53 11.11 -30.14
318.06 11.03 11.50 -30.17
318.09 11.16 11.74 -30.15
318.12 12.10 12.47 -30.22
318.15 11.80 12.20 -30.06
318.18 13.26 14.63 -29.09
318.21 13.80 14.62 -28.60
319 13.69 14.24 -26.24
319.03 12.38 13.58 -24.53
319.06 13.68 14.27 -24.69
319.09 14.63 15.32 -24.57
319.12 15.00 15.84 -24.28
319.15 14.58 15.25 -22.75
319.18 14.45 15.38 -21.34
319.21 13.96 15.40 -21.11
320 14.26 15.22 -20.52
320.03 13.67 14.66 -19.61
320.06 13.99 14.71 -18.05
320.09 12.35 13.68 -18.09
320.12 11.28 12.24 -17.20
320.15 10.67 11.31 -16.83
320.18 10.89 11.53 -16.14
320.21 10.02 10.93 -15.65
321 9.09 9.73 -15.48
321.03 7.99 9.04 -15.55
321.06 7.33 8.54 -15.65
321.09 8.22 8.80 -17.59
321.12 8.25 8.54 -19.50
321.15 9.04 9.59 -19.94
321.18 9.58 10.23 -20.81
321.21 9.48 10.07 -20.78
322 10.06 10.80 -20.44
322.03 9.11 9.74 -20.10
322.06 9.17 9.77 -19.09
322.09 9.75 11.16 -18.69
322.12 11.57 12.67 -19.74
322.15 11.91 13.29 -20.15
322.18 13.43 14.45 -20.97
322.21 13.84 14.48 -20.50
323 13.87 15.04 -20.52
323.03 14.06 15.05 -20.92
323.06 13.79 14.46 -20.89
323.09 12.40 13.60 -20.58
323.12 12.30 13.70 -18.41
323.15 11.17 11.88 -14.36
323.18 11.00 12.37 -12.82
323.21 8.50 9.51 -13.73
324 7.23 8.42 -14.14
324.03 7.29 8.31 -13.49
324.06 7.41 8.62 -12.09
324.09 8.22 9.73 -15.18
324.12 6.09 7.91 -15.77
324.15 2.64 4.61 -16.47
324.18 1.71 3.30 -17.28
324.21 2.87 4.09 -18.00
325 6.26 9.42 -22.44
325.03 12.48 14.66 -21.33
325.06 13.95 14.90 -22.63
325.09 12.57 13.49 -23.55
325.12 10.58 10.99 -23.74
325.15 9.60 10.97 -23.35
325.18 8.48 10.02 -24.85
325.21 7.67 8.51 -24.92
326 7.19 7.64 -24.78
326.03 6.80 7.39 -25.92
326.06 6.86 7.21 -26.84
326.09 7.03 7.65 -27.27
326.12 7.07 7.82 -26.27
326.15 7.35 8.42 -23.73
326.18 5.71 7.62 -28.01
326.21 6.14 6.95 -27.44
327 8.16 9.52 -23.93
327.03 8.65 9.38 -22.57
327.06 8.88 9.43 -22.56
327.09 9.12 10.18 -23.54
327.12 5.80 8.86 -22.09
327.15 4.00 4.63 -20.25
327.18 4.72 5.51 -20.80
327.21 4.89 6.35 -23.65
328 5.28 5.86 -26.65
328.03 6.55 7.36 -27.69
328.06 6.61 7.65 -30.13
328.09 6.84 7.90 -28.25
328.12 7.41 7.94 -27.47
328.15 6.65 7.36 -31.34
328.18 8.67 9.32 -32.53
328.21 8.86 9.30 -33.61
329 9.52 9.84 -35.30
329.03 9.72 9.91 -36.00
329.06 9.15 10.19 -35.37
329.09 9.31 9.84 -35.47
329.12 10.20 10.74 -35.40
329.15 10.58 11.32 -35.66
329.18 11.15 11.43 -35.64
329.21 10.77 11.53 -38.29
330 11.42 12.09 -38.13
330.03 10.94 12.00 -38.25
330.06 10.49 11.24 -37.85
330.09 11.01 11.39 -36.54
330.12 10.34 11.16 -32.87
330.15 10.51 12.66 -28.98
330.18 10.62 11.66 -29.79
330.21 10.03 11.76 -31.01
331 9.35 9.93 -33.41
331.03 8.90 9.43 -32.85
331.06 8.81 10.16 -35.93
331.09 9.52 10.40 -35.83
331.12 8.27 9.22 -36.31
331.15 7.61 8.22 -36.47
331.18 8.00 8.91 -37.31
331.21 8.40 9.37 -37.43
332 8.98 9.63 -37.88
332.03 9.58 10.17 -37.01
332.06 9.35 9.72 -35.68
332.09 8.98 9.80 -38.74
332.12 9.15 9.95 -38.27
332.15 7.94 8.94 -37.82
332.18 8.63 9.21 -37.99
332.21 7.48 8.39 -34.96
333 7.68 8.42 -33.44
333.03 8.08 8.33 -33.51
333.06 8.07 9.12 -36.03
333.09 8.97 9.97 -35.79
333.12 9.27 9.71 -36.07
333.15 9.52 10.49 -37.31
333.18 9.29 10.43 -37.90
333.21 10.25 10.78 -38.59
334 10.91 11.72 -39.12
334.03 10.97 12.11 -37.49
334.06 10.51 11.85 -37.14
334.09 8.11 9.73 -34.41
334.12 7.81 8.65 -31.97
334.15 8.14 8.70 -34.83
334.18 9.49 10.14 -35.25
334.21 10.66 11.58 -34.89
335 11.52 12.43 -34.22
335.03 11.78 12.57 -33.74
335.06 12.34 13.14 -33.42
335.09 12.48 14.71 -32.54
335.12 12.77 14.13 -31.94
335.15 12.41 13.95 -33.56
335.18 12.55 13.77 -30.26
335.21 13.75 16.59 -24.41
336 15.46 17.37 -23.40
336.03 17.39 18.21 -22.19
336.06 17.96 18.39 -21.85
336.09 17.26 18.42 -19.91
336.12 16.46 17.34 -17.06
336.15 13.71 16.41 -12.39
336.18 15.73 19.30 -12.72
336.21 16.35 20.62 -11.24
337 16.69 18.93 -9.40
337.03 18.49 19.12 -8.93
337.06 16.20 18.06 -8.96
337.09 12.02 16.98 -7.77
337.12 9.03 14.06 -7.97
337.15 13.77 16.83 -12.43
337.18 9.58 12.67 -14.05
337.21 8.86 9.43 -16.07
338 10.15 10.83 -18.32
338.03 10.89 13.58 -19.62
338.06 13.05 13.99 -21.01
338.09 13.00 14.43 -20.18
338.12 14.11 15.49 -17.23
338.15 13.22 15.25 -14.75
338.18 12.01 14.07 -10.86
338.21 10.79 11.37 -9.31
339 10.14 11.36 -7.04
339.03 11.55 13.40 -4.28
339.06 15.80 19.09 -3.09
339.09 17.62 22.98 -4.15
339.12 13.34 14.90 -4.01
339.15 11.90 12.80 -3.35
339.18 17.29 31.04 -2.32
339.21 22.92 25.69 -3.55
340 20.34 21.24 -3.64
340.03 16.94 21.01 -4.98
340.06 16.30 17.14 -4.24
340.09 13.34 15.22 -4.87
340.12 20.29 23.77 -9.10
340.15 19.95 21.98 -10.19
340.18 20.05 21.36 -9.75
340.21 17.40 19.17 -9.61
341 16.24 17.57 -9.31
341.03 17.56 18.53 -10.50
341.06 16.66 18.62 -10.95
341.09 15.19 18.37 -10.81
341.12 9.37 11.35 -16.83
341.15 11.45 13.48 -18.17
341.18 9.16 10.94 -16.41
341.21 7.86 9.06 -14.87
342 8.68 10.26 -15.46
342.03 7.69 9.50 -17.05
342.06 8.81 9.95 -19.49
342.09 10.90 11.57 -19.48
342.12 11.24 12.87 -21.27
342.15 13.33 13.96 -21.60
342.18 12.63 13.90 -22.07
342.21 13.63 14.86 -24.63
343 14.18 15.89 -24.41
343.03 13.46 14.58 -23.48
343.06 12.15 13.52 -24.20
343.09 10.12 11.28 -24.17
343.12 6.34 8.81 -24.82
343.15 4.65 5.48 -25.77
343.18 5.42 6.49 -21.69
343.21 7.22 7.88 -21.29
344 7.28 10.87 -26.01
344.03 10.13 11.43 -26.03
344.06 10.62 12.25 -25.29
344.09 12.84 13.90 -21.46
344.12 13.70 14.86 -17.87
344.15 14.02 15.41 -14.90
344.18 14.33 15.68 -13.61
344.21 15.57 16.66 -12.07
345 15.38 16.12 -11.49
345.03 13.80 16.42 -11.34
345.06 9.30 11.99 -11.49
345.09 6.22 7.27 -13.29
345.12 4.11 5.34 -12.61
345.15 5.00 6.98 -13.35
345.18 6.22 6.85 -17.59
345.21 8.54 10.22 -19.73
346 11.04 12.08 -18.54
346.03 8.35 9.24 -16.79
346.06 6.33 9.33 -18.31
346.09 7.61 9.38 -19.45
346.12 10.46 12.41 -21.72
346.15 13.49 15.55 -21.68
346.18 14.24 15.00 -22.09
346.21 14.97 15.71 -21.18
347 13.82 14.53 -19.35
347.03 12.86 14.04 -19.22
347.06 11.91 13.28 -16.18
347.09 9.97 11.94 -17.77
347.12 8.36 9.60 -20.64
347.15 5.82 7.22 -23.73
347.18 4.46 6.72 -28.40
347.21 5.70 7.43 -28.47
348 7.63 9.09 -27.37
348.03 9.03 9.40 -26.27
348.06 7.96 8.73 -24.57
348.09 6.54 7.73 -24.18
348.12 7.98 9.16 -21.49
348.15 7.74 8.36 -19.04
348.18 7.41 8.26 -19.32
348.21 6.56 7.32 -18.63
349 6.84 7.50 -18.18
349.03 7.49 8.32 -15.33
349.06 8.53 9.27 -14.21
349.09 8.78 9.14 -13.19
349.12 8.50 9.49 -12.09
349.15 9.87 10.75 -11.82
349.18 9.33 11.07 -12.51
349.21 12.26 14.79 -12.68
350 12.96 14.48 -11.60
350.03 10.56 11.63 -12.72
350.06 8.84 9.60 -16.10
350.09 9.53 11.17 -17.75
350.12 9.95 10.77 -16.12
350.15 10.10 11.28 -17.05
350.18 13.02 14.50 -21.28
350.21 10.37 11.48 -23.36
351 11.46 12.12 -23.97
351.03 8.56 11.71 -26.14
351.06 7.03 8.64 -22.94
351.09 5.17 7.06 -22.68
351.12 2.10 3.50 -27.46
351.15 3.67 4.86 -29.31
351.18 3.62 3.99 -29.64
351.21 3.95 4.25 -31.83
352 3.71 4.23 -28.22
352.03 3.30 3.90 -25.99
352.06 4.81 6.20 -30.48
352.09 6.69 7.23 -29.99
352.12 6.93 7.44 -31.17
352.15 7.24 7.75 -31.63
352.18 5.97 7.15 -31.64
352.21 5.03 5.46 -29.22
353 5.61 6.06 -29.88
353.03 5.56 6.39 -31.30
353.06 6.07 6.89 -31.81
353.09 5.90 6.74 -34.60
353.12 7.21 8.21 -35.57
353.15 8.50 9.30 -36.06
353.18 9.12 9.96 -36.03
353.21 10.53 11.84 -33.29
354 12.32 12.66 -33.14
354.03 12.75 13.46 -31.87
354.06 13.09 13.92 -30.81
354.09 13.09 14.48 -29.79
354.12 13.69 14.39 -29.53
354.15 11.77 13.24 -28.18
354.18 9.21 11.18 -27.41
354.21 7.56 8.29 -27.30
355 5.74 7.16 -28.78
355.03 4.02 5.02 -34.03
355.06 4.88 5.67 -34.08
355.09 6.72 7.43 -35.09
355.12 7.89 9.11 -33.09
355.15 8.65 9.09 -30.92
355.18 8.72 9.25 -32.88
355.21 7.64 8.86 -34.90
356 7.95 9.73 -36.04
356.03 9.54 10.43 -36.62
356.06 9.54 10.03 -37.14
356.09 10.56 11.67 -35.54
356.12 12.82 13.54 -34.86
356.15 14.40 15.03 -33.52
356.18 15.58 16.97 -32.05
356.21 14.08 15.07 -30.30
357 14.02 14.66 -28.69
357.03 12.23 13.24 -26.41
357.06 11.09 11.77 -24.11
357.09 10.67 11.44 -23.98
357.12 11.52 12.58 -23.62
357.15 11.21 11.84 -20.96
357.18 10.17 10.80 -18.20
357.21 9.26 10.12 -16.13
358 10.62 12.24 -15.87
358.03 10.86 11.81 -13.87
358.06 11.91 13.19 -12.18
358.09 10.70 12.93 -11.04
358.12 7.38 8.63 -11.17
358.15 8.40 11.60 -11.39
358.18 10.52 11.36 -10.93
358.21 11.27 11.96 -10.73
359 11.17 12.50 -9.82
359.03 8.15 9.50 -11.41
359.06 10.24 10.87 -12.86
359.09 13.04 15.39 -16.05
359.12 15.74 17.11 -13.89
359.15 16.92 20.57 -10.88
359.18 13.18 14.77 -10.23
359.21 12.59 17.69 -10.79
360 15.05 20.22 -17.56
360.03 9.20 11.10 -21.60
360.06 9.21 9.99 -20.73
360.09 7.85 8.23 -20.80
360.12 8.52 10.54 -17.56
360.15 10.61 11.06 -12.41
360.18 15.84 19.09 -6.91
360.21 20.25 21.60 -7.09
361 20.01 21.27 -7.69
361.03 12.61 17.82 -8.81
361.06 10.68 13.56 -10.73
361.09 9.47 12.14 -10.55
361.12 7.87 10.60 -11.60
361.15 10.86 12.54 -12.90
361.18 6.35 10.64 -16.98
361.21 3.94 5.13 -16.21
362 4.91 5.49 -18.24
362.03 6.11 7.62 -25.28
362.06 7.93 9.01 -26.36
362.09 7.88 8.58 -26.21
362.12 8.15 8.56 -27.42
362.15 9.24 9.91 -29.21
362.18 9.73 11.13 -29.03
362.21 10.01 10.83 -30.33
363 9.81 10.44 -29.44
363.03 8.75 9.22 -31.15
363.06 8.69 9.28 -30.80
363.09 11.96 13.52 -27.99
363.12 12.61 14.60 -24.98
363.15 16.52 18.42 -22.90
363.18 17.85 19.50 -21.13
363.21 13.69 16.53 -14.83
364 13.31 16.08 -13.45
364.03 11.68 13.25 -12.49
364.06 11.61 13.18 -13.03
364.09 9.49 12.86 -17.83
364.12 8.90 10.27 -21.01
364.15 10.21 11.53 -21.91
364.18 12.10 13.27 -23.56
364.21 9.59 12.27 -24.76
365 6.67 7.77 -26.18
365.03 7.48 8.43 -28.83
365.06 8.83 10.04 -29.15
365.09 8.46 9.23 -28.96
365.12 7.62 8.33 -31.73
365.15 7.52 8.59 -30.35
365.18 5.93 6.68 -36.06
365.21 4.84 5.41 -36.05
1 4.17 4.89 -36.88
1.03 3.69 4.11 -32.86
1.06 4.52 4.99 -34.15
1.09 5.42 6.45 -35.58
1.12 6.38 7.38 -34.48
1.15 7.11 8.28 -36.42
1.18 7.38 7.93 -37.04
1.21 7.89 8.34 -37.47
2 8.30 8.97 -39.87
2.03 8.50 9.26 -40.35
2.06 10.08 10.53 -41.11
2.09 10.91 11.50 -42.00
2.12 10.18 11.15 -41.02
2.15 10.43 11.26 -40.66
2.18 9.68 10.59 -38.94
2.21 10.37 10.94 -38.39
3 10.80 11.75 -38.37
3.03 10.84 12.08 -36.76
3.06 12.00 12.27 -36.37
3.09 11.31 11.86 -34.77
3.12 12.12 12.49 -33.71
3.15 12.34 12.99 -33.20
3.18 11.77 12.65 -31.38
3.21 10.93 11.71 -28.73
4 9.08 10.52 -28.97
4.03 9.47 10.36 -30.45
4.06 9.36 10.08 -31.28
4.09 7.58 7.93 -33.55
4.12 6.77 7.33 -33.90
4.15 6.25 6.63 -35.85
4.18 5.55 6.40 -33.70
4.21 6.03 6.54 -35.59
5 6.20 7.21 -36.34
5.03 7.50 9.70 -37.52
5.06 9.62 10.90 -37.94
5.09 12.84 14.86 -38.75
5.12 15.25 16.36 -36.51
5.15 16.52 17.14 -35.30
5.18 16.23 16.77 -32.87
5.21 15.42 16.91 -30.80
6 16.75 17.61 -30.83
6.03 16.67 17.12 -29.30
6.06 16.29 17.20 -28.10
6.09 14.87 16.76 -26.80
6.12 14.36 15.40 -25.79
6.15 13.88 15.31 -22.46
6.18 13.16 14.75 -19.17
6.21 8.85 11.59 -17.31
7 7.99 9.19 -15.65
7.03 8.16 8.93 -14.92
7.06 4.35 8.34 -17.48
7.09 3.01 3.99 -18.85
7.12 5.83 7.01 -17.74
7.15 8.19 10.00 -14.88
7.18 9.73 10.99 -12.64
7.21 11.80 12.93 -11.93
8 11.22 14.31 -9.87
8.03 12.11 14.87 -10.26
8.06 8.45 9.32 -10.23
8.09 7.29 9.10 -10.01
8.12 5.20 7.20 -18.85
8.15 6.85 7.96 -22.70
8.18 7.31 8.06 -25.68
8.21 6.32 7.66 -28.07
9 5.20 6.09 -31.29
9.03 6.01 7.27 -32.21
9.06 7.44 8.76 -34.97
9.09 8.36 9.97 -32.75
9.12 9.98 10.86 -32.49
9.15 10.36 11.07 -30.33
9.18 10.28 11.33 -27.78
9.21 10.03 11.15 -25.23
10 10.62 11.42 -23.55
10.03 9.22 10.32 -23.18
10.06 8.56 9.41 -21.74
10.09 7.64 8.60 -19.24
10.12 7.16 7.79 -19.81
10.15 8.24 9.18 -17.38
10.18 7.68 8.28 -15.93
10.21 8.85 11.06 -15.76
11 11.16 12.11 -14.22
11.03 12.37 13.25 -13.33
11.06 13.35 15.44 -13.95
11.09 8.90 11.26 -12.99
11.12 11.02 11.95 -12.84
11.15 11.93 12.80 -13.37
11.18 10.83 11.83 -12.07
11.21 11.87 13.04 -12.16
12 12.92 15.17 -14.36
12.03 14.36 15.02 -14.59
12.06 12.80 14.06 -14.36
12.09 10.86 11.90 -16.08
12.12 8.99 10.36 -19.35
12.15 7.72 8.81 -21.44
12.18 8.29 8.92 -20.29
12.21 7.41 8.03 -19.96
13 5.83 7.64 -24.03
13.03 6.12 6.91 -23.00
13.06 5.54 7.02 -26.52
13.09 4.01 4.67 -29.89
13.12 4.52 4.95 -29.20
13.15 4.33 4.98 -28.93
13.18 6.90 8.07 -25.13
13.21 6.85 8.39 -24.13
14 7.95 9.57 -24.07
14.03 8.45 9.23 -23.96
14.06 8.49 9.07 -23.20
14.09 7.47 9.15 -24.28
14.12 8.70 9.51 -25.85
14.15 8.67 9.47 -25.09
14.18 7.50 8.34 -28.42
14.21 9.04 10.05 -26.19
15 11.42 13.00 -23.64
15.03 11.88 13.51 -20.76
15.06 11.60 12.29 -18.82
15.09 9.75 11.96 -17.52
15.12 8.91 10.20 -16.51
15.15 9.15 10.83 -14.79
15.18 5.57 7.70 -14.80
15.21 5.52 6.15 -14.28
16 6.99 8.64 -12.32
16.03 7.64 8.77 -11.52
16.06 7.00 8.18 -9.05
16.09 9.81 11.44 -10.68
16.12 11.85 13.13 -8.50
16.15 11.45 13.04 -4.03
16.18 13.90 15.31 -3.58
16.21 15.47 16.80 -5.22
17 15.83 17.21 -5.03
17.03 14.58 16.29 -5.95
17.06 17.79 19.27 -4.29
17.09 16.55 17.91 -4.32
17.12 18.24 20.96 -3.29
17.15 11.37 17.80 -7.37
17.18 5.81 8.08 -10.46
17.21 7.16 9.00 -10.97
18 6.60 10.35 -13.90
18.03 12.91 16.97 -13.45
18.06 15.38 16.64 -12.36
18.09 17.19 20.81 -7.34
18.12 20.60 23.87 -6.21
18.15 13.17 16.54 -3.26
18.18 21.60 24.88 -3.95
18.21 18.36 20.79 -4.90
19 13.93 16.85 -7.47
19.03 9.16 11.93 -9.64
19.06 6.40 8.82 -10.66
19.09 9.87 12.21 -12.28
19.12 13.59 16.60 -13.73
19.15 13.68 14.70 -14.08
19.18 12.02 13.71 -14.53
19.21 11.94 15.06 -13.57
20 13.97 16.21 -9.55
20.03 17.71 20.43 -8.60
20.06 13.98 20.25 -8.04
20.09 18.83 23.02 -8.72
20.12 21.25 23.87 -10.57
20.15 20.73 22.05 -11.54
20.18 19.23 20.63 -12.55
20.21 13.48 16.74 -12.07
21 7.68 10.43 -12.82
21.03 8.93 12.53 -7.97
21.06 6.98 9.81 -14.16
21.09 5.87 7.25 -16.75
21.12 7.35 8.04 -15.94
21.15 8.44 10.38 -16.70
21.18 9.64 10.42 -17.31
21.21 9.17 10.17 -18.30
22 9.34 10.38 -19.65
22.03 9.44 10.89 -20.31
22.06 7.89 10.08 -21.49
22.09 6.19 6.91 -20.99
22.12 8.53 9.67 -21.54
22.15 9.78 10.47 -22.81
22.18 10.00 10.57 -22.76
22.21 9.25 10.82 -23.37
23 11.24 12.20 -26.20
23.03 12.39 13.19 -25.75
23.06 12.71 13.95 -24.31
23.09 14.20 15.39 -25.85
23.12 13.58 14.35 -27.31
23.15 13.01 14.00 -26.05
23.18 8.94 10.14 -25.46
23.21 6.92 7.55 -24.88
24 8.00 9.03 -24.57
24.03 9.26 11.15 -25.10
24.06 11.75 12.44 -25.76
24.09 11.37 12.79 -27.41
24.12 13.02 14.07 -27.71
24.15 13.57 14.16 -28.11
24.18 14.58 16.18 -28.25
24.21 13.37 14.55 -26.03
25 15.35 16.29 -21.95
25.03 15.95 17.41 -19.80
25.06 17.81 19.26 -15.37
25.09 16.03 19.08 -12.47
25.12 15.83 17.44 -12.14
25.15 16.84 18.54 -9.27
25.18 18.59 19.80 -8.86
25.21 17.66 19.21 -9.15
26 16.52 17.93 -8.72
26.03 16.77 17.56 -7.17
26.06 15.97 18.57 -8.53
26.09 8.24 14.16 -18.14
26.12 5.14 7.88 -15.76
26.15 1.87 2.83 -18.85
26.18 2.98 4.24 -22.23
26.21 3.60 4.07 -25.03
27 2.85 4.09 -25.13
27.03 3.19 4.06 -26.23
27.06 4.46 5.19 -26.06
27.09 4.73 5.31 -26.82
27.12 3.95 4.75 -28.16
27.15 4.13 5.58 -30.07
27.18 5.78 6.64 -28.60
27.21 6.90 7.86 -30.14
28 7.72 9.05 -32.62
28.03 9.78 11.23 -31.58
28.06 11.68 12.39 -31.47
28.09 11.43 13.15 -30.41
28.12 12.40 14.00 -29.81
28.15 14.73 16.01 -30.33
28.18 15.11 17.07 -20.18
28.21 11.39 13.32 -16.02
29 10.08 12.08 -13.97
29.03 12.05 17.07 -22.94
29.06 15.33 18.38 -23.28
29.09 10.94 13.48 -22.73
29.12 10.51 11.91 -24.18
29.15 10.15 12.11 -26.35
29.18 11.94 12.41 -26.82
29.21 11.59 12.26 -27.61
30 10.40 11.36 -30.24
30.03 11.35 12.99 -30.53
30.06 13.14 13.72 -32.53
30.09 10.81 12.14 -35.52
30.12 12.43 13.81 -36.01
30.15 9.56 11.41 -34.80
30.18 8.75 9.50 -35.11
30.21 8.65 9.38 -35.06
31 8.75 9.09 -34.44
31.03 9.38 9.98 -34.76
31.06 9.40 10.20 -33.16
31.09 8.63 9.44 -31.65
31.12 9.05 9.52 -30.92
31.15 8.42 9.42 -31.14
31.18 7.37 9.05 -31.25
31.21 7.49 8.84 -34.37
32 7.77 8.99 -32.95
32.03 8.15 9.27 -33.62
32.06 8.10 9.26 -32.37
32.09 7.66 9.01 -30.69
32.12 6.53 7.25 -30.92
32.15 8.76 9.44 -27.24
32.18 8.18 8.83 -27.54
32.21 8.54 9.45 -26.10
33 9.15 10.20 -24.23
33.03 8.58 9.25 -23.16
33.06 9.16 10.43 -22.79
33.09 9.61 11.74 -23.17
33.12 9.46 11.18 -23.55
33.15 7.27 7.99 -23.40
33.18 7.08 7.71 -22.14
33.21 7.17 8.15 -22.07
34 9.43 11.03 -23.27
34.03 9.65 12.28 -27.52
34.06 6.83 8.60 -31.36
34.09 4.88 6.78 -36.38
34.12 5.49 6.89 -37.46
34.15 6.01 6.97 -39.15
34.18 5.64 6.40 -41.41
34.21 5.61 5.93 -41.71
35 5.76 6.24 -42.15
35.03 6.07 6.53 -42.33
35.06 6.86 7.28 -41.26
35.09 6.54 7.00 -41.23
35.12 6.46 6.82 -41.26
35.15 5.55 6.20 -41.32
35.18 4.18 4.94 -41.38
35.21 3.37 4.85 -44.05
36 3.36 4.39 -44.51
36.03 5.28 7.04 -45.39
36.06 5.76 7.18 -44.75
36.09 6.61 7.26 -46.15
36.12 6.44 7.53 -43.85
36.15 7.44 7.67 -41.91
36.18 7.12 7.52 -41.76
36.21 7.41 7.85 -41.71
37 7.93 8.33 -40.63
37.03 7.90 8.78 -40.87
37.06 8.80 9.14 -40.14
37.09 8.48 9.53 -40.44
37.12 7.76 8.23 -40.99
37.15 7.69 8.79 -40.51
37.18 7.67 7.98 -39.65
37.21 7.65 8.13 -41.44
38 7.74 8.20 -38.61
38.03 7.86 8.50 -38.63
38.06 9.09 9.85 -35.88
38.09 9.46 10.59 -36.96
38.12 9.78 10.71 -34.31
38.15 9.81 11.35 -32.68
38.18 9.21 9.88 -31.96
38.21 8.25 9.32 -31.26
39 6.90 7.97 -31.29
39.03 6.55 7.85 -32.73
39.06 5.53 6.47 -35.53
39.09 5.64 6.42 -37.50
39.12 5.84 6.29 -40.78
39.15 6.25 6.95 -40.35
39.18 6.50 7.16 -40.08
39.21 7.04 8.25 -41.20
40 8.30 8.79 -40.47
40.03 8.02 8.79 -39.65
40.06 9.33 10.33 -40.57
40.09 9.07 9.71 -40.08
40.12 9.89 10.73 -39.19
40.15 10.21 11.42 -38.02
40.18 10.34 11.32 -36.89
40.21 12.01 12.90 -36.38
41 11.92 12.61 -34.44
41.03 12.57 13.22 -33.76
41.06 13.38 14.34 -32.79
41.09 12.74 13.56 -32.16
41.12 13.73 14.20 -29.86
41.15 13.97 14.68 -26.75
41.18 13.66 14.58 -23.84
41.21 11.75 12.62 -22.45
42 11.97 12.42 -22.61
42.03 11.55 12.46 -21.91
42.06 11.70 12.36 -23.22
42.09 11.17 11.88 -23.39
42.12 11.51 12.05 -20.65
42.15 9.84 10.69 -19.18
42.18 8.66 9.35 -19.43
42.21 8.65 10.05 -21.99
43 10.97 12.08 -21.08
43.03 11.13 12.21 -21.14
43.06 10.67 11.64 -20.65
43.09 8.26 9.37 -20.74
43.12 5.12 8.36 -29.15
43.15 5.13 6.29 -27.60
43.18 5.43 6.71 -26.78
43.21 5.90 7.71 -25.90
44 6.59 7.94 -24.21
44.03 5.91 6.77 -24.18
44.06 5.84 6.80 -22.57
44.09 6.91 8.48 -22.01
44.12 9.24 11.04 -19.60
44.15 10.70 13.17 -19.68
44.18 14.45 15.82 -19.70
44.21 17.25 19.18 -15.35
45 17.66 19.55 -13.60
45.03 15.05 17.17 -12.64
45.06 13.38 15.52 -10.57
45.09 8.26 11.77 -11.15
45.12 7.84 9.09 -10.41
45.15 10.53 12.64 -10.75
45.18 14.28 15.13 -11.62
45.21 11.55 14.00 -8.93
46 12.56 18.70 -8.77
46.03 15.74 19.74 -11.23
46.06 16.42 26.07 -10.79
46.09 25.59 27.02 -11.71
46.12 23.39 27.22 -11.99
46.15 13.21 21.70 -18.90
46.18 10.18 13.66 -22.87
46.21 4.21 5.46 -28.47
47 3.27 4.30 -28.62
47.03 5.05 5.98 -28.20
47.06 4.27 5.02 -28.68
47.09 3.91 5.30 -27.11
47.12 4.88 5.88 -23.03
47.15 9.31 11.42 -23.00
47.18 8.66 11.95 -28.59
47.21 6.09 8.94 -30.25
48 6.85 9.11 -32.52
48.03 3.50 5.02 -34.91
48.06 4.58 6.72 -35.90
48.09 7.72 9.40 -34.95
48.12 8.38 9.60 -33.67
48.15 9.82 12.15 -32.56
48.18 11.98 13.85 -32.66
48.21 13.42 14.86 -30.97
49 14.66 15.35 -29.76
49.03 14.33 15.52 -29.05
49.06 15.27 16.31 -27.09
49.09 13.05 15.15 -24.44
49.12 13.23 14.36 -20.38
49.15 9.73 12.36 -19.41
49.18 6.89 9.09 -21.11
49.21 3.48 6.82 -28.78
50 3.91 6.06 -30.82
50.03 4.68 6.14 -31.35
50.06 3.89 5.19 -31.83
50.09 5.27 6.84 -34.38
50.12 5.64 6.55 -34.51
50.15 3.29 4.78 -32.82
50.18 3.32 3.94 -36.03
50.21 4.17 5.71 -34.73
51 5.76 6.46 -36.63
51.03 6.58 7.47 -38.74
51.06 8.17 9.03 -39.65
51.09 7.85 8.69 -39.19
51.12 6.85 7.40 -38.72
51.15 6.55 7.53 -39.77
51.18 7.65 8.54 -37.91
51.21 6.44 7.40 -37.19
52 7.67 9.81 -38.97
52.03 10.13 10.53 -38.67
52.06 11.21 12.38 -37.90
52.09 12.46 13.25 -37.60
52.12 12.82 13.96 -36.33
52.15 12.76 13.69 -34.61
52.18 11.93 13.35 -34.96
52.21 11.51 12.35 -34.36
53 10.54 11.66 -36.13
53.03 10.46 11.95 -37.54
53.06 10.39 11.80 -37.49
53.09 9.98 10.76 -39.34
53.12 9.79 10.90 -40.75
53.15 7.87 9.04 -39.40
53.18 7.31 8.56 -38.17
53.21 5.76 6.88 -39.37
54 6.09 6.95 -41.26
54.03 6.43 7.11 -41.14
54.06 6.93 7.88 -43.53
54.09 6.92 7.81 -44.95
54.12 6.58 7.80 -44.78
54.15 5.80 7.29 -43.38
54.18 4.93 6.01 -42.59
54.21 6.85 8.21 -39.74
55 10.11 11.00 -40.44
55.03 10.42 11.52 -39.53
55.06 8.70 10.38 -40.69
55.09 4.61 7.13 -38.47
55.12 1.86 4.16 -39.04
55.15 5.79 7.08 -38.25
55.18 6.84 8.48 -36.70
55.21 9.56 11.08 -36.28
56 9.80 11.29 -33.71
56.03 8.64 10.05 -31.99
56.06 7.57 10.61 -33.13
56.09 6.98 8.61 -34.38
56.12 6.15 7.85 -35.01
56.15 6.80 7.75 -35.38
56.18 5.53 7.35 -35.85
56.21 8.01 9.91 -37.48
57 7.01 8.69 -36.76
57.03 5.99 7.68 -38.97
57.06 7.11 8.27 -40.69
57.09 7.08 7.99 -39.93
57.12 6.57 7.55 -39.37
57.15 5.48 6.34 -39.19
57.18 6.23 7.03 -38.48
57.21 5.36 6.77 -38.42
58 5.78 7.23 -39.99
58.03 7.38 8.31 -37.81
58.06 8.49 9.46 -37.34
58.09 9.97 10.37 -37.19
58.12 11.68 12.50 -34.57
58.15 11.64 13.44 -31.19
58.18 13.27 13.54 -30.03
58.21 12.68 13.52 -28.78
59 13.23 14.37 -25.92
59.03 15.51 17.33 -23.13
59.06 15.02 17.54 -23.54
59.09 12.47 14.19 -23.90
59.12 12.32 13.03 -20.95
59.15 13.91 15.83 -17.20
59.18 14.27 15.54 -17.00
59.21 14.10 15.07 -18.75
60 14.77 16.03 -18.95
60.03 13.34 15.28 -20.10
60.06 12.78 15.04 -21.80
60.09 14.32 16.56 -20.73
60.12 13.99 15.21 -17.93
60.15 14.22 14.93 -15.99
60.18 14.13 15.20 -14.37
60.21 13.15 14.06 -15.00
61 12.12 13.43 -14.90
61.03 13.61 15.83 -12.22
61.06 15.11 15.86 -13.90
61.09 16.50 17.68 -13.68
61.12 14.98 16.60 -14.42
61.15 10.02 12.06 -15.05
61.18 10.59 13.00 -10.57
61.21 15.01 16.47 -11.73
62 17.94 20.30 -11.56
62.03 19.22 20.60 -9.80
62.06 19.24 20.95 -8.91
62.09 16.77 18.91 -8.60
62.12 16.75 18.80 -8.74
62.15 14.42 18.65 -7.09
62.18 9.46 12.28 -5.97
62.21 11.72 15.01 -7.37
63 18.10 19.76 -9.61
63.03 15.80 18.32 -9.57
63.06 15.70 16.89 -11.13
63.09 14.89 15.84 -11.47
63.12 14.36 15.30 -13.19
63.15 11.95 13.18 -11.82
63.18 11.16 12.90 -12.32
63.21 5.26 8.55 -13.19
64 5.92 8.23 -11.21
64.03 8.05 11.73 -16.28
64.06 12.09 15.93 -18.43
64.09 11.44 14.67 -19.80
64.12 8.20 9.46 -20.36
64.15 6.38 9.06 -17.53
64.18 2.90 4.77 -17.11
64.21 3.28 3.89 -21.04
65 3.83 4.76 -20.76
65.03 5.96 6.97 -19.74
65.06 8.54 9.22 -20.53
65.09 9.13 9.76 -21.52
65.12 8.48 9.07 -22.90
65.15 9.38 10.95 -20.58
65.18 8.02 9.24 -20.50
65.21 6.21 8.08 -24.33
66 6.24 7.17 -25.56
66.03 5.56 7.25 -27.63
66.06 4.94 6.46 -26.51
66.09 5.30 5.90 -26.30
66.12 4.24 5.93 -26.06
66.15 2.83 3.39 -25.33
66.18 .76 2.17 -24.75
66.21 .00 .00 -25.90
67 .00 .00 -27.21
67.03 3.31 7.08 -29.05
67.06 7.63 9.27 -26.46
67.09 9.41 9.98 -25.95
67.12 8.75 10.17 -24.18
67.15 8.30 9.15 -23.58
67.18 7.18 9.13 -25.43
67.21 5.95 7.09 -27.30
68 7.86 8.27 -28.38
68.03 10.28 11.18 -28.33
68.06 10.80 12.21 -28.60
68.09 10.55 12.73 -28.35
68.12 10.39 12.38 -26.59
68.15 8.81 10.15 -25.05
68.18 7.52 9.15 -26.07
68.21 6.82 8.25 -28.90
69 7.00 7.85 -32.14
69.03 7.21 8.20 -33.88
69.06 7.06 7.77 -34.26
69.09 6.79 7.27 -34.24
69.12 6.95 7.68 -33.68
69.15 6.36 7.88 -32.36
69.18 6.48 7.67 -31.51
69.21 7.69 8.34 -32.90
70 9.01 10.01 -33.04
70.03 9.73 10.86 -32.75
70.06 10.70 11.95 -32.68
70.09 11.44 12.07 -32.20
70.12 13.04 14.72 -32.42
70.15 15.54 16.62 -29.10
70.18 15.48 16.86 -26.10
70.21 11.67 12.84 -23.85
71 8.41 9.38 -25.52
71.03 7.44 8.07 -26.36
71.06 4.42 5.84 -28.59
71.09 4.53 5.16 -30.35
71.12 4.74 6.10 -30.34
71.15 5.86 6.86 -30.79
71.18 5.32 6.39 -30.40
71.21 5.52 6.02 -32.06
72 4.90 5.63 -32.00
72.03 4.66 5.26 -34.90
72.06 3.71 4.11 -38.88
72.09 5.42 6.07 -40.44
72.12 6.29 6.81 -38.80
72.15 6.97 7.51 -36.47
72.18 7.30 7.67 -35.15
72.21 8.64 9.74 -37.15
73 10.96 12.14 -37.43
73.03 12.78 14.61 -36.44
73.06 12.38 13.74 -35.47
73.09 13.58 15.71 -35.48
73.12 13.86 15.29 -31.57
73.15 14.95 16.09 -28.13
73.18 15.78 17.85 -26.94
73.21 18.08 18.87 -28.10
74 17.51 18.51 -28.62
74.03 15.98 16.60 -27.48
74.06 13.83 15.53 -27.09
74.09 10.65 12.55 -27.15
74.12 9.34 10.44 -26.67
74.15 8.16 8.87 -24.77
74.18 6.75 7.91 -25.22
74.21 6.16 6.75 -29.25
75 6.83 7.49 -32.12
75.03 7.79 9.06 -30.85
75.06 8.71 10.16 -31.41
75.09 10.58 11.08 -30.83
75.12 11.76 12.54 -28.20
75.15 10.00 11.50 -22.80
75.18 8.96 9.67 -20.85
75.21 9.39 10.95 -21.88
76 10.20 11.32 -23.14
76.03 10.45 12.46 -20.71
76.06 10.47 12.28 -20.41
76.09 8.15 9.48 -22.10
76.12 7.71 8.83 -22.25
76.15 7.66 8.83 -20.45
76.18 6.81 7.99 -20.60
76.21 7.64 8.33 -22.17
77 8.14 9.46 -22.29
77.03 9.15 9.96 -22.23
77.06 9.91 11.05 -19.86
77.09 10.01 10.97 -19.73
77.12 8.51 9.67 -19.65
77.15 7.42 8.23 -17.91
77.18 6.29 6.96 -18.21
77.21 6.68 7.33 -19.44
78 6.52 6.99 -19.14
78.03 5.87 6.17 -19.53
78.06 5.19 5.97 -21.92
78.09 5.77 6.64 -21.83
78.12 6.93 8.02 -21.43
78.15 6.92 7.34 -20.41
78.18 6.36 6.90 -21.38
78.21 6.63 7.46 -23.77
79 8.12 9.30 -25.32
79.03 8.94 9.56 -26.34
79.06 10.18 10.89 -26.45
79.09 10.56 11.41 -25.83
79.12 9.40 10.26 -22.01
79.15 11.92 13.99 -22.57
79.18 9.48 11.93 -20.69
79.21 9.53 10.92 -21.73
80 9.66 11.00 -23.68
80.03 10.16 11.35 -24.80
80.06 10.01 12.13 -23.85
80.09 11.66 12.51 -23.60
80.12 11.23 12.25 -22.26
80.15 10.66 11.91 -20.08
80.18 8.93 9.57 -19.39
80.21 8.48 9.01 -21.20
81 9.27 10.07 -22.63
81.03 10.55 11.69 -23.70
81.06 11.60 12.38 -24.05
81.09 11.41 12.29 -24.20
81.12 11.68 12.49 -22.23
81.15 10.24 11.11 -20.25
81.18 8.56 9.99 -19.40
81.21 5.84 6.52 -21.93
82 6.42 7.46 -23.35
82.03 7.18 7.95 -25.12
82.06 7.86 8.70 -27.45
82.09 8.10 9.03 -26.36
82.12 7.73 9.19 -25.36
82.15 7.35 8.05 -21.84
82.18 6.79 7.71 -20.44
82.21 6.61 8.51 -23.67
83 8.22 8.94 -24.14
83.03 10.04 11.68 -24.82
83.06 12.96 14.75 -26.22
83.09 15.58 17.55 -24.11
83.12 14.59 16.57 -20.33
83.15 12.29 15.28 -15.52
83.18 7.79 10.14 -15.41
83.21 7.43 8.58 -15.20
84 8.14 8.68 -15.80
84.03 6.22 7.52 -13.13
84.06 6.43 7.07 -9.29
84.09 4.22 5.01 -8.96
84.12 2.62 4.25 -12.26
84.15 1.46 3.03 -15.33
84.18 1.73 2.66 -13.81
84.21 3.55 4.40 -14.90
85 3.24 5.52 -13.89
85.03 2.10 3.26 -15.35
85.06 .70 .88 -17.83
85.09 1.41 1.97 -17.28
85.12 1.50 1.80 -16.68
85.15 1.28 1.72 -19.30
85.18 1.83 2.68 -17.68
85.21 2.77 3.81 -15.16
86 4.26 4.92 -17.97
86.03 4.35 5.42 -16.40
86.06 2.21 3.37 -18.28
86.09 2.43 2.99 -24.26
86.12 2.48 2.92 -23.40
86.15 2.91 3.38 -22.47
86.18 3.51 4.17 -22.24
86.21 4.61 5.35 -24.82
87 4.84 5.96 -23.10
87.03 5.91 6.38 -26.05
87.06 3.78 5.66 -28.48
87.09 1.65 2.86 -31.58
87.12 3.17 4.25 -29.35
87.15 3.11 4.10 -25.81
87.18 3.07 4.56 -23.08
87.21 3.86 5.64 -29.80
88 2.76 4.78 -30.34
88.03 1.41 3.58 -33.90
88.06 4.45 5.45 -34.47
88.09 5.42 6.25 -32.09
88.12 5.68 6.23 -29.21
88.15 6.36 7.19 -26.86
88.18 5.90 6.29 -26.36
88.21 5.40 5.94 -30.84
89 5.39 5.95 -32.43
89.03 6.29 6.90 -30.51
89.06 6.45 6.74 -31.73
89.09 7.06 8.11 -29.86
89.12 7.71 8.10 -28.77
89.15 7.49 8.16 -26.03
89.18 5.91 6.56 -24.73
89.21 5.01 5.68 -27.34
90 6.11 6.84 -32.00
90.03 7.07 7.73 -32.87
90.06 7.45 8.02 -33.76
90.09 7.72 8.02 -33.79
90.12 8.47 8.93 -31.61
90.15 7.87 8.61 -27.71
90.18 6.45 7.12 -26.32
90.21 7.02 8.19 -29.10
91 7.88 8.38 -31.56
91.03 9.44 9.83 -32.34
91.06 10.78 11.50 -33.14
91.09 10.63 11.52 -33.56
91.12 9.69 10.40 -31.61
91.15 7.08 8.29 -26.61
91.18 5.96 6.29 -25.04
91.21 5.07 6.16 -27.90
92 5.63 6.54 -33.27
92.03 7.36 7.87 -34.42
92.06 8.86 9.51 -34.09
92.09 10.24 11.45 -32.72
92.12 11.69 12.33 -29.12
92.15 10.93 11.93 -24.57
92.18 8.94 9.99 -22.35
92.21 7.41 8.07 -24.98
93 6.84 7.66 -28.95
93.03 8.31 9.00 -29.19
93.06 8.62 9.76 -27.93
93.09 9.15 9.97 -27.56
93.12 9.65 10.86 -23.10
93.15 9.64 10.44 -20.21
93.18 8.70 9.45 -18.75
93.21 7.70 8.31 -19.93
94 6.89 7.30 -21.51
94.03 7.32 8.13 -22.19
94.06 8.22 8.73 -24.11
94.09 8.78 9.23 -23.94
94.12 8.58 8.96 -22.73
94.15 7.92 8.53 -20.65
94.18 6.43 7.24 -20.66
94.21 4.77 6.10 -23.30
95 4.31 4.58 -25.51
95.03 5.17 6.09 -25.77
95.06 5.40 5.88 -27.16
95.09 5.67 6.24 -29.79
95.12 5.62 6.92 -27.44
95.15 6.14 6.92 -25.42
95.18 5.02 5.66 -24.73
95.21 3.69 4.35 -27.98
96 5.15 6.26 -32.31
96.03 7.29 8.01 -32.56
96.06 8.31 8.73 -32.72
96.09 9.12 9.71 -32.60
96.12 9.29 9.60 -30.25
96.15 8.35 8.83 -26.93
96.18 6.54 7.82 -25.46
96.21 5.73 6.43 -27.54
97 5.51 6.82 -32.25
97.03 7.47 8.46 -33.03
97.06 8.95 9.64 -33.58
97.09 10.02 10.62 -33.53
97.12 9.99 10.36 -30.66
97.15 8.06 9.60 -26.92
97.18 6.26 7.15 -25.50
97.21 3.46 4.73 -29.00
98 4.36 5.02 -34.11
98.03 5.95 6.61 -34.88
98.06 6.37 7.90 -33.67
98.09 7.92 8.37 -33.86
98.12 8.46 9.29 -31.63
98.15 8.54 8.97 -28.83
98.18 7.48 8.40 -27.65
98.21 6.15 6.73 -28.81
99 7.59 8.83 -30.57
99.03 9.47 9.94 -32.52
99.06 10.09 11.12 -32.83
99.09 10.06 10.99 -34.41
99.12 9.57 10.36 -31.63
99.15 9.72 10.90 -28.65
99.18 7.79 9.47 -26.30
99.21 5.89 6.72 -27.09
100 8.00 9.51 -27.99
100.03 10.41 11.37 -28.74
100.06 10.84 11.41 -30.73
100.09 12.00 12.74 -31.64
100.12 12.68 13.27 -27.75
100.15 12.11 13.36 -23.69
100.18 10.95 11.75 -22.63
100.21 11.44 12.24 -24.46
101 12.52 13.15 -26.67
101.03 12.60 13.31 -28.65
101.06 13.03 14.43 -27.92
101.09 13.59 14.19 -27.39
101.12 13.56 14.38 -24.06
101.15 13.62 14.81 -18.97
101.18 11.71 12.99 -17.18
101.21 11.89 12.98 -18.55
102 11.56 12.59 -19.87
102.03 13.00 14.92 -15.03
102.06 11.45 12.82 -13.58
102.09 11.18 12.20 -16.04
102.12 11.56 12.61 -13.44
102.15 10.97 12.77 -10.32
102.18 10.10 10.95 -8.77
102.21 10.41 11.17 -9.17
103 10.01 11.34 -10.59
103.03 11.04 12.23 -8.79
103.06 12.64 13.65 -8.77
103.09 13.59 14.16 -9.29
103.12 8.39 13.67 -12.22
103.15 5.07 7.06 -12.07
103.18 5.27 6.35 -13.01
103.21 3.63 4.59 -15.35
104 6.20 8.80 -16.19
104.03 10.73 12.62 -16.31
104.06 12.26 13.18 -17.63
104.09 10.03 12.78 -18.41
104.12 8.55 9.55 -16.93
104.15 5.65 6.65 -15.46
104.18 5.41 5.98 -14.38
104.21 3.79 4.98 -17.05
105 6.87 9.15 -20.37
105.03 9.89 11.93 -21.35
105.06 13.60 15.53 -21.57
105.09 16.78 18.27 -20.91
105.12 16.84 17.79 -17.65
105.15 16.77 17.71 -13.67
105.18 16.44 17.37 -11.67
105.21 14.90 15.21 -11.88
106 15.80 16.64 -13.69
106.03 14.81 16.39 -12.80
106.06 14.72 15.28 -12.68
106.09 13.82 14.49 -13.57
106.12 14.68 15.48 -11.71
106.15 14.74 16.10 -10.70
106.18 14.20 16.31 -9.45
106.21 13.09 13.79 -9.59
107 13.83 14.73 -12.28
107.03 14.26 14.90 -14.18
107.06 13.70 14.36 -14.05
107.09 13.13 14.33 -14.36
107.12 14.33 15.39 -13.69
107.15 14.14 15.50 -11.94
107.18 13.50 14.29 -10.59
107.21 10.74 12.29 -12.05
108 8.80 9.59 -16.64
108.03 11.08 13.97 -18.42
108.06 12.90 14.63 -19.62
108.09 11.42 12.03 -20.47
108.12 9.59 10.64 -17.19
108.15 8.40 10.28 -14.61
108.18 5.46 6.39 -13.57
108.21 4.55 5.01 -14.45
109 6.31 6.94 -15.52
109.03 7.40 7.90 -16.63
109.06 9.56 11.12 -18.41
109.09 11.71 12.97 -18.63
109.12 15.72 16.91 -17.26
109.15 16.05 16.87 -15.10
109.18 14.61 15.80 -13.09
109.21 12.11 13.37 -12.72
110 12.49 13.04 -15.20
110.03 14.40 15.25 -15.27
110.06 16.56 17.86 -16.28
110.09 14.91 16.10 -15.18
110.12 15.26 16.33 -14.69
110.15 12.60 14.87 -12.14
110.18 9.21 11.91 -10.41
110.21 7.78 10.14 -10.70
111 11.01 13.34 -12.26
111.03 12.32 14.01 -12.70
111.06 15.50 16.49 -13.39
111.09 13.55 15.23 -16.01
111.12 13.78 14.95 -13.09
111.15 12.53 13.62 -10.23
111.18 12.35 13.15 -9.48
111.21 11.18 15.22 -9.17
112 13.96 17.13 -10.46
112.03 12.57 17.02 -11.21
112.06 12.62 16.85 -12.18
112.09 16.36 17.96 -12.05
112.12 14.65 16.38 -12.09
112.15 16.17 17.85 -10.23
112.18 10.73 16.36 -10.21
112.21 6.32 7.16 -13.21
113 7.12 8.38 -17.86
113.03 11.31 14.08 -18.14
113.06 14.30 15.31 -16.48
113.09 15.08 16.11 -16.59
113.12 13.89 15.16 -15.27
113.15 12.94 13.82 -12.45
113.18 11.28 12.55 -10.39
113.21 11.39 12.36 -11.84
114 9.80 10.90 -15.01
114.03 10.98 12.07 -13.83
114.06 9.64 11.44 -16.14
114.09 7.13 8.79 -12.09
114.12 6.42 10.81 -6.81
114.15 10.41 11.46 -5.33
114.18 9.18 10.75 -4.40
114.21 12.26 13.57 -5.14
115 11.68 14.05 -7.29
115.03 14.24 16.05 -10.03
115.06 16.57 17.43 -10.26
115.09 17.96 19.85 -10.26
115.12 14.62 17.22 -8.55
115.15 12.28 13.56 -6.63
115.18 11.62 15.15 -5.50
115.21 10.88 12.48 -6.94
116 12.98 13.87 -9.22
116.03 14.67 15.67 -12.38
116.06 15.23 16.81 -13.88
116.09 14.93 16.00 -14.07
116.12 14.33 15.46 -12.01
116.15 12.04 12.72 -9.29
116.18 9.86 11.11 -7.74
116.21 8.26 9.13 -9.96
117 8.65 9.36 -13.13
117.03 9.88 11.18 -13.75
117.06 9.91 10.75 -13.77
117.09 10.39 11.84 -16.28
117.12 11.07 11.81 -13.71
117.15 8.90 10.54 -10.05
117.18 7.58 8.12 -9.38
117.21 6.49 7.16 -10.64
118 4.42 5.90 -11.96
118.03 3.47 4.83 -13.94
118.06 5.04 6.29 -15.97
118.09 6.46 7.22 -18.03
118.12 7.72 8.62 -15.70
118.15 6.61 7.13 -13.41
118.18 3.39 6.16 -12.55
118.21 2.79 3.70 -15.05
119 3.67 4.07 -16.10
119.03 3.22 4.22 -18.64
119.06 5.86 7.71 -21.75
119.09 9.52 10.14 -21.93
119.12 9.57 10.15 -19.18
119.15 9.58 10.26 -16.25
119.18 7.42 8.70 -12.72
119.21 5.73 7.50 -13.94
120 6.27 8.01 -16.41
120.03 9.91 10.95 -18.17
120.06 12.11 12.94 -19.31
120.09 13.40 14.08 -19.38
120.12 13.95 14.89 -17.16
120.15 11.66 13.70 -14.53
120.18 10.46 11.34 -12.92
120.21 9.98 10.68 -12.72
121 10.03 11.01 -14.04
121.03 13.14 14.69 -15.52
121.06 14.43 16.44 -15.74
121.09 12.92 15.08 -11.56
121.12 10.47 11.56 -9.61
121.15 9.79 11.83 -9.59
121.18 6.77 13.49 -12.18
121.21 2.06 3.13 -14.28
122 1.99 3.37 -18.98
122.03 3.66 4.64 -18.03
122.06 5.37 6.29 -20.46
122.09 6.11 6.82 -19.59
122.12 6.33 8.29 -16.98
122.15 7.35 8.34 -16.28
122.18 7.21 8.77 -15.33
122.21 4.38 6.49 -18.50
123 5.59 7.11 -21.97
123.03 8.07 9.34 -23.83
123.06 8.87 10.22 -23.15
123.09 9.42 10.75 -23.43
123.12 11.22 11.66 -21.93
123.15 10.04 11.12 -18.51
123.18 7.43 8.59 -16.77
123.21 2.11 4.99 -18.54
124 1.53 2.39 -23.28
124.03 3.31 4.22 -24.11
124.06 6.29 8.18 -28.19
124.09 7.44 8.47 -26.81
124.12 6.98 7.67 -23.40
124.15 7.06 8.12 -20.55
124.18 4.81 5.70 -18.43
124.21 3.97 4.68 -19.44
125 1.52 2.66 -20.88
125.03 .54 1.53 -21.57
125.06 1.23 2.23 -23.82
125.09 .37 .86 -23.83
125.12 1.15 2.26 -22.76
125.15 1.72 2.70 -19.22
125.18 3.03 4.45 -19.18
125.21 3.38 5.47 -18.89
126 .32 .83 -22.29
126.03 1.69 2.32 -26.00
126.06 2.23 2.79 -26.58
126.09 1.73 2.29 -23.91
126.12 1.62 2.17 -20.31
126.15 2.01 2.56 -17.92
126.18 1.27 2.04 -11.23
126.21 .61 1.37 -17.95
127 1.10 2.37 -25.22
127.03 4.03 4.94 -28.73
127.06 5.28 6.04 -31.30
127.09 6.58 6.96 -27.48
127.12 5.89 6.87 -23.22
127.15 5.62 5.95 -21.19
127.18 4.68 5.48 -19.86
127.21 3.49 4.01 -21.40
128 4.06 4.99 -21.17
128.03 6.76 8.57 -24.80
128.06 9.42 10.14 -25.80
128.09 10.71 11.53 -24.69
128.12 11.84 12.46 -22.49
128.15 12.21 12.65 -20.02
128.18 10.96 12.14 -17.32
128.21 7.69 9.08 -16.59
129 6.52 7.37 -20.02
129.03 7.69 8.49 -19.07
129.06 8.65 9.17 -16.61
129.09 8.53 9.12 -14.76
129.12 8.25 9.06 -12.84
129.15 7.21 7.98 -10.68
129.18 7.05 7.39 -9.31
129.21 6.00 7.28 -10.10
130 5.58 6.23 -10.30
130.03 6.57 7.17 -11.04
130.06 6.24 6.94 -10.88
130.09 4.78 5.54 -10.75
130.12 4.92 5.51 -10.23
130.15 4.49 5.06 -8.28
130.18 2.39 3.12 -7.84
130.21 2.23 2.96 -9.45
131 1.19 2.91 -13.84
131.03 3.57 3.97 -17.36
131.06 4.96 5.63 -18.85
131.09 5.14 5.89 -19.21
131.12 4.68 5.77 -14.60
131.15 2.14 3.71 -14.16
131.18 3.55 4.25 -13.43
131.21 4.75 5.59 -15.40
132 5.25 5.86 -15.75
132.03 4.25 4.99 -17.20
132.06 3.71 5.05 -23.32
132.09 5.09 5.74 -21.03
132.12 5.52 6.12 -19.47
132.15 4.62 5.55 -16.50
132.18 2.82 3.60 -14.76
132.21 2.08 2.47 -18.35
133 2.52 3.63 -19.83
133.03 3.03 3.65 -18.85
133.06 4.09 5.44 -19.17
133.09 6.87 8.81 -22.00
133.12 7.20 8.91 -19.23
133.15 3.62 5.68 -15.72
133.18 1.75 3.13 -13.49
133.21 1.76 2.80 -17.26
134 3.35 4.32 -23.53
134.03 5.32 6.22 -27.40
134.06 6.05 6.95 -25.81
134.09 7.46 8.65 -21.45
134.12 7.87 8.30 -18.17
134.15 7.83 8.26 -14.89
134.18 7.25 8.15 -13.25
134.21 5.92 6.41 -14.28
135 7.17 8.14 -17.54
135.03 8.47 9.15 -18.14
135.06 10.49 11.26 -18.75
135.09 11.15 11.95 -18.25
135.12 11.37 12.21 -14.40
135.15 9.44 10.55 -10.48
135.18 8.11 9.56 -8.41
135.21 6.64 8.51 -9.80
136 5.53 6.24 -11.60
136.03 5.45 6.44 -11.04
136.06 3.50 4.86 -10.35
136.09 4.41 5.44 -11.39
136.12 3.16 4.80 -10.77
136.15 5.73 7.05 -9.96
136.18 5.46 6.94 -8.14
136.21 1.07 2.98 -13.43
137 1.70 2.60 -15.19
137.03 3.49 4.13 -13.41
137.06 4.28 5.39 -14.53
137.09 5.67 6.83 -13.75
137.12 5.78 6.50 -13.09
137.15 5.36 6.04 -10.86
137.18 4.24 5.51 -9.45
137.21 2.87 3.60 -11.69
138 1.44 2.73 -18.73
138.03 2.61 3.07 -21.29
138.06 3.59 4.27 -15.01
138.09 6.77 9.32 -16.06
138.12 10.61 12.24 -14.36
138.15 12.53 12.85 -12.09
138.18 10.15 12.13 -9.59
138.21 8.37 8.89 -9.68
139 8.40 9.32 -10.86
139.03 8.94 10.23 -9.75
139.06 10.58 11.23 -8.96
139.09 13.29 14.88 -9.03
139.12 11.51 14.15 -7.62
139.15 9.53 10.17 -6.73
139.18 8.55 9.86 -5.61
139.21 7.45 8.55 -6.79
140 9.93 12.88 -9.08
140.03 13.47 14.93 -11.96
140.06 15.72 16.41 -12.49
140.09 17.43 19.31 -10.39
140.12 17.68 18.92 -9.12
140.15 16.56 18.84 -7.64
140.18 16.13 16.97 -7.37
140.21 15.99 17.38 -7.37
141 14.40 15.83 -7.92
141.03 11.70 12.79 -10.01
141.06 10.76 11.94 -12.34
141.09 10.96 12.03 -12.07
141.12 8.64 10.09 -10.41
141.15 6.67 7.90 -8.65
141.18 4.95 5.95 -6.84
141.21 3.98 4.46 -9.45
142 4.22 4.69 -11.08
142.03 3.74 4.65 -13.04
142.06 3.45 3.93 -13.94
142.09 3.08 3.82 -15.23
142.12 2.98 3.54 -12.44
142.15 1.24 2.59 -3.81
142.18 .79 1.50 -9.57
142.21 2.35 3.67 -13.58
143 3.79 4.83 -18.63
143.03 5.57 6.30 -19.83
143.06 6.75 7.56 -16.85
143.09 8.78 10.03 -14.24
143.12 9.59 10.59 -10.73
143.15 8.46 9.70 -7.72
143.18 8.03 8.71 -6.42
143.21 6.99 8.12 -7.42
144 9.59 10.63 -10.57
144.03 10.55 11.09 -13.90
144.06 9.16 10.05 -17.20
144.09 10.11 11.39 -12.88
144.12 10.01 10.81 -11.56
144.15 9.46 9.92 -10.52
144.18 7.46 9.12 -9.40
144.21 5.58 6.86 -9.61
145 3.96 4.97 -12.84
145.03 7.62 9.38 -15.56
145.06 9.44 9.80 -16.48
145.09 10.61 11.58 -15.45
145.12 11.03 12.17 -12.18
145.15 8.81 10.07 -8.48
145.18 7.65 8.35 -6.86
145.21 6.38 8.13 -6.63
146 9.52 10.53 -9.15
146.03 11.38 12.95 -8.50
146.06 13.15 13.82 -5.20
146.09 12.19 13.67 -3.49
146.12 13.55 14.25 -2.35
146.15 13.23 14.93 -1.96
146.18 12.45 13.42 -1.63
146.21 12.87 13.94 -1.97
147 11.60 13.61 -3.27
147.03 9.49 11.20 -5.18
147.06 4.38 6.72 -7.65
147.09 3.51 4.18 -8.58
147.12 4.58 5.86 -8.48
147.15 4.00 4.73 -9.64
147.18 3.73 4.10 -8.86
147.21 2.84 3.82 -10.07
148 2.72 3.31 -15.73
148.03 3.82 4.57 -14.54
148.06 4.66 5.43 -18.03
148.09 6.29 7.31 -15.71
148.12 8.17 9.01 -12.55
148.15 9.29 10.31 -9.68
148.18 7.86 9.64 -8.14
148.21 6.44 7.50 -8.33
149 7.58 8.63 -10.68
149.03 9.40 10.11 -12.71
149.06 10.05 10.63 -12.19
149.09 11.39 12.50 -11.34
149.12 11.79 12.60 -8.11
149.15 11.56 12.81 -5.82
149.18 9.04 11.26 -4.88
149.21 8.04 9.05 -5.55
150 6.14 8.38 -6.74
150.03 6.66 7.63 -10.41
150.06 7.95 9.37 -10.66
150.09 9.35 11.76 -10.48
150.12 9.51 10.26 -9.08
150.15 8.69 9.88 -7.42
150.18 6.34 6.91 -7.17
150.21 4.84 5.91 -7.22
151 3.95 5.01 -11.98
151.03 4.99 5.63 -16.88
151.06 6.93 8.12 -17.20
151.09 9.21 10.37 -15.00
151.12 7.93 10.40 -9.78
151.15 5.93 7.23 -7.50
151.18 2.70 5.20 -6.84
151.21 4.17 4.51 -8.43
152 2.99 3.98 -9.34
152.03 1.65 2.65 -10.14
152.06 1.22 1.55 -10.21
152.09 1.69 2.85 -9.29
152.12 3.58 4.86 -11.21
152.15 5.43 6.50 -11.32
152.18 3.38 4.17 -9.22
152.21 3.20 3.80 -10.77
153 5.63 6.67 -13.88
153.03 8.17 9.25 -15.39
153.06 9.95 10.52 -16.35
153.09 10.44 11.06 -14.08
153.12 10.43 11.25 -10.73
153.15 9.20 9.64 -7.74
153.18 7.49 8.48 -5.45
153.21 6.78 7.59 -5.95
154 8.25 10.18 -9.08
154.03 9.19 11.15 -11.58
154.06 10.13 10.99 -13.14
154.09 10.77 12.00 -11.90
154.12 11.65 12.19 -9.87
154.15 9.89 11.22 -7.04
154.18 7.79 9.66 -5.50
154.21 5.67 6.66 -5.01
155 4.61 5.48 -9.68
155.03 3.92 4.95 -10.50
155.06 5.00 5.50 -8.81
155.09 4.39 4.75 -7.30
155.12 5.63 7.20 -8.50
155.15 4.40 6.25 -7.24
155.18 2.51 4.37 -6.01
155.21 2.77 3.54 -7.99
156 1.25 1.83 -8.14
156.03 1.00 1.70 -9.08
156.06 3.38 4.81 -9.66
156.09 6.27 8.06 -11.16
156.12 8.84 10.56 -10.23
156.15 10.26 11.28 -6.79
156.18 8.79 10.02 -3.67
156.21 3.57 6.61 -3.82
157 1.78 2.94 -7.99
157.03 1.34 2.00 -8.65
157.06 2.20 3.63 -9.43
157.09 3.23 4.06 -9.57
157.12 3.31 4.68 -8.16
157.15 3.74 4.48 -6.45
157.18 2.31 3.06 -7.52
157.21 2.05 2.73 -10.21
158 4.34 5.21 -11.21
158.03 5.54 6.24 -12.00
158.06 6.49 8.91 -10.44
158.09 9.21 10.84 -9.10
158.12 5.71 7.94 -8.02
158.15 4.80 7.46 -8.29
158.18 4.87 6.32 -7.80
158.21 5.16 6.11 -8.72
159 4.47 5.03 -8.72
159.03 4.63 5.18 -10.28
159.06 3.49 3.91 -11.45
159.09 3.87 4.59 -11.32
159.12 4.82 5.73 -10.35
159.15 4.82 5.60 -8.70
159.18 3.22 3.94 -7.70
159.21 2.11 3.09 -5.58
160 1.53 2.25 -9.05
160.03 1.33 2.07 -9.64
160.06 2.50 5.42 -15.43
160.09 5.16 6.01 -14.83
160.12 5.95 6.52 -10.30
160.15 5.83 6.10 -8.12
160.18 5.55 5.85 -6.92
160.21 4.96 5.89 -7.75
161 6.95 7.74 -10.46
161.03 8.06 10.20 -11.75
161.06 9.95 10.45 -12.53
161.09 9.59 10.40 -10.66
161.12 8.19 9.68 -6.55
161.15 5.19 6.16 -5.01
161.18 3.81 4.54 -5.10
161.21 2.38 3.30 -6.01
162 2.49 3.27 -11.58
162.03 3.90 4.88 -14.19
162.06 5.68 6.39 -13.98
162.09 6.15 6.65 -10.68
162.12 4.23 5.98 -6.40
162.15 2.73 4.35 1.69
162.18 1.01 1.70 -3.50
162.21 1.28 1.82 -4.91
163 1.16 1.49 -6.58
163.03 2.43 3.88 -10.94
163.06 4.63 5.65 -9.91
163.09 5.68 6.20 -9.68
163.12 5.74 6.37 -5.18
163.15 5.02 5.72 -3.59
163.18 6.09 6.76 -2.41
163.21 5.89 6.50 -3.96
164 5.58 6.69 -4.86
164.03 5.06 6.70 -6.41
164.06 6.72 7.56 -9.03
164.09 8.01 8.88 -8.89
164.12 7.28 8.65 -7.23
164.15 6.66 7.10 -4.23
164.18 6.11 6.86 -2.85
164.21 4.67 5.78 -4.45
165 5.29 6.25 -8.84
165.03 6.56 7.64 -10.78
165.06 7.95 9.98 -9.59
165.09 10.54 11.39 -9.36
165.12 10.07 11.25 -6.12
165.15 7.65 8.66 -2.56
165.18 7.65 8.27 -1.54
165.21 4.75 5.94 -2.41
166 3.85 5.25 -3.61
166.03 5.55 6.30 -4.84
166.06 6.55 7.33 -4.76
166.09 7.25 8.22 -4.20
166.12 7.54 7.85 -2.80
166.15 8.78 9.75 -3.15
166.18 7.73 8.54 -2.17
166.21 6.84 8.38 -1.33
167 6.95 8.11 -3.73
167.03 8.68 10.06 -4.40
167.06 10.92 12.08 -3.47
167.09 12.36 14.38 -2.17
167.12 12.01 14.27 -1.76
167.15 10.71 13.09 .27
167.18 9.11 11.50 -.36
167.21 5.30 6.50 -.65
168 3.95 5.33 -2.24
168.03 2.74 3.70 -4.01
168.06 2.04 3.28 -4.51
168.09 5.74 8.17 -5.43
168.12 6.62 7.63 -4.62
168.15 7.88 10.12 -2.39
168.18 8.38 10.03 -2.54
168.21 7.07 8.17 -4.32
169 8.80 11.20 -5.22
169.03 13.36 14.88 -4.34
169.06 13.13 14.69 -2.65
169.09 11.91 13.00 -2.67
169.12 12.69 15.97 -1.99
169.15 16.97 17.99 -1.11
169.18 12.27 15.34 -6.88
169.21 6.28 10.16 -8.43
170 3.02 7.64 -8.34
170.03 8.95 10.69 -12.78
170.06 10.00 11.20 -11.76
170.09 11.47 13.12 -12.41
170.12 12.18 13.23 -10.52
170.15 9.03 11.14 -7.00
170.18 7.32 8.43 -6.64
170.21 5.38 7.16 -8.72
171 2.05 3.32 -9.86
171.03 4.53 6.25 -13.49
171.06 6.98 7.91 -18.21
171.09 7.94 8.52 -13.43
171.12 8.16 9.24 -10.47
171.15 8.40 9.63 -8.43
171.18 7.54 8.92 -7.87
171.21 6.02 7.11 -8.89
172 6.81 7.40 -13.07
172.03 6.78 7.27 -14.63
172.06 8.10 9.15 -14.69
172.09 9.15 10.38 -13.10
172.12 10.18 11.02 -9.36
172.15 9.45 9.78 -5.67
172.18 6.51 8.54 -3.08
172.21 2.51 3.82 -6.12
173 3.87 5.39 -10.39
173.03 5.97 7.21 -12.81
173.06 8.55 9.57 -12.25
173.09 10.08 11.29 -11.07
173.12 11.91 13.08 -8.79
173.15 7.90 11.31 -4.30
173.18 4.43 5.04 -6.51
173.21 3.76 4.60 -6.40
174 3.02 3.83 -7.97
174.03 1.26 1.75 -7.95
174.06 1.39 2.14 -8.16
174.09 1.83 2.31 -7.97
174.12 2.14 2.43 -6.82
174.15 2.97 3.60 -6.84
174.18 3.05 3.57 -7.07
174.21 2.59 3.21 -7.20
175 2.37 2.97 -7.47
175.03 2.57 4.24 -9.19
175.06 5.29 9.56 -11.38
175.09 8.47 11.86 -8.51
175.12 10.74 11.83 -4.74
175.15 8.05 10.48 -1.17
175.18 6.49 7.09 .06
175.21 5.59 6.77 -1.51
176 6.67 9.24 -5.48
176.03 9.56 11.06 -9.40
176.06 9.51 10.89 -10.61
176.09 11.03 11.81 -9.33
176.12 11.80 12.95 -7.45
176.15 10.97 11.62 -4.10
176.18 10.89 11.39 -2.98
176.21 11.46 11.92 -3.45
177 11.34 11.74 -4.96
177.03 11.57 12.00 -6.94
177.06 12.03 12.64 -8.72
177.09 12.13 12.79 -7.62
177.12 12.45 13.62 -4.91
177.15 10.95 11.33 -2.24
177.18 10.52 11.43 -.77
177.21 8.94 9.36 -1.26
178 8.86 10.22 -3.82
178.03 10.41 11.36 -7.30
178.06 10.67 11.44 -8.41
178.09 10.82 11.39 -7.77
178.12 11.16 11.60 -5.07
178.15 9.54 10.09 -1.94
178.18 8.56 9.73 .06
178.21 6.58 7.49 -.96
179 6.46 7.48 -4.66
179.03 8.24 8.88 -7.70
179.06 9.66 10.11 -8.60
179.09 10.15 10.55 -7.77
179.12 10.09 10.62 -4.85
179.15 9.65 10.10 -2.33
179.18 8.27 9.20 -.70
179.21 6.44 7.22 -1.21
180 5.57 7.63 -4.66
180.03 7.62 9.37 -7.62
180.06 9.49 10.59 -8.60
180.09 10.64 11.69 -6.94
180.12 11.22 11.89 -4.69
180.15 10.10 11.11 -1.11
180.18 8.53 9.15 .59
180.21 7.29 8.26 .20
181 7.57 9.12 -2.83
181.03 9.46 10.49 -6.38
181.06 11.11 11.67 -7.87
181.09 10.70 11.83 -7.27
181.12 9.87 10.42 -4.07
181.15 8.32 9.45 -1.54
181.18 6.14 7.43 -1.21
181.21 3.77 4.84 -1.42
182 3.46 4.24 -4.74
182.03 4.64 5.57 -9.98
182.06 6.22 7.48 -7.22
182.09 8.48 9.22 -6.92
182.12 8.25 9.03 -5.34
182.15 9.04 9.91 -3.70
182.18 6.36 8.57 -1.88
182.21 3.99 4.86 -.74
183 4.29 6.09 -4.13
183.03 7.46 8.25 -7.10
183.06 8.24 8.90 -8.89
183.09 9.42 10.45 -7.47
183.12 8.82 10.22 -5.23
183.15 7.46 8.22 -2.83
183.18 6.80 7.95 -1.85
183.21 6.48 6.96 -1.60
184 5.26 6.46 -2.98
184.03 3.72 4.56 -4.16
184.06 3.02 4.42 -3.36
184.09 3.33 5.33 -2.89
184.12 4.14 6.03 -1.82
184.15 7.26 7.77 -.67
184.18 6.71 7.40 -.20
184.21 5.70 6.90 -.32
185 4.03 4.78 -2.60
185.03 5.54 5.99 -4.58
185.06 6.91 8.32 -5.59
185.09 7.53 8.10 -3.07
185.12 6.46 7.37 -.23
185.15 5.63 6.28 -.23
185.18 5.57 6.18 .25
185.21 4.18 5.29 .28
186 3.84 4.86 .22
186.03 4.48 5.05 -.46
186.06 4.75 5.42 -.70
186.09 5.06 5.61 -1.14
186.12 6.64 7.93 -.51
186.15 7.51 8.59 -.17
186.18 7.79 8.15 .35
186.21 6.81 7.92 .22
187 7.10 7.65 -1.36
187.03 9.24 10.65 -4.02
187.06 11.39 12.75 -6.06
187.09 12.69 13.27 -6.04
187.12 12.65 13.06 -3.30
187.15 11.47 12.57 -.27
187.18 9.28 10.79 1.08
187.21 8.25 8.95 1.14
188 8.67 9.26 -.29
188.03 9.90 11.20 -2.22
188.06 11.09 11.92 -3.25
188.09 10.51 11.76 -1.76
188.12 8.63 9.27 .62
188.15 7.74 8.69 1.41
188.18 5.05 7.30 1.14
188.21 4.44 5.19 .61
189 3.63 4.03 -1.86
189.03 3.40 4.19 -1.77
189.06 2.27 3.24 -.77
189.09 4.07 4.95 -.55
189.12 5.32 5.86 -.07
189.15 6.38 7.10 .41
189.18 5.76 6.59 .74
189.21 5.06 5.54 .28
190 4.44 6.03 -.05
190.03 6.56 7.45 -.90
190.06 6.49 7.17 -1.15
190.09 5.04 6.20 -1.02
190.12 4.09 4.96 -.46
190.15 5.23 5.81 -.39
190.18 4.73 5.43 -.36
190.21 3.17 4.03 -1.61
191 .00 .00 -2.49
191.03 .00 .00 -1.88
191.06 .00 .00 -2.31
191.09 .00 .00 -1.52
191.12 .80 2.61 1.78
191.15 3.18 4.58 -2.04
191.18 2.82 3.67 -1.18
191.21 2.91 3.56 -1.82
192 3.30 3.76 -2.22
192.03 2.35 3.36 -2.90
192.06 2.48 2.64 -2.60
192.09 3.25 3.87 -1.46
192.12 3.31 3.75 .28
192.15 2.40 3.09 .41
192.18 3.39 4.23 -.29
192.21 4.43 5.32 -.55
193 4.87 6.12 -.62
193.03 4.92 5.33 -.33
193.06 5.76 6.44 -.55
193.09 6.21 6.88 .19
193.12 4.92 6.65 .74
193.15 5.96 6.82 .41
193.18 6.23 7.25 .15
193.21 5.96 6.78 .28
194 3.57 5.36 .22
194.03 5.07 6.16 .22
194.06 7.07 8.29 .97
194.09 6.65 7.18 1.27
194.12 7.62 8.22 1.61
194.15 7.65 8.30 1.37
194.18 5.94 6.99 1.20
194.21 5.60 6.08 1.13
195 6.58 7.17 1.04
195.03 6.90 7.38 1.24
195.06 7.93 8.44 1.14
195.09 8.23 9.04 .67
195.12 9.13 9.86 1.71
195.15 7.65 8.28 2.05
195.18 5.84 6.49 2.12
195.21 5.63 6.72 1.77
196 6.72 7.39 1.13
196.03 7.42 7.77 .61
196.06 7.76 9.02 -.17
196.09 9.55 10.33 .67
196.12 9.71 10.53 1.85
196.15 8.80 9.33 2.22
196.18 7.57 8.56 2.88
196.21 7.48 9.16 2.05
197 6.30 7.11 1.24
197.03 6.91 7.29 .87
197.06 6.45 7.48 .06
197.09 6.20 6.96 1.20
197.12 7.73 8.31 1.57
197.15 6.51 8.34 1.67
197.18 5.60 7.42 1.67
197.21 4.12 5.62 1.13
198 5.61 6.81 .93
198.03 7.07 8.15 -.27
198.06 9.70 11.10 -1.36
198.09 11.81 13.00 -1.68
198.12 12.19 13.27 .41
198.15 11.10 12.05 2.02
198.18 9.14 10.96 2.15
198.21 8.36 8.81 1.92
199 8.66 9.17 .87
199.03 8.34 8.94 -.24
199.06 8.54 8.96 -.99
199.09 9.40 10.74 -.81
199.12 9.22 9.63 .87
199.15 8.31 9.05 1.67
199.18 7.41 8.30 1.95
199.21 6.96 7.53 1.70
200 5.68 7.24 .54
200.03 6.22 7.40 -1.22
200.06 6.88 7.64 -1.21
200.09 8.49 9.32 -1.30
200.12 8.31 9.05 .61
200.15 7.00 7.99 1.30
200.18 5.42 6.54 1.60
200.21 4.78 5.34 .87
201 3.31 4.58 -1.77
201.03 3.59 4.50 -4.05
201.06 5.02 5.61 -4.25
201.09 6.49 6.89 -2.73
201.12 7.16 7.39 -.62
201.15 6.06 6.91 .80
201.18 4.48 5.25 1.00
201.21 4.14 4.54 .41
202 4.52 5.29 -1.40
202.03 6.06 7.52 -2.49
202.06 8.22 8.83 -4.41
202.09 8.93 9.93 -3.08
202.12 9.98 10.46 -.87
202.15 8.56 9.34 .87
202.18 7.52 8.27 1.27
202.21 6.52 6.95 1.00
203 5.97 6.32 -.65
203.03 6.28 6.91 -2.58
203.06 6.44 7.78 -3.62
203.09 9.30 10.35 -3.25
203.12 9.22 10.09 -.99
203.15 7.72 8.65 1.04
203.18 6.85 7.51 1.17
203.21 6.68 7.20 1.27
204 6.58 7.54 .70
204.03 8.31 8.92 -.78
204.06 10.37 11.16 -1.61
204.09 10.28 11.37 -.87
204.12 9.82 10.63 .51
204.15 9.13 10.01 1.81
204.18 7.05 9.51 2.01
204.21 8.05 9.34 2.15
205 7.96 9.45 1.67
205.03 9.96 11.66 .19
205.06 11.26 11.91 -.43
205.09 12.07 12.87 -.93
205.12 13.16 14.55 .09
205.15 12.60 13.84 1.77
205.18 10.85 13.70 2.17
205.21 8.91 10.14 2.03
206 8.12 8.88 .78
206.03 7.72 8.60 -1.20
206.06 8.19 8.88 -2.41
206.09 8.34 9.30 -2.86
206.12 8.00 8.94 -.65
206.15 6.73 7.77 -.67
206.18 6.54 7.57 -.40
206.21 5.95 6.72 -.14
207 7.08 8.07 -.52
207.03 6.89 8.14 -2.36
207.06 5.08 6.45 -1.64
207.09 3.91 4.50 -1.15
207.12 4.05 5.48 -.24
207.15 4.85 5.57 .22
207.18 4.55 4.97 .54
207.21 4.12 4.63 -.62
208 5.03 5.59 -2.16
208.03 4.04 4.43 -2.09
208.06 3.94 4.53 -2.89
208.09 3.40 3.89 -3.12
208.12 5.33 10.46 -3.24
208.15 9.04 10.25 -.87
208.18 8.05 8.98 -.08
208.21 6.91 8.06 -1.03
209 7.57 8.97 -2.54
209.03 9.47 11.35 -5.81
209.06 11.80 13.66 -4.68
209.09 14.55 15.91 -4.54
209.12 15.23 16.23 -2.41
209.15 12.29 14.37 -.24
209.18 9.50 10.09 .76
209.21 8.09 9.30 .55
210 7.34 7.86 -.49
210.03 8.74 9.59 -1.51
210.06 7.35 8.29 -4.23
210.09 6.99 7.62 -4.68
210.12 5.59 6.51 -2.39
210.15 4.20 4.87 -.49
210.18 1.78 2.99 1.59
210.21 1.22 2.00 -2.01
211 1.86 2.74 -2.68
211.03 2.57 3.17 -2.36
211.06 1.35 1.64 -2.54
211.09 1.85 2.63 -2.41
211.12 2.71 4.22 -1.55
211.15 3.42 3.93 -1.55
211.18 4.28 5.01 -1.68
211.21 6.12 7.32 -2.33
212 7.47 8.16 -2.83
212.03 7.55 9.93 -4.57
212.06 6.78 10.08 -10.45
212.09 11.25 13.25 -12.10
212.12 12.49 12.85 -8.72
