"JD" "wind mean" "wind max" "t air"
244.03 4.448 5.274 -5.674
244.06 5.447 5.865 -5.194
244.09 5.712 6.574 -5.221
244.12 5.822 6.77 -5.46
244.15 1.464 2.841 -3.921
244.18 4.429 5.263 -4.118
244.21 2.829 3.836 -4.922
245 4.194 5.214 -10.296
245.03 6.359 7.59 -6.616
245.06 11.85 14.46 -15.393
245.09 12.47 14.36 -15.856
245.12 7.59 10.5 -13.212
245.15 6.546 7.08 -9.911
245.18 5.963 6.762 -8.553
245.21 4.316 4.655 -8.141
246 4.156 4.391 -7.574
246.03 4.698 5.797 -7.273
246.06 4.38 5.393 -6.79
246.09 2.955 3.376 -7.473
246.12 3.847 4.382 -7.399
246.15 5.507 7.05 -5.666
246.18 7.68 11.06 -5.209
246.21 11.63 13.04 -6.636
247 10.91 11.61 -7.599
247.03 12.22 13.11 -6.009
247.06 13.61 14.64 -5.422
247.09 13.98 15.13 -5.206
247.12 13.78 15 -3.534
247.15 12.58 14.78 -1.419
247.18 10.14 10.71 1.18
247.21 9.72 10.99 2.578
248 10.86 12.37 3.961
248.03 12.56 14.26 3.21
248.06 9.71 14.88 -0.862
248.09 9.14 13.2 0.449
248.12 10.13 11.5 -0.39
248.15 8.17 10.05 1.745
248.18 9.05 12.03 1.846
248.21 1.192 12.29 2.464
249 13.99 16.73 1.949
249.03 18.94 22.44 0.606
249.06 14.55 17.58 -1.392
249.09 13.31 16.46 -0.768
249.12 11.72 14.02 -0.333
249.15 9.38 11.43 -0.712
249.18 8.72 9.83 0.09
249.21 8.08 9.46 -0.17
250 6.617 8.93 -1.244
250.03 2.205 7.1 -2.129
250.06 0 0 -3.362
250.09 0 0 -4.274
250.12 0 0 -5.102
250.15 3.49 7.32 -3.362
250.18 5.733 6.253 -2.752
250.21 3.623 4.597 -3.509
251 3.804 4.769 -4.524
251.03 4.604 5.144 -5.506
251.06 5.285 5.944 -11.162
251.09 5.948 7.08 -10.812
251.12 7.56 8.58 -10.004
251.15 8.67 9.33 -7.248
251.18 7.9 8.76 -6.506
251.21 7.09 7.72 -8.408
252 9.32 10.71 -10.05
252.03 11.24 12.56 -9.958
252.06 9.43 10.13 -8.189
252.09 8.01 8.79 -4.24
252.12 6.463 7.43 -2.174
252.15 6.272 6.836 -1.299
252.18 5.258 6.609 -1.731
252.21 3.854 4.693 -1.151
253 3.245 3.98 -2.093
253.03 2.565 3.667 -2.424
253.06 2.787 3.228 -2.717
253.09 3.217 4.754 -4.384
253.12 4.287 5.216 -6.764
253.15 3.272 4.054 -5.345
253.18 2.473 2.81 -4.218
253.21 3.436 5.614 -9.613
254 7.21 8.94 -11.272
254.03 9.21 10.28 -10.276
254.06 10.46 10.8 -9.844
254.09 10.1 11 -5.796
254.12 10.32 11.22 -4.352
254.15 9.53 9.79 -2.093
254.18 8.21 9.81 -1.849
254.21 6.899 8.06 -3.649
255 7.46 8.56 -6.506
255.03 7.41 8.36 -6.661
255.06 8.18 8.73 -7.322
255.09 7.47 8.61 -6.453
255.12 8.41 9.29 -5.124
255.15 7.15 8.09 -2.805
255.18 5.069 6.112 -3.041
255.21 4.671 5.4 -3.128
256 3.813 5.862 -3.677
256.03 4.102 5.498 -6.428
256.06 4.523 5.825 -8.456
256.09 4.697 5.204 -9.335
256.12 5.786 6.298 -7.771
256.15 5.301 6.199 -4.632
256.18 6.142 6.414 -4.018
256.21 4.625 5.644 -5.666
257 4.667 5.724 -8.552
257.03 5.592 6.473 -8.213
257.06 5.438 6.135 -6.427
257.09 4.654 5.254 -4.986
257.12 4.857 5.317 -4.014
257.15 4.31 5.307 -3.474
257.18 4.42 5.219 -5.639
257.21 4.78 5.569 -5.289
258 5.331 6.029 -4.326
258.03 4.719 5.794 -4.438
258.06 5.177 6.188 -5.071
258.09 6.299 6.759 -3.846
258.12 5.815 6.679 -3.819
258.15 3.706 4.162 -3.041
258.18 2.759 3.533 -2.451
258.21 1.292 1.961 -4.132
259 1.844 2.508 -5.372
259.03 2.179 2.538 -6.738
259.06 1.724 2.156 -6.635
259.09 1.886 2.263 -6.557
259.12 2.197 2.821 -6.866
259.15 2.289 3.211 -3.905
259.18 1.784 2.495 -5.693
259.21 1.307 1.659 -7.097
260 0.454 1.118 -8.214
260.03 1.009 3.128 -10.298
260.06 2.412 3.36 -9.798
260.09 2.403 3.861 -10.501
260.12 2.776 3.609 -11.554
260.15 3.31 3.634 -8.043
260.18 3.272 4.082 -8.335
260.21 4.74 5.62 -9.752
261 5.738 6.008 -10.208
261.03 5.911 6.53 -10.411
261.06 10.91 12.89 -16.669
261.09 9.01 12.51 -16.472
261.12 8.49 9.33 -15.041
261.15 6.774 7.74 -12.693
261.18 4.722 6.498 -12.918
261.21 1.779 2.712 -16.241
262 4.102 5.523 -18.197
262.03 4.74 5.67 -14.587
262.06 4.207 4.788 -13.884
262.09 5.601 6.319 -13.884
262.12 6.003 6.371 -13.124
262.15 6.909 8.07 -14.177
262.18 7.09 8.39 -14.431
262.21 5.585 7.3 -16.812
263 8.13 10.35 -22.173
263.03 9.03 10.18 -23.864
263.06 8.96 9.71 -25.9
263.09 10.09 10.86 -25.718
263.12 9.47 10.37 -21.723
263.15 9.25 9.86 -20.349
263.18 8.32 9.61 -19.034
263.21 5.943 7.88 -22.508
264 7.08 8.03 -20.836
264.03 7.68 8.21 -18.656
264.06 9.14 10.3 -18.487
264.09 11.28 12.17 -19.763
264.12 12.26 13.85 -21.052
264.15 12.43 13.46 -19.844
264.18 10.86 11.64 -19.098
264.21 10.17 11.36 -20.758
265 11.86 12.83 -22.393
265.03 11.14 11.75 -21.964
265.06 12.42 13.36 -21.709
265.09 12.96 13.75 -21.498
265.12 12.77 13.45 -18.661
265.15 11.96 12.75 -15.829
265.18 9.84 11.58 -13.731
265.21 8.39 9.52 -15.198
266 7.9 9 -15.046
266.03 6.824 8.34 -10.256
266.06 10.19 12.09 -7.868
266.09 13.07 14.13 -6.319
266.12 13.62 14.45 -5.818
266.15 13.04 13.64 -4.431
266.18 12.54 12.97 -4.766
266.21 11.48 13.27 -7.396
267 10.04 10.98 -7.371
267.03 9.83 10.92 -6.085
267.06 9.39 10.4 -6.347
267.09 8.83 9.58 -5.149
267.12 7.6 8.04 -4.04
267.15 7.55 8.36 -2.831
267.18 9.32 10.2 -4.24
267.21 13.63 14.88 -6.035
268 12.85 14.44 -5.421
268.03 12.05 12.92 -6.06
268.06 12.01 13.32 -6.06
268.09 11.18 12.48 -2.593
268.12 9.61 11.03 -2.628
268.15 8.94 10.58 -0.513
268.18 8.12 9.46 -0.58
268.21 5.759 6.174 -0.39
269 7.75 10.31 -2.003
269.03 8 9.41 -3.932
269.06 7.09 8.55 -6.917
269.09 7.75 8.4 -6.738
269.12 8.06 8.65 -7.473
269.15 8.69 10.97 -7.196
269.18 6.894 7.49 -9.334
269.21 8.04 9.23 -11.682
270 7.39 8.12 -12.671
270.03 7.99 8.55 -12.939
270.06 8.6 9.31 -13.884
270.09 9.94 10.31 -11.728
270.12 10.4 11.23 -10.569
270.15 9.37 10.52 -12.173
270.18 8.72 9.28 -11.296
270.21 8.03 8.68 -12.465
271 8.86 9.67 -13.143
271.03 10.43 10.93 -14.043
271.06 11.18 11.79 -14.025
271.09 10.9 11.76 -14.512
271.12 12.27 13.14 -12.571
271.15 12.62 13.12 -9.799
271.18 11.14 12.06 -8.383
271.21 9.98 10.71 -8.09
272 10.18 10.89 -5.953
272.03 10.21 10.87 -7.992
272.06 9.23 10.42 -6.268
272.09 5.961 7.11 -5.661
272.12 4.367 5.12 -6.294
272.15 4.152 4.62 -5.768
272.18 4.764 5.325 -6.479
272.21 3.573 4.495 -6.375
273 4.185 5.366 -9.913
273.03 3.857 4.612 -14.752
273.06 2.442 3.49 -10.345
273.09 2.985 3.665 -11.012
273.12 5.083 5.396 -10.073
273.15 5.439 5.747 -11.1
273.18 5.847 6.127 -10.858
273.21 6.026 6.364 -11.513
274 6.115 6.32 -12.341
274.03 6.479 7.14 -12.32
274.06 7 7.27 -12.278
274.09 5.958 6.861 -11.963
274.12 5.859 6.602 -12.341
274.15 6.619 7.34 -12.004
274.18 6.855 7.56 -12.548
274.21 7.48 8.19 -13.485
275 8.25 8.99 -13.326
275.03 6.593 8.04 -14.078
275.06 6.811 7.4 -15.097
275.09 7.98 8.54 -17.169
275.12 8.87 9.71 -18.352
275.15 9.33 9.95 -18.081
275.18 8.43 8.93 -18.7
275.21 7.8 8.19 -18.332
276 7.62 8.25 -19.504
276.03 8.31 8.97 -21.781
276.06 8.57 9.12 -21.588
276.09 9.09 9.83 -21.902
276.12 9.5 10.3 -21.266
276.15 10.37 11.24 -20.288
276.18 10.6 11.39 -19.62
276.21 8.96 9.74 -21.189
277 8.49 9.27 -20.711
277.03 9.52 10.86 -20.855
277.06 11.89 12.94 -21.089
277.09 12.42 13.7 -21.848
277.12 10.7 11.69 -19.384
277.15 12.22 13.03 -17.017
277.18 13.45 15.57 -13.713
277.21 13.18 15.25 -7.318
278 9.74 10.96 -5.523
278.03 10.85 13.35 -6.63
278.06 16.12 19.05 -8.839
278.09 19.49 20.32 -10.814
278.12 18.48 20.09 -10.814
278.15 14.97 15.73 -8.139
278.18 13.47 14.57 -8.407
278.21 11.02 12.38 -8.982
279 9.37 10.12 -9.405
279.03 6.684 7.63 -9.684
279.06 6.543 7.08 -11.253
279.09 6.379 6.901 -12.047
279.12 8.08 9.12 -13.406
279.15 8.05 8.97 -12.508
279.18 6.153 7.05 -12.632
279.21 4.719 5.409 -15.987
280 4.009 4.748 -15.714
280.03 3.364 4.432 -16.047
280.06 4.11 4.372 -19.374
280.09 2.749 4.221 -14.374
280.12 0.623 1.86 -13.003
280.15 1.064 2.11 -12.175
280.18 3.841 6.148 -14.758
280.21 8.24 11.74 -19.176
281 12.36 15.55 -21.624
281.03 14.85 15.56 -19.326
281.06 15.46 16.99 -16.536
281.09 17.32 19.27 -12.656
281.12 19.15 20.28 -6.448
281.15 16.94 19.74 -1.465
281.18 8.91 14.28 -1.566
281.21 9.83 11.64 -2.858
282 11.87 13.02 -4.766
282.03 12.8 13.83 -6.555
282.06 12.72 13.44 -5.095
282.09 12.61 13.21 -4.931
282.12 10.84 12.16 -4.711
282.15 8.5 9.8 -4.849
282.18 7.21 8.54 -6.737
282.21 7.05 7.71 -6.191
283 6.399 7.41 -6.813
283.03 6.458 7.37 -7.522
283.06 6.983 7.63 -7.396
283.09 6.513 7.42 -9.335
283.12 7.21 8 -8.768
283.15 5.797 7.5 -7.596
283.18 5.08 5.426 -7.546
283.21 6.117 6.657 -10.073
284 6.921 7.35 -10.163
284.03 6.724 7.14 -9.913
284.06 6.056 6.9 -9.913
284.09 5.322 6.478 -13.445
284.12 6.151 7.28 -13.984
284.15 7.69 8.34 -12.194
284.18 8.34 8.93 -14.374
284.21 7.55 8.73 -15.845
285 7.3 8.21 -14.529
285.03 8.42 8.68 -14.2
285.06 7.37 8.3 -14.472
285.09 7.32 8.34 -13.767
285.12 8.64 9.25 -14.431
285.15 9.25 9.85 -13.843
285.18 9.17 9.59 -13.307
285.21 9.35 10.09 -14.2
286 9.57 11.01 -14.431
286.03 11.02 11.99 -14.217
286.06 10.68 11.55 -12.592
286.09 10.14 11.03 -14.043
286.12 9.75 10.63 -14.968
286.15 9.01 9.92 -14.894
286.18 8.52 9.76 -15.752
286.21 7.25 8.21 -16.605
287 7.64 8.65 -19.552
287.03 9.42 10.22 -21.384
287.06 10.93 12.11 -23.566
287.09 11.81 12.18 -24.671
287.12 11.94 12.47 -24.939
287.15 11.93 12.59 -25.349
287.18 10.64 11.35 -23.948
287.21 11 11.41 -25.791
288 11.03 11.73 -26.32
288.03 10.2 10.62 -25.605
288.06 8.78 9.31 -23.134
288.09 6.738 7.8 -19.901
288.12 3.223 5.22 -19.725
288.15 1.76 2.519 -20.933
288.18 1.688 2.625 -24.981
288.21 3.734 5.264 -27.17
289 5.088 5.842 -25.524
289.03 6.002 7.87 -24.779
289.06 8.88 9.8 -26.91
289.09 11 13.32 -26.804
289.12 15.07 15.88 -24.952
289.15 14.56 15.73 -21.015
289.18 15.83 16.87 -17.022
289.21 14.93 16.15 -13.831
290 14.08 15.26 -10.683
290.03 13.93 14.62 -8.503
290.06 13.61 14.69 -5.521
290.09 13.57 14.66 -3.805
290.12 14.13 14.85 -2.822
290.15 10.93 14.54 -2.998
290.18 10.8 12.36 -3.293
290.21 11.29 12.59 -4.038
291 10.5 12.56 -5.121
291.03 11.68 13.48 -5.039
291.06 12.66 14.29 -5.229
291.09 13.23 14.2 -4.737
291.12 11.16 11.67 -5.714
291.15 11.22 12.15 -6.059
291.18 10.74 11.47 -6.426
291.21 12.42 14.36 -6.164
292 14.25 15.65 -4.711
292.03 16.67 18.06 -4.766
292.06 16.55 18.62 -3.899
292.09 17.71 19.44 -3.956
292.12 17.12 19.9 -4.49
292.15 13.9 18.19 -5.205
292.18 9.84 12.47 -6.942
292.21 6.348 7.65 -5.821
293 5.387 7.76 -6.086
293.03 6.557 8.48 -4.904
293.06 8.37 10.15 -4.684
293.09 9.2 10.55 -4.267
293.12 7.18 9.71 -6.788
293.15 5.087 6.451 -8.14
293.18 4.621 5.319 -8.958
293.21 3.915 4.497 -10.457
294 5.343 6.408 -10.118
294.03 4.283 5.022 -6.736
294.06 4.912 5.384 -5.847
294.09 6.06 6.829 -5.581
294.12 5.941 6.814 -4.406
294.15 5.559 6.644 -3.843
294.18 4.151 5.88 -3.928
294.21 5.015 5.858 -5.475
295 4.059 5.252 -5.205
295.03 2.513 4.383 -5.041
295.06 2.894 4.62 -9.1
295.09 4.556 5.219 -9.358
295.12 4.835 5.337 -9.218
295.15 4.622 5.743 -5.231
295.18 3.105 5.44 -5.821
295.21 2.688 5.155 -8.407
296 2.346 3.084 -9.867
296.03 2.623 4.412 -9.568
296.06 7.67 8.83 -10.658
296.09 8.81 9.58 -11.055
296.12 5.56 7.28 -11.469
296.15 4.557 5.501 -11.642
296.18 2.716 3.331 -11.812
296.21 2.833 4.055 -12.857
297 2.85 3.876 -13.163
297.03 3.31 3.655 -14.043
297.06 2.408 3.324 -13.204
297.09 1.121 2.406 -19.447
297.12 1.331 1.801 -17.324
297.15 1.197 1.352 -15.343
297.18 0.769 1.123 -16.079
297.21 1.333 1.613 -16.621
298 1.382 1.597 -16.263
298.03 1.756 1.889 -16.923
298.06 2.002 2.254 -17.858
298.09 2.367 2.845 -19.029
298.12 2.686 3.049 -18.848
298.15 2.868 3.491 -21.861
298.18 4.339 5.079 -21.198
298.21 5.618 6.381 -21.759
299 6.057 7.09 -24.551
299.03 7.52 8.07 -29.074
299.06 7.48 8.08 -29.603
299.09 7.88 8.22 -28.261
299.12 8.09 10.49 -29.77
299.15 9.63 10.4 -28.84
299.18 7.81 9.78 -30.112
299.21 6.233 7.02 -29.603
300 7.4 8.41 -29.213
300.03 7.09 7.44 -29.191
300.06 7.33 7.77 -27.299
300.09 5.701 6.773 -23.147
300.12 3.909 5.286 -21.852
300.15 3.229 6.035 -23.16
300.18 7.62 9.09 -24.158
300.21 5.196 7.31 -26.117
301 3.868 5.178 -28.756
301.03 3.992 6.199 -23.177
301.06 5.665 6.347 -20.781
301.09 6.106 8.22 -18.142
301.12 9.38 10.83 -17.889
301.15 8.33 10.36 -18.172
301.18 6.852 7.52 -17.955
301.21 7.21 7.88 -18.292
302 7.91 9.16 -18.69
302.03 4.204 6.061 -19.958
302.06 2.284 3.599 -20.836
302.09 1.245 2.952 -20.085
302.12 2.823 3.928 -20.493
302.15 4.461 5.993 -24.812
302.18 6.718 8.31 -26.404
302.21 7.09 9.13 -18.392
303 9.31 10.18 -14.764
303.03 8.78 9.43 -12.843
303.06 8.8 9.39 -11.645
303.09 7.96 8.51 -10.369
303.12 6.842 8.75 -9.288
303.15 5.012 7.2 -7.942
303.18 7.74 10.27 -8.114
303.21 7.65 10.08 -7.345
304 11.38 13 -6.056
304.03 10.51 12.25 -5.443
304.06 8.38 9.99 -5.579
304.09 7.5 9.77 -5.525
304.12 9.61 12.28 -5.659
304.15 12.45 15.64 -6.914
304.18 12.53 14.64 -10.968
304.21 11.27 13.39 -12.278
305 6.106 10.28 -18.111
305.03 3.592 4.17 -13.387
305.06 6.33 8.62 -13.666
305.09 9.03 10.47 -14.374
305.12 9.14 10.22 -14.781
305.15 6.442 7.68 -15.046
305.18 6.011 8.03 -15.9
305.21 5.702 6.759 -18.096
306 5.356 6.931 -23.99
306.03 6.264 7.13 -20.414
306.06 7.17 8.16 -20.54
306.09 7.05 7.82 -23.626
306.12 6.34 7.07 -22.305
306.15 6.208 7.03 -23.357
306.18 5.776 6.938 -19.62
306.21 5.549 6.886 -20.038
307 8.96 10.12 -22.978
307.03 11.44 13.09 -27.915
307.06 11.86 13.07 -26.244
307.09 13.62 14.98 -27.996
307.12 13.79 14.97 -25.079
307.15 12.1 13.8 -24.02
307.18 10.51 11.58 -23.103
307.21 11.03 11.86 -19.107
308 9.91 10.77 -13.454
308.03 10.68 11.78 -10.211
308.06 9.2 10.39 -9.8
308.09 7.15 7.66 -9.405
308.12 8.59 11.01 -8.791
308.15 9.33 10.01 -7.942
308.18 9.91 11.36 -6.81
308.21 11.52 13.07 -4.595
309 10.35 12.4 -5.009
309.03 8.52 9.6 -6.057
309.06 6.927 7.76 -6.267
309.09 4.797 6.064 -8.31
309.12 5.103 5.991 -8.839
309.15 3.109 3.72 -9.982
309.18 2.661 3.507 -9.982
309.21 2.079 2.871 -10.525
310 3.672 4.871 -11.318
310.03 1.972 3.75 -14.832
310.06 1.248 2.3 -16.674
310.09 3.293 3.896 -15.714
310.12 3.818 4.282 -15.9
310.15 3.189 3.795 -15.271
310.18 2.678 3.922 -14.928
310.21 2.266 3.837 -16.279
311 1.237 1.513 -16.209
311.03 1.577 1.807 -18.437
311.06 2.164 2.753 -20.081
311.09 3.608 4.522 -22.004
311.12 4.738 5.231 -20.836
311.15 5.34 5.976 -22.565
311.18 6.884 8.14 -28.57
311.21 8.28 9.32 -29.662
312 8.63 9.24 -29.804
312.03 9.67 10.43 -27.649
312.06 10.13 10.62 -24.931
312.09 10.4 11.01 -22.944
312.12 10.36 11.05 -19.533
312.15 10.39 11.43 -18.127
312.18 12.41 13.41 -16.965
312.21 12.57 13.72 -16.182
313 12.86 14.84 -11.796
313.03 12.74 14.98 -12.842
313.06 12.23 13.96 -14.495
313.09 9.05 10.43 -19.2
313.12 12.13 13.04 -17.762
313.15 10.85 12.71 -13.849
313.18 8.44 8.97 -15.758
313.21 7.19 8.37 -17.122
314 5.89 6.884 -19.701
314.03 4.092 5.499 -18.74
314.06 3.864 4.814 -22.468
314.09 5.238 5.794 -19.706
314.12 6.411 7.63 -20.684
314.15 8.05 8.73 -26.832
314.18 10.09 10.78 -27.451
314.21 11.47 12.36 -30.652
315 13.32 14.19 -33.377
315.03 14.57 15.93 -34.954
315.06 14.38 15.36 -33.248
315.09 15.11 16.09 -32.859
315.12 12.64 13.72 -31.108
315.15 11.04 12.2 -31.862
315.18 7.81 9.54 -29.296
315.21 6.296 7.12 -23.056
316 6.553 6.996 -22.687
316.03 7.04 8.4 -22.573
316.06 8.73 9.17 -22.556
316.09 8.61 9.94 -24.422
316.12 9.88 10.54 -25.28
316.15 10.05 10.88 -26.364
316.18 10.11 11.26 -25.799
316.21 9.45 9.99 -27.295
317 9.54 10.3 -30.067
317.03 10.07 11.66 -31.582
317.06 9.88 11 -30.824
317.09 9.9 10.35 -30.495
317.12 10.46 10.97 -29.949
317.15 10.98 11.35 -29.949
317.18 11.54 12.3 -30.149
317.21 11.55 11.87 -29.588
318 10.13 10.84 -30.322
318.03 10.53 11.11 -30.137
318.06 11.03 11.5 -30.174
318.09 11.16 11.74 -30.149
318.12 12.1 12.47 -30.222
318.15 11.8 12.2 -30.064
318.18 13.26 14.63 -29.093
318.21 13.8 14.62 -28.601
319 13.69 14.24 -26.24
319.03 12.38 13.58 -24.526
319.06 13.68 14.27 -24.692
319.09 14.63 15.32 -24.567
319.12 15 15.84 -24.284
319.15 14.58 15.25 -22.748
319.18 14.45 15.38 -21.344
319.21 13.96 15.4 -21.111
320 14.26 15.22 -20.521
320.03 13.67 14.66 -19.615
320.06 13.99 14.71 -18.046
320.09 12.35 13.68 -18.091
320.12 11.28 12.24 -17.2
320.15 10.67 11.31 -16.828
320.18 10.89 11.53 -16.144
320.21 10.02 10.93 -15.648
321 9.09 9.73 -15.482
321.03 7.99 9.04 -15.554
321.06 7.33 8.54 -15.648
321.09 8.22 8.8 -17.593
321.12 8.25 8.54 -19.495
321.15 9.04 9.59 -19.944
321.18 9.58 10.23 -20.808
321.21 9.48 10.07 -20.781
322 10.06 10.8 -20.437
322.03 9.11 9.74 -20.104
322.06 9.17 9.77 -19.093
322.09 9.75 11.16 -18.695
322.12 11.57 12.67 -19.739
322.15 11.91 13.29 -20.151
322.18 13.43 14.45 -20.965
322.21 13.84 14.48 -20.498
323 13.87 15.04 -20.517
323.03 14.06 15.05 -20.919
323.06 13.79 14.46 -20.887
323.09 12.4 13.6 -20.577
323.12 12.3 13.7 -18.412
323.15 11.17 11.88 -14.362
323.18 11 12.37 -12.823
323.21 8.5 9.51 -13.731
324 7.23 8.42 -14.142
324.03 7.29 8.31 -13.492
324.06 7.41 8.62 -12.093
324.09 8.22 9.73 -15.181
324.12 6.091 7.91 -15.774
324.15 2.64 4.611 -16.467
324.18 1.712 3.303 -17.278
324.21 2.869 4.091 -18
325 6.255 9.42 -22.437
325.03 12.48 14.66 -21.33
325.06 13.95 14.9 -22.63
325.09 12.57 13.49 -23.549
325.12 10.58 10.99 -23.737
325.15 9.6 10.97 -23.349
325.18 8.48 10.02 -24.849
325.21 7.67 8.51 -24.919
326 7.19 7.64 -24.779
326.03 6.799 7.39 -25.92
326.06 6.859 7.21 -26.844
326.09 7.03 7.65 -27.267
326.12 7.07 7.82 -26.272
326.15 7.35 8.42 -23.732
326.18 5.708 7.62 -28.012
326.21 6.137 6.948 -27.439
327 8.16 9.52 -23.931
327.03 8.65 9.38 -22.573
327.06 8.88 9.43 -22.556
327.09 9.12 10.18 -23.541
327.12 5.798 8.86 -22.093
327.15 4.001 4.626 -20.255
327.18 4.721 5.511 -20.799
327.21 4.887 6.351 -23.652
328 5.283 5.864 -26.654
328.03 6.555 7.36 -27.695
328.06 6.615 7.65 -30.126
328.09 6.841 7.9 -28.246
328.12 7.41 7.94 -27.466
328.15 6.649 7.36 -31.336
328.18 8.67 9.32 -32.531
328.21 8.86 9.3 -33.607
329 9.52 9.84 -35.301
329.03 9.72 9.91 -35.996
329.06 9.15 10.19 -35.368
329.09 9.31 9.84 -35.465
329.12 10.2 10.74 -35.398
329.15 10.58 11.32 -35.659
329.18 11.15 11.43 -35.636
329.21 10.77 11.53 -38.287
330 11.42 12.09 -38.132
330.03 10.94 12 -38.253
330.06 10.49 11.24 -37.845
330.09 11.01 11.39 -36.537
330.12 10.34 11.16 -32.873
330.15 10.51 12.66 -28.983
330.18 10.62 11.66 -29.789
330.21 10.03 11.76 -31.014
331 9.35 9.93 -33.409
331.03 8.9 9.43 -32.845
331.06 8.81 10.16 -35.929
331.09 9.52 10.4 -35.833
331.12 8.27 9.22 -36.313
331.15 7.61 8.22 -36.471
331.18 8 8.91 -37.305
331.21 8.4 9.37 -37.434
332 8.98 9.63 -37.88
332.03 9.58 10.17 -37.013
332.06 9.35 9.72 -35.683
332.09 8.98 9.8 -38.741
332.12 9.15 9.95 -38.268
332.15 7.94 8.94 -37.816
332.18 8.63 9.21 -37.989
332.21 7.48 8.39 -34.957
333 7.68 8.42 -33.44
333.03 8.08 8.33 -33.509
333.06 8.07 9.12 -36.025
333.09 8.97 9.97 -35.793
333.12 9.27 9.71 -36.068
333.15 9.52 10.49 -37.305
333.18 9.29 10.43 -37.903
333.21 10.25 10.78 -38.587
334 10.91 11.72 -39.123
334.03 10.97 12.11 -37.486
334.06 10.51 11.85 -37.137
334.09 8.11 9.73 -34.406
334.12 7.81 8.65 -31.965
334.15 8.14 8.7 -34.828
334.18 9.49 10.14 -35.25
334.21 10.66 11.58 -34.889
335 11.52 12.43 -34.221
335.03 11.78 12.57 -33.735
335.06 12.34 13.14 -33.416
335.09 12.48 14.71 -32.542
335.12 12.77 14.13 -31.94
335.15 12.41 13.95 -33.555
335.18 12.55 13.77 -30.256
335.21 13.75 16.59 -24.409
336 15.46 17.37 -23.4
336.03 17.39 18.21 -22.195
336.06 17.96 18.39 -21.848
336.09 17.26 18.42 -19.91
336.12 16.46 17.34 -17.064
336.15 13.71 16.41 -12.392
336.18 15.73 19.3 -12.723
336.21 16.35 20.62 -11.236
337 16.69 18.93 -9.405
337.03 18.49 19.12 -8.934
337.06 16.2 18.06 -8.958
337.09 12.02 16.98 -7.768
337.12 9.03 14.06 -7.966
337.15 13.77 16.83 -12.428
337.18 9.58 12.67 -14.049
337.21 8.86 9.43 -16.068
338 10.15 10.83 -18.322
338.03 10.89 13.58 -19.624
338.06 13.05 13.99 -21.011
338.09 13 14.43 -20.184
338.12 14.11 15.49 -17.231
338.15 13.22 15.25 -14.746
338.18 12.01 14.07 -10.861
338.21 10.79 11.37 -9.312
339 10.14 11.36 -7.039
339.03 11.55 13.4 -4.285
339.06 15.8 19.09 -3.085
339.09 17.62 22.98 -4.148
339.12 13.34 14.9 -4.007
339.15 11.9 12.8 -3.345
339.18 17.29 31.04 -2.317
339.21 22.92 25.69 -3.552
340 20.34 21.24 -3.637
340.03 16.94 21.01 -4.984
340.06 16.3 17.14 -4.235
340.09 13.34 15.22 -4.874
340.12 20.29 23.77 -9.1
340.15 19.95 21.98 -10.187
340.18 20.05 21.36 -9.753
340.21 17.4 19.17 -9.614
341 16.24 17.57 -9.311
341.03 17.56 18.53 -10.503
341.06 16.66 18.62 -10.947
341.09 15.19 18.37 -10.814
341.12 9.37 11.35 -16.833
341.15 11.45 13.48 -18.167
341.18 9.16 10.94 -16.408
341.21 7.86 9.06 -14.871
342 8.68 10.26 -15.46
342.03 7.69 9.5 -17.048
342.06 8.81 9.95 -19.49
342.09 10.9 11.57 -19.475
342.12 11.24 12.87 -21.266
342.15 13.33 13.96 -21.601
342.18 12.63 13.9 -22.071
342.21 13.63 14.86 -24.634
343 14.18 15.89 -24.413
343.03 13.46 14.58 -23.477
343.06 12.15 13.52 -24.204
343.09 10.12 11.28 -24.175
343.12 6.343 8.81 -24.82
343.15 4.648 5.479 -25.767
343.18 5.421 6.491 -21.687
343.21 7.22 7.88 -21.294
344 7.28 10.87 -26.012
344.03 10.13 11.43 -26.028
344.06 10.62 12.25 -25.292
344.09 12.84 13.9 -21.461
344.12 13.7 14.86 -17.874
344.15 14.02 15.41 -14.9
344.18 14.33 15.68 -13.613
344.21 15.57 16.66 -12.072
345 15.38 16.12 -11.495
345.03 13.8 16.42 -11.343
345.06 9.3 11.99 -11.494
345.09 6.216 7.27 -13.29
345.12 4.105 5.34 -12.615
345.15 4.999 6.978 -13.349
345.18 6.216 6.848 -17.588
345.21 8.54 10.22 -19.734
346 11.04 12.08 -18.542
346.03 8.35 9.24 -16.786
346.06 6.326 9.33 -18.307
346.09 7.61 9.38 -19.447
346.12 10.46 12.41 -21.723
346.15 13.49 15.55 -21.678
346.18 14.24 15 -22.089
346.21 14.97 15.71 -21.18
347 13.82 14.53 -19.35
347.03 12.86 14.04 -19.219
347.06 11.91 13.28 -16.182
347.09 9.97 11.94 -17.767
347.12 8.36 9.6 -20.637
347.15 5.82 7.22 -23.732
347.18 4.459 6.717 -28.399
347.21 5.697 7.43 -28.467
348 7.63 9.09 -27.369
348.03 9.03 9.4 -26.268
348.06 7.96 8.73 -24.572
348.09 6.538 7.73 -24.179
348.12 7.98 9.16 -21.493
348.15 7.74 8.36 -19.044
348.18 7.41 8.26 -19.321
348.21 6.56 7.32 -18.631
349 6.844 7.5 -18.177
349.03 7.49 8.32 -15.332
349.06 8.53 9.27 -14.206
349.09 8.78 9.14 -13.19
349.12 8.5 9.49 -12.093
349.15 9.87 10.75 -11.817
349.18 9.33 11.07 -12.511
349.21 12.26 14.79 -12.677
350 12.96 14.48 -11.602
350.03 10.56 11.63 -12.719
350.06 8.84 9.6 -16.101
350.09 9.53 11.17 -17.746
350.12 9.95 10.77 -16.123
350.15 10.1 11.28 -17.048
350.18 13.02 14.5 -21.28
350.21 10.37 11.48 -23.357
351 11.46 12.12 -23.973
351.03 8.56 11.71 -26.141
351.06 7.03 8.64 -22.944
351.09 5.172 7.06 -22.683
351.12 2.101 3.5 -27.458
351.15 3.666 4.861 -29.311
351.18 3.62 3.989 -29.636
351.21 3.951 4.246 -31.829
352 3.708 4.227 -28.219
352.03 3.295 3.897 -25.992
352.06 4.813 6.199 -30.48
352.09 6.687 7.23 -29.993
352.12 6.931 7.44 -31.166
352.15 7.24 7.75 -31.628
352.18 5.965 7.15 -31.643
352.21 5.028 5.459 -29.221
353 5.611 6.058 -29.875
353.03 5.561 6.385 -31.304
353.06 6.071 6.893 -31.811
353.09 5.903 6.736 -34.604
353.12 7.21 8.21 -35.573
353.15 8.5 9.3 -36.055
353.18 9.12 9.96 -36.025
353.21 10.53 11.84 -33.294
354 12.32 12.66 -33.136
354.03 12.75 13.46 -31.872
354.06 13.09 13.92 -30.81
354.09 13.09 14.48 -29.793
354.12 13.69 14.39 -29.528
354.15 11.77 13.24 -28.177
354.18 9.21 11.18 -27.408
354.21 7.56 8.29 -27.302
355 5.735 7.16 -28.779
355.03 4.017 5.022 -34.025
355.06 4.878 5.67 -34.08
355.09 6.723 7.43 -35.089
355.12 7.89 9.11 -33.087
355.15 8.65 9.09 -30.923
355.18 8.72 9.25 -32.884
355.21 7.64 8.86 -34.899
356 7.95 9.73 -36.042
356.03 9.54 10.43 -36.619
356.06 9.54 10.03 -37.137
356.09 10.56 11.67 -35.539
356.12 12.82 13.54 -34.859
356.15 14.4 15.03 -33.516
356.18 15.58 16.97 -32.048
356.21 14.08 15.07 -30.3
357 14.02 14.66 -28.688
357.03 12.23 13.24 -26.408
357.06 11.09 11.77 -24.108
357.09 10.67 11.44 -23.978
357.12 11.52 12.58 -23.622
357.15 11.21 11.84 -20.96
357.18 10.17 10.8 -18.202
357.21 9.26 10.12 -16.133
358 10.62 12.24 -15.873
358.03 10.86 11.81 -13.873
358.06 11.91 13.19 -12.179
358.09 10.7 12.93 -11.038
358.12 7.38 8.63 -11.169
358.15 8.4 11.6 -11.387
358.18 10.52 11.36 -10.927
358.21 11.27 11.96 -10.728
359 11.17 12.5 -9.823
359.03 8.15 9.5 -11.408
359.06 10.24 10.87 -12.863
359.09 13.04 15.39 -16.047
359.12 15.74 17.11 -13.89
359.15 16.92 20.57 -10.882
359.18 13.18 14.77 -10.233
359.21 12.59 17.69 -10.794
360 15.05 20.22 -17.557
360.03 9.2 11.1 -21.601
360.06 9.21 9.99 -20.73
360.09 7.85 8.23 -20.795
360.12 8.52 10.54 -17.562
360.15 10.61 11.06 -12.409
360.18 15.84 19.09 -6.911
360.21 20.25 21.6 -7.09
361 20.01 21.27 -7.694
361.03 12.61 17.82 -8.815
361.06 10.68 13.56 -10.726
361.09 9.47 12.14 -10.548
361.12 7.87 10.6 -11.601
361.15 10.86 12.54 -12.902
361.18 6.349 10.64 -16.98
361.21 3.937 5.128 -16.209
362 4.912 5.487 -18.237
362.03 6.109 7.62 -25.276
362.06 7.93 9.01 -26.364
362.09 7.88 8.58 -26.209
362.12 8.15 8.56 -27.416
362.15 9.24 9.91 -29.206
362.18 9.73 11.13 -29.033
362.21 10.01 10.83 -30.326
363 9.81 10.44 -29.442
363.03 8.75 9.22 -31.152
363.06 8.69 9.28 -30.799
363.09 11.96 13.52 -27.989
363.12 12.61 14.6 -24.981
363.15 16.52 18.42 -22.896
363.18 17.85 19.5 -21.13
363.21 13.69 16.53 -14.826
364 13.31 16.08 -13.455
364.03 11.68 13.25 -12.493
364.06 11.61 13.18 -13.028
364.09 9.49 12.86 -17.833
364.12 8.9 10.27 -21.011
364.15 10.21 11.53 -21.906
364.18 12.1 13.27 -23.562
364.21 9.59 12.27 -24.762
365 6.671 7.77 -26.185
365.03 7.48 8.43 -28.828
365.06 8.83 10.04 -29.149
365.09 8.46 9.23 -28.961
365.12 7.62 8.33 -31.725
365.15 7.52 8.59 -30.355
365.18 5.931 6.685 -36.065
365.21 4.838 5.413 -36.049
1 4.172 4.889 -36.883
1.03 3.686 4.114 -32.863
1.06 4.516 4.987 -34.149
1.09 5.419 6.452 -35.579
1.12 6.378 7.38 -34.484
1.15 7.11 8.28 -36.425
1.18 7.38 7.93 -37.036
1.21 7.89 8.34 -37.47
2 8.3 8.97 -39.865
2.03 8.5 9.26 -40.354
2.06 10.08 10.53 -41.109
2.09 10.91 11.5 -42.002
2.12 10.18 11.15 -41.019
2.15 10.43 11.26 -40.657
2.18 9.68 10.59 -38.939
2.21 10.37 10.94 -38.389
3 10.8 11.75 -38.367
3.03 10.84 12.08 -36.763
3.06 12 12.27 -36.366
3.09 11.31 11.86 -34.767
3.12 12.12 12.49 -33.711
3.15 12.34 12.99 -33.203
3.18 11.77 12.65 -31.383
3.21 10.93 11.71 -28.726
4 9.08 10.52 -28.968
4.03 9.47 10.36 -30.447
4.06 9.36 10.08 -31.282
4.09 7.58 7.93 -33.551
4.12 6.77 7.33 -33.901
4.15 6.248 6.626 -35.853
4.18 5.549 6.4 -33.704
4.21 6.031 6.544 -35.586
5 6.198 7.21 -36.336
5.03 7.5 9.7 -37.521
5.06 9.62 10.9 -37.944
5.09 12.84 14.86 -38.754
5.12 15.25 16.36 -36.507
5.15 16.52 17.14 -35.298
5.18 16.23 16.77 -32.873
5.21 15.42 16.91 -30.799
6 16.75 17.61 -30.831
6.03 16.67 17.12 -29.296
6.06 16.29 17.2 -28.096
6.09 14.87 16.76 -26.796
6.12 14.36 15.4 -25.787
6.15 13.88 15.31 -22.459
6.18 13.16 14.75 -19.166
6.21 8.85 11.59 -17.309
7 7.99 9.19 -15.653
7.03 8.16 8.93 -14.922
7.06 4.354 8.34 -17.479
7.09 3.009 3.986 -18.848
7.12 5.832 7.01 -17.736
7.15 8.19 10 -14.883
7.18 9.73 10.99 -12.639
7.21 11.8 12.93 -11.925
8 11.22 14.31 -9.869
8.03 12.11 14.87 -10.257
8.06 8.45 9.32 -10.234
8.09 7.29 9.1 -10.006
8.12 5.2 7.2 -18.853
8.15 6.854 7.96 -22.704
8.18 7.31 8.06 -25.678
8.21 6.316 7.66 -28.065
9 5.205 6.089 -31.286
9.03 6.011 7.27 -32.208
9.06 7.44 8.76 -34.97
9.09 8.36 9.97 -32.753
9.12 9.98 10.86 -32.492
9.15 10.36 11.07 -30.333
9.18 10.28 11.33 -27.784
9.21 10.03 11.15 -25.231
10 10.62 11.42 -23.545
10.03 9.22 10.32 -23.185
10.06 8.56 9.41 -21.736
10.09 7.64 8.6 -19.244
10.12 7.16 7.79 -19.811
10.15 8.24 9.18 -17.376
10.18 7.68 8.28 -15.927
10.21 8.85 11.06 -15.763
11 11.16 12.11 -14.223
11.03 12.37 13.25 -13.333
11.06 13.35 15.44 -13.949
11.09 8.9 11.26 -12.987
11.12 11.02 11.95 -12.843
11.15 11.93 12.8 -13.372
11.18 10.83 11.83 -12.072
11.21 11.87 13.04 -12.156
12 12.92 15.17 -14.356
12.03 14.36 15.02 -14.592
12.06 12.8 14.06 -14.356
12.09 10.86 11.9 -16.085
12.12 8.99 10.36 -19.35
12.15 7.72 8.81 -21.439
12.18 8.29 8.92 -20.292
12.21 7.41 8.03 -19.963
13 5.828 7.64 -24.032
13.03 6.119 6.908 -23.004
13.06 5.539 7.02 -26.523
13.09 4.007 4.67 -29.889
13.12 4.518 4.953 -29.198
13.15 4.326 4.98 -28.934
13.18 6.898 8.07 -25.132
13.21 6.853 8.39 -24.129
14 7.95 9.57 -24.07
14.03 8.45 9.23 -23.956
14.06 8.49 9.07 -23.198
14.09 7.47 9.15 -24.28
14.12 8.7 9.51 -25.855
14.15 8.67 9.47 -25.087
14.18 7.5 8.34 -28.425
14.21 9.04 10.05 -26.193
15 11.42 13 -23.643
15.03 11.88 13.51 -20.758
15.06 11.6 12.29 -18.819
15.09 9.75 11.96 -17.516
15.12 8.91 10.2 -16.51
15.15 9.15 10.83 -14.786
15.18 5.565 7.7 -14.803
15.21 5.518 6.152 -14.281
16 6.986 8.64 -12.325
16.03 7.64 8.77 -11.517
16.06 7 8.18 -9.052
16.09 9.81 11.44 -10.683
16.12 11.85 13.13 -8.503
16.15 11.45 13.04 -4.03
16.18 13.9 15.31 -3.577
16.21 15.47 16.8 -5.225
17 15.83 17.21 -5.035
17.03 14.58 16.29 -5.95
17.06 17.79 19.27 -4.288
17.09 16.55 17.91 -4.318
17.12 18.24 20.96 -3.293
17.15 11.37 17.8 -7.371
17.18 5.813 8.08 -10.457
17.21 7.16 9 -10.969
18 6.603 10.35 -13.902
18.03 12.91 16.97 -13.448
18.06 15.38 16.64 -12.364
18.09 17.19 20.81 -7.345
18.12 20.6 23.87 -6.214
18.15 13.17 16.54 -3.259
18.18 21.6 24.88 -3.952
18.21 18.36 20.79 -4.901
19 13.93 16.85 -7.471
19.03 9.16 11.93 -9.637
19.06 6.401 8.82 -10.659
19.09 9.87 12.21 -12.279
19.12 13.59 16.6 -13.725
19.15 13.68 14.7 -14.084
19.18 12.02 13.71 -14.529
19.21 11.94 15.06 -13.569
20 13.97 16.21 -9.545
20.03 17.71 20.43 -8.6
20.06 13.98 20.25 -8.04
20.09 18.83 23.02 -8.72
20.12 21.25 23.87 -10.57
20.15 20.73 22.05 -11.536
20.18 19.23 20.63 -12.551
20.21 13.48 16.74 -12.07
21 7.68 10.43 -12.82
21.03 8.93 12.53 -7.966
21.06 6.982 9.81 -14.159
21.09 5.871 7.25 -16.749
21.12 7.35 8.04 -15.938
21.15 8.44 10.38 -16.696
21.18 9.64 10.42 -17.314
21.21 9.17 10.17 -18.302
22 9.34 10.38 -19.653
22.03 9.44 10.89 -20.306
22.06 7.89 10.08 -21.493
22.09 6.188 6.912 -20.992
22.12 8.53 9.67 -21.543
22.15 9.78 10.47 -22.809
22.18 10 10.57 -22.765
22.21 9.25 10.82 -23.374
23 11.24 12.2 -26.197
23.03 12.39 13.19 -25.751
23.06 12.71 13.95 -24.305
23.09 14.2 15.39 -25.851
23.12 13.58 14.35 -27.314
23.15 13.01 14 -26.052
23.18 8.94 10.14 -25.459
23.21 6.923 7.55 -24.878
24 8 9.03 -24.572
24.03 9.26 11.15 -25.1
24.06 11.75 12.44 -25.759
24.09 11.37 12.79 -27.408
24.12 13.02 14.07 -27.711
24.15 13.57 14.16 -28.115
24.18 14.58 16.18 -28.246
24.21 13.37 14.55 -26.032
25 15.35 16.29 -21.946
25.03 15.95 17.41 -19.796
25.06 17.81 19.26 -15.371
25.09 16.03 19.08 -12.473
25.12 15.83 17.44 -12.137
25.15 16.84 18.54 -9.265
25.18 18.59 19.8 -8.863
25.21 17.66 19.21 -9.147
26 16.52 17.93 -8.719
26.03 16.77 17.56 -7.167
26.06 15.97 18.57 -8.527
26.09 8.24 14.16 -18.137
26.12 5.138 7.88 -15.758
26.15 1.874 2.827 -18.853
26.18 2.98 4.239 -22.23
26.21 3.604 4.071 -25.034
27 2.853 4.086 -25.132
27.03 3.191 4.062 -26.233
27.06 4.458 5.194 -26.06
27.09 4.733 5.309 -26.824
27.12 3.954 4.748 -28.158
27.15 4.129 5.581 -30.071
27.18 5.782 6.641 -28.601
27.21 6.904 7.86 -30.137
28 7.72 9.05 -32.619
28.03 9.78 11.23 -31.582
28.06 11.68 12.39 -31.47
28.09 11.43 13.15 -30.407
28.12 12.4 14 -29.808
28.15 14.73 16.01 -30.333
28.18 15.11 17.07 -20.18
28.21 11.39 13.32 -16.025
29 10.08 12.08 -13.972
29.03 12.05 17.07 -22.944
29.06 15.33 18.38 -23.28
29.09 10.94 13.48 -22.726
29.12 10.51 11.91 -24.179
29.15 10.15 12.11 -26.348
29.18 11.94 12.41 -26.82
29.21 11.59 12.26 -27.606
30 10.4 11.36 -30.241
30.03 11.35 12.99 -30.528
30.06 13.14 13.72 -32.531
30.09 10.81 12.14 -35.519
30.12 12.43 13.81 -36.005
30.15 9.56 11.41 -34.801
30.18 8.75 9.5 -35.112
30.21 8.65 9.38 -35.065
31 8.75 9.09 -34.44
31.03 9.38 9.98 -34.76
31.06 9.4 10.2 -33.161
31.09 8.63 9.44 -31.646
31.12 9.05 9.52 -30.915
31.15 8.42 9.42 -31.144
31.18 7.37 9.05 -31.253
31.21 7.49 8.84 -34.372
32 7.77 8.99 -32.947
32.03 8.15 9.27 -33.621
32.06 8.1 9.26 -32.368
32.09 7.66 9.01 -30.693
32.12 6.527 7.25 -30.915
32.15 8.76 9.44 -27.244
32.18 8.18 8.83 -27.544
32.21 8.54 9.45 -26.096
33 9.15 10.2 -24.234
33.03 8.58 9.25 -23.16
33.06 9.16 10.43 -22.792
33.09 9.61 11.74 -23.172
33.12 9.46 11.18 -23.545
33.15 7.27 7.99 -23.404
33.18 7.08 7.71 -22.142
33.21 7.17 8.15 -22.066
34 9.43 11.03 -23.271
34.03 9.65 12.28 -27.521
34.06 6.826 8.6 -31.362
34.09 4.879 6.779 -36.376
34.12 5.494 6.893 -37.457
34.15 6.007 6.969 -39.154
34.18 5.635 6.396 -41.408
34.21 5.607 5.929 -41.706
35 5.76 6.235 -42.15
35.03 6.065 6.532 -42.327
35.06 6.862 7.28 -41.258
35.09 6.537 6.999 -41.228
35.12 6.456 6.82 -41.258
35.15 5.555 6.199 -41.318
35.18 4.182 4.943 -41.378
35.21 3.37 4.849 -44.05
36 3.364 4.385 -44.515
36.03 5.285 7.04 -45.389
36.06 5.759 7.18 -44.747
36.09 6.613 7.26 -46.153
36.12 6.444 7.53 -43.846
36.15 7.44 7.67 -41.913
36.18 7.12 7.52 -41.765
36.21 7.41 7.85 -41.706
37 7.93 8.33 -40.627
37.03 7.9 8.78 -40.868
37.06 8.8 9.14 -40.14
37.09 8.48 9.53 -40.445
37.12 7.76 8.23 -40.988
37.15 7.69 8.79 -40.506
37.18 7.67 7.98 -39.65
37.21 7.65 8.13 -41.438
38 7.74 8.2 -38.606
38.03 7.86 8.5 -38.628
38.06 9.09 9.85 -35.883
38.09 9.46 10.59 -36.955
38.12 9.78 10.71 -34.307
38.15 9.81 11.35 -32.676
38.18 9.21 9.88 -31.958
38.21 8.25 9.32 -31.264
39 6.901 7.97 -31.286
39.03 6.553 7.85 -32.732
39.06 5.529 6.475 -35.532
39.09 5.64 6.422 -37.499
39.12 5.835 6.287 -40.778
39.15 6.252 6.951 -40.354
39.18 6.502 7.16 -40.079
39.21 7.04 8.25 -41.199
40 8.3 8.79 -40.475
40.03 8.02 8.79 -39.65
40.06 9.33 10.33 -40.566
40.09 9.07 9.71 -40.079
40.12 9.89 10.73 -39.185
40.15 10.21 11.42 -38.017
40.18 10.34 11.32 -36.887
40.21 12.01 12.9 -36.379
41 11.92 12.61 -34.443
41.03 12.57 13.22 -33.759
41.06 13.38 14.34 -32.792
41.09 12.74 13.56 -32.158
41.12 13.73 14.2 -29.856
41.15 13.97 14.68 -26.745
41.18 13.66 14.58 -23.842
41.21 11.75 12.62 -22.446
42 11.97 12.42 -22.608
42.03 11.55 12.46 -21.906
42.06 11.7 12.36 -23.215
42.09 11.17 11.88 -23.391
42.12 11.51 12.05 -20.651
42.15 9.84 10.69 -19.18
42.18 8.66 9.35 -19.427
42.21 8.65 10.05 -21.991
43 10.97 12.08 -21.079
43.03 11.13 12.21 -21.143
43.06 10.67 11.64 -20.647
43.09 8.26 9.37 -20.739
43.12 5.124 8.36 -29.149
43.15 5.129 6.294 -27.598
43.18 5.435 6.707 -26.78
43.21 5.904 7.71 -25.896
44 6.587 7.94 -24.213
44.03 5.905 6.774 -24.184
44.06 5.843 6.804 -22.573
44.09 6.905 8.48 -22.009
44.12 9.24 11.04 -19.6
44.15 10.7 13.17 -19.682
44.18 14.45 15.82 -19.696
44.21 17.25 19.18 -15.354
45 17.66 19.55 -13.596
45.03 15.05 17.17 -12.639
45.06 13.38 15.52 -10.572
45.09 8.26 11.77 -11.147
45.12 7.84 9.09 -10.415
45.15 10.53 12.64 -10.75
45.18 14.28 15.13 -11.624
45.21 11.55 14 -8.934
46 12.56 18.7 -8.768
46.03 15.74 19.74 -11.234
46.06 16.42 26.07 -10.794
46.09 25.59 27.02 -11.709
46.12 23.39 27.22 -11.986
46.15 13.21 21.7 -18.902
46.18 10.18 13.66 -22.874
46.21 4.212 5.46 -28.467
47 3.267 4.302 -28.624
47.03 5.05 5.978 -28.204
47.06 4.266 5.02 -28.681
47.09 3.913 5.301 -27.115
47.12 4.879 5.884 -23.03
47.15 9.31 11.42 -23.004
47.18 8.66 11.95 -28.593
47.21 6.092 8.94 -30.245
48 6.85 9.11 -32.52
48.03 3.501 5.023 -34.91
48.06 4.582 6.725 -35.903
48.09 7.72 9.4 -34.947
48.12 8.38 9.6 -33.673
48.15 9.82 12.15 -32.563
48.18 11.98 13.85 -32.658
48.21 13.42 14.86 -30.97
49 14.66 15.35 -29.759
49.03 14.33 15.52 -29.051
49.06 15.27 16.31 -27.087
49.09 13.05 15.15 -24.438
49.12 13.23 14.36 -20.381
49.15 9.73 12.36 -19.408
49.18 6.889 9.09 -21.111
49.21 3.481 6.822 -28.779
50 3.906 6.059 -30.82
50.03 4.68 6.136 -31.354
50.06 3.889 5.186 -31.829
50.09 5.267 6.838 -34.375
50.12 5.642 6.551 -34.505
50.15 3.289 4.781 -32.817
50.18 3.321 3.941 -36.035
50.21 4.169 5.712 -34.726
51 5.759 6.459 -36.625
51.03 6.583 7.47 -38.735
51.06 8.17 9.03 -39.65
51.09 7.85 8.69 -39.185
51.12 6.853 7.4 -38.72
51.15 6.549 7.53 -39.773
51.18 7.65 8.54 -37.909
51.21 6.436 7.4 -37.195
52 7.67 9.81 -38.967
52.03 10.13 10.53 -38.669
52.06 11.21 12.38 -37.903
52.09 12.46 13.25 -37.602
52.12 12.82 13.96 -36.329
52.15 12.76 13.69 -34.614
52.18 11.93 13.35 -34.957
52.21 11.51 12.35 -34.361
53 10.54 11.66 -36.131
53.03 10.46 11.95 -37.537
53.06 10.39 11.8 -37.492
53.09 9.98 10.76 -39.34
53.12 9.79 10.9 -40.748
53.15 7.87 9.04 -39.402
53.18 7.31 8.56 -38.167
53.21 5.755 6.876 -39.371
54 6.095 6.949 -41.258
54.03 6.43 7.11 -41.139
54.06 6.928 7.88 -43.526
54.09 6.919 7.81 -44.951
54.12 6.582 7.8 -44.777
54.15 5.8 7.29 -43.381
54.18 4.931 6.007 -42.591
54.21 6.853 8.21 -39.742
55 10.11 11 -40.445
55.03 10.42 11.52 -39.526
55.06 8.7 10.38 -40.687
55.09 4.612 7.13 -38.474
55.12 1.861 4.164 -39.045
55.15 5.792 7.08 -38.246
55.18 6.838 8.48 -36.704
55.21 9.56 11.08 -36.283
56 9.8 11.29 -33.711
56.03 8.64 10.05 -31.99
56.06 7.57 10.61 -33.133
56.09 6.983 8.61 -34.378
56.12 6.153 7.85 -35.011
56.15 6.798 7.75 -35.375
56.18 5.528 7.35 -35.846
56.21 8.01 9.91 -37.479
57 7.01 8.69 -36.756
57.03 5.994 7.68 -38.973
57.06 7.11 8.27 -40.687
57.09 7.08 7.99 -39.926
57.12 6.57 7.55 -39.371
57.15 5.482 6.338 -39.185
57.18 6.227 7.03 -38.48
57.21 5.363 6.766 -38.417
58 5.78 7.23 -39.988
58.03 7.38 8.31 -37.81
58.06 8.49 9.46 -37.341
58.09 9.97 10.37 -37.189
58.12 11.68 12.5 -34.566
58.15 11.64 13.44 -31.191
58.18 13.27 13.54 -30.03
58.21 12.68 13.52 -28.779
59 13.23 14.37 -25.916
59.03 15.51 17.33 -23.125
59.06 15.02 17.54 -23.541
59.09 12.47 14.19 -23.897
59.12 12.32 13.03 -20.951
59.15 13.91 15.83 -17.205
59.18 14.27 15.54 -16.996
59.21 14.1 15.07 -18.755
60 14.77 16.03 -18.951
60.03 13.34 15.28 -20.1
60.06 12.78 15.04 -21.799
60.09 14.32 16.56 -20.725
60.12 13.99 15.21 -17.929
60.15 14.22 14.93 -15.987
60.18 14.13 15.2 -14.368
60.21 13.15 14.06 -14.996
61 12.12 13.43 -14.905
61.03 13.61 15.83 -12.222
61.06 15.11 15.86 -13.896
61.09 16.5 17.68 -13.678
61.12 14.98 16.6 -14.42
61.15 10.02 12.06 -15.052
61.18 10.59 13 -10.573
61.21 15.01 16.47 -11.733
62 17.94 20.3 -11.561
62.03 19.22 20.6 -9.8
62.06 19.24 20.95 -8.91
62.09 16.77 18.91 -8.599
62.12 16.75 18.8 -8.743
62.15 14.42 18.65 -7.09
62.18 9.46 12.28 -5.974
62.21 11.72 15.01 -7.368
63 18.1 19.76 -9.615
63.03 15.8 18.32 -9.568
63.06 15.7 16.89 -11.125
63.09 14.89 15.84 -11.473
63.12 14.36 15.3 -13.189
63.15 11.95 13.18 -11.817
63.18 11.16 12.9 -12.324
63.21 5.255 8.55 -13.189
64 5.919 8.23 -11.213
64.03 8.05 11.73 -16.285
64.06 12.09 15.93 -18.427
64.09 11.44 14.67 -19.801
64.12 8.2 9.46 -20.358
64.15 6.38 9.06 -17.526
64.18 2.905 4.766 -17.106
64.21 3.277 3.892 -21.038
65 3.828 4.763 -20.762
65.03 5.959 6.966 -19.739
65.06 8.54 9.22 -20.531
65.09 9.13 9.76 -21.516
65.12 8.48 9.07 -22.9
65.15 9.38 10.95 -20.577
65.18 8.02 9.24 -20.498
65.21 6.212 8.08 -24.33
66 6.24 7.17 -25.56
66.03 5.559 7.25 -27.629
66.06 4.936 6.458 -26.511
66.09 5.296 5.897 -26.296
66.12 4.244 5.932 -26.064
66.15 2.832 3.392 -25.333
66.18 0.764 2.166 -24.754
66.21 0 0 -25.904
67 0 0 -27.209
67.03 3.311 7.08 -29.048
67.06 7.63 9.27 -26.456
67.09 9.41 9.98 -25.948
67.12 8.75 10.17 -24.179
67.15 8.3 9.15 -23.584
67.18 7.18 9.13 -25.43
67.21 5.952 7.09 -27.295
68 7.86 8.27 -28.383
68.03 10.28 11.18 -28.334
68.06 10.8 12.21 -28.605
68.09 10.55 12.73 -28.349
68.12 10.39 12.38 -26.595
68.15 8.81 10.15 -25.05
68.18 7.52 9.15 -26.068
68.21 6.823 8.25 -28.897
69 6.998 7.85 -32.144
69.03 7.21 8.2 -33.88
69.06 7.06 7.77 -34.265
69.09 6.791 7.27 -34.235
69.12 6.955 7.68 -33.676
69.15 6.364 7.88 -32.357
69.18 6.484 7.67 -31.513
69.21 7.69 8.34 -32.901
70 9.01 10.01 -33.045
70.03 9.73 10.86 -32.75
70.06 10.7 11.95 -32.679
70.09 11.44 12.07 -32.204
70.12 13.04 14.72 -32.418
70.15 15.54 16.62 -29.1
70.18 15.48 16.86 -26.105
70.21 11.67 12.84 -23.847
71 8.41 9.38 -25.52
71.03 7.44 8.07 -26.36
71.06 4.419 5.84 -28.586
71.09 4.534 5.157 -30.348
71.12 4.738 6.097 -30.337
71.15 5.856 6.86 -30.791
71.18 5.324 6.393 -30.396
71.21 5.52 6.019 -32.055
72 4.903 5.634 -31.998
72.03 4.665 5.26 -34.899
72.06 3.707 4.11 -38.883
72.09 5.416 6.071 -40.445
72.12 6.286 6.807 -38.798
72.15 6.973 7.51 -36.471
72.18 7.3 7.67 -35.149
72.21 8.64 9.74 -37.153
73 10.96 12.14 -37.428
73.03 12.78 14.61 -36.441
73.06 12.38 13.74 -35.472
73.09 13.58 15.71 -35.479
73.12 13.86 15.29 -31.574
73.15 14.95 16.09 -28.131
73.18 15.78 17.85 -26.938
73.21 18.08 18.87 -28.1
74 17.51 18.51 -28.616
74.03 15.98 16.6 -27.478
74.06 13.83 15.53 -27.091
74.09 10.65 12.55 -27.146
74.12 9.34 10.44 -26.67
74.15 8.16 8.87 -24.766
74.18 6.746 7.91 -25.218
74.21 6.165 6.747 -29.247
75 6.832 7.49 -32.115
75.03 7.79 9.06 -30.846
75.06 8.71 10.16 -31.409
75.09 10.58 11.08 -30.835
75.12 11.76 12.54 -28.204
75.15 10 11.5 -22.796
75.18 8.96 9.67 -20.855
75.21 9.39 10.95 -21.875
76 10.2 11.32 -23.142
76.03 10.45 12.46 -20.711
76.06 10.47 12.28 -20.414
76.09 8.15 9.48 -22.097
76.12 7.71 8.83 -22.248
76.15 7.66 8.83 -20.447
76.18 6.813 7.99 -20.6
76.21 7.64 8.33 -22.168
77 8.14 9.46 -22.288
77.03 9.15 9.96 -22.23
77.06 9.91 11.05 -19.858
77.09 10.01 10.97 -19.73
77.12 8.51 9.67 -19.648
77.15 7.42 8.23 -17.909
77.18 6.288 6.962 -18.212
77.21 6.678 7.33 -19.437
78 6.521 6.988 -19.142
78.03 5.867 6.173 -19.533
78.06 5.189 5.966 -21.915
78.09 5.773 6.645 -21.826
78.12 6.929 8.02 -21.43
78.15 6.918 7.34 -20.409
78.18 6.363 6.898 -21.384
78.21 6.63 7.46 -23.766
79 8.12 9.3 -25.32
79.03 8.94 9.56 -26.34
79.06 10.18 10.89 -26.448
79.09 10.56 11.41 -25.827
79.12 9.4 10.26 -22.009
79.15 11.92 13.99 -22.569
79.18 9.48 11.93 -20.693
79.21 9.53 10.92 -21.732
80 9.66 11 -23.681
80.03 10.16 11.35 -24.795
80.06 10.01 12.13 -23.855
80.09 11.66 12.51 -23.601
80.12 11.23 12.25 -22.261
80.15 10.66 11.91 -20.081
80.18 8.93 9.57 -19.389
80.21 8.48 9.01 -21.198
81 9.27 10.07 -22.626
81.03 10.55 11.69 -23.698
81.06 11.6 12.38 -24.053
81.09 11.41 12.29 -24.196
81.12 11.68 12.49 -22.23
81.15 10.24 11.11 -20.255
81.18 8.56 9.99 -19.403
81.21 5.843 6.52 -21.928
82 6.421 7.46 -23.353
82.03 7.18 7.95 -25.116
82.06 7.86 8.7 -27.451
82.09 8.1 9.03 -26.364
82.12 7.73 9.19 -25.365
82.15 7.35 8.05 -21.839
82.18 6.789 7.71 -20.442
82.21 6.615 8.51 -23.669
83 8.22 8.94 -24.142
83.03 10.04 11.68 -24.824
83.06 12.96 14.75 -26.221
83.09 15.58 17.55 -24.112
83.12 14.59 16.57 -20.335
83.15 12.29 15.28 -15.521
83.18 7.79 10.14 -15.41
83.21 7.43 8.58 -15.204
84 8.14 8.68 -15.802
84.03 6.221 7.52 -13.131
84.06 6.434 7.07 -9.288
84.09 4.224 5.014 -8.958
84.12 2.62 4.247 -12.263
84.15 1.458 3.034 -15.332
84.18 1.732 2.659 -13.814
84.21 3.546 4.396 -14.9
85 3.242 5.519 -13.89
85.03 2.097 3.256 -15.349
85.06 0.696 0.881 -17.833
85.09 1.414 1.969 -17.283
85.12 1.495 1.8 -16.685
85.15 1.276 1.721 -19.302
85.18 1.834 2.679 -17.68
85.21 2.77 3.806 -15.164
86 4.26 4.922 -17.97
86.03 4.349 5.418 -16.397
86.06 2.208 3.368 -18.277
86.09 2.428 2.988 -24.259
86.12 2.479 2.922 -23.404
86.15 2.906 3.379 -22.473
86.18 3.509 4.166 -22.235
86.21 4.611 5.352 -24.816
87 4.839 5.956 -23.103
87.03 5.915 6.384 -26.048
87.06 3.781 5.656 -28.483
87.09 1.651 2.857 -31.585
87.12 3.168 4.249 -29.352
87.15 3.106 4.098 -25.811
87.18 3.067 4.562 -23.078
87.21 3.856 5.64 -29.796
88 2.757 4.784 -30.337
88.03 1.413 3.575 -33.897
88.06 4.449 5.446 -34.467
88.09 5.417 6.251 -32.087
88.12 5.684 6.228 -29.206
88.15 6.363 7.19 -26.859
88.18 5.903 6.289 -26.364
88.21 5.398 5.944 -30.842
89 5.392 5.946 -32.432
89.03 6.289 6.898 -30.513
89.06 6.45 6.737 -31.725
89.09 7.06 8.11 -29.86
89.12 7.71 8.1 -28.772
89.15 7.49 8.16 -26.032
89.18 5.913 6.563 -24.729
89.21 5.013 5.685 -27.345
90 6.113 6.837 -31.998
90.03 7.07 7.73 -32.873
90.06 7.45 8.02 -33.756
90.09 7.72 8.02 -33.794
90.12 8.47 8.93 -31.61
90.15 7.87 8.61 -27.707
90.18 6.447 7.12 -26.316
90.21 7.02 8.19 -29.104
91 7.88 8.38 -31.556
91.03 9.44 9.83 -32.339
91.06 10.78 11.5 -33.14
91.09 10.63 11.52 -33.562
91.12 9.69 10.4 -31.61
91.15 7.08 8.29 -26.614
91.18 5.961 6.287 -25.038
91.21 5.074 6.164 -27.9
92 5.634 6.542 -33.266
92.03 7.36 7.87 -34.42
92.06 8.86 9.51 -34.087
92.09 10.24 11.45 -32.718
92.12 11.69 12.33 -29.123
92.15 10.93 11.93 -24.572
92.18 8.94 9.99 -22.354
92.21 7.41 8.07 -24.981
93 6.844 7.66 -28.953
93.03 8.31 9 -29.194
93.06 8.62 9.76 -27.931
93.09 9.15 9.97 -27.563
93.12 9.65 10.86 -23.103
93.15 9.64 10.44 -20.213
93.18 8.7 9.45 -18.75
93.21 7.7 8.31 -19.934
94 6.892 7.3 -21.507
94.03 7.32 8.13 -22.186
94.06 8.22 8.73 -24.112
94.09 8.78 9.23 -23.944
94.12 8.58 8.96 -22.731
94.15 7.92 8.53 -20.647
94.18 6.425 7.24 -20.661
94.21 4.774 6.097 -23.297
95 4.311 4.577 -25.512
95.03 5.174 6.092 -25.771
95.06 5.397 5.875 -27.162
95.09 5.672 6.241 -29.793
95.12 5.622 6.919 -27.439
95.15 6.143 6.917 -25.418
95.18 5.023 5.658 -24.729
95.21 3.691 4.354 -27.981
96 5.146 6.257 -32.311
96.03 7.29 8.01 -32.563
96.06 8.31 8.73 -32.722
96.09 9.12 9.71 -32.602
96.12 9.29 9.6 -30.248
96.15 8.35 8.83 -26.93
96.18 6.542 7.82 -25.463
96.21 5.734 6.426 -27.544
97 5.511 6.816 -32.254
97.03 7.47 8.46 -33.028
97.06 8.95 9.64 -33.582
97.09 10.02 10.62 -33.53
97.12 9.99 10.36 -30.656
97.15 8.06 9.6 -26.918
97.18 6.265 7.15 -25.504
97.21 3.458 4.731 -29.002
98 4.36 5.022 -34.111
98.03 5.945 6.613 -34.876
98.06 6.374 7.9 -33.669
98.09 7.92 8.37 -33.856
98.12 8.46 9.29 -31.625
98.15 8.54 8.97 -28.828
98.18 7.48 8.4 -27.652
98.21 6.149 6.729 -28.813
99 7.59 8.83 -30.568
99.03 9.47 9.94 -32.524
99.06 10.09 11.12 -32.831
99.09 10.06 10.99 -34.409
99.12 9.57 10.36 -31.625
99.15 9.72 10.9 -28.65
99.18 7.79 9.47 -26.304
99.21 5.89 6.722 -27.087
100 8 9.51 -27.992
100.03 10.41 11.37 -28.737
100.06 10.84 11.41 -30.733
100.09 12 12.74 -31.636
100.12 12.68 13.27 -27.749
100.15 12.11 13.36 -23.69
100.18 10.95 11.75 -22.63
100.21 11.44 12.24 -24.463
101 12.52 13.15 -26.666
101.03 12.6 13.31 -28.646
101.06 13.03 14.43 -27.915
101.09 13.59 14.19 -27.392
101.12 13.56 14.38 -24.058
101.15 13.62 14.81 -18.966
101.18 11.71 12.99 -17.184
101.21 11.89 12.98 -18.552
102 11.56 12.59 -19.872
102.03 13 14.92 -15.035
102.06 11.45 12.82 -13.576
102.09 11.18 12.2 -16.036
102.12 11.56 12.61 -13.436
102.15 10.97 12.77 -10.325
102.18 10.1 10.95 -8.767
102.21 10.41 11.17 -9.171
103 10.01 11.34 -10.594
103.03 11.04 12.23 -8.791
103.06 12.64 13.65 -8.767
103.09 13.59 14.16 -9.288
103.12 8.39 13.67 -12.22
103.15 5.068 7.06 -12.072
103.18 5.268 6.353 -13.006
103.21 3.631 4.595 -15.349
104 6.205 8.8 -16.193
104.03 10.73 12.62 -16.306
104.06 12.26 13.18 -17.629
104.09 10.03 12.78 -18.407
104.12 8.55 9.55 -16.933
104.15 5.646 6.652 -15.46
104.18 5.41 5.98 -14.38
104.21 3.785 4.981 -17.048
105 6.868 9.15 -20.372
105.03 9.89 11.93 -21.348
105.06 13.6 15.53 -21.574
105.09 16.78 18.27 -20.905
105.12 16.84 17.79 -17.649
105.15 16.77 17.71 -13.672
105.18 16.44 17.37 -11.667
105.21 14.9 15.21 -11.881
106 15.8 16.64 -13.69
106.03 14.81 16.39 -12.802
106.06 14.72 15.28 -12.678
106.09 13.82 14.49 -13.572
106.12 14.68 15.48 -11.71
106.15 14.74 16.1 -10.705
106.18 14.2 16.31 -9.452
106.21 13.09 13.79 -9.592
107 13.83 14.73 -12.281
107.03 14.26 14.9 -14.183
107.06 13.7 14.36 -14.049
107.09 13.13 14.33 -14.356
107.12 14.33 15.39 -13.69
107.15 14.14 15.5 -11.944
107.18 13.5 14.29 -10.594
107.21 10.74 12.29 -12.049
108 8.8 9.59 -16.643
108.03 11.08 13.97 -18.422
108.06 12.9 14.63 -19.62
108.09 11.42 12.03 -20.465
108.12 9.59 10.64 -17.195
108.15 8.4 10.28 -14.609
108.18 5.458 6.394 -13.571
108.21 4.549 5.013 -14.455
109 6.313 6.94 -15.515
109.03 7.4 7.9 -16.627
109.06 9.56 11.12 -18.407
109.09 11.71 12.97 -18.626
109.12 15.72 16.91 -17.262
109.15 16.05 16.87 -15.103
109.18 14.61 15.8 -13.087
109.21 12.11 13.37 -12.719
110 12.49 13.04 -15.198
110.03 14.4 15.25 -15.271
110.06 16.56 17.86 -16.285
110.09 14.91 16.1 -15.181
110.12 15.26 16.33 -14.689
110.15 12.6 14.87 -12.135
110.18 9.21 11.91 -10.414
110.21 7.78 10.14 -10.704
111 11.01 13.34 -12.259
111.03 12.32 14.01 -12.697
111.06 15.5 16.49 -13.39
111.09 13.55 15.23 -16.014
111.12 13.78 14.95 -13.087
111.15 12.53 13.62 -10.233
111.18 12.35 13.15 -9.476
111.21 11.18 15.22 -9.171
112 13.96 17.13 -10.458
112.03 12.57 17.02 -11.211
112.06 12.62 16.85 -12.175
112.09 16.36 17.96 -12.049
112.12 14.65 16.38 -12.091
112.15 16.17 17.85 -10.233
112.18 10.73 16.36 -10.21
112.21 6.315 7.16 -13.206
113 7.12 8.38 -17.863
113.03 11.31 14.08 -18.137
113.06 14.3 15.31 -16.483
113.09 15.08 16.11 -16.589
113.12 13.89 15.16 -15.271
113.15 12.94 13.82 -12.448
113.18 11.28 12.55 -10.391
113.21 11.39 12.36 -11.837
114 9.8 10.9 -15.007
114.03 10.98 12.07 -13.831
114.06 9.64 11.44 -16.139
114.09 7.13 8.79 -12.093
114.12 6.424 10.81 -6.81
114.15 10.41 11.46 -5.334
114.18 9.18 10.75 -4.401
114.21 12.26 13.57 -5.145
115 11.68 14.05 -7.294
115.03 14.24 16.05 -10.028
115.06 16.57 17.43 -10.255
115.09 17.96 19.85 -10.255
115.12 14.62 17.22 -8.552
115.15 12.28 13.56 -6.63
115.18 11.62 15.15 -5.498
115.21 10.88 12.48 -6.939
116 12.98 13.87 -9.218
116.03 14.67 15.67 -12.384
116.06 15.23 16.81 -13.884
116.09 14.93 16 -14.066
116.12 14.33 15.46 -12.006
116.15 12.04 12.72 -9.288
116.18 9.86 11.11 -7.745
116.21 8.26 9.13 -9.96
117 8.65 9.36 -13.125
117.03 9.88 11.18 -13.749
117.06 9.91 10.75 -13.767
117.09 10.39 11.84 -16.279
117.12 11.07 11.81 -13.707
117.15 8.9 10.54 -10.051
117.18 7.58 8.12 -9.382
117.21 6.495 7.16 -10.637
118 4.419 5.901 -11.963
118.03 3.466 4.829 -13.943
118.06 5.044 6.288 -15.971
118.09 6.462 7.22 -18.031
118.12 7.72 8.62 -15.697
118.15 6.615 7.13 -13.408
118.18 3.395 6.164 -12.551
118.21 2.785 3.696 -15.046
119 3.669 4.067 -16.101
119.03 3.22 4.223 -18.636
119.06 5.862 7.71 -21.745
119.09 9.52 10.14 -21.928
119.12 9.57 10.15 -19.18
119.15 9.58 10.26 -16.247
119.18 7.42 8.7 -12.717
119.21 5.733 7.5 -13.943
120 6.273 8.01 -16.408
120.03 9.91 10.95 -18.167
120.06 12.11 12.94 -19.311
120.09 13.4 14.08 -19.379
120.12 13.95 14.89 -17.158
120.15 11.66 13.7 -14.529
120.18 10.46 11.34 -12.922
120.21 9.98 10.68 -12.717
121 10.03 11.01 -14.043
121.03 13.14 14.69 -15.515
121.06 14.43 16.44 -15.736
121.09 12.92 15.08 -11.559
121.12 10.47 11.56 -9.615
121.15 9.79 11.83 -9.591
121.18 6.768 13.49 -12.175
121.21 2.06 3.126 -14.276
122 1.985 3.365 -18.981
122.03 3.661 4.645 -18.031
122.06 5.367 6.293 -20.456
122.09 6.108 6.821 -19.586
122.12 6.333 8.29 -16.98
122.15 7.35 8.34 -16.279
122.18 7.21 8.77 -15.327
122.21 4.382 6.487 -18.502
123 5.593 7.11 -21.968
123.03 8.07 9.34 -23.825
123.06 8.87 10.22 -23.151
123.09 9.42 10.75 -23.43
123.12 11.22 11.66 -21.933
123.15 10.04 11.12 -18.507
123.18 7.43 8.59 -16.77
123.21 2.109 4.986 -18.537
124 1.532 2.387 -23.28
124.03 3.31 4.222 -24.112
124.06 6.292 8.18 -28.188
124.09 7.44 8.47 -26.808
124.12 6.981 7.67 -23.404
124.15 7.06 8.12 -20.545
124.18 4.813 5.7 -18.427
124.21 3.966 4.675 -19.442
125 1.52 2.658 -20.882
125.03 0.538 1.526 -21.574
125.06 1.234 2.228 -23.817
125.09 0.371 0.855 -23.834
125.12 1.151 2.263 -22.765
125.15 1.72 2.699 -19.219
125.18 3.028 4.447 -19.18
125.21 3.382 5.467 -18.887
126 0.318 0.827 -22.288
126.03 1.693 2.317 -26.004
126.06 2.227 2.787 -26.583
126.09 1.728 2.288 -23.906
126.12 1.622 2.171 -20.311
126.15 2.012 2.56 -17.919
126.18 1.275 2.04 -11.234
126.21 0.608 1.372 -17.95
127 1.102 2.368 -25.222
127.03 4.027 4.936 -28.726
127.06 5.284 6.043 -31.304
127.09 6.58 6.962 -27.482
127.12 5.891 6.866 -23.22
127.15 5.621 5.946 -21.194
127.18 4.679 5.48 -19.863
127.21 3.494 4.013 -21.403
128 4.064 4.992 -21.175
128.03 6.758 8.57 -24.799
128.06 9.42 10.14 -25.803
128.09 10.71 11.53 -24.692
128.12 11.84 12.46 -22.49
128.15 12.21 12.65 -20.024
128.18 10.96 12.14 -17.319
128.21 7.69 9.08 -16.595
129 6.522 7.37 -20.024
129.03 7.69 8.49 -19.073
129.06 8.65 9.17 -16.611
129.09 8.53 9.12 -14.764
129.12 8.25 9.06 -12.843
129.15 7.21 7.98 -10.683
129.18 7.05 7.39 -9.312
129.21 5.997 7.28 -10.097
130 5.582 6.229 -10.3
130.03 6.569 7.17 -11.036
130.06 6.243 6.936 -10.881
130.09 4.775 5.543 -10.749
130.12 4.918 5.515 -10.233
130.15 4.495 5.056 -8.285
130.18 2.392 3.123 -7.844
130.21 2.233 2.963 -9.452
131 1.186 2.915 -13.843
131.03 3.565 3.974 -17.361
131.06 4.962 5.634 -18.848
131.09 5.137 5.89 -19.214
131.12 4.679 5.771 -14.604
131.15 2.139 3.714 -14.159
131.18 3.554 4.252 -13.427
131.21 4.75 5.589 -15.399
132 5.254 5.861 -15.752
132.03 4.251 4.991 -17.205
132.06 3.712 5.053 -23.323
132.09 5.095 5.74 -21.034
132.12 5.524 6.123 -19.471
132.15 4.616 5.552 -16.499
132.18 2.821 3.596 -14.758
132.21 2.079 2.468 -18.352
133 2.52 3.627 -19.825
133.03 3.03 3.648 -18.853
133.06 4.093 5.441 -19.166
133.09 6.866 8.81 -22.004
133.12 7.2 8.91 -19.229
133.15 3.623 5.681 -15.719
133.18 1.747 3.133 -13.488
133.21 1.761 2.797 -17.257
134 3.35 4.319 -23.532
134.03 5.315 6.223 -27.4
134.06 6.053 6.951 -25.811
134.09 7.46 8.65 -21.452
134.12 7.87 8.3 -18.172
134.15 7.83 8.26 -14.894
134.18 7.25 8.15 -13.248
134.21 5.922 6.407 -14.281
135 7.17 8.14 -17.536
135.03 8.47 9.15 -18.137
135.06 10.49 11.26 -18.755
135.09 11.15 11.95 -18.252
135.12 11.37 12.21 -14.397
135.15 9.44 10.55 -10.481
135.18 8.11 9.56 -8.406
135.21 6.637 8.51 -9.799
136 5.532 6.238 -11.601
136.03 5.453 6.438 -11.036
136.06 3.496 4.864 -10.345
136.09 4.408 5.444 -11.385
136.12 3.159 4.797 -10.771
136.15 5.729 7.05 -9.96
136.18 5.461 6.942 -8.139
136.21 1.068 2.976 -13.426
137 1.702 2.597 -15.192
137.03 3.494 4.125 -13.408
137.06 4.28 5.388 -14.529
137.09 5.671 6.833 -13.749
137.12 5.776 6.503 -13.085
137.15 5.362 6.038 -10.859
137.18 4.236 5.511 -9.452
137.21 2.873 3.601 -11.685
138 1.443 2.733 -18.73
138.03 2.607 3.071 -21.289
138.06 3.591 4.267 -15.007
138.09 6.774 9.32 -16.063
138.12 10.61 12.24 -14.356
138.15 12.53 12.85 -12.09
138.18 10.15 12.13 -9.591
138.21 8.37 8.89 -9.684
139 8.4 9.32 -10.859
139.03 8.94 10.23 -9.753
139.06 10.58 11.23 -8.958
139.09 13.29 14.88 -9.029
139.12 11.51 14.15 -7.62
139.15 9.53 10.17 -6.734
139.18 8.55 9.86 -5.606
139.21 7.45 8.55 -6.787
140 9.93 12.88 -9.076
140.03 13.47 14.93 -11.963
140.06 15.72 16.41 -12.488
140.09 17.43 19.31 -10.39
140.12 17.68 18.92 -9.124
140.15 16.56 18.84 -7.645
140.18 16.13 16.97 -7.371
140.21 15.99 17.38 -7.371
141 14.4 15.83 -7.918
141.03 11.7 12.79 -10.005
141.06 10.76 11.94 -12.341
141.09 10.96 12.03 -12.069
141.12 8.64 10.09 -10.413
141.15 6.67 7.9 -8.648
141.18 4.945 5.955 -6.838
141.21 3.983 4.462 -9.451
142 4.216 4.687 -11.078
142.03 3.743 4.647 -13.042
142.06 3.453 3.934 -13.943
142.09 3.075 3.817 -15.232
142.12 2.985 3.537 -12.445
142.15 1.238 2.59 -3.811
142.18 0.788 1.496 -9.568
142.21 2.351 3.672 -13.583
143 3.79 4.828 -18.626
143.03 5.567 6.299 -19.834
143.06 6.747 7.56 -16.849
143.09 8.78 10.03 -14.241
143.12 9.59 10.59 -10.726
143.15 8.46 9.7 -7.72
143.18 8.03 8.71 -6.424
143.21 6.989 8.12 -7.421
144 9.59 10.63 -10.569
144.03 10.55 11.09 -13.902
144.06 9.16 10.05 -17.205
144.09 10.11 11.39 -12.88
144.12 10.01 10.81 -11.557
144.15 9.46 9.92 -10.525
144.18 7.46 9.12 -9.405
144.21 5.577 6.861 -9.614
145 3.963 4.969 -12.837
145.03 7.62 9.38 -15.565
145.06 9.44 9.8 -16.477
145.09 10.61 11.58 -15.454
145.12 11.03 12.17 -12.175
145.15 8.81 10.07 -8.48
145.18 7.65 8.35 -6.863
145.21 6.384 8.13 -6.632
146 9.52 10.53 -9.147
146.03 11.38 12.95 -8.503
146.06 13.15 13.82 -5.2
146.09 12.19 13.67 -3.492
146.12 13.55 14.25 -2.353
146.15 13.23 14.93 -1.958
146.18 12.45 13.42 -1.63
146.21 12.87 13.94 -1.967
147 11.6 13.61 -3.267
147.03 9.49 11.2 -5.177
147.06 4.382 6.723 -7.646
147.09 3.513 4.18 -8.576
147.12 4.579 5.856 -8.48
147.15 3.997 4.726 -9.637
147.18 3.735 4.099 -8.863
147.21 2.836 3.823 -10.073
148 2.716 3.309 -15.725
148.03 3.824 4.575 -14.541
148.06 4.659 5.435 -18.026
148.09 6.288 7.31 -15.714
148.12 8.17 9.01 -12.548
148.15 9.29 10.31 -9.684
148.18 7.86 9.64 -8.14
148.21 6.441 7.5 -8.334
149 7.58 8.63 -10.681
149.03 9.4 10.11 -12.714
149.06 10.05 10.63 -12.194
149.09 11.39 12.5 -11.34
149.12 11.79 12.6 -8.115
149.15 11.56 12.81 -5.821
149.18 9.04 11.26 -4.876
149.21 8.04 9.05 -5.555
150 6.139 8.38 -6.736
150.03 6.657 7.63 -10.412
150.06 7.95 9.37 -10.659
150.09 9.35 11.76 -10.479
150.12 9.51 10.26 -9.076
150.15 8.69 9.88 -7.421
150.18 6.342 6.906 -7.17
150.21 4.836 5.905 -7.22
151 3.948 5.015 -11.982
151.03 4.988 5.632 -16.881
151.06 6.931 8.12 -17.2
151.09 9.21 10.37 -15.001
151.12 7.93 10.4 -9.776
151.15 5.931 7.23 -7.497
151.18 2.703 5.197 -6.839
151.21 4.169 4.508 -8.431
152 2.994 3.985 -9.335
152.03 1.653 2.648 -10.141
152.06 1.215 1.547 -10.209
152.09 1.69 2.846 -9.288
152.12 3.576 4.858 -11.209
152.15 5.435 6.504 -11.317
152.18 3.383 4.173 -9.218
152.21 3.202 3.797 -10.769
153 5.628 6.671 -13.879
153.03 8.17 9.25 -15.393
153.06 9.95 10.52 -16.349
153.09 10.44 11.06 -14.078
153.12 10.43 11.25 -10.726
153.15 9.2 9.64 -7.745
153.18 7.49 8.48 -5.446
153.21 6.779 7.59 -5.953
154 8.25 10.18 -9.076
154.03 9.19 11.15 -11.577
154.06 10.13 10.99 -13.143
154.09 10.77 12 -11.898
154.12 11.65 12.19 -9.868
154.15 9.89 11.22 -7.042
154.18 7.79 9.66 -5.5
154.21 5.673 6.663 -5.013
155 4.609 5.478 -9.683
155.03 3.92 4.949 -10.502
155.06 5 5.502 -8.815
155.09 4.389 4.753 -7.295
155.12 5.632 7.2 -8.503
155.15 4.399 6.247 -7.245
155.18 2.509 4.371 -6.008
155.21 2.771 3.539 -7.993
156 1.251 1.833 -8.14
156.03 0.999 1.698 -9.076
156.06 3.378 4.806 -9.66
156.09 6.271 8.06 -11.165
156.12 8.84 10.56 -10.232
156.15 10.26 11.28 -6.787
156.18 8.79 10.02 -3.671
156.21 3.574 6.609 -3.815
157 1.785 2.942 -7.993
157.03 1.337 1.997 -8.648
157.06 2.2 3.628 -9.428
157.09 3.234 4.063 -9.568
157.12 3.309 4.676 -8.165
157.15 3.738 4.479 -6.452
157.18 2.308 3.063 -7.523
157.21 2.052 2.734 -10.208
158 4.336 5.206 -11.207
158.03 5.539 6.244 -12.002
158.06 6.489 8.91 -10.435
158.09 9.21 10.84 -9.1
158.12 5.713 7.94 -8.017
158.15 4.799 7.46 -8.286
158.18 4.866 6.325 -7.796
158.21 5.158 6.108 -8.72
159 4.471 5.031 -8.72
159.03 4.634 5.182 -10.277
159.06 3.493 3.907 -11.447
159.09 3.868 4.588 -11.317
159.12 4.816 5.728 -10.345
159.15 4.823 5.601 -8.696
159.18 3.218 3.938 -7.697
159.21 2.111 3.09 -5.583
160 1.531 2.253 -9.053
160.03 1.329 2.071 -9.637
160.06 2.502 5.417 -15.432
160.09 5.16 6.005 -14.832
160.12 5.953 6.524 -10.299
160.15 5.833 6.099 -8.116
160.18 5.545 5.852 -6.916
160.21 4.964 5.892 -7.746
161 6.948 7.74 -10.457
161.03 8.06 10.2 -11.748
161.06 9.95 10.45 -12.527
161.09 9.59 10.4 -10.659
161.12 8.19 9.68 -6.555
161.15 5.187 6.16 -5.013
161.18 3.806 4.543 -5.096
161.21 2.381 3.3 -6.008
162 2.493 3.274 -11.576
162.03 3.896 4.884 -14.194
162.06 5.677 6.392 -13.978
162.09 6.152 6.651 -10.681
162.12 4.23 5.979 -6.4
162.15 2.73 4.349 1.694
162.18 1.007 1.7 -3.5
162.21 1.282 1.822 -4.907
163 1.157 1.493 -6.583
163.03 2.428 3.882 -10.945
163.06 4.632 5.652 -9.913
163.09 5.677 6.202 -9.683
163.12 5.744 6.374 -5.177
163.15 5.024 5.722 -3.586
163.18 6.087 6.763 -2.415
163.21 5.886 6.503 -3.965
164 5.583 6.689 -4.86
164.03 5.056 6.705 -6.407
164.06 6.716 7.56 -9.029
164.09 8.01 8.88 -8.887
164.12 7.28 8.65 -7.227
164.15 6.662 7.1 -4.228
164.18 6.109 6.863 -2.849
164.21 4.669 5.784 -4.447
165 5.291 6.249 -8.84
165.03 6.558 7.64 -10.785
165.06 7.95 9.98 -9.589
165.09 10.54 11.39 -9.357
165.12 10.07 11.25 -6.123
165.15 7.65 8.66 -2.558
165.18 7.65 8.27 -1.539
165.21 4.749 5.942 -2.406
166 3.847 5.248 -3.612
166.03 5.546 6.295 -4.841
166.06 6.549 7.33 -4.758
166.09 7.25 8.22 -4.198
166.12 7.54 7.85 -2.796
166.15 8.78 9.75 -3.146
166.18 7.73 8.54 -2.174
166.21 6.843 8.38 -1.327
167 6.946 8.11 -3.726
167.03 8.68 10.06 -4.399
167.06 10.92 12.08 -3.466
167.09 12.36 14.38 -2.174
167.12 12.01 14.27 -1.758
167.15 10.71 13.09 0.274
167.18 9.11 11.5 -0.361
167.21 5.299 6.497 -0.646
168 3.95 5.332 -2.237
168.03 2.744 3.697 -4.011
168.06 2.044 3.279 -4.513
168.09 5.743 8.17 -5.434
168.12 6.616 7.63 -4.618
168.15 7.88 10.12 -2.389
168.18 8.38 10.03 -2.54
168.21 7.07 8.17 -4.317
169 8.8 11.2 -5.221
169.03 13.36 14.88 -4.343
169.06 13.13 14.69 -2.646
169.09 11.91 13 -2.673
169.12 12.69 15.97 -1.985
169.15 16.97 17.99 -1.105
169.18 12.27 15.34 -6.875
169.21 6.278 10.16 -8.434
170 3.02 7.64 -8.337
170.03 8.95 10.69 -12.781
170.06 10 11.2 -11.76
170.09 11.47 13.12 -12.411
170.12 12.18 13.23 -10.518
170.15 9.03 11.14 -7.001
170.18 7.32 8.43 -6.644
170.21 5.376 7.16 -8.721
171 2.046 3.316 -9.864
171.03 4.527 6.25 -13.487
171.06 6.982 7.91 -18.212
171.09 7.94 8.52 -13.428
171.12 8.16 9.24 -10.473
171.15 8.4 9.63 -8.433
171.18 7.54 8.92 -7.873
171.21 6.021 7.11 -8.888
172 6.812 7.4 -13.072
172.03 6.782 7.27 -14.632
172.06 8.1 9.15 -14.689
172.09 9.15 10.38 -13.096
172.12 10.18 11.02 -9.358
172.15 9.45 9.78 -5.666
172.18 6.509 8.54 -3.076
172.21 2.51 3.821 -6.117
173 3.873 5.388 -10.387
173.03 5.967 7.21 -12.81
173.06 8.55 9.57 -12.252
173.09 10.08 11.29 -11.075
173.12 11.91 13.08 -8.792
173.15 7.9 11.31 -4.299
173.18 4.425 5.037 -6.507
173.21 3.763 4.6 -6.404
174 3.017 3.834 -7.97
174.03 1.264 1.748 -7.945
174.06 1.395 2.137 -8.165
174.09 1.834 2.31 -7.969
174.12 2.137 2.426 -6.816
174.15 2.968 3.604 -6.842
174.18 3.051 3.57 -7.072
174.21 2.589 3.21 -7.198
175 2.372 2.968 -7.474
175.03 2.565 4.24 -9.194
175.06 5.293 9.56 -11.38
175.09 8.47 11.86 -8.505
175.12 10.74 11.83 -4.744
175.15 8.05 10.48 -1.17
175.18 6.49 7.09 0.061
175.21 5.594 6.772 -1.511
176 6.672 9.24 -5.478
176.03 9.56 11.06 -9.405
176.06 9.51 10.89 -10.611
176.09 11.03 11.81 -9.334
176.12 11.8 12.95 -7.449
176.15 10.97 11.62 -4.102
176.18 10.89 11.39 -2.98
176.21 11.46 11.92 -3.449
177 11.34 11.74 -4.964
177.03 11.57 12 -6.943
177.06 12.03 12.64 -8.72
177.09 12.13 12.79 -7.623
177.12 12.45 13.62 -4.907
177.15 10.95 11.33 -2.237
177.18 10.52 11.43 -0.768
177.21 8.94 9.36 -1.262
178 8.86 10.22 -3.819
178.03 10.41 11.36 -7.298
178.06 10.67 11.44 -8.407
178.09 10.82 11.39 -7.772
178.12 11.16 11.6 -5.071
178.15 9.54 10.09 -1.939
178.18 8.56 9.73 0.061
178.21 6.582 7.49 -0.956
179 6.457 7.48 -4.66
179.03 8.24 8.88 -7.697
179.06 9.66 10.11 -8.6
179.09 10.15 10.55 -7.772
179.12 10.09 10.62 -4.852
179.15 9.65 10.1 -2.326
179.18 8.27 9.2 -0.702
179.21 6.44 7.22 -1.207
180 5.568 7.63 -4.66
180.03 7.62 9.37 -7.623
180.06 9.49 10.59 -8.6
180.09 10.64 11.69 -6.942
180.12 11.22 11.89 -4.687
180.15 10.1 11.11 -1.105
180.18 8.53 9.15 0.586
180.21 7.29 8.26 0.196
181 7.57 9.12 -2.831
181.03 9.46 10.49 -6.376
181.06 11.11 11.67 -7.871
181.09 10.7 11.83 -7.272
181.12 9.87 10.42 -4.073
181.15 8.32 9.45 -1.539
181.18 6.143 7.43 -1.207
181.21 3.766 4.842 -1.419
182 3.458 4.244 -4.744
182.03 4.638 5.567 -9.981
182.06 6.22 7.48 -7.222
182.09 8.48 9.22 -6.917
182.12 8.25 9.03 -5.343
182.15 9.04 9.91 -3.705
182.18 6.365 8.57 -1.876
182.21 3.986 4.863 -0.74
183 4.292 6.094 -4.131
183.03 7.46 8.25 -7.096
183.06 8.24 8.9 -8.887
183.09 9.42 10.45 -7.473
183.12 8.82 10.22 -5.234
183.15 7.46 8.22 -2.831
183.18 6.795 7.95 -1.849
183.21 6.484 6.964 -1.603
184 5.255 6.461 -2.98
184.03 3.724 4.557 -4.158
184.06 3.023 4.418 -3.362
184.09 3.325 5.334 -2.893
184.12 4.144 6.031 -1.822
184.15 7.26 7.77 -0.674
184.18 6.709 7.4 -0.199
184.21 5.701 6.9 -0.323
185 4.035 4.781 -2.602
185.03 5.539 5.991 -4.578
185.06 6.912 8.32 -5.585
185.09 7.53 8.1 -3.067
185.12 6.457 7.37 -0.228
185.15 5.625 6.277 -0.228
185.18 5.57 6.18 0.254
185.21 4.181 5.293 0.283
186 3.838 4.859 0.215
186.03 4.483 5.045 -0.456
186.06 4.754 5.423 -0.702
186.09 5.064 5.608 -1.142
186.12 6.639 7.93 -0.513
186.15 7.51 8.59 -0.17
186.18 7.79 8.15 0.351
186.21 6.809 7.92 0.215
187 7.1 7.65 -1.364
187.03 9.24 10.65 -4.02
187.06 11.39 12.75 -6.064
187.09 12.69 13.27 -6.037
187.12 12.65 13.06 -3.302
187.15 11.47 12.57 -0.266
187.18 9.28 10.79 1.08
187.21 8.25 8.95 1.14
188 8.67 9.26 -0.295
188.03 9.9 11.2 -2.219
188.06 11.09 11.92 -3.25
188.09 10.51 11.76 -1.758
188.12 8.63 9.27 0.615
188.15 7.74 8.69 1.411
188.18 5.053 7.3 1.14
188.21 4.44 5.187 0.606
189 3.634 4.025 -1.858
189.03 3.4 4.189 -1.767
189.06 2.269 3.24 -0.768
189.09 4.074 4.953 -0.551
189.12 5.32 5.86 -0.074
189.15 6.379 7.1 0.41
189.18 5.763 6.587 0.743
189.21 5.06 5.541 0.283
190 4.44 6.035 -0.045
190.03 6.56 7.45 -0.899
190.06 6.492 7.17 -1.151
190.09 5.04 6.199 -1.021
190.12 4.088 4.964 -0.456
190.15 5.232 5.808 -0.39
190.18 4.727 5.43 -0.361
190.21 3.168 4.03 -1.612
191 0 0 -2.487
191.03 0 0 -1.885
191.06 0 0 -2.308
191.09 0 0 -1.52
191.12 0.803 2.609 1.785
191.15 3.181 4.578 -2.039
191.18 2.816 3.67 -1.179
191.21 2.908 3.557 -1.822
192 3.295 3.759 -2.219
192.03 2.349 3.359 -2.901
192.06 2.48 2.637 -2.602
192.09 3.254 3.87 -1.456
192.12 3.313 3.747 0.283
192.15 2.405 3.093 0.41
192.18 3.387 4.226 -0.295
192.21 4.434 5.32 -0.551
193 4.874 6.122 -0.617
193.03 4.924 5.333 -0.333
193.06 5.76 6.437 -0.551
193.09 6.214 6.877 0.186
193.12 4.921 6.646 0.743
193.15 5.956 6.816 0.41
193.18 6.229 7.25 0.148
193.21 5.956 6.778 0.283
194 3.574 5.361 0.215
194.03 5.069 6.155 0.215
194.06 7.07 8.29 0.971
194.09 6.649 7.18 1.27
194.12 7.62 8.22 1.613
194.15 7.65 8.3 1.371
194.18 5.941 6.99 1.2
194.21 5.596 6.083 1.13
195 6.579 7.17 1.041
195.03 6.899 7.38 1.24
195.06 7.93 8.44 1.14
195.09 8.23 9.04 0.674
195.12 9.13 9.86 1.714
195.15 7.65 8.28 2.051
195.18 5.842 6.493 2.123
195.21 5.633 6.725 1.775
196 6.723 7.39 1.13
196.03 7.42 7.77 0.606
196.06 7.76 9.02 -0.17
196.09 9.55 10.33 0.674
196.12 9.71 10.53 1.846
196.15 8.8 9.33 2.216
196.18 7.57 8.56 2.882
196.21 7.48 9.16 2.051
197 6.298 7.11 1.24
197.03 6.908 7.29 0.872
197.06 6.453 7.48 0.061
197.09 6.197 6.958 1.2
197.12 7.73 8.31 1.572
197.15 6.514 8.34 1.673
197.18 5.599 7.42 1.673
197.21 4.119 5.622 1.13
198 5.609 6.813 0.931
198.03 7.07 8.15 -0.266
198.06 9.7 11.1 -1.364
198.09 11.81 13 -1.676
198.12 12.19 13.27 0.41
198.15 11.1 12.05 2.02
198.18 9.14 10.96 2.154
198.21 8.36 8.81 1.918
199 8.66 9.17 0.872
199.03 8.34 8.94 -0.237
199.06 8.54 8.96 -0.993
199.09 9.4 10.74 -0.806
199.12 9.22 9.63 0.872
199.15 8.31 9.05 1.673
199.18 7.41 8.3 1.949
199.21 6.956 7.53 1.704
200 5.676 7.24 0.537
200.03 6.22 7.4 -1.216
200.06 6.879 7.64 -1.207
200.09 8.49 9.32 -1.299
200.12 8.31 9.05 0.606
200.15 7 7.99 1.3
200.18 5.424 6.541 1.603
200.21 4.775 5.342 0.872
201 3.308 4.579 -1.767
201.03 3.594 4.502 -4.051
201.06 5.021 5.609 -4.246
201.09 6.492 6.886 -2.726
201.12 7.16 7.39 -0.617
201.15 6.063 6.91 0.803
201.18 4.479 5.253 1.001
201.21 4.141 4.537 0.41
202 4.516 5.291 -1.401
202.03 6.062 7.52 -2.487
202.06 8.22 8.83 -4.414
202.09 8.93 9.93 -3.076
202.12 9.98 10.46 -0.871
202.15 8.56 9.34 0.872
202.18 7.52 8.27 1.27
202.21 6.524 6.952 1.001
203 5.974 6.322 -0.646
203.03 6.285 6.909 -2.575
203.06 6.441 7.78 -3.62
203.09 9.3 10.35 -3.25
203.12 9.22 10.09 -0.993
203.15 7.72 8.65 1.041
203.18 6.848 7.51 1.17
203.21 6.681 7.2 1.27
204 6.581 7.54 0.704
204.03 8.31 8.92 -0.777
204.06 10.37 11.16 -1.612
204.09 10.28 11.37 -0.871
204.12 9.82 10.63 0.508
204.15 9.13 10.01 1.806
204.18 7.05 9.51 2.01
204.21 8.05 9.34 2.154
205 7.96 9.45 1.673
205.03 9.96 11.66 0.186
205.06 11.26 11.91 -0.428
205.09 12.07 12.87 -0.927
205.12 13.16 14.55 0.09
205.15 12.6 13.84 1.775
205.18 10.85 13.7 2.174
205.21 8.91 10.14 2.03
206 8.12 8.88 0.783
206.03 7.72 8.6 -1.198
206.06 8.19 8.88 -2.415
206.09 8.34 9.3 -2.858
206.12 8 8.94 -0.646
206.15 6.728 7.77 -0.674
206.18 6.541 7.57 -0.399
206.21 5.948 6.72 -0.141
207 7.08 8.07 -0.523
207.03 6.892 8.14 -2.362
207.06 5.08 6.449 -1.639
207.09 3.914 4.504 -1.151
207.12 4.049 5.484 -0.237
207.15 4.849 5.574 0.215
207.18 4.546 4.968 0.537
207.21 4.124 4.627 -0.617
208 5.026 5.593 -2.156
208.03 4.037 4.428 -2.093
208.06 3.94 4.531 -2.893
208.09 3.402 3.887 -3.12
208.12 5.326 10.46 -3.241
208.15 9.04 10.25 -0.871
208.18 8.05 8.98 -0.084
208.21 6.914 8.06 -1.03
209 7.57 8.97 -2.54
209.03 9.47 11.35 -5.812
209.06 11.8 13.66 -4.678
209.09 14.55 15.91 -4.539
209.12 15.23 16.23 -2.415
209.15 12.29 14.37 -0.237
209.18 9.5 10.09 0.763
209.21 8.09 9.3 0.547
210 7.34 7.86 -0.485
210.03 8.74 9.59 -1.511
210.06 7.35 8.29 -4.234
210.09 6.991 7.62 -4.678
210.12 5.585 6.512 -2.389
210.15 4.195 4.869 -0.485
210.18 1.78 2.99 1.592
210.21 1.221 1.998 -2.012
211 1.863 2.744 -2.681
211.03 2.569 3.166 -2.362
211.06 1.351 1.642 -2.54
211.09 1.854 2.632 -2.415
211.12 2.715 4.225 -1.548
211.15 3.417 3.927 -1.548
211.18 4.282 5.007 -1.676
211.21 6.12 7.32 -2.326
212 7.47 8.16 -2.831
212.03 7.55 9.93 -4.569
212.06 6.776 10.08 -10.451
212.09 11.25 13.25 -12.096
212.12 12.49 12.85 -8.722
