209.750 9.50 999.00 .76
209.875 8.09 999.00 .55
210 7.34 999.00 -.49
210.125 8.74 999.00 -1.51
210.250 7.35 999.00 -4.23
210.375 6.99 999.00 -4.68
210.500 5.59 999.00 -2.39
210.625 4.20 999.00 -.49
210.750 1.78 999.00 1.59
210.875 1.22 999.00 -2.01
211 1.86 999.00 -2.68
211.125 2.57 999.00 -2.36
211.250 1.35 999.00 -2.54
211.375 1.85 999.00 -2.41
211.500 2.71 999.00 -1.55
211.625 3.42 999.00 -1.55
211.750 4.28 999.00 -1.68
211.875 6.12 999.00 -2.33
212 7.47 999.00 -2.83
212.125 7.55 999.00 -4.57
212.250 6.78 999.00 -10.45
212.375 11.25 999.00 -12.10
212.500 12.49 999.00 -8.72
212.625 11.90 999.00 -5.73
212.750 9.62 999.00 -3.44
212.875 5.71 999.00 -3.15
213 4.66 999.00 -4.28
213.125 8.73 999.00 -6.30
213.250 10.30 999.00 -8.07
213.375 11.45 999.00 -8.17
213.500 12.18 999.00 -6.51
213.625 9.94 999.00 -3.40
213.750 8.19 999.00 -1.92
213.875 5.58 999.00 -2.31
214 5.45 999.00 -5.24
214.125 7.32 999.00 -7.17
214.250 9.17 999.00 -8.70
214.375 11.28 999.00 -7.99
214.500 10.41 999.00 -4.13
214.625 7.25 999.00 -.29
214.750 6.24 999.00 .87
214.875 5.05 999.00 .44
215 5.75 999.00 -1.92
215.125 6.73 999.00 -3.91
215.250 8.85 999.00 -5.10
215.375 9.05 999.00 -4.72
215.500 8.36 999.00 -2.58
215.625 7.72 999.00 -.68
215.750 5.89 999.00 -.28
215.875 5.29 999.00 -.14
216 5.84 999.00 -.78
216.125 6.45 999.00 -.90
216.250 5.76 999.00 -.78
216.375 6.99 999.00 -.43
216.500 6.44 999.00 -.24
216.625 6.61 999.00 .19
216.750 5.70 999.00 -.17
216.875 4.40 999.00 -.28
217 2.13 999.00 -.87
217.125 .00 999.00 -1.49
217.250 .00 999.00 -1.49
217.375 .00 999.00 -.71
217.500 2.50 999.00 -.33
217.625 5.82 999.00 -1.03
217.750 5.19 999.00 -1.28
217.875 3.87 999.00 -1.88
218 5.00 999.00 -3.59
218.125 4.86 999.00 -2.37
218.250 3.68 999.00 -3.14
218.375 3.08 999.00 -3.51
218.500 3.58 999.00 -2.84
218.625 3.69 999.00 -1.82
218.750 2.84 999.00 -1.40
218.875 2.99 999.00 -1.82
219 2.31 999.00 -2.84
219.125 1.85 999.00 -3.74
219.250 1.47 999.00 -4.30
219.375 1.35 999.00 -2.75
219.500 2.50 999.00 -1.73
219.625 3.26 999.00 -.93
219.750 5.39 999.00 -1.52
219.875 4.62 999.00 -2.40
220 4.16 999.00 -1.15
220.125 3.53 999.00 -1.03
220.250 3.72 999.00 -1.24
220.375 4.52 999.00 -1.03
220.500 4.21 999.00 -.40
220.625 4.44 999.00 -.01
220.750 4.68 999.00 -.05
220.875 5.05 999.00 .27
221 4.55 999.00 .77
221.125 5.86 999.00 -.07
221.250 7.11 999.00 1.61
221.375 10.23 999.00 -.36
221.500 10.56 999.00 1.57
221.625 8.69 999.00 .87
221.750 6.25 999.00 1.26
221.875 4.97 999.00 -.75
222 3.69 999.00 -1.28
222.125 .00 999.00 -1.49
222.250 .00 999.00 -.96
222.375 3.60 999.00 -.07
222.500 7.99 999.00 1.20
222.625 8.34 999.00 1.75
222.750 6.67 999.00 2.08
222.875 6.62 999.00 2.25
223 7.89 999.00 .47
223.125 12.28 999.00 -3.77
223.250 13.45 999.00 -4.78
223.375 14.62 999.00 -5.51
223.500 14.59 999.00 -2.46
223.625 13.45 999.00 .73
223.750 11.30 999.00 2.01
223.875 10.62 999.00 2.57
224 12.61 999.00 1.13
224.125 13.39 999.00 -1.09
224.250 11.57 999.00 -2.87
224.375 11.23 999.00 -2.60
224.500 11.50 999.00 -.49
224.625 10.31 999.00 1.20
224.750 8.23 999.00 1.57
224.875 7.60 999.00 1.10
225 7.05 999.00 .02
225.125 8.70 999.00 -2.73
225.250 9.14 999.00 -5.51
225.375 10.46 999.00 -5.37
225.500 9.42 999.00 -3.16
225.625 8.31 999.00 .41
225.750 6.28 999.00 1.27
225.875 5.98 999.00 1.23
226 6.57 999.00 -.94
226.125 8.96 999.00 -4.41
226.250 9.31 999.00 -4.50
226.375 11.30 999.00 -5.99
226.500 11.94 999.00 -2.84
226.625 11.45 999.00 .19
226.750 8.43 999.00 .87
226.875 6.68 999.00 .93
227 6.28 999.00 -.96
227.125 4.85 999.00 -2.79
227.250 1.13 999.00 -3.10
227.375 1.03 999.00 -3.10
227.500 1.18 999.00 -2.09
227.625 1.35 999.00 -.99
227.750 1.05 999.00 -.91
227.875 1.77 999.00 -1.68
228 2.97 999.00 -2.37
228.125 3.30 999.00 -3.10
228.250 3.40 999.00 -3.36
228.375 3.97 999.00 -3.14
228.500 4.18 999.00 -2.58
228.625 4.50 999.00 -2.60
228.750 4.77 999.00 -2.28
228.875 4.54 999.00 -2.58
229 2.85 999.00 -2.93
229.125 .28 999.00 -3.68
229.250 .00 999.00 -7.43
229.375 .00 999.00 -9.96
229.500 5.49 999.00 -8.46
229.625 6.06 999.00 -3.88
229.750 3.48 999.00 -2.19
229.875 1.65 999.00 -5.72
230 3.73 999.00 -9.12
230.125 5.66 999.00 -11.12
230.250 7.19 999.00 -11.51
230.375 7.38 999.00 -9.05
230.500 8.23 999.00 -5.93
230.625 8.37 999.00 -3.45
230.750 7.92 999.00 -2.75
230.875 6.41 999.00 -4.13
231 6.25 999.00 -7.55
231.125 7.57 999.00 -9.05
231.250 7.64 999.00 -8.89
231.375 8.38 999.00 -7.85
231.500 8.34 999.00 -5.67
231.625 8.45 999.00 -2.58
231.750 8.22 999.00 -1.36
231.875 6.99 999.00 -2.69
232 7.62 999.00 -4.72
232.125 8.40 999.00 -7.37
232.250 10.28 999.00 -5.98
232.375 9.42 999.00 -6.09
232.500 9.14 999.00 -4.63
232.625 9.01 999.00 -2.34
232.750 8.04 999.00 -1.73
232.875 4.60 999.00 -2.66
233 5.82 999.00 -6.74
233.125 9.22 999.00 -8.48
233.250 11.13 999.00 -10.12
233.375 12.44 999.00 -9.45
233.500 12.23 999.00 -6.45
233.625 10.41 999.00 -3.56
233.750 7.96 999.00 -2.45
233.875 6.42 999.00 -4.27
234 6.71 999.00 -7.40
234.125 9.33 999.00 -8.26
234.250 10.61 999.00 -8.55
234.375 11.41 999.00 -7.50
234.500 11.79 999.00 -4.85
234.625 10.26 999.00 -2.49
234.750 9.14 999.00 -1.73
234.875 8.72 999.00 -3.04
235 9.43 999.00 -5.45
235.125 11.00 999.00 -6.56
235.250 11.90 999.00 -6.94
235.375 12.41 999.00 -5.72
235.500 11.73 999.00 -3.36
235.625 10.84 999.00 -1.58
235.750 11.19 999.00 -.67
235.875 10.99 999.00 -1.09
236 10.43 999.00 -1.36
236.125 11.91 999.00 -2.27
236.250 12.44 999.00 -2.22
236.375 11.35 999.00 -1.64
236.500 8.82 999.00 -.29
236.625 7.22 999.00 -.17
236.750 7.52 999.00 -.21
236.875 6.26 999.00 -.62
237 6.11 999.00 -.17
237.125 6.31 999.00 -.07
237.250 10.30 999.00 -4.13
237.375 12.32 999.00 -5.10
237.500 10.12 999.00 -2.95
237.625 9.14 999.00 -1.98
237.750 8.86 999.00 -2.49
237.875 9.32 999.00 -3.53
238 9.34 999.00 -5.53
238.125 10.84 999.00 -7.15
238.250 12.19 999.00 -8.16
238.375 11.68 999.00 -7.25
238.500 11.66 999.00 -4.72
238.625 11.28 999.00 -2.42
238.750 10.60 999.00 -1.27
238.875 9.05 999.00 -2.55
239 8.43 999.00 -6.35
239.125 8.76 999.00 -9.03
239.250 10.42 999.00 -9.68
239.375 11.39 999.00 -9.98
239.500 12.03 999.00 -8.91
239.625 11.20 999.00 -5.59
239.750 9.34 999.00 -3.85
239.875 8.00 999.00 -5.43
240 8.39 999.00 -9.10
240.125 10.48 999.00 -10.83
240.250 11.96 999.00 -11.68
240.375 11.01 999.00 -7.94
240.500 9.08 999.00 -4.91
240.625 6.72 999.00 -3.24
240.750 6.44 999.00 -3.15
240.875 6.17 999.00 -3.19
241 2.67 999.00 -3.65
241.125 2.64 999.00 -3.96
241.250 3.15 999.00 -4.96
241.375 5.00 999.00 -4.36
241.500 7.01 999.00 -6.92
241.625 7.60 999.00 -4.83
241.750 7.57 999.00 -4.52
241.875 7.19 999.00 -5.29
242 6.78 999.00 -7.10
242.125 7.42 999.00 -9.10
242.250 7.53 999.00 -10.59
242.375 7.37 999.00 -11.10
242.500 6.59 999.00 -9.73
242.625 5.57 999.00 -7.27
242.750 4.52 999.00 -7.52
242.875 4.29 999.00 -10.32
243 5.23 999.00 -12.32
243.125 6.64 999.00 -15.52
243.250 8.87 999.00 -17.22
243.375 9.75 999.00 -18.55
243.500 11.45 999.00 -17.63
243.625 12.18 999.00 -13.90
243.750 8.51 999.00 -11.92
243.875 7.22 999.00 -13.20
244 7.74 999.00 -16.20
244.125 8.80 999.00 -16.11
244.250 9.51 999.00 -16.46
244.375 9.92 999.00 -15.27
244.500 10.23 999.00 -12.24
244.625 10.03 999.00 -8.60
244.750 8.38 999.00 -7.07
244.875 6.99 999.00 -9.15
245 9.17 999.00 -10.99
245.125 8.00 999.00 -10.30
245.250 6.25 999.00 -9.31
245.375 6.07 999.00 -7.35
245.500 7.67 999.00 -6.81
245.625 6.19 999.00 -5.69
245.750 5.79 999.00 -4.99
245.875 6.57 999.00 -6.01
246 6.97 999.00 -7.15
246.125 8.22 999.00 -6.92
246.250 7.39 999.00 -6.03
246.375 6.36 999.00 -6.30
246.500 6.89 999.00 -6.92
246.625 7.00 999.00 -5.48
246.750 5.58 999.00 -5.10
246.875 5.98 999.00 -7.25
247 5.66 999.00 -6.76
247.125 7.03 999.00 -7.99
247.250 8.24 999.00 -9.33
247.375 9.62 999.00 -11.55
247.500 9.07 999.00 -11.23
247.625 9.18 999.00 -9.96
247.750 8.09 999.00 -7.99
247.875 7.68 999.00 -9.98
248 6.75 999.00 -11.83
248.125 9.34 999.00 -12.40
248.250 10.48 999.00 -12.63
248.375 12.49 999.00 -13.52
248.500 12.06 999.00 -13.40
248.625 12.35 999.00 -13.04
248.750 11.11 999.00 -11.85
248.875 10.93 999.00 -12.84
249 11.79 999.00 -14.75
249.125 12.94 999.00 -15.19
249.250 12.35 999.00 -15.81
249.375 14.04 999.00 -15.42
249.500 14.86 999.00 -12.19
249.625 16.12 999.00 -10.52
249.750 14.26 999.00 -8.26
249.875 12.35 999.00 -5.53
250 10.22 999.00 -4.66
250.125 9.10 999.00 -3.21
250.250 7.90 999.00 -3.21
250.375 5.42 999.00 -3.12
250.500 5.37 999.00 -2.86
250.625 6.66 999.00 -3.65
250.750 7.27 999.00 -2.39
250.875 9.77 999.00 -5.13
251 11.89 999.00 -3.07
251.125 11.51 999.00 -3.70
251.250 12.87 999.00 -7.04
251.375 16.40 999.00 -8.60
251.500 18.50 999.00 -6.92
251.625 16.82 999.00 -3.99
251.750 13.38 999.00 -4.77
251.875 11.93 999.00 -4.24
252 7.86 999.00 -4.74
252.125 6.31 999.00 -6.11
252.250 5.73 999.00 -6.38
252.375 3.74 999.00 -6.27
252.500 3.35 999.00 -5.96
252.625 3.09 999.00 -5.66
252.750 2.85 999.00 -9.84
252.875 4.28 999.00 -14.21
253 5.55 999.00 -17.33
253.125 8.08 999.00 -18.89
253.250 10.28 999.00 -20.32
253.375 11.79 999.00 -21.07
253.500 11.32 999.00 -19.12
253.625 10.40 999.00 -16.40
253.750 9.97 999.00 -14.33
253.875 8.67 999.00 -13.74
254 8.28 999.00 -16.72
254.125 9.99 999.00 -18.26
254.250 10.69 999.00 -17.63
254.375 11.87 999.00 -16.67
254.500 12.96 999.00 -14.47
254.625 11.34 999.00 -11.03
254.750 9.57 999.00 -9.40
254.875 10.54 999.00 -10.28
255 11.57 999.00 -11.79
255.125 10.31 999.00 -13.06
255.250 11.01 999.00 -13.31
255.375 10.60 999.00 -13.65
255.500 10.38 999.00 -12.19
255.625 11.12 999.00 -10.03
255.750 10.41 999.00 -8.31
255.875 10.54 999.00 -7.92
256 10.59 999.00 -8.70
256.125 12.53 999.00 -8.79
256.250 13.81 999.00 -7.92
256.375 14.62 999.00 -6.74
256.500 14.46 999.00 -6.11
256.625 14.77 999.00 -5.66
256.750 10.67 999.00 -6.89
256.875 7.56 999.00 -6.89
257 6.35 999.00 -7.60
257.125 5.68 999.00 -6.84
257.250 5.81 999.00 -6.40
257.375 5.83 999.00 -6.11
257.500 4.65 999.00 -6.01
257.625 5.27 999.00 -4.96
257.750 3.89 999.00 -4.38
257.875 2.44 999.00 -4.55
258 .75 999.00 -5.10
258.125 1.69 999.00 -6.09
258.250 1.67 999.00 -6.45
258.375 5.20 999.00 -10.23
258.500 6.40 999.00 -10.21
258.625 4.58 999.00 -8.07
258.750 1.77 999.00 -6.56
258.875 .53 999.00 -7.89
259 1.69 999.00 -9.87
259.125 5.53 999.00 -12.75
259.250 9.66 999.00 -14.75
259.375 9.04 999.00 -15.78
259.500 8.62 999.00 -13.22
259.625 7.88 999.00 -10.70
259.750 7.81 999.00 -11.38
259.875 6.65 999.00 -14.18
260 7.89 999.00 -11.90
260.125 9.55 999.00 -11.77
260.250 11.10 999.00 -11.16
260.375 12.60 999.00 -9.48
260.500 11.23 999.00 -7.42
260.625 10.83 999.00 -4.88
260.750 11.05 999.00 -4.93
260.875 11.93 999.00 -6.06
261 13.56 999.00 -8.26
261.125 13.67 999.00 -9.40
261.250 11.91 999.00 -10.88
261.375 10.52 999.00 -11.25
261.500 9.19 999.00 -9.40
261.625 9.27 999.00 -7.67
261.750 8.66 999.00 -7.57
261.875 8.62 999.00 -9.26
262 10.96 999.00 -11.81
262.125 12.02 999.00 -13.90
262.250 12.41 999.00 -14.16
262.375 12.80 999.00 -13.44
262.500 10.83 999.00 -10.12
262.625 9.87 999.00 -8.02
262.750 10.42 999.00 -8.43
262.875 9.20 999.00 -9.29
263 10.92 999.00 -9.66
263.125 10.75 999.00 -9.91
263.250 11.86 999.00 -9.50
263.375 11.62 999.00 -9.96
263.500 11.90 999.00 -9.50
263.625 10.94 999.00 -6.99
263.750 9.85 999.00 -6.92
263.875 9.67 999.00 -8.26
264 11.94 999.00 -8.14
264.125 14.11 999.00 -8.77
264.250 14.91 999.00 -9.84
264.375 16.52 999.00 -9.40
264.500 16.78 999.00 -7.27
264.625 18.72 999.00 -1.41
264.750 19.92 999.00 -.95
264.875 18.51 999.00 -1.29
265 16.64 999.00 -2.03
265.125 16.63 999.00 -2.50
265.250 14.56 999.00 -2.95
265.375 12.61 999.00 -3.87
265.500 10.77 999.00 -4.55
265.625 10.73 999.00 -3.99
265.750 9.39 999.00 -4.21
265.875 8.92 999.00 -5.85
266 11.44 999.00 -6.71
266.125 12.16 999.00 -7.67
266.250 12.68 999.00 -8.96
266.375 12.00 999.00 -8.77
266.500 11.26 999.00 -8.29
266.625 10.60 999.00 -6.84
266.750 9.37 999.00 -7.20
266.875 8.72 999.00 -8.04
267 8.97 999.00 -10.90
267.125 9.30 999.00 -9.45
267.250 9.08 999.00 -8.21
267.375 10.18 999.00 -8.79
267.500 14.65 999.00 -8.89
267.625 15.08 999.00 -7.97
267.750 13.93 999.00 -5.26
267.875 13.95 999.00 -2.94
268 15.34 999.00 -1.84
268.125 16.12 999.00 -1.78
268.250 20.33 999.00 -1.45
268.375 19.32 999.00 -2.12
268.500 17.51 999.00 -1.69
268.625 15.84 999.00 -.61
268.750 9.23 999.00 -3.04
268.875 11.39 999.00 -5.56
269 12.24 999.00 -5.98
269.125 10.70 999.00 -7.22
269.250 9.98 999.00 -6.79
269.375 8.88 999.00 -8.04
269.500 7.77 999.00 -9.59
269.625 7.68 999.00 -10.21
269.750 7.28 999.00 -10.86
269.875 7.91 999.00 -13.42
270 9.02 999.00 -12.11
270.125 7.74 999.00 -9.91
270.250 8.00 999.00 -11.21
270.375 7.59 999.00 -11.77
270.500 5.42 999.00 -11.60
270.625 3.06 999.00 -11.38
270.750 2.86 999.00 -11.60
270.875 2.67 999.00 -12.81
271 3.76 999.00 -20.83
271.125 7.64 999.00 -21.16
271.250 11.53 999.00 -19.17
271.375 14.67 999.00 -19.42
271.500 15.18 999.00 -17.27
271.625 14.81 999.00 -15.62
271.750 13.58 999.00 -15.00
271.875 13.79 999.00 -16.42
272 15.55 999.00 -18.26
272.125 15.83 999.00 -18.78
272.250 16.37 999.00 -18.81
272.375 18.12 999.00 -18.53
272.500 17.89 999.00 -17.38
272.625 18.28 999.00 -15.12
272.750 16.93 999.00 -14.08
272.875 17.03 999.00 -15.60
273 16.89 999.00 -15.53
273.125 15.73 999.00 -13.27
273.250 16.51 999.00 -10.07
273.375 16.80 999.00 -9.05
273.500 17.67 999.00 -8.41
273.625 18.33 999.00 -4.54
273.750 17.28 999.00 -2.68
273.875 14.56 999.00 -1.63
274 15.27 999.00 -1.07
274.125 15.01 999.00 -.47
274.250 12.87 999.00 .43
274.375 13.79 999.00 .46
274.500 14.59 999.00 1.22
274.625 13.49 999.00 2.00
274.750 11.55 999.00 2.86
274.875 12.33 999.00 1.42
275 11.48 999.00 .36
275.125 9.35 999.00 -2.39
275.250 8.54 999.00 -3.15
275.375 9.52 999.00 .00
275.500 11.68 999.00 -.47
275.625 11.84 999.00 .00
275.750 9.86 999.00 -1.21
275.875 9.85 999.00 -2.60
276 9.01 999.00 -3.85
276.125 7.15 999.00 -2.45
276.250 10.32 999.00 -1.17
276.375 11.08 999.00 -2.15
276.500 11.51 999.00 -.67
276.625 12.87 999.00 -.32
276.750 13.08 999.00 -1.94
276.875 12.52 999.00 -2.36
277 10.44 999.00 .39
277.125 12.04 999.00 -.45
277.250 14.79 999.00 -.39
277.375 15.35 999.00 .71
277.500 14.83 999.00 1.96
277.625 18.27 999.00 1.55
277.750 16.38 999.00 .78
277.875 14.60 999.00 1.45
278 16.25 999.00 1.04
278.125 15.81 999.00 -1.14
278.250 15.39 999.00 -3.28
278.375 12.17 999.00 -3.79
278.500 12.46 999.00 -3.96
278.625 13.36 999.00 -3.85
278.750 11.33 999.00 -4.47
278.875 10.01 999.00 -5.18
279 10.00 999.00 -5.96
279.125 8.20 999.00 -5.69
279.250 7.85 999.00 -5.37
279.375 7.20 999.00 -6.19
279.500 7.62 999.00 -7.82
279.625 7.39 999.00 -7.97
279.750 6.05 999.00 -9.54
279.875 7.62 999.00 -9.71
280 8.18 999.00 -6.53
280.125 8.67 999.00 -6.71
280.250 8.20 999.00 -3.96
280.375 5.38 999.00 -5.45
280.500 4.55 999.00 -7.55
280.625 5.47 999.00 -7.04
280.750 5.93 999.00 -5.31
280.875 4.11 999.00 -6.58
281 2.60 999.00 -6.64
281.125 2.10 999.00 -6.58
281.250 1.16 999.00 -5.96
281.375 1.46 999.00 -5.80
281.500 1.52 999.00 -4.88
281.625 1.64 999.00 -5.26
281.750 1.97 999.00 -7.89
281.875 2.69 999.00 -9.33
282 4.94 999.00 -9.68
282.125 11.04 999.00 -11.75
282.250 13.40 999.00 -9.71
282.375 13.29 999.00 -8.60
282.500 12.76 999.00 -7.57
282.625 8.89 999.00 -6.74
282.750 7.33 999.00 -6.30
282.875 5.46 999.00 -7.07
283 3.25 999.00 -7.75
283.125 1.91 999.00 -7.70
283.250 1.28 999.00 -8.62
283.375 .93 999.00 -9.01
283.500 1.65 999.00 -10.57
283.625 4.39 999.00 -13.36
283.750 6.49 999.00 -9.36
283.875 6.75 999.00 -7.47
284 7.90 999.00 -10.00
284.125 7.86 999.00 -8.12
284.250 6.63 999.00 -7.12
284.375 6.01 999.00 -8.12
284.500 5.78 999.00 -7.17
284.625 5.41 999.00 -7.30
284.750 5.13 999.00 -10.21
284.875 3.30 999.00 -9.75
285 2.64 999.00 -9.82
285.125 1.66 999.00 -9.82
285.250 .00 999.00 -11.51
285.375 .00 999.00 -12.34
285.500 .00 999.00 -11.49
285.625 .00 999.00 -10.61
285.750 .00 999.00 -10.46
285.875 .00 999.00 -10.79
286 .00 999.00 -10.84
286.125 .00 999.00 -11.45
286.250 .00 999.00 -16.36
286.375 .00 999.00 -19.35
286.500 2.22 999.00 -17.46
286.625 7.11 999.00 -17.66
286.750 9.03 999.00 -16.10
286.875 10.63 999.00 -13.83
287 10.46 999.00 -11.43
287.125 8.92 999.00 -7.55
287.250 6.38 999.00 -6.22
287.375 6.30 999.00 -6.40
287.500 7.82 999.00 -10.05
287.625 9.29 999.00 -7.75
287.750 11.37 999.00 -5.85
287.875 10.18 999.00 -3.12
288 10.35 999.00 .63
288.125 10.70 999.00 .40
288.250 8.95 999.00 .04
288.375 7.75 999.00 .13
288.500 8.68 999.00 -.04
288.625 8.13 999.00 .56
288.750 8.79 999.00 .71
288.875 7.87 999.00 .81
289 7.86 999.00 1.08
289.125 10.00 999.00 .88
289.250 7.74 999.00 .64
289.375 8.91 999.00 .38
289.500 8.39 999.00 .19
289.625 5.91 999.00 -.04
289.750 6.19 999.00 1.14
289.875 7.51 999.00 .51
290 8.84 999.00 -2.25
290.125 7.09 999.00 -1.18
290.250 8.52 999.00 -2.75
290.375 8.25 999.00 -3.45
290.500 7.81 999.00 -3.56
290.625 8.03 999.00 -5.07
290.750 7.47 999.00 -4.47
290.875 8.97 999.00 -5.10
291 10.82 999.00 -4.99
291.125 11.15 999.00 -4.91
291.250 11.25 999.00 -5.13
291.375 10.89 999.00 -4.74
291.500 9.67 999.00 -4.30
291.625 10.99 999.00 -3.79
291.750 11.10 999.00 -4.38
291.875 11.42 999.00 -5.72
292 12.18 999.00 -6.35
292.125 13.66 999.00 -6.38
292.250 13.59 999.00 -6.58
292.375 12.24 999.00 -6.48
292.500 12.90 999.00 -5.45
292.625 14.68 999.00 -4.38
292.750 13.93 999.00 -4.33
292.875 12.94 999.00 -4.99
293 13.58 999.00 -7.20
293.125 13.92 999.00 -6.14
293.250 15.85 999.00 -6.92
293.375 14.18 999.00 -5.31
293.500 13.29 999.00 -3.04
293.625 11.46 999.00 -2.06
293.750 9.58 999.00 -6.84
293.875 4.41 999.00 -7.60
294 1.36 999.00 -11.12
294.125 6.24 999.00 -13.64
294.250 7.55 999.00 -14.83
294.375 7.05 999.00 -11.90
294.500 6.30 999.00 -11.03
294.625 7.56 999.00 -12.06
294.750 9.14 999.00 -13.36
294.875 10.05 999.00 -13.12
295 11.89 999.00 -14.64
295.125 12.05 999.00 -16.76
295.250 16.03 999.00 -18.46
295.375 17.57 999.00 -17.63
295.500 16.53 999.00 -13.48
295.625 14.36 999.00 -7.55
295.750 16.33 999.00 -7.40
295.875 13.67 999.00 -12.13
296 8.95 999.00 -9.57
296.125 9.19 999.00 -9.38
296.250 10.06 999.00 -9.52
296.375 9.74 999.00 -10.16
296.500 7.86 999.00 -10.25
296.625 5.08 999.00 -10.50
296.750 3.69 999.00 -10.32
296.875 .71 999.00 -13.66
297 .00 999.00 -10.66
297.125 .00 999.00 -12.46
297.250 .00 999.00 -14.23
297.375 .00 999.00 -14.54
297.500 .00 999.00 -16.26
297.625 .00 999.00 -16.29
297.750 .00 999.00 -17.49
297.875 4.86 999.00 -23.16
298 6.29 999.00 -22.63
298.125 6.73 999.00 -20.18
298.250 7.79 999.00 -15.40
298.375 10.88 999.00 -16.37
298.500 11.00 999.00 -15.93
298.625 10.93 999.00 -12.78
298.750 10.36 999.00 -14.60
298.875 9.11 999.00 -14.60
299 9.42 999.00 -15.51
299.125 9.35 999.00 -16.44
299.250 9.16 999.00 -16.83
299.375 9.03 999.00 -16.17
299.500 9.87 999.00 -19.19
299.625 9.35 999.00 -18.48
299.750 9.75 999.00 -19.16
299.875 8.94 999.00 -21.06
300 9.62 999.00 -21.08
300.125 10.22 999.00 -17.77
300.250 9.87 999.00 -16.41
300.375 10.12 999.00 -16.53
300.500 10.20 999.00 -15.66
300.625 10.70 999.00 -14.76
300.750 9.84 999.00 -13.41
300.875 9.56 999.00 -13.39
301 9.07 999.00 -13.39
301.125 7.35 999.00 -12.38
301.250 6.39 999.00 -12.67
301.375 7.23 999.00 -12.80
301.500 7.25 999.00 -13.08
301.625 8.72 999.00 -12.67
301.750 6.81 999.00 -12.17
301.875 6.41 999.00 -11.79
302 6.45 999.00 -10.55
302.125 7.06 999.00 -10.01
302.250 7.50 999.00 -9.03
302.375 6.84 999.00 -8.04
302.500 7.21 999.00 -7.89
302.625 7.16 999.00 -7.92
302.750 8.36 999.00 -7.17
302.875 8.41 999.00 -6.86
303 8.17 999.00 -6.74
303.125 8.92 999.00 -6.27
303.250 8.85 999.00 -6.84
303.375 7.13 999.00 -8.04
303.500 3.05 999.00 -9.29
303.625 .06 999.00 -9.61
303.750 .00 999.00 -10.92
303.875 .00 999.00 -10.75
304 .76 999.00 -15.25
304.125 6.98 999.00 -19.48
304.250 7.48 999.00 -19.91
304.375 6.14 999.00 -18.14
304.500 5.70 999.00 -24.73
304.625 6.18 999.00 -25.30
304.750 6.19 999.00 -27.40
304.875 5.35 999.00 -27.13
305 4.47 999.00 -21.66
305.125 4.68 999.00 -19.93
305.250 4.60 999.00 -19.29
305.375 5.47 999.00 -20.22
305.500 5.58 999.00 -19.35
305.625 5.16 999.00 -19.06
305.750 4.92 999.00 -18.70
305.875 4.49 999.00 -18.33
306 6.17 999.00 -20.61
306.125 7.51 999.00 -22.79
306.250 7.01 999.00 -23.66
306.375 8.18 999.00 -31.86
306.500 8.26 999.00 -32.78
306.625 8.71 999.00 -31.92
306.750 9.59 999.00 -32.18
306.875 8.99 999.00 -32.33
307 8.75 999.00 -32.34
307.125 8.40 999.00 -33.03
307.250 8.08 999.00 -31.13
307.375 7.80 999.00 -30.00
307.500 7.15 999.00 -30.54
307.625 7.31 999.00 -32.24
307.750 7.76 999.00 -29.82
307.875 8.48 999.00 -29.86
308 8.85 999.00 -31.48
308.125 8.68 999.00 -32.11
308.250 8.99 999.00 -28.28
308.375 9.84 999.00 -29.80
308.500 10.11 999.00 -29.50
308.625 10.87 999.00 -28.90
308.750 10.45 999.00 -28.84
308.875 10.31 999.00 -29.43
309 10.29 999.00 -28.62
309.125 10.53 999.00 -29.34
309.250 10.44 999.00 -30.86
309.375 10.38 999.00 -30.22
309.500 10.34 999.00 -28.98
309.625 10.27 999.00 -27.18
309.750 9.65 999.00 -25.90
309.875 8.53 999.00 -24.80
310 8.24 999.00 -22.56
310.125 8.47 999.00 -22.44
310.250 8.56 999.00 -22.63
310.375 9.39 999.00 -21.68
310.500 9.79 999.00 -21.28
310.625 11.18 999.00 -21.86
310.750 11.17 999.00 -19.51
310.875 11.76 999.00 -16.95
311 11.37 999.00 -16.57
311.125 11.20 999.00 -17.71
311.250 10.58 999.00 -17.40
311.375 9.12 999.00 -15.35
311.500 9.30 999.00 -13.39
311.625 9.29 999.00 -10.48
311.750 10.41 999.00 -8.65
311.875 13.82 999.00 -8.67
312 14.77 999.00 -8.48
312.125 14.60 999.00 -8.19
312.250 13.71 999.00 -7.57
312.375 12.25 999.00 -7.57
312.500 12.95 999.00 -8.45
312.625 13.06 999.00 -8.62
312.750 11.44 999.00 -10.26
312.875 11.21 999.00 -11.06
313 10.67 999.00 -11.86
313.125 11.01 999.00 -12.11
313.250 12.57 999.00 -14.72
313.375 12.86 999.00 -14.49
313.500 11.08 999.00 -14.22
313.625 9.66 999.00 -12.84
313.750 7.08 999.00 -16.46
313.875 5.83 999.00 -18.05
314 2.56 999.00 -17.83
314.125 2.96 999.00 -16.08
314.250 3.10 999.00 -16.34
314.375 2.72 999.00 -15.70
314.500 2.70 999.00 -16.57
314.625 5.39 999.00 -15.74
314.750 5.30 999.00 -15.95
314.875 6.84 999.00 -16.46
315 6.30 999.00 -19.29
315.125 6.40 999.00 -22.33
315.250 8.00 999.00 -22.99
315.375 9.79 999.00 -23.24
315.500 11.14 999.00 -23.98
315.625 12.39 999.00 -21.81
315.750 12.20 999.00 -19.41
315.875 11.89 999.00 -18.14
316 11.13 999.00 -19.07
316.125 12.94 999.00 -19.17
316.250 14.14 999.00 -19.91
316.375 13.85 999.00 -19.52
316.500 10.29 999.00 -20.38
316.625 8.88 999.00 -21.31
316.750 8.54 999.00 -23.77
316.875 7.79 999.00 -25.33
317 7.43 999.00 -24.35
317.125 7.47 999.00 -26.53
317.250 7.57 999.00 -29.40
317.375 8.96 999.00 -30.58
317.500 10.58 999.00 -29.83
317.625 12.10 999.00 -30.78
317.750 11.43 999.00 -33.00
317.875 7.26 999.00 -33.76
318 7.22 999.00 -28.21
318.125 9.13 999.00 -26.08
318.250 10.07 999.00 -25.63
318.375 9.35 999.00 -29.06
318.500 10.68 999.00 -29.31
318.625 12.04 999.00 -30.55
318.750 12.00 999.00 -30.85
318.875 11.63 999.00 -32.41
319 11.84 999.00 -32.55
319.125 13.31 999.00 -31.87
319.250 14.07 999.00 -32.73
319.375 15.25 999.00 -32.26
319.500 14.81 999.00 -31.05
319.625 16.18 999.00 -29.84
319.750 18.80 999.00 -29.59
319.875 18.97 999.00 -27.62
320 18.16 999.00 -25.90
320.125 18.64 999.00 -23.74
320.250 16.45 999.00 -18.57
320.375 12.70 999.00 -14.35
320.500 4.74 999.00 -16.61
320.625 3.49 999.00 -19.56
320.750 3.29 999.00 -19.40
320.875 2.41 999.00 -20.02
321 4.29 999.00 -19.75
321.125 4.55 999.00 -18.69
321.250 4.72 999.00 -18.56
321.375 5.03 999.00 -17.64
321.500 5.55 999.00 -19.14
321.625 3.74 999.00 -19.75
321.750 5.16 999.00 -26.39
321.875 7.39 999.00 -28.65
322 8.63 999.00 -28.62
322.125 8.45 999.00 -30.01
322.250 9.03 999.00 -30.17
322.375 8.82 999.00 -30.45
322.500 9.29 999.00 -31.17
322.625 10.80 999.00 -30.50
322.750 11.75 999.00 -29.85
322.875 11.41 999.00 -30.67
323 11.95 999.00 -28.87
323.125 11.15 999.00 -28.89
323.250 10.22 999.00 -28.98
323.375 9.97 999.00 -27.15
323.500 9.74 999.00 -27.07
323.625 11.04 999.00 -27.37
323.750 10.27 999.00 -27.99
323.875 10.63 999.00 -27.13
324 10.05 999.00 -26.63
324.125 10.19 999.00 -26.12
324.250 10.43 999.00 -27.02
324.375 11.29 999.00 -27.10
324.500 10.38 999.00 -26.09
324.625 8.77 999.00 -26.01
324.750 9.09 999.00 -26.12
324.875 8.62 999.00 -25.28
325 9.00 999.00 -25.90
325.125 8.54 999.00 -26.50
325.250 7.32 999.00 -25.82
325.375 7.26 999.00 -25.14
325.500 7.75 999.00 -24.31
325.625 8.48 999.00 -23.37
325.750 10.40 999.00 -22.57
325.875 11.26 999.00 -21.94
326 13.08 999.00 -22.12
326.125 14.17 999.00 -22.48
326.250 14.56 999.00 -23.02
326.375 14.13 999.00 -23.02
326.500 14.44 999.00 -21.80
326.625 14.14 999.00 -20.83
326.750 12.46 999.00 -20.67
326.875 13.33 999.00 -18.60
327 14.79 999.00 -17.72
327.125 15.11 999.00 -18.54
327.250 13.07 999.00 -18.71
327.375 13.71 999.00 -21.07
327.500 15.19 999.00 -21.45
327.625 15.17 999.00 -20.25
327.750 15.03 999.00 -22.15
327.875 14.39 999.00 -22.09
328 12.45 999.00 -23.20
328.125 13.40 999.00 -22.40
328.250 11.70 999.00 -22.47
328.375 11.22 999.00 -21.98
328.500 10.60 999.00 -21.32
328.625 10.48 999.00 -22.67
328.750 10.41 999.00 -22.55
328.875 10.41 999.00 -23.31
329 10.94 999.00 -23.04
329.125 11.17 999.00 -24.36
329.250 13.43 999.00 -25.24
329.375 13.65 999.00 -24.87
329.500 14.52 999.00 -24.85
329.625 14.59 999.00 -28.03
329.750 15.13 999.00 -27.47
329.875 13.36 999.00 -26.28
330 12.27 999.00 -26.71
330.125 13.17 999.00 -26.90
330.250 13.28 999.00 -26.36
330.375 11.38 999.00 -26.52
330.500 8.35 999.00 -28.08
330.625 9.56 999.00 -30.06
330.750 11.65 999.00 -31.07
330.875 12.73 999.00 -30.57
331 12.47 999.00 -29.03
331.125 12.01 999.00 -29.45
331.250 11.60 999.00 -29.60
331.375 10.60 999.00 -27.20
331.500 11.69 999.00 -25.89
331.625 13.27 999.00 -24.62
331.750 14.47 999.00 -24.91
331.875 15.45 999.00 -23.18
332 15.54 999.00 -21.75
332.125 15.96 999.00 -20.67
332.250 14.95 999.00 -19.06
332.375 14.03 999.00 -16.02
332.500 15.03 999.00 -14.11
332.625 15.48 999.00 -14.55
332.750 14.68 999.00 -13.19
332.875 14.84 999.00 -14.38
333 14.25 999.00 -16.18
333.125 13.74 999.00 -16.45
333.250 14.22 999.00 -16.09
333.375 14.29 999.00 -17.61
333.500 14.79 999.00 -17.54
333.625 14.52 999.00 -16.48
333.750 15.37 999.00 -15.09
333.875 17.92 999.00 -16.20
334 17.95 999.00 -14.22
334.125 19.01 999.00 -16.07
334.250 18.65 999.00 -16.86
334.375 16.62 999.00 -15.48
334.500 19.75 999.00 -15.33
334.625 17.67 999.00 -11.86
334.750 17.11 999.00 -10.75
334.875 15.92 999.00 -10.30
335 17.00 999.00 -10.95
335.125 18.33 999.00 -11.30
335.250 17.09 999.00 -11.43
335.375 15.39 999.00 -10.66
335.500 15.78 999.00 -13.01
335.625 16.71 999.00 -14.67
335.750 16.29 999.00 -15.92
335.875 13.28 999.00 -13.39
336 11.55 999.00 -12.20
336.125 14.66 999.00 -14.99
336.250 15.55 999.00 -14.61
336.375 13.65 999.00 -17.49
336.500 13.30 999.00 -18.29
336.625 13.81 999.00 -21.42
336.750 14.53 999.00 -21.77
336.875 14.79 999.00 -22.66
337 16.19 999.00 -23.40
337.125 14.78 999.00 -23.49
337.250 12.99 999.00 -25.27
337.375 10.98 999.00 -23.93
337.500 9.91 999.00 -23.49
337.625 8.40 999.00 -24.06
337.750 9.33 999.00 -24.34
337.875 9.59 999.00 -24.45
338 9.64 999.00 -23.85
338.125 9.04 999.00 -22.85
338.250 7.97 999.00 -22.35
338.375 6.51 999.00 -20.72
338.500 4.77 999.00 -19.92
338.625 4.84 999.00 -20.04
338.750 4.57 999.00 -19.92
338.875 5.14 999.00 -20.04
339 6.66 999.00 -22.19
339.125 8.36 999.00 -23.67
339.250 8.20 999.00 -23.99
339.375 8.04 999.00 -23.79
339.500 9.49 999.00 -25.75
339.625 10.89 999.00 -29.50
339.750 11.20 999.00 -29.04
339.875 12.88 999.00 -28.52
340 12.53 999.00 -28.31
340.125 12.02 999.00 -27.72
340.250 11.67 999.00 -27.26
340.375 11.63 999.00 -26.79
340.500 11.74 999.00 -26.52
340.625 10.06 999.00 -27.21
340.750 9.02 999.00 -27.86
340.875 9.02 999.00 -27.25
341 8.96 999.00 -26.83
341.125 9.58 999.00 -27.02
341.250 9.92 999.00 -27.39
341.375 9.06 999.00 -26.23
341.500 8.86 999.00 -26.63
341.625 10.09 999.00 -29.02
341.750 8.86 999.00 -27.73
341.875 9.34 999.00 -26.44
342 9.65 999.00 -27.29
342.125 10.85 999.00 -27.62
342.250 11.69 999.00 -27.25
342.375 12.27 999.00 -27.02
342.500 13.48 999.00 -27.02
342.625 11.88 999.00 -25.97
342.750 13.58 999.00 -24.35
342.875 13.94 999.00 -19.63
343 15.43 999.00 -17.72
343.125 16.09 999.00 -13.49
343.250 16.05 999.00 -12.97
343.375 16.82 999.00 -13.07
343.500 16.64 999.00 -12.78
343.625 13.99 999.00 -13.85
343.750 13.18 999.00 -13.91
343.875 12.85 999.00 -14.57
344 9.24 999.00 -15.18
344.125 7.72 999.00 -15.96
344.250 6.28 999.00 -16.19
344.375 5.24 999.00 -16.14
344.500 5.40 999.00 -17.16
344.625 5.99 999.00 -19.27
344.750 5.27 999.00 -20.70
344.875 6.49 999.00 -21.59
345 7.32 999.00 -22.17
345.125 6.13 999.00 -20.31
345.250 6.84 999.00 -20.21
345.375 8.08 999.00 -21.45
345.500 7.46 999.00 -23.89
345.625 9.51 999.00 -25.27
345.750 11.22 999.00 -26.37
345.875 11.90 999.00 -25.72
346 11.17 999.00 -23.74
346.125 8.26 999.00 -22.13
346.250 8.21 999.00 -21.91
346.375 7.07 999.00 -20.41
346.500 5.99 999.00 -19.67
346.625 5.06 999.00 -21.66
346.750 4.81 999.00 -21.27
346.875 8.44 999.00 -23.53
347 5.63 999.00 -24.26
347.125 4.53 999.00 -26.07
347.250 6.55 999.00 -29.01
347.375 6.90 999.00 -30.24
347.500 6.65 999.00 -32.65
347.625 7.52 999.00 -31.72
347.750 8.38 999.00 -29.60
347.875 8.93 999.00 -29.80
348 9.45 999.00 -32.76
348.125 9.52 999.00 -33.95
348.250 8.97 999.00 -34.05
348.375 9.28 999.00 -35.09
348.500 10.18 999.00 -38.47
348.625 12.82 999.00 -41.38
348.750 14.16 999.00 -40.20
348.875 12.44 999.00 -38.79
349 14.05 999.00 -35.63
349.125 14.28 999.00 -33.97
349.250 13.58 999.00 -32.10
349.375 11.61 999.00 -31.53
349.500 14.56 999.00 -31.60
349.625 13.28 999.00 -31.48
349.750 10.91 999.00 -31.09
349.875 12.69 999.00 -32.92
350 16.05 999.00 -31.97
350.125 16.02 999.00 -30.75
350.250 14.01 999.00 -31.89
350.375 13.95 999.00 -32.30
350.500 13.73 999.00 -31.56
350.625 13.82 999.00 -30.97
350.750 14.73 999.00 -29.61
350.875 14.62 999.00 -28.48
351 18.25 999.00 -28.50
351.125 16.24 999.00 -29.59
351.250 13.12 999.00 -28.30
351.375 13.33 999.00 -28.76
351.500 14.62 999.00 -28.81
351.625 14.67 999.00 -29.39
351.750 16.67 999.00 -28.84
351.875 14.51 999.00 -30.29
352 15.12 999.00 -30.93
352.125 14.84 999.00 -28.07
352.250 16.80 999.00 -27.39
352.375 18.20 999.00 -26.91
352.500 17.94 999.00 -25.90
352.625 19.16 999.00 -24.67
352.750 19.99 999.00 -25.07
352.875 17.86 999.00 -25.15
353 17.83 999.00 -24.71
353.125 17.80 999.00 -24.38
353.250 17.23 999.00 -24.36
353.375 16.05 999.00 -22.92
353.500 17.55 999.00 -21.09
353.625 16.70 999.00 -18.78
353.750 14.55 999.00 -16.49
353.875 12.36 999.00 -13.81
354 9.61 999.00 -13.15
354.125 10.41 999.00 -13.97
354.250 11.35 999.00 -16.65
354.375 11.17 999.00 -19.55
354.500 11.41 999.00 -21.12
354.625 12.69 999.00 -21.78
354.750 13.37 999.00 -22.43
354.875 13.42 999.00 -22.37
355 11.20 999.00 -21.35
355.125 9.09 999.00 -15.74
355.250 9.82 999.00 -13.65
355.375 4.13 999.00 -20.37
355.500 4.33 999.00 -20.68
355.625 4.08 999.00 -21.27
355.750 6.02 999.00 -21.82
355.875 4.16 999.00 -23.00
356 2.66 999.00 -25.30
356.125 4.98 999.00 -27.36
356.250 5.52 999.00 -30.16
356.375 6.74 999.00 -31.45
356.500 8.13 999.00 -32.54
356.625 8.66 999.00 -32.35
356.750 10.46 999.00 -32.19
356.875 11.55 999.00 -31.21
357 12.89 999.00 -29.73
357.125 12.65 999.00 -25.23
357.250 12.57 999.00 -22.24
357.375 11.41 999.00 -19.52
357.500 8.99 999.00 -17.25
357.625 7.80 999.00 -19.55
357.750 6.05 999.00 -20.50
357.875 1.31 999.00 -19.45
358 3.11 999.00 -20.87
358.125 2.88 999.00 -21.42
358.250 3.15 999.00 -21.37
358.375 3.56 999.00 -23.41
358.500 3.25 999.00 -23.21
358.625 4.28 999.00 -24.85
358.750 5.29 999.00 -22.36
358.875 5.58 999.00 -25.07
359 6.93 999.00 -25.92
359.125 10.01 999.00 -25.97
359.250 10.62 999.00 -26.47
359.375 11.45 999.00 -28.61
359.500 11.66 999.00 -30.53
359.625 12.08 999.00 -32.95
359.750 13.44 999.00 -33.04
359.875 13.83 999.00 -32.38
360 14.49 999.00 -32.50
360.125 15.42 999.00 -34.57
360.250 15.00 999.00 -34.95
360.375 14.99 999.00 -33.21
360.500 15.72 999.00 -30.14
360.625 17.56 999.00 -26.89
360.750 18.09 999.00 -23.57
360.875 17.98 999.00 -17.04
361 20.52 999.00 -16.40
361.125 20.66 999.00 -16.09
361.250 15.69 999.00 -13.95
361.375 16.30 999.00 -10.71
361.500 19.54 999.00 -11.60
361.625 21.05 999.00 -11.82
361.750 15.11 999.00 -12.39
361.875 11.28 999.00 -14.82
362 8.57 999.00 -17.05
362.125 9.74 999.00 -18.76
362.250 7.12 999.00 -21.02
362.375 6.94 999.00 -21.45
362.500 5.78 999.00 -24.13
362.625 8.42 999.00 -24.98
362.750 11.59 999.00 -26.48
362.875 13.36 999.00 -23.51
363 16.66 999.00 -23.66
363.125 15.92 999.00 -17.18
363.250 17.44 999.00 -13.21
363.375 14.44 999.00 -11.34
363.500 10.31 999.00 -9.10
363.625 17.78 999.00 -17.17
363.750 15.20 999.00 -20.62
363.875 8.40 999.00 -23.77
364 7.56 999.00 -25.21
364.125 6.15 999.00 -25.48
364.250 5.28 999.00 -29.84
364.375 5.05 999.00 -31.38
364.500 3.78 999.00 -30.38
364.625 4.71 999.00 -29.95
364.750 5.16 999.00 -29.88
364.875 5.36 999.00 -32.40
365 5.45 999.00 -35.51
365.125 5.66 999.00 -34.99
365.250 4.33 999.00 -35.45
365.375 3.73 999.00 -34.99
365.500 3.50 999.00 -35.47
365.625 5.98 999.00 -37.87
365.750 7.69 999.00 -36.73
365.875 8.54 999.00 -33.34
366 9.49 999.00 -28.05
366.125 8.03 999.00 -22.54
366.250 10.79 999.00 -16.60
366.375 11.93 999.00 -18.00
366.500 15.82 999.00 -18.62
366.625 17.04 999.00 -19.03
366.750 15.01 999.00 -18.93
366.875 15.82 999.00 -18.86
 1 15.76 999.00 -20.08
 1.125 14.74 999.00 -20.04
 1.250 13.66 999.00 -20.36
 1.375 12.21 999.00 -21.59
 1.500 14.06 999.00 -22.08
 1.625 14.43 999.00 -23.55
 1.750 13.76 999.00 -24.66
 1.875 13.09 999.00 -26.56
 2 12.39 999.00 -27.47
 2.125 12.30 999.00 -27.42
 2.250 12.76 999.00 -27.59
 2.375 13.21 999.00 -27.98
 2.500 12.75 999.00 -29.06
 2.625 10.81 999.00 -29.94
 2.750 11.21 999.00 -29.84
 2.875 12.41 999.00 -29.54
 3 12.33 999.00 -29.95
 3.125 11.50 999.00 -30.15
 3.250 12.23 999.00 -30.28
 3.375 12.42 999.00 -30.13
 3.500 12.11 999.00 -30.29
 3.625 12.52 999.00 -30.34
 3.750 12.21 999.00 -30.49
 3.875 12.25 999.00 -30.86
 4 11.82 999.00 -31.81
 4.125 12.66 999.00 -30.66
 4.250 13.28 999.00 -31.44
 4.375 13.08 999.00 -30.82
 4.500 13.06 999.00 -31.03
 4.625 13.69 999.00 -31.73
 4.750 13.61 999.00 -29.71
 4.875 14.50 999.00 -28.31
 5 14.69 999.00 -26.06
 5.125 13.78 999.00 -23.89
 5.250 10.17 999.00 -21.96
 5.375 10.91 999.00 -23.49
 5.500 9.64 999.00 -24.68
 5.625 11.38 999.00 -26.61
 5.750 12.37 999.00 -26.62
 5.875 10.94 999.00 -25.36
 6 9.24 999.00 -25.72
 6.125 10.54 999.00 -27.63
 6.250 10.60 999.00 -27.92
 6.375 9.11 999.00 -29.97
 6.500 7.15 999.00 -29.00
 6.625 6.19 999.00 -28.95
 6.750 5.93 999.00 -28.87
 6.875 5.20 999.00 -29.10
 7 5.88 999.00 -29.95
 7.125 5.06 999.00 -29.73
 7.250 3.65 999.00 -29.75
 7.375 3.66 999.00 -29.58
 7.500 4.35 999.00 -30.30
 7.625 6.03 999.00 -34.00
 7.750 7.77 999.00 -36.77
 7.875 6.70 999.00 -35.53
 8 7.80 999.00 -36.57
 8.125 7.71 999.00 -37.42
 8.250 8.18 999.00 -34.62
 8.375 7.01 999.00 -33.35
 8.500 6.71 999.00 -34.19
 8.625 7.43 999.00 -35.25
 8.750 6.93 999.00 -36.32
 8.875 6.54 999.00 -36.49
 9 6.26 999.00 -38.25
 9.125 6.33 999.00 -39.56
 9.250 4.99 999.00 -39.22
 9.375 4.00 999.00 -38.13
 9.500 3.35 999.00 -39.34
 9.625 3.61 999.00 -40.90
 9.750 3.27 999.00 -35.10
 9.875 6.57 999.00 -33.40
 10 9.95 999.00 -29.16
 10.125 8.08 999.00 -32.28
 10.250 6.67 999.00 -32.08
 10.375 8.67 999.00 -29.33
 10.500 9.92 999.00 -31.27
 10.625 12.62 999.00 -31.85
 10.750 12.99 999.00 -32.60
 10.875 15.49 999.00 -33.84
 11 15.11 999.00 -34.12
 11.125 14.09 999.00 -35.73
 11.250 12.86 999.00 -35.44
 11.375 13.29 999.00 -37.17
 11.500 12.37 999.00 -36.63
 11.625 11.44 999.00 -34.95
 11.750 12.33 999.00 -35.86
 11.875 12.69 999.00 -35.88
 12 11.97 999.00 -34.49
 12.125 12.40 999.00 -36.15
 12.250 14.16 999.00 -35.13
 12.375 14.28 999.00 -34.56
 12.500 12.72 999.00 -30.59
 12.625 10.46 999.00 -27.21
 12.750 10.24 999.00 -27.41
 12.875 7.03 999.00 -31.51
 13 5.93 999.00 -32.76
 13.125 6.40 999.00 -31.68
 13.250 4.93 999.00 -33.47
 13.375 6.42 999.00 -34.91
 13.500 7.14 999.00 -33.74
 13.625 6.92 999.00 -29.10
 13.750 5.45 999.00 -30.31
 13.875 2.90 999.00 -35.03
 14 2.75 999.00 -32.85
 14.125 6.47 999.00 -32.66
 14.250 7.41 999.00 -34.13
 14.375 6.92 999.00 -36.35
 14.500 9.12 999.00 -31.89
 14.625 10.72 999.00 -32.66
 14.750 11.56 999.00 -32.89
 14.875 12.17 999.00 -32.44
 15 10.84 999.00 -32.68
 15.125 10.05 999.00 -32.39
 15.250 9.84 999.00 -30.97
 15.375 7.04 999.00 -30.75
 15.500 10.39 999.00 -32.63
 15.625 9.02 999.00 -31.45
 15.750 9.28 999.00 -31.19
 15.875 9.09 999.00 -30.38
 16 9.10 999.00 -30.41
 16.125 9.88 999.00 -31.83
 16.250 10.10 999.00 -32.85
 16.375 8.47 999.00 -32.92
 16.500 8.88 999.00 -32.94
 16.625 9.63 999.00 -32.96
 16.750 10.37 999.00 -33.97
 16.875 9.84 999.00 -34.98
 17 9.77 999.00 -33.92
 17.125 7.78 999.00 -33.96
 17.250 9.26 999.00 -33.52
 17.375 12.48 999.00 -35.47
 17.500 12.89 999.00 -34.97
 17.625 13.16 999.00 -34.10
 17.750 12.26 999.00 -30.69
 17.875 11.41 999.00 -31.65
 18 10.99 999.00 -33.53
 18.125 9.95 999.00 -31.89
 18.250 9.33 999.00 -33.62
 18.375 8.69 999.00 -33.87
 18.500 9.34 999.00 -34.56
 18.625 8.26 999.00 -35.27
 18.750 8.72 999.00 -36.54
 18.875 8.56 999.00 -35.51
 19 9.04 999.00 -35.94
 19.125 10.11 999.00 -35.19
 19.250 11.17 999.00 -35.33
 19.375 12.14 999.00 -33.91
 19.500 13.60 999.00 -33.56
 19.625 13.47 999.00 -33.98
 19.750 13.90 999.00 -34.88
 19.875 14.54 999.00 -35.62
 20 14.32 999.00 -34.19
 20.125 14.74 999.00 -33.11
 20.250 14.60 999.00 -35.51
 20.375 15.70 999.00 -35.78
 20.500 14.39 999.00 -36.00
 20.625 12.88 999.00 -36.54
 20.750 11.18 999.00 -37.92
 20.875 10.98 999.00 -37.75
 21 13.69 999.00 -37.51
 21.125 17.18 999.00 -38.10
 21.250 18.43 999.00 -37.45
 21.375 14.44 999.00 -36.79
 21.500 5.39 999.00 -34.27
 21.625 .00 999.00 -31.04
 21.750 .00 999.00 -29.36
 21.875 .14 999.00 -28.84
 22 17.32 999.00 -26.94
 22.125 17.15 999.00 -25.25
 22.250 15.02 999.00 -26.53
 22.375 12.53 999.00 -25.48
 22.500 9.32 999.00 -25.41
 22.625 9.41 999.00 -25.36
 22.750 7.35 999.00 -26.06
 22.875 4.83 999.00 -27.65
 23 5.24 999.00 -28.71
 23.125 5.29 999.00 -29.65
 23.250 4.56 999.00 -30.31
 23.375 3.85 999.00 -36.27
 23.500 5.25 999.00 -38.01
 23.625 8.09 999.00 -35.70
 23.750 9.93 999.00 -33.75
 23.875 11.12 999.00 -30.56
 24 11.71 999.00 -26.36
 24.125 10.02 999.00 -22.18
 24.250 7.67 999.00 -18.97
 24.375 8.34 999.00 -15.95
 24.500 9.55 999.00 -14.54
 24.625 9.95 999.00 -13.64
 24.750 9.57 999.00 -13.01
 24.875 8.46 999.00 -13.95
 25 9.77 999.00 -15.37
 25.125 10.77 999.00 -17.98
 25.250 8.18 999.00 -19.50
 25.375 5.19 999.00 -20.11
 25.500 6.33 999.00 -18.45
 25.625 5.29 999.00 -21.08
 25.750 3.96 999.00 -21.90
 25.875 5.98 999.00 -20.98
 26 6.33 999.00 -24.73
 26.125 8.26 999.00 -20.27
 26.250 10.90 999.00 -17.46
 26.375 12.00 999.00 -14.11
 26.500 10.13 999.00 -12.80
 26.625 10.98 999.00 -7.16
 26.750 10.93 999.00 -5.30
 26.875 17.59 999.00 -7.67
 27 20.39 999.00 -8.72
 27.125 18.69 999.00 -8.43
 27.250 17.10 999.00 -9.68
 27.375 17.86 999.00 -10.59
 27.500 18.04 999.00 -11.21
 27.625 15.47 999.00 -11.82
 27.750 8.26 999.00 -12.78
 27.875 2.83 999.00 -18.17
 28 3.83 999.00 -21.42
 28.125 4.10 999.00 -22.76
 28.250 3.95 999.00 -23.85
 28.375 3.65 999.00 -25.34
 28.500 4.29 999.00 -26.61
 28.625 5.21 999.00 -27.63
 28.750 6.94 999.00 -28.76
 28.875 6.72 999.00 -29.18
 29 5.33 999.00 -31.45
 29.125 6.24 999.00 -35.83
 29.250 6.92 999.00 -36.91
 29.375 7.28 999.00 -33.35
 29.500 7.86 999.00 -30.72
 29.625 7.63 999.00 -32.50
 29.750 7.38 999.00 -35.03
 29.875 7.59 999.00 -37.06
 30 8.22 999.00 -37.11
 30.125 7.49 999.00 -36.35
 30.250 7.74 999.00 -37.69
 30.375 8.34 999.00 -38.11
 30.500 7.35 999.00 -41.71
 30.625 7.96 999.00 -40.47
 30.750 8.39 999.00 -41.26
 30.875 8.79 999.00 -41.85
 31 10.03 999.00 -41.05
 31.125 10.80 999.00 -40.14
 31.250 11.82 999.00 -39.62
 31.375 12.56 999.00 -38.09
 31.500 13.24 999.00 -37.33
 31.625 11.85 999.00 -37.70
 31.750 9.88 999.00 -37.40
 31.875 8.58 999.00 -38.73
 32 8.81 999.00 -39.90
 32.125 9.78 999.00 -39.53
 32.250 9.98 999.00 -38.70
 32.375 9.95 999.00 -38.42
 32.500 10.20 999.00 -39.19
 32.625 9.20 999.00 -40.90
 32.750 8.97 999.00 -41.91
 32.875 7.07 999.00 -43.32
 33 8.48 999.00 -42.53
 33.125 6.73 999.00 -42.91
 33.250 7.00 999.00 -45.27
 33.375 6.59 999.00 -45.39
 33.500 7.31 999.00 -45.21
 33.625 7.85 999.00 -43.96
 33.750 7.53 999.00 -42.71
 33.875 8.17 999.00 -42.15
 34 7.99 999.00 -43.29
 34.125 7.89 999.00 -43.73
 34.250 7.97 999.00 -41.88
 34.375 8.22 999.00 -43.41
 34.500 8.64 999.00 -43.82
 34.625 8.35 999.00 -43.00
 34.750 8.28 999.00 -43.58
 34.875 9.19 999.00 -43.44
 35 10.18 999.00 -42.88
 35.125 11.22 999.00 -42.62
 35.250 11.80 999.00 -41.68
 35.375 13.21 999.00 -40.47
 35.500 13.42 999.00 -38.78
 35.625 13.95 999.00 -35.97
 35.750 14.46 999.00 -34.21
 35.875 14.17 999.00 -32.57
 36 14.11 999.00 -29.74
 36.125 16.84 999.00 -27.00
 36.250 18.19 999.00 -25.13
 36.375 17.15 999.00 -18.74
 36.500 17.08 999.00 -17.08
 36.625 18.71 999.00 -16.40
 36.750 21.85 999.00 -16.42
 36.875 22.02 999.00 -17.08
 37 21.02 999.00 -17.46
 37.125 19.57 999.00 -17.79
 37.250 14.19 999.00 -16.86
 37.375 10.05 999.00 -16.38
 37.500 11.74 999.00 -19.16
 37.625 15.61 999.00 -20.75
 37.750 16.08 999.00 -19.55
 37.875 16.93 999.00 -17.03
 38 14.45 999.00 -15.75
 38.125 13.58 999.00 -15.56
 38.250 11.28 999.00 -19.51
 38.375 15.68 999.00 -20.49
 38.500 10.10 999.00 -21.26
 38.625 9.45 999.00 -20.05
 38.750 7.52 999.00 -19.95
 38.875 10.29 999.00 -26.76
 39 10.57 999.00 -27.41
 39.125 6.89 999.00 -27.62
 39.250 6.10 999.00 -27.25
 39.375 9.78 999.00 -28.83
 39.500 11.23 999.00 -30.85
 39.625 12.52 999.00 -32.49
 39.750 12.99 999.00 -31.20
 39.875 13.81 999.00 -31.37
 40 13.09 999.00 -32.33
 40.125 13.56 999.00 -33.39
 40.250 12.93 999.00 -32.64
 40.375 12.11 999.00 -30.27
 40.500 10.56 999.00 -28.66
 40.625 10.17 999.00 -27.30
 40.750 8.54 999.00 -27.19
 40.875 6.43 999.00 -28.03
 41 5.98 999.00 -30.92
 41.125 5.28 999.00 -29.10
 41.250 6.69 999.00 -29.18
 41.375 7.96 999.00 -28.03
 41.500 10.05 999.00 -27.17
 41.625 12.16 999.00 -27.59
 41.750 12.13 999.00 -26.08
 41.875 12.79 999.00 -25.09
 42 11.30 999.00 -18.57
 42.125 10.73 999.00 -18.18
 42.250 10.56 999.00 -15.23
 42.375 11.97 999.00 -10.84
 42.500 11.57 999.00 -8.28
 42.625 12.53 999.00 -6.39
 42.750 23.86 999.00 -7.24
 42.875 18.43 999.00 -9.17
 43 16.57 999.00 -12.11
 43.125 18.43 999.00 -13.59
 43.250 13.38 999.00 -18.17
 43.375 3.90 999.00 -21.55
 43.500 4.68 999.00 -24.28
 43.625 5.90 999.00 -21.13
 43.750 4.49 999.00 -23.34
 43.875 4.36 999.00 -23.99
 44 4.26 999.00 -26.13
 44.125 8.22 999.00 -28.15
 44.250 10.57 999.00 -29.77
 44.375 10.94 999.00 -30.53
 44.500 13.59 999.00 -31.00
 44.625 11.30 999.00 -29.89
 44.750 7.56 999.00 -29.81
 44.875 7.28 999.00 -30.30
 45 7.51 999.00 -30.01
 45.125 8.19 999.00 -30.66
 45.250 9.97 999.00 -31.49
 45.375 11.15 999.00 -32.56
 45.500 11.24 999.00 -34.11
 45.625 11.71 999.00 -32.92
 45.750 12.65 999.00 -33.33
 45.875 13.77 999.00 -33.33
 46 14.14 999.00 -33.14
 46.125 13.32 999.00 -32.00
 46.250 11.33 999.00 -31.97
 46.375 11.13 999.00 -31.12
 46.500 12.06 999.00 -30.75
 46.625 11.03 999.00 -28.37
 46.750 7.61 999.00 -27.49
 46.875 6.16 999.00 -31.93
 47 5.69 999.00 -33.52
 47.125 6.12 999.00 -31.48
 47.250 6.09 999.00 -33.95
 47.375 5.95 999.00 -31.97
 47.500 8.76 999.00 -32.28
 47.625 9.90 999.00 -29.28
 47.750 8.58 999.00 -29.15
 47.875 8.14 999.00 -29.96
 48 8.09 999.00 -28.77
 48.125 8.68 999.00 -28.18
 48.250 8.78 999.00 -28.13
 48.375 6.57 999.00 -25.99
 48.500 5.85 999.00 -26.67
 48.625 6.92 999.00 -29.27
 48.750 6.42 999.00 -30.09
 48.875 6.77 999.00 -31.25
 49 7.27 999.00 -32.56
 49.125 7.92 999.00 -33.06
 49.250 8.04 999.00 -33.76
 49.375 8.58 999.00 -35.54
 49.500 10.73 999.00 -34.82
 49.625 14.11 999.00 -31.81
 49.750 16.11 999.00 -28.74
 49.875 16.89 999.00 -22.91
 50 15.23 999.00 -16.39
 50.125 10.50 999.00 -15.56
 50.250 9.12 999.00 -12.93
 50.375 8.72 999.00 -13.27
 50.500 7.14 999.00 -13.56
 50.625 6.15 999.00 -14.69
 50.750 7.46 999.00 -15.71
 50.875 6.54 999.00 -16.20
 51 5.95 999.00 -17.27
 51.125 6.50 999.00 -18.23
 51.250 6.97 999.00 -19.45
 51.375 9.39 999.00 -21.88
 51.500 11.66 999.00 -24.11
 51.625 12.77 999.00 -21.90
 51.750 11.66 999.00 -18.45
 51.875 11.36 999.00 -12.97
 52 7.04 999.00 -11.88
 52.125 4.75 999.00 -11.17
 52.250 7.68 999.00 -6.03
 52.375 12.31 999.00 -4.03
 52.500 12.66 999.00 -3.83
 52.625 14.19 999.00 -4.14
 52.750 12.78 999.00 -4.20
 52.875 9.99 999.00 -6.47
 53 7.58 999.00 -12.39
 53.125 2.33 999.00 -15.01
 53.250 3.02 999.00 -19.67
 53.375 2.31 999.00 -21.33
 53.500 2.81 999.00 -22.86
 53.625 3.18 999.00 -24.30
 53.750 3.24 999.00 -25.49
 53.875 4.18 999.00 -32.09
 54 5.36 999.00 -28.41
 54.125 6.01 999.00 -28.45
 54.250 6.48 999.00 -28.32
 54.375 4.59 999.00 -29.84
 54.500 4.94 999.00 -30.18
 54.625 5.33 999.00 -29.25
 54.750 5.79 999.00 -32.08
 54.875 7.42 999.00 -33.22
 55 7.39 999.00 -36.38
 55.125 8.44 999.00 -37.67
 55.250 8.35 999.00 -37.86
 55.375 8.61 999.00 -37.94
 55.500 9.61 999.00 -38.03
 55.625 9.38 999.00 -35.19
 55.750 7.45 999.00 -36.27
 55.875 7.10 999.00 -38.32
 56 7.56 999.00 -38.87
 56.125 7.76 999.00 -38.92
 56.250 8.69 999.00 -39.12
 56.375 10.40 999.00 -38.78
 56.500 11.67 999.00 -36.93
 56.625 12.90 999.00 -33.82
 56.750 11.82 999.00 -32.45
 56.875 11.47 999.00 -32.52
 57 10.36 999.00 -31.22
 57.125 9.07 999.00 -29.32
 57.250 8.35 999.00 -28.30
 57.375 7.80 999.00 -28.05
 57.500 8.03 999.00 -28.15
 57.625 9.36 999.00 -26.69
 57.750 10.27 999.00 -26.18
 57.875 10.83 999.00 -25.47
 58 10.09 999.00 -23.25
 58.125 9.97 999.00 -21.29
 58.250 13.50 999.00 -19.59
 58.375 10.97 999.00 -15.47
 58.500 10.50 999.00 -12.20
 58.625 9.22 999.00 -11.19
 58.750 7.77 999.00 -11.24
 58.875 5.14 999.00 -12.12
 59 3.37 999.00 -12.58
 59.125 3.04 999.00 -18.66
 59.250 5.53 999.00 -22.34
 59.375 5.24 999.00 -23.59
 59.500 4.22 999.00 -25.41
 59.625 5.57 999.00 -26.08
 59.750 5.46 999.00 -27.25
 59.875 4.99 999.00 -30.60
 60 4.58 999.00 -29.41
 60.125 4.84 999.00 -29.82
 60.250 4.77 999.00 -32.03
 60.375 4.91 999.00 -34.81
 60.500 6.37 999.00 -37.00
 60.625 6.62 999.00 -34.46
 60.750 6.27 999.00 -33.65
 60.875 6.06 999.00 -34.41
 61 6.41 999.00 -36.97
 61.125 8.00 999.00 -36.15
 61.250 9.56 999.00 -38.05
 61.375 10.98 999.00 -37.25
 61.500 11.29 999.00 -37.05
 61.625 10.68 999.00 -33.98
 61.750 8.93 999.00 -32.68
 61.875 7.72 999.00 -36.26
 62 7.03 999.00 -39.46
 62.125 7.05 999.00 -40.11
 62.250 7.33 999.00 -40.02
 62.375 7.78 999.00 -39.19
 62.500 8.08 999.00 -37.87
 62.625 6.71 999.00 -35.52
 62.750 4.75 999.00 -36.26
 62.875 5.28 999.00 -40.26
 63 6.49 999.00 -40.57
 63.125 7.13 999.00 -39.37
 63.250 6.64 999.00 -41.41
 63.375 6.12 999.00 -42.30
 63.500 4.33 999.00 -41.41
 63.625 2.41 999.00 -37.69
 63.750 2.49 999.00 -41.44
 63.875 5.04 999.00 -44.69
 64 6.06 999.00 -45.92
 64.125 6.83 999.00 -46.72
 64.250 7.80 999.00 -46.21
 64.375 7.80 999.00 -47.26
 64.500 7.63 999.00 -46.81
 64.625 6.73 999.00 -43.44
 64.750 5.90 999.00 -42.88
 64.875 6.64 999.00 -46.06
 65 7.38 999.00 -45.77
 65.125 8.29 999.00 -45.36
 65.250 9.39 999.00 -43.64
 65.375 9.52 999.00 -42.44
 65.500 10.27 999.00 -40.96
 65.625 11.37 999.00 -38.23
 65.750 10.61 999.00 -36.92
 65.875 10.58 999.00 -38.66
 66 11.03 999.00 -38.92
 66.125 10.87 999.00 -39.06
 66.250 12.24 999.00 -39.31
 66.375 12.20 999.00 -38.54
 66.500 11.85 999.00 -37.39
 66.625 10.77 999.00 -34.56
 66.750 11.43 999.00 -33.64
 66.875 10.29 999.00 -35.03
 67 10.39 999.00 -35.81
 67.125 11.43 999.00 -35.36
 67.250 10.90 999.00 -35.29
 67.375 11.02 999.00 -35.11
 67.500 10.99 999.00 -34.06
 67.625 10.92 999.00 -29.85
 67.750 9.85 999.00 -29.18
 67.875 10.86 999.00 -31.27
 68 13.50 999.00 -32.95
 68.125 12.98 999.00 -30.81
 68.250 11.72 999.00 -27.93
 68.375 7.99 999.00 -29.36
 68.500 7.26 999.00 -29.79
 68.625 7.09 999.00 -28.71
 68.750 7.03 999.00 -29.80
 68.875 6.70 999.00 -34.01
 69 7.54 999.00 -36.36
 69.125 7.87 999.00 -36.23
 69.250 8.88 999.00 -36.16
 69.375 9.89 999.00 -34.75
 69.500 10.80 999.00 -32.61
 69.625 9.78 999.00 -29.56
 69.750 7.09 999.00 -28.62
 69.875 6.18 999.00 -32.14
 70 6.68 999.00 -33.49
 70.125 7.33 999.00 -33.12
 70.250 7.35 999.00 -33.72
 70.375 7.31 999.00 -33.91
 70.500 6.59 999.00 -32.15
 70.625 6.61 999.00 -27.77
 70.750 4.44 999.00 -25.08
 70.875 4.68 999.00 -28.12
 71 4.70 999.00 -28.87
 71.125 6.38 999.00 -33.65
 71.250 7.84 999.00 -34.05
 71.375 6.96 999.00 -34.21
 71.500 5.94 999.00 -32.40
 71.625 7.77 999.00 -27.98
 71.750 7.92 999.00 -26.30
 71.875 7.09 999.00 -29.04
 72 8.61 999.00 -29.47
 72.125 8.62 999.00 -27.13
 72.250 9.63 999.00 -26.52
 72.375 8.69 999.00 -27.65
 72.500 7.94 999.00 -27.58
 72.625 7.36 999.00 -25.39
 72.750 6.12 999.00 -26.26
 72.875 5.79 999.00 -28.34
 73 6.05 999.00 -27.98
 73.125 7.43 999.00 -29.00
 73.250 8.21 999.00 -29.62
 73.375 9.00 999.00 -29.12
 73.500 8.50 999.00 -28.10
 73.625 8.31 999.00 -26.02
 73.750 7.23 999.00 -25.86
 73.875 6.01 999.00 -26.62
 74 5.33 999.00 -27.23
 74.125 3.82 999.00 -29.54
 74.250 3.99 999.00 -34.55
 74.375 5.17 999.00 -36.53
 74.500 8.29 999.00 -36.26
 74.625 9.32 999.00 -32.17
 74.750 7.79 999.00 -28.31
 74.875 4.95 999.00 -29.96
 75 3.65 999.00 -31.46
 75.125 1.39 999.00 -34.63
 75.250 1.80 999.00 -33.83
 75.375 3.02 999.00 -34.83
 75.500 3.79 999.00 -32.70
 75.625 4.15 999.00 -31.47
 75.750 4.73 999.00 -32.29
 75.875 3.86 999.00 -34.65
 76 4.93 999.00 -35.36
 76.125 5.79 999.00 -37.02
 76.250 6.16 999.00 -37.15
 76.375 6.18 999.00 -37.52
 76.500 6.46 999.00 -36.93
 76.625 7.25 999.00 -35.35
 76.750 7.55 999.00 -35.01
 76.875 7.43 999.00 -37.95
 77 8.88 999.00 -38.69
 77.125 10.76 999.00 -39.25
 77.250 11.57 999.00 -38.46
 77.375 12.80 999.00 -37.96
 77.500 14.18 999.00 -33.57
 77.625 14.18 999.00 -28.59
 77.750 11.41 999.00 -24.54
 77.875 8.95 999.00 -25.58
 78 5.83 999.00 -29.42
 78.125 6.17 999.00 -30.04
 78.250 6.31 999.00 -33.02
 78.375 6.92 999.00 -34.14
 78.500 6.92 999.00 -32.62
 78.625 6.98 999.00 -30.36
 78.750 5.83 999.00 -30.27
 78.875 4.92 999.00 -31.21
 79 4.59 999.00 -32.44
 79.125 3.63 999.00 -34.86
 79.250 4.25 999.00 -37.06
 79.375 4.66 999.00 -36.63
 79.500 4.73 999.00 -34.60
 79.625 3.48 999.00 -32.93
 79.750 3.50 999.00 -34.40
 79.875 3.59 999.00 -38.46
 80 4.49 999.00 -42.53
 80.125 5.28 999.00 -38.99
 80.250 7.09 999.00 -39.28
 80.375 7.81 999.00 -40.32
 80.500 8.83 999.00 -39.34
 80.625 8.75 999.00 -36.17
 80.750 8.41 999.00 -35.10
 80.875 7.28 999.00 -38.61
 81 8.55 999.00 -40.72
 81.125 9.22 999.00 -40.87
 81.250 9.32 999.00 -40.14
 81.375 9.53 999.00 -39.96
 81.500 9.64 999.00 -37.39
 81.625 9.43 999.00 -33.85
 81.750 8.83 999.00 -32.72
 81.875 8.59 999.00 -35.80
 82 8.54 999.00 -38.15
 82.125 9.45 999.00 -37.64
 82.250 9.23 999.00 -34.97
 82.375 11.33 999.00 -34.17
 82.500 12.81 999.00 -30.25
 82.625 12.73 999.00 -27.53
 82.750 12.52 999.00 -24.90
 82.875 11.83 999.00 -25.65
 83 11.64 999.00 -26.21
 83.125 13.93 999.00 -25.00
 83.250 15.90 999.00 -22.99
 83.375 16.77 999.00 -22.93
 83.500 17.36 999.00 -22.08
 83.625 15.68 999.00 -18.72
 83.750 14.41 999.00 -15.53
 83.875 14.61 999.00 -12.95
 84 15.54 999.00 -11.37
 84.125 12.34 999.00 -10.77
 84.250 10.17 999.00 -8.77
 84.375 12.51 999.00 -11.37
 84.500 12.48 999.00 -12.37
 84.625 9.70 999.00 -13.71
 84.750 15.14 999.00 -15.56
 84.875 16.10 999.00 -17.15
 85 13.28 999.00 -19.44
 85.125 13.34 999.00 -21.14
 85.250 13.03 999.00 -22.95
 85.375 12.01 999.00 -24.43
 85.500 12.00 999.00 -24.66
 85.625 11.44 999.00 -22.86
 85.750 11.54 999.00 -22.59
 85.875 9.94 999.00 -24.38
 86 10.35 999.00 -27.29
 86.125 11.72 999.00 -28.54
 86.250 11.96 999.00 -30.24
 86.375 11.75 999.00 -30.13
 86.500 12.18 999.00 -27.42
 86.625 11.81 999.00 -24.53
 86.750 10.09 999.00 -23.61
 86.875 9.44 999.00 -25.69
 87 8.97 999.00 -27.98
 87.125 9.84 999.00 -28.56
 87.250 9.89 999.00 -26.93
 87.375 8.53 999.00 -28.13
 87.500 7.70 999.00 -28.05
 87.625 7.07 999.00 -25.85
 87.750 6.35 999.00 -25.29
 87.875 5.70 999.00 -28.19
 88 7.52 999.00 -30.83
 88.125 9.41 999.00 -30.77
 88.250 9.86 999.00 -30.27
 88.375 10.29 999.00 -27.99
 88.500 10.29 999.00 -21.98
 88.625 9.56 999.00 -16.49
 88.750 8.28 999.00 -14.60
 88.875 9.62 999.00 -15.95
 89 10.36 999.00 -18.20
 89.125 11.79 999.00 -17.72
 89.250 14.22 999.00 -18.67
 89.375 12.71 999.00 -20.09
 89.500 13.77 999.00 -17.62
 89.625 12.39 999.00 -14.42
 89.750 12.00 999.00 -12.93
 89.875 11.10 999.00 -14.01
 90 13.28 999.00 -16.20
 90.125 13.21 999.00 -16.99
 90.250 12.31 999.00 -19.13
 90.375 11.53 999.00 -18.67
 90.500 11.17 999.00 -15.80
 90.625 10.53 999.00 -12.31
 90.750 10.00 999.00 -11.78
 90.875 8.70 999.00 -13.73
 91 9.21 999.00 -15.74
 91.125 11.40 999.00 -16.43
 91.250 12.64 999.00 -16.93
 91.375 12.90 999.00 -16.36
 91.500 12.54 999.00 -13.55
 91.625 14.52 999.00 -12.47
 91.750 15.66 999.00 -10.39
 91.875 17.00 999.00 -9.52
 92 16.72 999.00 -8.69
 92.125 14.45 999.00 -8.11
 92.250 14.87 999.00 -6.86
 92.375 16.99 999.00 -7.99
 92.500 19.04 999.00 -7.34
 92.625 20.37 999.00 -6.11
 92.750 17.40 999.00 -4.40
 92.875 16.09 999.00 -4.62
 93 15.65 999.00 -5.84
 93.125 14.93 999.00 -5.95
 93.250 14.16 999.00 -8.57
 93.375 12.82 999.00 -8.57
 93.500 10.63 999.00 -8.48
 93.625 8.78 999.00 -7.44
 93.750 9.19 999.00 -6.89
 93.875 8.74 999.00 -9.22
 94 7.60 999.00 -12.14
 94.125 9.09 999.00 -13.57
 94.250 9.54 999.00 -15.29
 94.375 11.43 999.00 -15.88
 94.500 11.97 999.00 -12.57
 94.625 11.59 999.00 -9.45
 94.750 10.42 999.00 -8.96
 94.875 11.45 999.00 -10.48
 95 12.43 999.00 -10.97
 95.125 13.45 999.00 -10.84
 95.250 13.49 999.00 -11.62
 95.375 14.14 999.00 -12.01
 95.500 14.17 999.00 -10.70
 95.625 12.95 999.00 -8.96
 95.750 10.85 999.00 -7.67
 95.875 10.70 999.00 -9.40
 96 9.47 999.00 -11.47
 96.125 10.28 999.00 -11.47
 96.250 11.40 999.00 -13.05
 96.375 12.83 999.00 -12.68
 96.500 12.65 999.00 -10.30
 96.625 12.71 999.00 -7.01
 96.750 12.29 999.00 -6.03
 96.875 11.16 999.00 -6.99
 97 13.80 999.00 -8.24
 97.125 13.84 999.00 -8.84
 97.250 13.64 999.00 -8.43
 97.375 13.92 999.00 -9.87
 97.500 13.47 999.00 -9.27
 97.625 15.04 999.00 -7.64
 97.750 12.73 999.00 -6.58
 97.875 11.57 999.00 -8.79
 98 11.38 999.00 -10.88
 98.125 12.33 999.00 -13.09
 98.250 13.59 999.00 -13.69
 98.375 14.45 999.00 -13.31
 98.500 13.13 999.00 -10.99
 98.625 12.37 999.00 -8.04
 98.750 13.07 999.00 -5.95
 98.875 10.44 999.00 -5.71
 99 10.44 999.00 -7.97
 99.125 14.83 999.00 -7.62
 99.250 15.22 999.00 -9.50
 99.375 11.58 999.00 -13.59
 99.500 7.97 999.00 -15.09
 99.625 8.76 999.00 -16.26
 99.750 7.41 999.00 -17.06
 99.875 6.07 999.00 -18.72
100 3.55 999.00 -21.17
100.125 6.50 999.00 -21.83
100.250 8.16 999.00 -22.96
100.375 9.47 999.00 -23.22
100.500 9.52 999.00 -20.82
100.625 8.09 999.00 -17.19
100.750 6.96 999.00 -15.87
100.875 7.02 999.00 -16.08
101 6.60 999.00 -15.20
101.125 5.89 999.00 -13.33
101.250 5.60 999.00 -13.89
101.375 5.93 999.00 -12.51
101.500 5.99 999.00 -10.73
101.625 4.34 999.00 -9.31
101.750 4.41 999.00 -13.01
101.875 5.00 999.00 -16.84
102 4.80 999.00 -21.69
102.125 4.06 999.00 -21.73
102.250 7.07 999.00 -24.05
102.375 7.25 999.00 -24.11
102.500 7.62 999.00 -24.45
102.625 7.16 999.00 -23.22
102.750 6.19 999.00 -23.48
102.875 5.68 999.00 -26.49
103 8.05 999.00 -27.85
103.125 8.81 999.00 -27.66
103.250 8.31 999.00 -29.34
103.375 8.01 999.00 -29.41
103.500 7.32 999.00 -25.49
103.625 6.18 999.00 -22.22
103.750 2.98 999.00 -19.73
103.875 1.83 999.00 -25.72
104 2.04 999.00 -30.62
104.125 4.07 999.00 -32.56
104.250 6.13 999.00 -33.15
104.375 7.35 999.00 -32.64
104.500 7.54 999.00 -27.99
104.625 6.61 999.00 -24.20
104.750 4.79 999.00 -23.09
104.875 3.52 999.00 -25.92
105 3.47 999.00 -32.10
105.125 4.46 999.00 -31.93
105.250 4.40 999.00 -34.80
105.375 3.86 999.00 -34.75
105.500 4.62 999.00 -28.44
105.625 5.07 999.00 -24.99
105.750 5.47 999.00 -24.09
105.875 4.14 999.00 -26.18
106 4.99 999.00 -30.41
106.125 6.32 999.00 -31.79
106.250 6.95 999.00 -30.28
106.375 6.74 999.00 -28.39
106.500 6.03 999.00 -23.66
106.625 4.65 999.00 -21.56
106.750 3.45 999.00 -21.12
106.875 .99 999.00 -23.58
107 1.87 999.00 -29.50
107.125 3.81 999.00 -31.68
107.250 5.11 999.00 -31.60
107.375 5.08 999.00 -28.36
107.500 6.31 999.00 -24.93
107.625 5.77 999.00 -22.50
107.750 4.56 999.00 -22.30
107.875 3.60 999.00 -25.06
108 5.98 999.00 -30.24
108.125 7.89 999.00 -27.98
108.250 8.73 999.00 -28.31
108.375 9.38 999.00 -27.22
108.500 10.10 999.00 -23.64
108.625 9.99 999.00 -20.23
108.750 8.81 999.00 -18.56
108.875 7.86 999.00 -19.77
109 9.21 999.00 -22.39
109.125 10.20 999.00 -22.93
109.250 11.01 999.00 -23.10
109.375 12.14 999.00 -21.83
109.500 12.36 999.00 -18.11
109.625 11.85 999.00 -14.40
109.750 11.57 999.00 -12.90
109.875 10.88 999.00 -12.95
110 9.32 999.00 -13.73
110.125 7.76 999.00 -13.77
110.250 6.77 999.00 -15.09
110.375 7.90 999.00 -13.13
110.500 7.42 999.00 -11.41
110.625 6.86 999.00 -9.36
110.750 4.89 999.00 -8.33
110.875 4.11 999.00 -10.03
111 5.03 999.00 -11.19
111.125 6.03 999.00 -11.80
111.250 8.41 999.00 -11.67
111.375 9.71 999.00 -13.41
111.500 10.48 999.00 -13.13
111.625 10.29 999.00 -11.32
111.750 8.57 999.00 -11.21
111.875 6.25 999.00 -13.35
112 5.47 999.00 -14.84
112.125 6.05 999.00 -15.31
112.250 5.00 999.00 -16.55
112.375 3.72 999.00 -19.63
112.500 5.26 999.00 -17.75
112.625 6.58 999.00 -16.39
112.750 6.04 999.00 -15.88
112.875 5.83 999.00 -18.90
113 7.74 999.00 -21.57
113.125 9.56 999.00 -22.05
113.250 9.43 999.00 -20.67
113.375 7.63 999.00 -18.58
113.500 8.70 999.00 -19.10
113.625 8.58 999.00 -17.87
113.750 7.53 999.00 -17.75
113.875 5.16 999.00 -19.92
114 6.30 999.00 -20.70
114.125 8.53 999.00 -23.61
114.250 8.75 999.00 -24.49
114.375 8.96 999.00 -23.37
114.500 9.98 999.00 -17.72
114.625 8.60 999.00 -14.11
114.750 6.66 999.00 -12.30
114.875 5.78 999.00 -11.45
115 2.73 999.00 -11.97
115.125 2.07 999.00 -16.66
115.250 2.59 999.00 -17.16
115.375 4.59 999.00 -18.92
115.500 7.77 999.00 -18.62
115.625 9.30 999.00 -17.91
115.750 7.76 999.00 -19.67
115.875 5.28 999.00 -21.69
116 2.77 999.00 -25.41
116.125 1.78 999.00 -28.23
116.250 2.10 999.00 -26.95
116.375 1.45 999.00 -31.20
116.500 2.05 999.00 -25.82
116.625 1.22 999.00 -22.38
116.750 2.47 999.00 -21.15
116.875 3.19 999.00 -26.82
117 5.80 999.00 -31.16
117.125 8.47 999.00 -32.18
117.250 10.87 999.00 -30.10
117.375 11.46 999.00 -28.38
117.500 12.13 999.00 -23.26
117.625 8.59 999.00 -17.45
117.750 6.37 999.00 -14.55
117.875 4.18 999.00 -18.26
118 2.96 999.00 -25.44
118.125 3.04 999.00 -27.98
118.250 2.97 999.00 -30.53
118.375 2.67 999.00 -29.38
118.500 2.86 999.00 -23.23
118.625 3.81 999.00 -19.36
118.750 4.21 999.00 -18.21
118.875 3.09 999.00 -21.66
119 4.36 999.00 -26.08
119.125 5.93 999.00 -29.11
119.250 7.65 999.00 -28.90
119.375 9.03 999.00 -26.90
119.500 9.43 999.00 -23.86
119.625 10.30 999.00 -21.00
119.750 8.78 999.00 -19.50
119.875 7.39 999.00 -20.95
120 8.35 999.00 -24.01
120.125 10.19 999.00 -25.04
120.250 10.77 999.00 -24.62
120.375 11.73 999.00 -23.43
120.500 12.24 999.00 -20.72
120.625 11.13 999.00 -17.63
120.750 9.48 999.00 -16.56
120.875 7.16 999.00 -17.23
121 6.38 999.00 -19.96
121.125 8.14 999.00 -19.73
121.250 8.20 999.00 -21.25
121.375 7.21 999.00 -20.01
121.500 8.43 999.00 -18.51
121.625 8.76 999.00 -17.09
121.750 7.83 999.00 -16.70
121.875 6.92 999.00 -17.14
122 2.16 999.00 -19.75
122.125 5.37 999.00 -22.00
122.250 8.24 999.00 -23.20
122.375 8.01 999.00 -23.14
122.500 5.80 999.00 -23.00
122.625 3.56 999.00 -20.37
122.750 4.08 999.00 -22.45
122.875 2.69 999.00 -23.67
123 1.05 999.00 -30.72
123.125 2.62 999.00 -32.99
123.250 4.60 999.00 -35.56
123.375 6.05 999.00 -33.26
123.500 5.48 999.00 -28.20
123.625 3.09 999.00 -19.71
123.750 2.25 999.00 -22.45
123.875 3.26 999.00 -23.85
124 2.94 999.00 -28.32
124.125 3.67 999.00 -28.44
124.250 3.68 999.00 -28.46
124.375 6.49 999.00 -25.71
124.500 7.07 999.00 -24.20
124.625 7.15 999.00 -22.97
124.750 6.10 999.00 -22.76
124.875 5.03 999.00 -24.38
125 3.13 999.00 -26.50
125.125 3.65 999.00 -27.43
125.250 5.68 999.00 -29.18
125.375 7.33 999.00 -28.63
125.500 8.48 999.00 -26.14
125.625 8.03 999.00 -23.60
125.750 5.57 999.00 -22.32
125.875 3.59 999.00 -23.30
126 5.13 999.00 -26.40
126.125 7.04 999.00 -28.49
126.250 7.28 999.00 -30.19
126.375 7.63 999.00 -27.36
126.500 7.89 999.00 -24.41
126.625 7.89 999.00 -21.97
126.750 6.35 999.00 -21.06
126.875 4.10 999.00 -22.20
127 5.21 999.00 -27.43
127.125 7.62 999.00 -28.87
127.250 8.89 999.00 -27.75
127.375 9.71 999.00 -26.44
127.500 11.01 999.00 -22.10
127.625 10.39 999.00 -18.26
127.750 9.05 999.00 -16.07
127.875 7.26 999.00 -17.04
128 6.26 999.00 -21.01
128.125 8.36 999.00 -23.43
128.250 7.43 999.00 -24.12
128.375 6.25 999.00 -24.12
128.500 2.74 999.00 -19.71
128.625 1.94 999.00 -18.21
128.750 2.40 999.00 -20.84
128.875 3.17 999.00 -21.36
129 3.78 999.00 -24.08
129.125 6.53 999.00 -25.57
129.250 9.28 999.00 -25.36
129.375 10.88 999.00 -23.55
129.500 10.18 999.00 -20.68
129.625 10.35 999.00 -17.11
129.750 8.76 999.00 -14.61
129.875 8.87 999.00 -14.93
130 8.16 999.00 -17.58
130.125 10.23 999.00 -17.56
130.250 10.51 999.00 -18.24
130.375 10.03 999.00 -16.68
130.500 9.94 999.00 -13.49
130.625 8.16 999.00 -10.30
130.750 6.94 999.00 -8.50
130.875 6.92 999.00 -9.19
131 8.81 999.00 -11.54
131.125 10.75 999.00 -12.57
131.250 12.57 999.00 -12.53
131.375 13.73 999.00 -10.86
131.500 12.42 999.00 -7.19
131.625 10.65 999.00 -3.22
131.750 11.34 999.00 -.24
131.875 10.57 999.00 1.14
132 7.68 999.00 .58
132.125 7.24 999.00 -1.22
132.250 7.73 999.00 -3.66
132.375 9.56 999.00 -1.22
132.500 11.70 999.00 .55
132.625 10.54 999.00 1.27
132.750 9.06 999.00 1.71
132.875 7.53 999.00 .87
133 8.44 999.00 -1.74
133.125 11.05 999.00 -3.64
133.250 11.19 999.00 -5.01
133.375 10.53 999.00 -4.46
133.500 9.79 999.00 -1.58
133.625 8.97 999.00 1.85
133.750 7.62 999.00 2.08
133.875 6.76 999.00 .83
134 8.29 999.00 -2.73
134.125 10.07 999.00 -5.09
134.250 11.92 999.00 -5.66
134.375 13.72 999.00 -5.44
134.500 13.44 999.00 -3.06
134.625 10.60 999.00 .54
134.750 9.78 999.00 1.64
134.875 7.09 999.00 1.00
135 6.50 999.00 -3.35
135.125 7.08 999.00 -7.22
135.250 7.67 999.00 -7.14
135.375 8.17 999.00 -5.26
135.500 6.90 999.00 -1.35
135.625 6.34 999.00 -.47
135.750 4.16 999.00 2.91
135.875 1.19 999.00 -.02
136 3.11 999.00 -4.40
136.125 4.10 999.00 -5.42
136.250 6.02 999.00 -9.22
136.375 5.96 999.00 -7.97
136.500 9.02 999.00 -5.98
136.625 9.00 999.00 -3.12
136.750 7.22 999.00 -1.47
136.875 4.13 999.00 -1.84
137 5.42 999.00 -5.82
137.125 8.17 999.00 -9.38
137.250 8.46 999.00 -10.19
137.375 7.96 999.00 -8.93
137.500 8.78 999.00 -5.71
137.625 9.36 999.00 -2.94
137.750 8.46 999.00 -1.41
137.875 4.72 999.00 -2.38
138 7.83 999.00 -5.71
138.125 9.21 999.00 -7.94
138.250 10.16 999.00 -8.62
138.375 11.57 999.00 -7.37
138.500 11.32 999.00 -4.82
138.625 9.52 999.00 -2.17
138.750 6.32 999.00 -.85
138.875 4.82 999.00 -1.01
139 5.92 999.00 -4.46
139.125 7.77 999.00 -7.22
139.250 8.50 999.00 -8.86
139.375 9.02 999.00 -7.34
139.500 10.21 999.00 -3.92
139.625 10.59 999.00 -.60
139.750 9.84 999.00 .72
139.875 10.10 999.00 .27
140 9.82 999.00 -2.83
140.125 11.54 999.00 -5.28
140.250 12.30 999.00 -6.76
140.375 12.95 999.00 -6.71
140.500 13.79 999.00 -5.45
140.625 12.99 999.00 -3.15
140.750 9.37 999.00 -.95
140.875 6.75 999.00 -1.25
141 7.85 999.00 -4.60
141.125 8.13 999.00 -6.24
141.250 9.11 999.00 -5.98
141.375 8.80 999.00 -7.02
141.500 8.58 999.00 -4.35
141.625 8.06 999.00 -2.11
141.750 6.95 999.00 -.57
141.875 4.43 999.00 -1.47
142 4.49 999.00 -6.09
142.125 5.47 999.00 -9.61
142.250 6.89 999.00 -9.91
142.375 9.57 999.00 -9.12
142.500 10.73 999.00 -7.32
142.625 10.88 999.00 -4.63
142.750 10.52 999.00 -3.35
142.875 7.71 999.00 -2.62
143 7.97 999.00 -4.85
143.125 11.07 999.00 -6.64
143.250 12.85 999.00 -7.67
143.375 12.57 999.00 -7.72
143.500 12.15 999.00 -5.37
143.625 10.27 999.00 -2.36
143.750 8.39 999.00 -.49
143.875 7.63 999.00 -.49
144 8.64 999.00 -2.37
144.125 10.70 999.00 -3.54
144.250 11.23 999.00 -3.74
144.375 11.69 999.00 -3.63
144.500 12.61 999.00 -.54
144.625 12.59 999.00 1.51
144.750 11.98 999.00 1.38
144.875 8.30 999.00 .17
145 8.59 999.00 -.31
145.125 6.59 999.00 -.39
145.250 6.12 999.00 -.42
145.375 7.28 999.00 -.39
145.500 7.06 999.00 .31
145.625 8.25 999.00 -.16
145.750 12.49 999.00 -.86
145.875 7.96 999.00 -4.20
146 3.59 999.00 -1.26
146.125 6.57 999.00 -2.02
146.250 6.68 999.00 -2.35
146.375 6.05 999.00 -2.41
146.500 5.43 999.00 -1.88
146.625 5.41 999.00 -.32
146.750 4.99 999.00 .33
146.875 4.88 999.00 .04
147 6.77 999.00 -2.06
147.125 9.72 999.00 -4.89
147.250 10.42 999.00 -6.82
147.375 10.47 999.00 -5.76
147.500 10.12 999.00 -2.91
147.625 9.14 999.00 .13
147.750 7.59 999.00 1.04
147.875 5.25 999.00 .74
148 5.00 999.00 -2.02
148.125 6.94 999.00 -5.41
148.250 7.65 999.00 -4.76
148.375 7.13 999.00 -3.38
148.500 6.47 999.00 -1.27
148.625 4.84 999.00 .94
148.750 2.39 999.00 1.08
148.875 .87 999.00 1.56
149 .81 999.00 -2.43
149.125 4.07 999.00 -9.17
149.250 5.90 999.00 -10.96
149.375 7.78 999.00 -10.54
149.500 6.96 999.00 -6.12
149.625 4.78 999.00 -2.02
149.750 1.47 999.00 -.31
149.875 2.71 999.00 -.32
150 2.12 999.00 -6.39
150.125 5.82 999.00 -11.35
150.250 8.11 999.00 -11.48
150.375 11.25 999.00 -8.98
150.500 12.01 999.00 -6.54
150.625 12.51 999.00 -3.38
150.750 10.51 999.00 -1.85
150.875 8.54 999.00 -2.78
151 10.13 999.00 -5.41
151.125 11.93 999.00 -7.78
151.250 12.58 999.00 -9.52
151.375 12.97 999.00 -9.22
151.500 12.60 999.00 -6.44
151.625 10.75 999.00 -3.78
151.750 8.79 999.00 -2.03
151.875 7.10 999.00 -2.81
152 7.40 999.00 -5.89
152.125 8.17 999.00 -8.53
152.250 9.82 999.00 -10.14
152.375 9.49 999.00 -9.73
152.500 8.62 999.00 -6.80
152.625 7.38 999.00 -3.23
152.750 5.49 999.00 -2.02
152.875 2.82 999.00 -2.16
153 2.40 999.00 -8.51
153.125 5.30 999.00 -13.01
153.250 6.67 999.00 -14.33
153.375 7.07 999.00 -11.01
153.500 7.30 999.00 -7.95
153.625 3.93 999.00 -4.45
153.750 1.74 999.00 -4.31
153.875 2.87 999.00 -5.03
154 2.74 999.00 -9.66
154.125 4.37 999.00 -7.60
154.250 6.16 999.00 -10.14
154.375 8.92 999.00 -10.18
154.500 9.80 999.00 -7.88
154.625 6.88 999.00 -6.07
154.750 5.01 999.00 -4.95
154.875 3.88 999.00 -4.23
155 4.01 999.00 -8.60
155.125 5.29 999.00 -9.45
155.250 7.65 999.00 -9.61
155.375 7.64 999.00 -8.86
155.500 7.89 999.00 -6.46
155.625 7.36 999.00 -3.84
155.750 5.18 999.00 -2.33
155.875 2.80 999.00 -1.72
156 1.29 999.00 -7.05
156.125 4.70 999.00 -10.47
156.250 6.17 999.00 -11.39
156.375 6.43 999.00 -7.68
156.500 7.37 999.00 -3.98
156.625 7.36 999.00 -1.40
156.750 5.90 999.00 -.32
156.875 5.06 999.00 -.54
157 6.56 999.00 -2.06
157.125 8.19 999.00 -3.24
157.250 9.31 999.00 -3.65
157.375 9.85 999.00 -4.46
157.500 10.74 999.00 -2.39
157.625 9.60 999.00 -.49
157.750 9.11 999.00 -.11
157.875 7.93 999.00 -.74
158 5.47 999.00 -1.52
158.125 4.24 999.00 -3.18
158.250 6.30 999.00 -5.84
158.375 7.82 999.00 -4.82
158.500 7.57 999.00 -2.66
158.625 7.64 999.00 -.72
158.750 7.00 999.00 -.96
158.875 4.55 999.00 -1.12
159 3.74 999.00 -1.73
159.125 2.67 999.00 -2.07
159.250 2.99 999.00 -2.81
159.375 5.85 999.00 -3.45
159.500 6.42 999.00 -1.15
159.625 5.70 999.00 .54
159.750 5.03 999.00 .60
159.875 5.55 999.00 .07
160 7.93 999.00 -.59
160.125 9.21 999.00 -1.68
160.250 9.06 999.00 -.74
160.375 8.75 999.00 .51
160.500 7.29 999.00 1.03
160.625 6.64 999.00 1.33
160.750 8.46 999.00 1.87
160.875 9.94 999.00 1.59
161 7.37 999.00 2.03
161.125 6.68 999.00 1.53
161.250 8.74 999.00 .73
161.375 10.42 999.00 -.07
161.500 9.75 999.00 1.22
161.625 6.31 999.00 1.52
161.750 5.61 999.00 1.84
161.875 5.49 999.00 1.84
162 6.60 999.00 1.97
162.125 6.38 999.00 -.17
162.250 3.84 999.00 -.74
162.375 2.94 999.00 .72
162.500 5.72 999.00 .92
162.625 3.38 999.00 1.77
162.750 2.58 999.00 .27
162.875 4.98 999.00 1.64
163 4.97 999.00 .76
163.125 3.99 999.00 .76
163.250 4.95 999.00 .67
163.375 5.36 999.00 .79
163.500 5.29 999.00 1.22
163.625 6.73 999.00 1.65
163.750 4.81 999.00 1.66
163.875 4.04 999.00 1.16
164 4.13 999.00 .89
164.125 6.43 999.00 .63
164.250 8.94 999.00 -.55
164.375 10.18 999.00 -.33
164.500 9.96 999.00 1.19
164.625 8.87 999.00 1.63
164.750 8.49 999.00 .63
164.875 6.33 999.00 -.46
165 4.82 999.00 .55
165.125 4.20 999.00 -.49
165.250 4.30 999.00 -1.48
165.375 5.09 999.00 .61
165.500 5.56 999.00 1.36
165.625 5.75 999.00 1.49
165.750 5.09 999.00 1.20
165.875 5.27 999.00 1.54
166 3.55 999.00 -.10
166.125 3.19 999.00 -1.24
166.250 5.96 999.00 -.30
166.375 7.27 999.00 -.94
166.500 5.70 999.00 -.41
166.625 5.57 999.00 -.02
166.750 4.97 999.00 -.84
166.875 5.03 999.00 -.74
167 5.05 999.00 -1.34
167.125 6.03 999.00 -1.85
167.250 6.59 999.00 -1.39
167.375 6.80 999.00 -.59
167.500 6.66 999.00 .92
167.625 5.86 999.00 1.05
167.750 7.23 999.00 1.43
167.875 7.74 999.00 .41
168 8.59 999.00 1.49
168.125 7.68 999.00 .30
168.250 9.53 999.00 .67
168.375 7.71 999.00 -.14
168.500 8.80 999.00 .01
168.625 7.47 999.00 -.21
168.750 6.62 999.00 -2.01
168.875 6.99 999.00 -3.10
169 3.89 999.00 -3.99
169.125 3.57 999.00 -3.09
169.250 7.62 999.00 -4.37
169.375 6.62 999.00 -4.01
169.500 4.62 999.00 -4.24
169.625 5.85 999.00 -3.30
169.750 7.83 999.00 -2.94
169.875 9.29 999.00 -3.73
170 12.17 999.00 -5.44
170.125 15.82 999.00 -5.38
170.250 15.05 999.00 -4.65
170.375 13.02 999.00 -2.62
170.500 13.33 999.00 -.23
170.625 8.50 999.00 .35
170.750 4.77 999.00 .38
170.875 7.71 999.00 -.27
171 8.29 999.00 -.65
171.125 6.95 999.00 -1.30
171.250 6.62 999.00 -2.29
171.375 5.09 999.00 -1.72
171.500 1.75 999.00 -.05
171.625 1.35 999.00 -.18
171.750 2.07 999.00 .02
171.875 2.03 999.00 -1.24
172 2.09 999.00 -1.97
172.125 2.64 999.00 -2.09
172.250 4.12 999.00 -2.50
172.375 7.25 999.00 -3.76
172.500 7.51 999.00 -1.79
172.625 7.62 999.00 -2.24
172.750 8.97 999.00 -1.11
172.875 9.84 999.00 -1.27
173 9.30 999.00 -1.40
