  174.750   6.50   7.13  143.4   2.3
  174.875   6.20   6.98  139.2   2.2
  175.000   5.27   5.62  128.9   2.0
  175.125   4.62   5.15  113.2    .8
  175.250   6.69   8.28  134.4   1.1
  175.375   8.83   9.58  120.7    .9
  175.500   8.27   8.93  129.8   1.9
  175.625   7.41   8.77  133.6   2.1
  175.750   5.69   6.53  144.4   2.5
  175.875   5.24   5.97  140.6   2.6
  176.000   5.94   6.73  128.0   2.3
  176.125   7.70   9.64  125.9   1.4
  176.250   8.46  10.18  118.2   -.7
  176.375  10.78  11.94  113.4   -.7
  176.500  11.33  12.18  127.1    .8
  176.625  10.02  11.11  117.4   1.6
  176.750   7.69   9.04  113.0   1.9
  176.875   6.59   7.23  125.8   1.7
  177.000   6.76   7.36  120.7   1.1
  177.125   8.31   9.72  113.1  -1.1
  177.250   9.19  10.17  123.8  -2.7
  177.375   8.06  10.60  169.5  -1.2
  177.500   4.49   5.03  171.8  -1.9
  177.625   3.19   4.93  172.4   -.6
  177.750   4.68   5.51  154.0   -.4
  177.875   4.07   5.14  144.0   -.2
  178.000   3.15   3.95  114.7  -2.3
  178.125   3.33   4.16  107.0  -3.2
  178.250   4.71   6.25  102.3  -3.8
  178.375   7.19   8.35  106.0  -3.9
  178.500   7.47   8.55  112.9   -.9
  178.625   5.50   6.66  162.1    .5
  178.750   3.47   4.79  154.3    .6
  178.875   1.83   2.80  136.7    .7
  179.000    .87   1.30  172.3   -.2
  179.125    .90   2.12  153.3  -2.9
  179.250   2.71   4.29  145.6  -3.8
  179.375   4.87   5.93  142.2  -3.3
  179.500   5.63   6.09  156.4  -1.4
  179.625   4.63   5.61  155.6    .3
  179.750   2.34   3.12  127.8   1.8
  179.875   1.37   1.90   76.5    .4
  180.000   1.15   2.22   11.2  -2.5
  180.125   1.70   3.47  364.1  -5.7
  180.250   2.86   5.30  333.3  -2.8
  180.375   4.39   5.39  334.6  -2.4
  180.500   3.25   4.34  251.5  -2.3
  180.625   3.24   4.13  261.8  -2.0
  180.750   4.36   4.97  245.5  -2.4
  180.875   4.39   4.98  243.0  -2.2
  181.000   2.90   3.69  220.3  -2.2
  181.125   2.36   3.55  208.8  -2.5
  181.250   3.60   3.84  179.0  -3.2
  181.375   3.44   3.90  154.2  -3.7
  181.500   4.51   4.85  134.0  -2.6
  181.625   3.74   4.43  152.4   -.8
  181.750   2.72   3.35  168.6    .0
  181.875   1.09   2.11  127.5   -.6
  182.000   1.87   2.53  128.9  -4.3
  182.125   3.69   4.60   97.5  -9.0
  182.250   5.17   6.31   99.0  -8.5
  182.375   5.22   5.89  120.8  -4.9
  182.500   5.82   6.03  124.6  -2.6
  182.625   5.96   6.45  130.6   -.8
  182.750   4.88   5.51  145.2    .6
  182.875   3.77   4.48  121.3   -.3
  183.000   5.31   5.96  106.7  -3.7
  183.125   7.09   7.99  113.5  -5.8
  183.250   8.04   8.38  124.1  -5.8
  183.375   8.27   9.20  100.6  -6.6
  183.500   8.25   8.96  127.1  -2.5
  183.625   5.84   7.37  146.8   1.0
  183.750   4.09   4.94  140.3   1.8
  183.875   3.26   4.10  146.5    .4
  184.000   3.89   4.21  140.9  -1.2
  184.125   3.67   4.13  126.7  -2.4
  184.250   4.42   5.46  118.7  -4.5
  184.375   6.61   7.10  113.4  -4.1
  184.500   6.11   6.48  138.3  -1.1
  184.625   5.64   6.37  133.6    .7
  184.750   2.79   4.43  153.4   4.2
  184.875   1.56   3.46  345.2   -.6
  185.000   1.81   4.01  145.9  -2.7
  185.125   5.41   7.29  140.7  -2.8
  185.250   6.32   7.43  113.4  -4.2
  185.375   7.60   9.38  119.9  -2.1
  185.500   9.31  10.19  132.4    .2
  185.625  10.70  12.11  148.2   1.4
  185.750   8.67  10.59  173.4   -.4
  185.875   2.87   8.64  229.9  -3.1
  186.000    .00    .00  183.7  -3.4
  186.125    .00    .00  172.7  -4.1
  186.250    .00    .00  157.7  -3.9
  186.375    .00    .00  195.4  -2.8
  186.500    .00    .00  159.1  -4.0
  186.625   4.02   6.82  189.0  -4.0
  186.750   4.41   5.31  175.8  -3.2
  186.875   3.38   4.40  149.4  -3.3
  187.000   2.12   2.35   79.5  -5.3
  187.125   2.42   3.49   96.0 -10.6
  187.250   3.48   3.92  100.5 -10.2
  187.375   3.64   4.16  102.1  -8.0
  187.500   3.74   4.29  107.4  -4.0
  187.625   3.89   4.12  135.9  -1.6
  187.750   2.94   3.85  138.9    .3
  187.875    .80   1.65  125.8   -.7
  188.000   1.53   2.56   74.2  -6.1
  188.125   3.38   4.21   86.8  -9.5
  188.250   5.31   6.01  102.6  -9.8
  188.375   6.53   7.70  104.4  -7.9
  188.500   7.21   7.90  113.5  -5.0
  188.625   7.36   7.73  129.7  -2.5
  188.750   6.31   7.13  132.7  -1.2
  188.875   5.17   6.39  125.8    .4
  189.000   4.12   4.63  132.5   -.6
  189.125   7.00   9.28  126.5  -2.5
  189.250   9.59  10.27  115.6  -3.6
  189.375  10.18  10.81  117.1  -3.0
  189.500  10.38  11.05  121.6   -.4
  189.625   9.35  10.23  129.7   1.2
  189.750   8.50   9.11  134.6   2.1
  189.875   7.60   8.29  121.3   1.9
  190.000   6.86   7.68  119.2    .7
  190.125   7.01   7.93  107.4  -2.5
  190.250   8.51   9.44   99.6  -3.9
  190.375   9.93  10.53  106.8  -3.4
  190.500   9.65   9.97  113.4    .0
  190.625   8.05   8.70  121.2   2.0
  190.750   7.25   8.48  108.2   2.4
  190.875   7.66   8.06  113.3   2.5
  191.000   7.35   7.85  121.5   1.5
  191.125   8.18   9.61  127.7    .5
  191.250   8.51   9.72  122.6  -1.4
  191.375   8.93   9.84  125.2  -1.6
  191.500   8.31   8.94  129.5    .3
  191.625   6.66   7.86  132.4   2.0
  191.750   5.15   5.67  134.3   2.1
  191.875   3.74   4.38  128.4   1.6
  192.000   4.39   4.75  129.4    .4
  192.125   4.87   5.41  124.3  -1.1
  192.250   4.91   5.41  109.8    .0
  192.375   4.20   4.98  100.2   -.9
  192.500   5.23   5.75  128.8   1.4
  192.625   5.52   5.95  119.7   1.5
  192.750   5.20   5.57  119.1   1.7
  192.875   4.91   5.21  123.6   1.6
  193.000   4.32   4.79  107.6   1.2
  193.125   4.09   4.78  119.7    .3
  193.250   4.47   4.86  103.8   -.9
  193.375   4.89   5.57  111.4   -.1
  193.500   5.97   6.21  119.4   1.4
  193.625   5.99   6.41  128.3   1.8
  193.750   5.03   5.83  128.9   2.1
  193.875   3.83   4.39  118.4   1.7
  194.000   3.72   4.12  108.2   -.1
  194.125   3.95   4.42   99.5  -1.5
  194.250   4.90   6.04   99.9  -1.8
  194.375   6.49   7.02  119.4   -.6
  194.500   7.02   7.36  127.3   1.1
  194.625   6.35   6.95  123.0   1.8
  194.750   4.83   5.52  113.0   2.0
  194.875   3.65   3.87  106.3   1.4
  195.000   3.55   3.81   99.4   -.4
  195.125   3.96   4.44  102.9  -1.8
  195.250   5.19   6.00  103.1  -2.7
  195.375   6.03   6.62  100.7  -2.4
  195.500   6.35   6.81  101.4   -.3
  195.625   6.02   6.34  114.2    .7
  195.750   5.87   6.16  118.2   1.4
  195.875   5.20   5.78  110.9   1.0
  196.000   6.13   6.48  118.6   -.2
  196.125   6.72   7.30  114.0  -2.2
  196.250   7.70   8.04  122.6  -3.5
  196.375   9.00   9.76  109.6  -2.8
  196.500   9.31   9.68  117.4  -1.6
  196.625   8.32   8.89  126.1    .5
  196.750   6.38   7.29  126.4   1.4
  196.875   5.59   6.09  126.4    .8
  197.000   4.38   5.03  113.3  -1.3
  197.125   5.06   5.76  114.3  -3.7
  197.250   6.44   7.73  103.5  -5.3
  197.375   6.26   7.42  125.3  -1.0
  197.500   6.89   7.66  122.6  -1.3
  197.625   6.00   6.88  130.4    .6
  197.750   4.84   5.68  136.7   1.4
  197.875   3.07   4.04  121.2    .9
  198.000   2.45   2.81  127.4  -1.5
  198.125   2.80   3.39   95.8  -3.3
  198.250   3.90   4.78  113.5  -3.0
  198.375   4.97   5.36  109.2  -2.4
  198.500   4.17   5.18  141.8   1.0
  198.625   2.56   2.99  167.3    .8
  198.750   3.22   3.79  150.0    .5
  198.875   3.05   3.52  142.8    .9
  199.000   3.80   4.30  153.9    .0
  199.125   3.98   4.20  146.1   -.1
  199.250   4.07   4.31  143.9   -.1
  199.375   4.24   4.84  145.9    .0
  199.500   3.64   4.64  139.1   1.2
  199.625   3.28   3.91  144.3   1.8
  199.750   2.98   3.37  135.4   1.8
  199.875   3.77   4.02  140.9   1.0
  200.000   4.22   4.88  139.5    .3
  200.125   5.60   6.12  133.5   -.7
  200.250   4.63   5.27  132.8    .7
  200.375   4.23   5.00  121.5    .9
  200.500   5.93   6.75  118.8    .6
  200.625   6.22   7.34  131.2   1.0
  200.750   5.69   6.22  117.5    .9
  200.875   4.28   5.28  104.8    .4
  201.000   3.92   4.77  106.1  -1.2
  201.125   4.33   4.73  107.0  -2.5
  201.250   5.36   5.70  113.1  -3.8
  201.375   6.31   7.15  113.1  -3.0
  201.500   7.06   7.34  121.3   -.8
  201.625   5.61   6.43  122.5    .8
  201.750   4.35   4.77  113.7   1.3
  201.875   3.98   4.70  133.3   1.4
  202.000   4.27   4.92  106.8  -1.1
  202.125   4.22   4.84  100.2  -3.0
  202.250   6.19   7.04  103.5  -3.6
  202.375   7.58   8.05  114.1  -3.3
  202.500   7.43   7.84  124.0   -.7
  202.625   6.86   7.36  133.4    .7
  202.750   4.96   6.16  135.2   1.4
  202.875   4.29   4.87  137.4    .8
  203.000   4.34   4.70  137.9    .8
  203.125   4.48   4.80  128.0    .9
  203.250   4.68   5.25  131.3    .6
  203.375   6.61   7.00  125.0    .1
  203.500   7.34   7.79  131.9   -.2
  203.625   6.89   7.49  141.2    .9
  203.750   4.86   6.32  154.0   1.3
  203.875   3.62   4.62  139.7    .8
  204.000   3.35   4.24  141.0    .4
  204.125   4.45   4.82  142.7    .3
  204.250   4.11   4.59  153.0    .2
  204.375   4.50   4.77  148.3    .1
  204.500   4.74   5.26  150.7    .8
  204.625   4.35   4.98  153.1   1.3
  204.750   4.55   5.10  141.2   1.4
  204.875   4.84   5.32  132.1   1.5
  205.000   5.64   6.32  134.3   1.4
  205.125   5.49   6.41  132.8   1.2
  205.250   5.67   6.61  134.4   1.6
  205.375   6.43   7.29  142.7   1.6
  205.500   7.33   8.40  150.3   2.0
  205.625   8.31   8.91  140.6   2.0
  205.750   7.16   8.41  141.2   1.8
  205.875   4.92   5.89  140.7   1.0
  206.000   4.90   5.15  146.5    .7
  206.125   5.07   5.91  131.8    .8
  206.250   3.54   4.25  119.2    .8
  206.375   2.73   3.21  139.2    .7
  206.500   3.36   3.93  158.5    .7
  206.625   2.12   2.70  153.2   1.9
  206.750   3.15   4.27  146.7   1.8
  206.875   3.09   3.86  143.4   1.4
  207.000   3.84   5.06  129.5    .6
  207.125   5.69   6.26  124.3   -.9
  207.250   7.22   8.17  122.2  -2.1
  207.375   9.32  10.10  134.1  -1.3
  207.500   9.17  10.03  131.8    .3
  207.625   7.01   8.32  144.4   1.0
  207.750   5.17   5.57  157.3   1.0
  207.875   5.19   5.61  163.0    .4
  208.000   3.95   5.01  140.7    .6
  208.125   3.95   5.13  135.6    .9
  208.250   5.45   6.92  129.4    .8
  208.375   7.73   9.92  117.3  -1.4
  208.500   9.67  10.65  123.8    .2
  208.625   8.36   9.06  125.0    .4
  208.750   7.20   8.75  137.1   1.5
  208.875   5.68   6.23  127.4   1.3
  209.000   4.98   5.45  119.1    .4
  209.125   5.70   6.30  103.4  -2.2
  209.250   6.40   7.12   98.7  -3.4
  209.375   8.43   9.04  116.4  -2.6
  209.500   8.38   8.86  106.1  -1.6
  209.625   7.14   7.79  110.0    .4
  209.750   4.85   5.57  106.1   1.1
  209.875   3.86   4.43  109.7   1.0
  210.000   5.18   6.16  106.8   -.4
  210.125   6.30   6.98  109.4  -2.5
  210.250   7.59   8.53  105.9  -3.5
  210.375   7.88   8.14  106.5  -2.0
  210.500   8.36   8.85  125.2    .8
  210.625   7.61   8.75  112.7   1.9
  210.750   6.41   6.92  109.0   1.8
  210.875   6.53   6.97  118.7   2.4
  211.000   6.71   7.54  117.0   1.4
  211.125   8.20   9.25  104.6   -.3
  211.250  10.17  11.37  118.0  -1.3
  211.375  12.41  13.55  125.0   -.6
  211.500  12.52  13.42  134.4   1.6
  211.625  10.41  11.29  139.2   2.9
  211.750   9.70  10.59  141.6   2.7
  211.875   9.69  11.04  147.7   1.8
  212.000   7.17   8.33  144.4   1.4
  212.125   6.14   6.48  126.7   1.5
  212.250   5.68   6.17  141.6   1.4
  212.375   4.50   5.93  125.6   1.2
  212.500   5.03   5.57  131.2   1.5
  212.625   5.17   5.78  121.5   1.6
  212.750   5.38   5.76  130.7   1.8
  212.875   4.78   5.41  125.4   1.8
  213.000   4.64   5.23  116.7   1.3
  213.125   5.37   6.64  107.7   -.6
  213.250   7.38   8.00  119.1  -2.3
  213.375  10.27  11.43  108.1  -3.8
  213.500  10.87  11.37  117.4   -.8
  213.625  10.99  11.74  119.4   2.0
  213.750   9.42  10.38  122.4   2.7
  213.875  10.60  12.53  124.6   3.3
  214.000  13.29  14.05  140.3   2.2
  214.125  12.41  13.24  135.6   1.6
  214.250  11.67  12.39  133.3   1.7
  214.375  10.74  11.90  149.4   1.1
  214.500   9.34  11.48  143.6   1.7
  214.625   6.34   8.75  155.0   1.7
  214.750   4.03   5.29  162.9   1.2
  214.875   3.37   4.17  159.5    .7
  215.000   4.39   5.05  155.3   -.4
  215.125   4.10   4.81  155.9   -.5
  215.250   4.37   4.71  151.6   -.6
  215.375   4.39   4.80  143.6   -.2
  215.500   4.79   6.15  125.8    .3
  215.625   6.34   7.24  138.9    .7
  215.750   5.19   6.38  114.0   1.4
  215.875   3.53   5.09   92.3   1.1
  216.000   5.15   5.90   69.7   -.8
  216.125   6.77   7.83  106.8  -2.3
  216.250   6.01   7.88  153.1  -2.2
  216.375   3.50   4.33  178.4  -2.0
  216.500   4.12   4.59  204.6  -1.3
  216.625   4.84   5.30  201.8  -1.5
  216.750   3.86   4.90  175.1   -.8
  216.875   2.48   2.85  174.3   -.9
  217.000   1.18   2.27  174.3  -1.3
  217.125    .00    .00  173.9  -1.2
  217.250    .00    .00  174.0   -.8
  217.375    .02    .26  169.2   -.4
  217.500    .35    .95  166.4   1.8
  217.625   1.01   1.47  260.0   1.7
  217.750   2.35   3.62  301.9    .1
  217.875   3.41   3.95  309.8   -.2
  218.000   2.13   3.21  307.0  -1.1
  218.125   2.24   2.74  326.4  -1.3
  218.250    .89   2.06   34.7  -1.3
  218.375   2.07   4.25   95.5  -3.8
  218.500   5.16   5.72  102.9  -2.8
  218.625   5.44   6.68  116.8  -1.5
  218.750   7.37   8.65  105.2  -2.3
  218.875   5.18   9.00  119.4   -.7
  219.000   5.20   7.49   84.6  -1.7
  219.125   6.62   9.72  109.0  -5.8
  219.250  12.39  13.58   95.0  -6.7
  219.375  12.21  13.88  110.0  -7.5
  219.500  12.73  13.96  115.7  -6.0
  219.625  11.68  13.70  131.1  -2.9
  219.750   9.01   9.91  129.2  -1.0
  219.875   7.01   8.09  135.0  -2.0
  220.000   6.36   6.82  124.0  -4.1
  220.125   7.51   8.73  113.4  -6.9
  220.250   8.86   9.35  111.4  -7.2
  220.375  10.38  11.02  130.5  -6.5
  220.500   9.96  10.66  135.6  -4.1
  220.625   9.22  10.24  141.0  -1.2
  220.750   6.17   7.64  146.4    .1
  220.875   4.92   5.72  173.6   -.2
  221.000   3.81   4.80  170.0   -.3
  221.125   2.96   3.55  174.5   -.8
  221.250   2.67   2.98  174.5  -1.7
  221.375    .30   2.42  174.5  -1.0
  221.500   1.30   2.34  178.8    .8
  221.625   2.40   3.53  172.8   -.3
  221.750   4.43   5.59  170.0   -.6
  221.875   4.97   6.07  169.4   -.5
  222.000   4.46   5.44  155.2   -.7
  222.125   4.98   6.23  147.1  -1.6
  222.250   5.97   7.57  137.3  -1.2
  222.375   8.49   9.23  129.1  -1.1
  222.500   8.91   9.50  138.9    .2
  222.625   5.90   6.60  153.7    .7
  222.750   4.90   5.52  168.6   -.1
  222.875   5.54   6.20  185.8   -.2
  223.000   5.49   6.27  193.4   -.3
  223.125   3.49   5.10  216.1   -.4
  223.250   2.74   3.56  215.4   -.9
  223.375    .00    .00  215.4  -2.8
  223.500    .00    .00  215.3  -4.2
  223.625    .00    .00  215.4  -5.1
  223.750    .00    .00  215.6  -4.6
  223.875    .00    .00  215.2  -5.9
  224.000    .00    .00  215.5  -9.3
  224.125    .00    .00  215.4 -11.1
  224.250    .00    .00  216.2 -13.0
  224.375    .00    .00  215.9  -9.4
  224.500   2.85   5.11  216.1  -9.2
  224.625   5.61   6.24  215.8 -10.2
  224.750   6.66   7.34  112.8  -8.4
  224.875   6.81   7.63  124.1  -7.7
  225.000   8.35   9.54  124.9  -9.3
  225.125   9.47  10.18  115.0 -10.0
  225.250   9.75  10.37  114.7  -9.5
  225.375  10.24  11.09  129.8  -8.2
  225.500  11.36  11.79  126.0  -6.0
  225.625  10.83  11.53  122.9  -2.5
  225.750  10.75  11.41  129.4   -.2
  225.875   8.56   9.70  140.1    .2
  226.000   6.57   7.27  134.1   -.1
  226.125   6.94   7.37  134.7    .7
  226.250   8.70  10.26  131.5    .8
  226.375  10.16  10.76  126.1   1.3
  226.500  10.89  11.96  127.9   2.1
  226.625   9.90  11.05  137.1   1.9
  226.750   8.35   9.46  155.6   1.3
  226.875   5.47   7.14  152.5    .7
  227.000   6.00   6.97  171.9    .4
  227.125   6.03   6.94  154.0   -.2
  227.250   7.00   8.11  156.2   -.1
  227.375   7.96   9.14  157.9    .2
  227.500   8.85   9.85  168.2    .3
  227.625   7.40   8.73  161.9    .9
  227.750   7.21   8.80  158.0    .2
  227.875   7.34   8.23  147.0    .3
  228.000   6.61   7.44  150.6   -.7
  228.125   7.26   8.11  140.3  -1.4
  228.250   7.34   8.06  162.7  -2.1
  228.375   6.72   7.53  150.3  -2.3
  228.500   5.54   6.31  130.6   -.8
  228.625   5.95   6.98  168.0   -.7
  228.750   3.32   4.64  169.5   -.6
  228.875   3.48   4.49  140.3  -1.1
  229.000   3.92   4.74  141.5  -2.7
  229.125   6.09   6.99  117.1  -5.0
  229.250   7.09   8.19  106.8  -4.6
  229.375   7.21   8.81  126.5  -4.5
  229.500   5.95   8.73  147.0  -2.8
  229.625   5.20   5.93  135.6   -.6
  229.750   4.40   5.18  147.9    .2
  229.875   3.48   3.88  126.8    .8
  230.000   4.33   5.78  116.2  -3.1
  230.125   5.01   5.76  113.8  -4.6
  230.250   5.22   6.48  114.9  -2.7
  230.375   8.24   9.01  113.1  -4.2
  230.500   7.47   8.57  116.4  -3.4
  230.625   6.39   7.73  141.6  -1.4
  230.750   4.00   5.48  191.9   -.9
  230.875   3.69   4.57  175.5  -3.8
  231.000   2.76   4.05  160.0  -4.2
  231.125   3.60   5.35  120.4  -3.8
  231.250   6.83   7.23  104.2  -9.0
  231.375   6.99   7.71  100.6  -8.7
  231.500   7.64   8.21  122.6  -5.8
  231.625   6.83   7.62  131.7  -3.1
  231.750   5.89   6.52  135.8  -1.5
  231.875   4.42   5.26  103.3  -3.4
  232.000   4.54   5.20   98.4  -7.3
  232.125   6.33   7.20  102.4  -8.6
  232.250   7.51   8.07  100.2  -9.5
  232.375   8.60   9.20  110.8  -9.6
  232.500   8.62   9.37  115.6  -6.4
  232.625   7.85   8.63  121.1  -3.4
  232.750   7.40   7.82  124.3  -1.5
  232.875   6.84   7.43  129.4  -1.9
  233.000   6.44   7.53  120.4  -4.3
  233.125   6.98   7.90  112.2  -4.8
  233.250   8.11  10.23  119.0  -5.5
  233.375   8.72   9.34  108.6  -5.8
  233.500   8.70   9.54  112.8  -2.2
  233.625   8.96  10.19  127.7   1.0
  233.750   9.34  10.35  127.0   2.4
  233.875  10.58  12.16  128.8   1.8
  234.000  14.00  15.19  129.2   1.4
  234.125  12.81  15.50  151.5    .8
  234.250   8.19   8.88  177.0    .2
  234.375   6.95   8.62  162.2    .4
  234.500   7.20   8.21  152.4    .9
  234.625   9.91  12.57  211.8   -.4
  234.750   7.15  10.28  196.7   -.5
  234.875   5.72   6.85  170.7  -2.0
  235.000   4.16   5.30  152.4    .2
  235.125   5.36   7.23  119.7   -.6
  235.250   6.76   8.00  137.6    .5
  235.375   7.98   9.76  133.5   2.1
  235.500   8.28  10.04  144.3   1.4
  235.625   5.28   5.97  180.7   -.2
  235.750   4.71   5.66  156.8    .4
  235.875   4.35   5.72  149.1   1.5
  236.000   4.07   5.05  136.8   1.0
  236.125   4.43   5.03  135.9   -.3
  236.250   4.30   5.16  137.7   1.2
  236.375   4.68   5.35  129.8   1.1
  236.500   4.14   4.78  142.4   1.3
  236.625   3.43   3.92  149.2    .9
  236.750   2.49   3.03  179.4    .2
  236.875   1.56   1.88  257.2   -.9
  237.000   2.08   2.52  257.4  -2.5
  237.125   1.97   2.23  257.6  -3.1
  237.250   1.86   2.11  257.3  -3.5
  237.375   2.20   2.49  257.3  -3.4
  237.500   3.73   4.79  127.7  -2.8
  237.625   3.83   4.27  125.2   -.9
  237.750   4.30   5.22  116.3   -.8
  237.875   4.26   5.05   99.4  -4.2
  238.000   6.10   7.88  113.1  -4.4
  238.125   8.14   9.02  122.3  -4.4
  238.250   9.39   9.76  108.4  -5.3
  238.375   9.83  10.29  113.6  -4.5
  238.500  10.26  10.75  119.5  -2.3
  238.625   9.67  10.34  112.2   -.7
  238.750   8.21   9.65  124.3   2.4
  238.875   8.76   9.83  145.5   1.5
  239.000   8.01   8.90  143.9   -.4
  239.125   8.92   9.62  141.2  -2.3
  239.250   8.87   9.56  138.5  -2.6
  239.375   9.46   9.81  138.2  -2.8
  239.500   8.80   9.56  144.7  -1.7
  239.625   7.70   8.25  154.6   -.3
  239.750   5.88   7.07  158.0    .0
  239.875   4.82   5.68  152.4   -.7
  240.000   4.88   5.77  154.5  -1.0
  240.125   4.73   5.16  178.4   -.8
  240.250   5.05   5.95  175.8   -.9
  240.375   5.34   6.02  188.7  -1.5
  240.500   4.57   5.10  171.8  -1.6
  240.625   3.73   4.12  189.3   -.9
  240.750   2.75   3.58  162.1   -.9
  240.875   1.79   2.62  143.7  -2.0
  241.000   1.08   1.67  130.7  -3.5
  241.125   1.56   2.33   93.5  -4.6
  241.250   2.39   3.05  114.7  -4.4
  241.375   2.84   3.60   93.3  -4.2
  241.500   2.73   3.23  103.3  -2.7
  241.625   3.51   4.11  137.7  -1.7
  241.750   5.03   5.87   98.2  -4.1
  241.875   5.14   6.50  122.4  -5.1
  242.000   6.96   7.90  110.2  -7.6
  242.125   7.71   8.23  106.9  -8.7
  242.250   8.57   9.02  106.6  -9.5
  242.375   9.07   9.53   98.8  -8.7
  242.500   9.39   9.74  106.5  -6.3
  242.625   8.91   9.73  124.3  -2.6
  242.750   8.54   9.43  120.9  -1.0
  242.875   8.31   9.31  129.7  -1.4
  243.000   9.59  10.18  133.5  -2.5
  243.125  11.04  11.77  128.9  -3.1
  243.250  11.09  11.49  130.2  -3.5
  243.375   9.86  10.90  124.9  -3.1
  243.500   8.61   9.69  129.4   -.6
  243.625   7.10   7.56  145.0   1.5
  243.750   7.01   7.98  138.5   1.3
  243.875   6.11   6.91  158.8    .9
  244.000   5.50   6.97  144.7   -.3
  244.125   5.05   5.44  138.8    .5
  244.250   4.31   5.09  142.1    .9
  244.375   5.39   6.00  151.2    .9
  244.500   5.21   6.00  143.3   1.3
  244.625   5.48   5.91  146.2   2.1
  244.750   6.04   6.61  137.4   2.3
  244.875   6.56   7.17  123.3   2.5
  245.000   7.24   7.99  127.7   2.3
  245.125   9.73  10.83  127.3   2.5
  245.250   9.94  11.69  125.3   2.2
  245.375  12.32  13.89  137.6   2.9
  245.500  11.13  14.03  134.6   3.6
  245.625  11.62  12.64  130.4   2.3
  245.750  11.83  13.74  139.1   2.0
  245.875  10.76  12.61  162.7   1.9
  246.000   8.36  10.92  159.2   1.4
  246.125   7.17   8.33  154.5    .8
  246.250   6.68   7.39  144.0    .8
  246.375   7.87   9.55  168.6    .4
  246.500   7.46   9.05  154.6    .6
  246.625   5.36   6.10  139.2   1.2
  246.750   5.17   6.12  132.7   1.6
  246.875   6.27   6.72  147.7   1.1
  247.000   5.49   6.29  128.5    .9
  247.125   6.84   7.66  148.6    .8
  247.250   7.24   7.76  135.6    .9
  247.375   8.29   9.96  128.0   -.3
  247.500  10.78  11.60  124.9    .8
  247.625  10.57  11.28  124.3   1.8
  247.750   9.55  10.47  144.0   2.5
  247.875   9.60  10.80  143.9   2.7
  248.000   7.69   9.35  134.1   1.5
  248.125   6.91   7.75  140.9   2.1
  248.250   8.93   9.97  147.3   2.3
  248.375   9.70  11.20  141.5   2.5
  248.500   8.68   9.45  153.4   2.6
  248.625   8.47   9.53  152.7   2.0
  248.750   7.98   9.55  164.3    .8
  248.875   4.47   5.26  178.9   -.2
  249.000    .81   4.85  246.0  -1.0
  249.125    .00    .00  245.7  -1.2
  249.250    .00    .00  245.8  -5.2
  249.375    .00    .00  247.6  -1.0
  249.500   2.73   4.44  145.8   1.1
  249.625   4.97   6.05  140.9   1.5
  249.750   6.07   6.78  140.1   1.2
  249.875   6.16   7.10  152.5   1.2
  250.000   4.89   6.01  140.3    .4
  250.125   3.70   4.37  142.7   -.5
  250.250   3.54   3.83  117.7  -2.6
  250.375   2.48   3.27  182.4    .1
  250.500   3.47   4.91  200.3  -1.7
  250.625   4.89   5.95  180.3  -1.6
  250.750   5.24   6.45  174.0  -1.7
  250.875   3.17   4.66  294.3  -2.0
  251.000    .79   2.32  115.8  -2.8
  251.125   3.08   4.10   95.1  -5.9
  251.250   5.03   5.58   78.2  -9.6
  251.375   5.29   5.70   85.5  -9.1
  251.500   5.08   5.85  105.1  -6.7
  251.625   4.41   5.37  131.9  -3.9
  251.750   4.87   5.47  127.7  -3.1
  251.875   3.95   5.07  103.2  -6.1
  252.000   4.20   5.03   99.3  -7.6
  252.125   5.40   5.70   96.4  -9.2
  252.250   5.30   5.86  106.9  -8.4
  252.375   4.89   5.76  119.0  -6.7
  252.500   4.34   5.08  159.7  -4.4
  252.625   4.36   4.72  176.4  -3.7
  252.750   4.78   5.07  153.3  -2.9
  252.875   3.99   4.70  149.8  -3.1
  253.000   3.27   4.14  105.3  -5.1
  253.125   4.72   5.75  111.7  -8.9
  253.250   5.21   5.80  111.4  -9.2
  253.375   5.14   5.60  107.0 -11.2
  253.500   6.80   8.15  115.9  -8.6
  253.625   7.37   8.18   99.1  -6.2
  253.750   6.44   7.62  105.0  -6.1
  253.875   6.59   7.31  101.6  -7.3
  254.000   5.95   6.80  103.9  -9.9
  254.125   6.66   7.49  113.5 -12.2
  254.250   6.38   6.75  117.2 -11.4
  254.375   6.64   7.44  103.3 -12.1
  254.500   6.97   7.75  112.3  -8.9
  254.625   8.63   9.82  120.7  -7.2
  254.750   8.42   9.69  132.8  -5.2
  254.875   9.39  10.16  119.8  -6.6
  255.000   9.30  10.09  113.6  -7.5
  255.125  10.80  12.33  116.8  -8.9
  255.250  10.84  11.96  133.2  -8.9
  255.375  11.27  12.13  128.6  -8.3
  255.500  10.71  11.64  128.9  -7.4
  255.625  10.62  11.95  136.2  -4.5
  255.750   9.86  10.38  134.3  -1.9
  255.875  10.45  10.94  135.3    .1
  256.000  11.11  11.77  146.8    .1
  256.125   9.05   9.77  144.1   -.4
  256.250   9.85  10.61  133.2  -1.8
  256.375  12.17  13.52  134.1  -2.4
  256.500  13.21  14.10  141.2    .1
  256.625  12.56  13.18  140.1    .0
  256.750  11.67  12.95  150.1    .7
  256.875  11.35  13.41  140.0   -.5
  257.000  10.82  12.74  127.7   -.4
  257.125  10.65  11.48  154.9  -1.0
  257.250  10.21  11.29  141.6  -1.2
  257.375   9.45  10.01  137.9  -1.2
  257.500  10.42  11.57  138.9    .1
  257.625  10.26  13.13  139.8   1.7
  257.750  11.47  12.21  143.3   2.2
  257.875  10.77  11.68  147.0   2.2
  258.000  11.05  11.75  148.6   2.1
  258.125  10.52  11.64  145.8   1.8
  258.250   9.66  11.18  148.0    .7
  258.375  10.58  11.33  142.5   1.4
  258.500  10.48  12.44  143.6   1.7
  258.625  11.43  12.11  131.9   1.5
  258.750   9.95  11.74  148.6   1.4
  258.875   9.32   9.92  138.6   1.5
  259.000   8.81   9.68  143.4   -.2
  259.125  10.73  12.25  131.9    .6
  259.250  12.91  13.89  134.9    .4
  259.375  11.50  12.21  132.4    .5
  259.500  11.66  13.14  156.1    .0
  259.625   9.71  12.04  153.7    .1
  259.750  11.02  11.98  160.7    .7
  259.875   8.92  10.99  163.4    .0
  260.000   7.95   9.50  163.4   -.3
  260.125   8.12   9.67  151.2   -.2
  260.250   8.62   9.44  155.1   -.7
  260.375   7.28   7.97  149.8  -1.0
  260.500   7.55   8.70  150.4   -.7
  260.625   8.11   8.80  143.4    .0
  260.750   7.98   8.70  151.0    .0
  260.875   6.78   7.81  137.6  -2.0
  261.000   6.96   7.33  136.1  -3.1
  261.125   5.39   7.05  133.1  -3.6
  261.250   5.06   5.53  155.4  -4.2
  261.375   5.30   6.10  134.6  -5.0
  261.500   6.02   6.71  130.1  -5.5
  261.625   7.08   7.51  112.2  -5.0
  261.750   7.36   8.16  113.5  -4.2
  261.875   7.92   8.23  118.6  -5.8
  262.000   8.30   9.45  121.1  -6.9
  262.125   8.76   9.66  102.6  -7.9
  262.250   8.99   9.68  124.3  -8.7
  262.375   9.02   9.87   96.6  -9.1
  262.500   6.76   7.50  114.2  -9.0
  262.625   7.06   7.67  132.6  -6.4
  262.750   6.32   6.95  134.0  -5.1
  262.875   5.47   6.47  129.9  -5.4
  263.000   5.73   6.04  124.6  -6.4
  263.125   5.95   8.16  116.6  -8.0
  263.250   9.28  10.28   99.7 -11.0
  263.375   8.21   8.53  102.2 -11.0
  263.500   9.12   9.79   99.2  -9.6
  263.625   9.56  10.14  109.5  -6.7
  263.750  10.45  11.55  122.0  -4.7
  263.875  11.58  13.01  115.1  -5.3
  264.000  11.77  13.16  125.6  -5.5
  264.125  10.80  11.62  123.1  -6.6
  264.250   9.43  10.70  132.5  -6.1
  264.375   7.14   7.96  135.6  -5.2
  264.500   7.74   8.56  131.7  -3.4
  264.625  10.21  11.01  138.9  -1.1
  264.750  10.78  11.35  137.7   -.8
  264.875  10.79  11.66  131.4  -1.5
  265.000  10.72  11.53  134.3   -.5
  265.125   9.71  11.67  126.5   -.5
  265.250  10.08  10.91  116.1  -1.0
  265.375  11.93  13.51  109.2  -1.2
  265.500  13.66  14.18  117.9  -1.6
  265.625  12.66  13.46  150.1   -.2
  265.750  10.27  13.72  151.5  -1.4
  265.875  11.15  15.40  152.4  -3.6
  266.000  11.44  12.74  153.9  -5.7
  266.125  10.85  12.31  138.5  -6.5
  266.250  10.78  11.67  148.3  -6.4
  266.375  11.12  11.72  142.4  -6.9
  266.500  11.40  12.52  149.7  -6.9
  266.625   9.47  10.53  163.3  -5.4
  266.750   7.28   8.06  178.7  -5.0
  266.875   6.20   7.68  193.8  -5.1
  267.000   5.60   7.68  192.7  -5.0
  267.125   7.08   8.11  185.3  -5.4
  267.250   7.07   7.66  187.4  -5.7
  267.375   7.48   8.40  197.5  -5.7
  267.500   7.03   8.12  200.8  -5.6
  267.625   5.18   7.34  235.8  -7.2
  267.750   5.15   6.40  192.1  -7.5
  267.875   5.49   6.40  146.1  -9.2
  268.000   5.68   6.33  137.9 -10.5
  268.125   6.59   7.72  111.5 -15.8
  268.250   8.23   8.87   95.4 -17.6
  268.375  10.63  11.53   96.9 -16.5
  268.500  13.97  15.49  103.2 -14.6
  268.625  15.20  16.17  112.1 -12.3
  268.750  15.19  15.99  109.9 -10.5
  268.875  14.21  15.57  123.5  -8.4
  269.000  13.97  14.97  130.7  -5.7
  269.125  14.25  15.25  146.8  -3.8
  269.250  13.32  13.57  152.4  -4.2
  269.375  11.54  13.20  157.6  -3.3
  269.500  10.60  11.94  151.8  -3.2
  269.625   9.02   9.50  158.8  -3.3
  269.750   6.94   8.68  175.2  -2.8
  269.875   2.61   5.08  182.6  -6.1
  270.000   2.05   3.48  171.8  -4.9
  270.125   3.78   4.57  205.9  -6.3
  270.250   3.87   4.88  182.6  -7.6
  270.375   3.59   4.02  173.0  -8.0
  270.500   3.76   4.27  204.0  -7.4
  270.625   3.64   4.12  201.4  -7.1
  270.750   3.54   4.33  189.0  -8.0
  270.875   2.99   4.22  171.7  -9.7
  271.000   2.25   3.07  160.9 -10.3
  271.125   3.27   3.70  147.9  -9.9
  271.250   3.74   4.11  138.0 -10.4
  271.375   3.35   4.07  162.0  -9.4
  271.500   2.94   4.43  156.4  -9.5
  271.625   5.37   6.53  129.0 -12.4
  271.750   6.74   7.33  123.8 -12.1
  271.875   5.87   6.76  125.7 -10.4
  272.000   4.55   5.39  169.0  -8.2
  272.125   5.43   6.20  140.0  -9.0
  272.250   5.08   5.98  148.8  -9.4
  272.375   5.56   6.08  137.3  -8.9
  272.500   5.13   5.58  157.6  -7.8
  272.625   4.16   4.76  176.6  -7.5
  272.750   3.18   3.77  239.1  -9.5
  272.875   2.92   3.77  250.7 -10.0
  273.000   2.28   4.04  178.0 -10.6
  273.125   2.01   2.47  159.7 -11.4
  273.250   3.09   4.01   85.1 -21.4
  273.375   6.30   7.40   93.5 -20.5
  273.500   6.42   7.07   97.5 -20.2
  273.625   5.43   6.43  113.1 -16.5
  273.750   4.57   5.09  125.7 -16.1
  273.875   4.60   5.13   99.7 -21.6
  274.000   5.41   5.97   96.0 -21.5
  274.125   6.14   6.65   94.3 -21.5
  274.250   6.35   6.72   94.6 -20.2
  274.375   5.36   5.94   96.6 -19.2
  274.500   5.31   5.77  110.4 -18.1
  274.625   5.84   6.50   98.6 -16.5
  274.750   7.51   8.11   86.8 -18.6
  274.875   8.05   8.45   92.3 -21.9
  275.000   8.02   8.43   93.4 -23.6
  275.125   8.04   8.36   90.1 -23.8
  275.250   6.89   7.35   99.4 -24.5
  275.375   8.11   9.04   87.5 -24.6
  275.500   8.82   9.68  103.6 -21.2
  275.625   7.82   9.57   99.3 -16.5
  275.750   7.40   8.23   97.4 -15.6
  275.875   7.68   8.51  100.4 -14.9
  276.000   8.54   9.41  102.8 -13.8
  276.125  10.25  11.99  125.0 -12.1
  276.250   9.97  11.35  119.1 -10.2
  276.375  10.93  11.51  135.0  -9.4
  276.500  10.76  11.44  134.7  -8.4
  276.625  10.60  11.75  150.1  -5.5
  276.750   9.25  10.28  152.8  -5.3
  276.875   8.06   9.06  143.6  -7.3
  277.000   9.27  10.45  143.9  -8.8
  277.125   8.56   9.41  137.3  -8.7
  277.250   9.23   9.96  130.5  -6.4
  277.375  10.35  11.37  126.2  -5.6
  277.500  11.19  12.10  128.7  -5.8
  277.625  12.32  14.16  138.8  -3.2
  277.750  11.74  13.51  153.6   -.4
  277.875   8.92  10.85  131.6   1.0
  278.000  11.79  13.91  133.7    .8
  278.125  14.52  16.41  134.1   -.6
  278.250  14.77  15.90  149.1    .8
  278.375  14.70  17.38  154.2   -.2
  278.500  15.99  17.85  165.8   -.3
  278.625  13.07  14.43  156.5   -.2
  278.750   9.25  10.38  143.9  -1.5
  278.875  11.12  11.75  154.5  -1.2
  279.000  12.09  13.64  170.4  -1.4
  279.125   8.89   9.79  159.1  -2.5
  279.250   9.86  10.64  153.7  -2.5
  279.375   9.75  11.43  145.8  -1.4
  279.500   9.61  11.01  156.6   -.1
  279.625  11.58  13.65  154.8   1.1
  279.750  11.56  13.38  143.0   1.9
  279.875  13.82  16.06  144.9   3.0
  280.000  17.26  19.63  160.7   2.1
  280.125  15.20  17.67  164.3   1.2
  280.250  13.09  15.28  174.5   -.2
  280.375   7.44  11.56  212.3  -4.5
  280.500   3.57   6.79  249.1  -6.9
  280.625   2.12   3.69  327.6  -7.0
  280.750   2.37   3.62   10.6  -7.6
  280.875   3.73   4.84   33.3  -7.0
  281.000   3.76   5.14   54.3  -6.8
  281.125   2.72   3.60   86.5  -8.3
  281.250   2.52   3.18  136.1  -4.0
  281.375   5.79   9.30  161.6  -1.7
  281.500   8.66   9.66  165.1  -1.9
  281.625   9.21  10.14  167.0  -1.5
  281.750   7.41   8.68  150.7  -1.8
  281.875   6.58   7.20  149.2  -2.6
  282.000   6.81   7.71  127.9  -2.8
  282.125   8.46   9.80  106.5  -6.5
  282.250   9.86  10.96  101.8  -9.2
  282.375   9.39  11.04  112.0  -8.2
  282.500   9.14  10.71  112.4  -6.6
  282.625   9.22  10.69  117.7  -4.6
  282.750   8.39   9.55  112.3  -4.4
  282.875   8.70   9.57  118.1  -3.7
  283.000   8.82  10.06  111.9  -4.9
  283.125   9.67  11.45  117.1  -4.9
  283.250  10.42  12.09  109.7  -7.4
  283.375  10.21  12.34  116.0  -7.4
  283.500  11.74  12.95  111.5  -8.3
  283.625  11.75  13.11  105.3  -8.7
  283.750   9.72  12.03  124.7  -5.9
  283.875   8.27   9.48  115.1  -7.7
  284.000   8.16   9.37   98.1  -9.1
  284.125  10.62  11.61  103.0  -9.8
  284.250  11.08  11.76  102.4  -9.1
  284.375  11.79  12.34  105.8  -9.5
  284.500  11.21  11.93   98.0  -9.5
  284.625  11.13  12.36  107.4  -8.2
  284.750  11.28  12.13  120.7  -6.4
  284.875  10.73  11.58  115.3  -7.8
  285.000  10.52  11.76  117.1  -7.1
  285.125  11.41  12.50  118.3  -7.3
  285.250  12.81  13.47  120.7  -7.7
  285.375  11.80  13.21  118.9  -7.2
  285.500  10.10  11.18  117.8  -6.8
  285.625  10.13  10.89  127.9  -5.8
  285.750  10.05  10.91  130.7  -5.8
  285.875   8.82   9.67  137.1  -7.2
  286.000   9.98  10.73  132.9  -9.5
  286.125   9.07   9.99  121.6 -11.1
  286.250   8.05   9.25  120.6 -11.8
  286.375   7.84   8.49  106.4 -12.9
  286.500   7.78   8.35  109.8 -13.1
  286.625   7.32   8.28  118.4 -11.8
  286.750   7.67   8.39  116.0 -10.7
  286.875   8.15   8.95  124.7 -11.2
  287.000   8.34   8.90   93.4 -13.9
  287.125   8.63   9.20  116.0 -12.5
  287.250   9.98  10.87  113.9 -13.4
  287.375  10.78  11.40  101.5 -12.4
  287.500  10.48  11.36  115.1  -9.6
  287.625   9.30  10.05  125.0  -7.3
  287.750   9.13  10.28  126.2  -5.5
  287.875   9.32  10.12  127.1  -7.0
  288.000  10.78  11.73  122.9  -7.3
  288.125  10.58  11.37  125.6  -5.8
  288.250  11.20  12.50  135.6  -4.4
  288.375  10.52  11.69  167.2  -3.9
  288.500   7.71   8.87  178.2  -4.0
  288.625   7.85   9.56  159.0  -5.1
  288.750   7.28   8.00  149.4  -6.6
  288.875   7.86   9.23  121.6  -8.5
  289.000   8.55  10.35  129.9  -9.8
  289.125   8.83  10.10  130.4 -10.5
  289.250   7.39   8.16  134.4  -9.7
  289.375   7.92   8.51  122.9 -12.3
  289.500   8.53   9.20  123.2 -12.7
  289.625   8.57   9.22  121.7 -12.0
  289.750   7.57   8.32  110.5 -12.2
  289.875   8.23   8.73  126.0 -14.1
  290.000   7.51   8.09  118.5 -13.8
  290.125   7.75   8.86  106.4 -14.4
  290.250   8.52   9.00  102.0 -17.3
  290.375   7.48   8.81  105.2 -14.5
  290.500   5.44   6.72  117.0 -13.2
  290.625   6.13   6.77  129.2 -12.1
  290.750   5.78   6.33  131.0 -13.1
  290.875   7.47   8.57  125.4 -15.9
  291.000   8.95   9.81  119.1 -17.6
  291.125   8.14   9.26  126.6 -16.9
  291.250   7.72   9.05  127.8 -15.2
  291.375   6.66   7.15  131.9 -13.7
  291.500   5.60   5.85  133.8 -12.0
  291.625   4.32   4.88  141.3 -11.8
  291.750   4.12   4.53  147.3 -11.0
  291.875   3.86   4.91  130.2 -12.5
  292.000   6.32   7.19  121.8 -12.1
  292.125   7.48   9.39  126.0 -13.2
  292.250  10.96  12.10  117.9 -17.2
  292.375  12.61  13.95  112.8 -18.1
  292.500  14.26  15.14  107.7 -17.8
  292.625  15.06  15.91  116.3 -15.9
  292.750  16.48  17.50  118.2 -13.0
  292.875  17.76  19.27  135.8  -8.1
  293.000  18.83  19.97  148.8  -7.9
  293.125  16.94  19.13  156.7  -7.2
  293.250  16.44  17.46  159.4  -6.4
  293.375  16.38  17.25  154.6  -7.4
  293.500  16.20  16.83  156.9  -7.4
  293.625  14.35  15.72  160.3  -8.0
  293.750  10.92  12.08  150.1  -9.6
  293.875   8.04   9.12  152.4  -9.3
  294.000   7.17   8.26  136.8 -10.5
  294.125   6.54   7.51  140.4 -12.7
  294.250   6.95   7.44  127.4 -14.2
  294.375   7.59   8.61  129.6 -16.1
  294.500   8.99  10.28  122.3 -17.0
  294.625   8.98  10.05  111.5 -16.8
  294.750   8.02   8.82  122.3 -16.4
  294.875   6.95   7.41  110.9 -18.1
  295.000   6.49   6.91  104.5 -20.5
  295.125   6.13   6.50  103.6 -21.6
  295.250   6.17   6.81  124.9 -20.0
  295.375   5.38   6.03  111.7 -20.9
  295.500   4.90   5.67  113.1 -19.8
  295.625   5.06   5.38  143.2 -17.1
  295.750   3.73   5.07  173.4 -14.9
  295.875   2.84   3.49  154.3 -15.1
  296.000   2.92   3.22  143.7 -15.3
  296.125   3.35   4.23   87.8 -22.9
  296.250   5.22   6.30   70.2 -21.9
  296.375   8.54  11.36  103.5 -19.8
  296.500  12.91  15.27   95.2 -20.6
  296.625  15.11  16.13  109.0 -14.1
  296.750   8.57  13.64  158.7  -8.0
  296.875   5.89   6.94  176.3  -7.5
  297.000   5.16   5.95  170.0  -7.2
  297.125   5.56   5.91  170.3  -5.6
  297.250   5.91   6.45  155.7  -6.1
  297.375   7.51   8.39  141.5  -7.8
  297.500   9.11  10.26  138.0  -9.7
  297.625  10.10  10.55  119.9 -10.6
  297.750   8.45   9.55  126.8  -9.2
  297.875   6.85   7.86  136.1  -8.2
  298.000   6.37   7.29  103.9 -13.0
  298.125   5.55   6.13  100.9 -13.4
  298.250   5.45   6.57  103.4 -12.6
  298.375   5.55   6.18  138.6  -9.0
  298.500   4.80   5.33  134.7 -10.0
  298.625   4.20   4.98  162.9  -9.4
  298.750   3.49   3.96  160.8  -9.7
  298.875   3.23   3.67  164.1 -10.0
  299.000   3.17   3.57  158.4 -10.2
  299.125   2.34   3.09  149.4 -11.4
  299.250   2.10   2.40  134.6 -11.8
  299.375   2.44   3.09  116.9 -13.0
  299.500   3.10   3.42  115.1 -14.5
  299.625   3.10   3.43  127.1 -13.1
  299.750   2.28   3.02  112.1 -13.4
  299.875   3.05   3.70  100.2 -14.6
  300.000   3.33   4.23  115.2 -15.7
  300.125   3.91   4.77  126.9 -15.7
  300.250   5.27   5.65  135.6 -15.4
  300.375   5.43   7.05  108.9 -17.0
  300.500   7.40   9.10  102.3 -20.9
  300.625   6.91   8.73   96.5 -18.4
  300.750   8.55  10.11   90.6 -19.5
  300.875   8.09   9.97   91.8 -16.9
  301.000   4.89   6.25   89.7 -14.1
  301.125   3.73   4.65  145.2  -8.8
  301.250   2.60   3.53  155.2  -9.0
  301.375   2.67   4.79   21.3 -10.9
  301.500   2.16   3.56  278.9 -13.6
  301.625   2.14   3.51  362.4 -16.7
  301.750   2.16   3.16   84.8 -23.3
  301.875   3.29   3.69   65.9 -24.9
  302.000   3.79   4.39   89.2 -25.9
  302.125   3.68   4.07  102.4 -24.9
  302.250   3.62   4.06   92.9 -26.1
  302.375   5.05   6.62  106.5 -20.0
  302.500   6.82   7.42  105.9 -19.7
  302.625  10.06  12.00   93.9 -19.1
  302.750  11.93  12.49  115.7 -14.2
  302.875  10.79  12.25  118.1  -9.9
  303.000   8.45   9.61  125.1  -7.1
  303.125   7.97   8.52  153.6  -4.3
  303.250   8.67  11.73  162.7  -1.9
  303.375  13.77  15.45  180.8  -3.3
  303.500  12.60  13.90  187.8  -4.5
  303.625   7.31  10.90  213.4  -9.3
  303.750   4.91   6.56  158.5  -9.1
  303.875   4.64   5.64  183.9  -5.8
  304.000   5.90   7.09  188.3  -5.4
  304.125   6.94   8.75  199.0  -5.8
  304.250   6.63   8.40  180.3  -6.6
  304.375   6.04   7.41  175.6  -7.3
  304.500   7.05   7.90  185.1  -7.6
  304.625   6.71   7.47  176.6  -7.9
  304.750   6.33   7.11  178.1  -8.3
  304.875   5.43   6.44  172.4  -8.7
  305.000   5.38   6.01  150.0 -10.8
  305.125   6.03   7.18  107.5 -15.1
  305.250   7.56   8.15   85.7 -19.4
  305.375   6.99   8.48   97.6 -21.1
  305.500   5.04   5.56  106.0 -23.0
  305.625   4.81   5.17  100.8 -22.9
  305.750   5.14   5.51   96.0 -24.1
  305.875   5.40   5.99   96.7 -25.0
  306.000   4.72   5.32   97.9 -26.7
  306.125   4.37   4.97  124.2 -23.5
  306.250   3.70   5.28  112.8 -19.9
  306.375   4.54   5.50   96.0 -20.7
  306.500   5.28   5.63   88.9 -20.8
  306.625   4.94   5.56  116.7 -20.9
  306.750   5.33   6.20  110.7 -19.9
  306.875   5.01   5.71  130.2 -16.8
  307.000   5.48   6.00  130.1 -16.4
  307.125   6.39   8.13  119.6 -18.4
  307.250   7.26   8.14  123.3 -19.5
  307.375   7.97   8.57  116.8 -21.0
  307.500   7.52   8.91  114.9 -20.8
  307.625   7.33   8.06   96.0 -21.1
  307.750   6.72   7.74  110.7 -19.3
  307.875   7.25   8.52  127.6 -18.5
  308.000   7.20   8.82  112.9 -18.7
  308.125   5.40   6.10  131.4 -18.2
  308.250   3.75   4.37  146.8 -17.8
  308.375   2.84   3.30  157.3 -17.3
  308.500   1.87   2.18  154.2 -18.5
  308.625   2.01   2.34  140.3 -17.0
  308.750   2.26   2.61  154.5 -17.1
  308.875   2.12   2.62  139.9 -20.0
  309.000   3.20   3.67  137.5 -19.5
  309.125   4.08   4.60  135.9 -19.5
  309.250   4.83   5.15  129.7 -20.1
  309.375   4.50   5.06   99.4 -21.3
  309.500   5.21   5.68  134.1 -21.2
  309.625   4.88   5.56  127.6 -23.4
  309.750   4.24   4.90   97.5 -23.7
  309.875   3.09   4.05  119.4 -21.5
  310.000   3.71   4.58  136.3 -20.4
  310.125   4.49   5.58  127.0 -20.7
  310.250   6.53   7.16  130.0 -21.9
  310.375   7.70   8.07  126.7 -22.0
  310.500   8.26   9.04  121.9 -23.1
  310.625   8.74   9.40  112.9 -23.4
  310.750   9.47  10.02  110.5 -24.6
  310.875   9.97  11.46  110.5 -26.0
  311.000  11.18  12.32  105.8 -28.6
  311.125  11.98  12.68  106.9 -28.5
  311.250  12.28  12.70  103.1 -27.5
  311.375  11.74  12.16  101.6 -27.4
  311.500  10.76  11.45  114.7 -25.5
  311.625  10.42  10.90  106.9 -25.1
  311.750   9.77  10.65  102.5 -24.9
  311.875  10.52  11.67   92.5 -24.8
  312.000  11.24  12.96  100.9 -25.0
  312.125  11.74  13.61  119.8 -20.6
  312.250   8.51   9.90  151.1 -20.0
  312.375   5.39   6.56  148.5 -23.2
  312.500   5.75   6.41  130.6 -24.3
  312.625   5.93   6.52  120.6 -24.5
  312.750   5.29   6.38  101.9 -24.2
  312.875   6.32   6.97   99.5 -25.6
  313.000   5.82   6.20  104.3 -24.0
  313.125   5.30   6.13  100.4 -22.1
  313.250   4.59   5.24   93.4 -22.2
  313.375   3.31   3.82   99.9 -22.0
  313.500   3.17   4.27   90.4 -23.0
  313.625   3.62   4.53  106.5 -22.5
  313.750   3.06   3.41  139.0 -21.8
  313.875   2.09   2.67  125.2 -22.6
  314.000   1.85   2.24  147.9 -22.9
  314.125   1.62   1.87  183.9 -22.4
  314.250   1.82   2.04  208.1 -22.2
  314.375   1.69   2.06  198.6 -21.8
  314.500   1.93   2.25  180.0 -22.0
  314.625   2.32   2.96  157.4 -23.9
  314.750   3.05   4.38  222.4 -19.6
  314.875   4.08   5.13  221.4 -20.2
  315.000   4.86   5.71  205.5 -20.5
  315.125   6.54   7.17  202.5 -20.7
  315.250   5.91   6.41  190.4 -21.1
  315.375   6.17   6.58  186.9 -21.2
  315.500   6.01   6.49  177.9 -22.0
  315.625   5.39   5.99  164.9 -22.4
  315.750   4.56   5.26  191.1 -22.3
  315.875   3.87   4.83  174.0 -21.7
  316.000   4.07   4.59  141.4 -26.1
  316.125   4.93   5.57  117.4 -26.5
  316.250   4.92   5.39   99.4 -28.9
  316.375   6.82   7.40  105.2 -28.6
  316.500   6.80   7.45  109.4 -29.2
  316.625   8.16   8.85  102.8 -29.8
  316.750   7.75   8.77  103.4 -30.0
  316.875   8.19   9.15  102.6 -29.6
  317.000   8.56   9.22  109.6 -30.8
  317.125   8.86   9.20  116.3 -28.1
  317.250   8.72   9.66  104.8 -30.5
  317.375   9.02   9.65  102.2 -31.6
  317.500   9.25   9.77  110.6 -32.3
  317.625   9.74  10.02  105.3 -32.8
  317.750   9.54  10.06   97.4 -32.9
  317.875   9.46  10.48  107.6 -32.7
  318.000  10.85  11.15   97.5 -33.9
  318.125  10.83  11.25  100.5 -34.8
  318.250   9.88  10.55   95.2 -35.6
  318.375   9.19   9.88   68.6 -35.7
  318.500   8.73   9.61   97.5 -33.8
  318.625   6.27   8.18   95.5 -33.3
  318.750   5.34   5.74   98.9 -34.2
  318.875   5.51   5.87  109.2 -32.6
  319.000   7.67   8.92   97.7 -30.2
  319.125   9.76  11.05  105.5 -31.9
  319.250   9.61  10.08  109.9 -30.9
  319.375  10.02  11.16   97.4 -31.6
  319.500  10.15  11.70   97.2 -33.4
  319.625  10.99  11.96  102.5 -33.3
  319.750   8.47  10.04  104.6 -31.8
  319.875   7.62   8.12  111.2 -32.5
  320.000   7.03   7.72  101.6 -33.7
  320.125   6.89   7.61  106.7 -33.8
  320.250   5.97   6.45  102.5 -34.5
  320.375   6.32   7.13  104.6 -33.9
  320.500   5.90   6.83  104.4 -33.7
  320.625   6.06   6.81  100.7 -33.5
  320.750   6.16   6.54   98.7 -34.5
  320.875   5.83   6.30   93.4 -33.6
  321.000   5.70   6.29   92.2 -33.0
  321.125   4.90   5.40   86.2 -33.0
  321.250   4.04   5.23   40.3 -31.2
  321.375   2.53   3.63  355.8 -28.2
  321.500   4.81   8.59    5.3 -24.1
  321.625   4.50   7.09  332.2 -23.7
  321.750   1.00   1.99   60.5 -24.5
  321.875    .59   1.70  142.0 -25.7
  322.000   3.35   4.96  135.9 -24.8
  322.125   5.06   5.85  100.6 -27.3
  322.250   5.35   5.79  100.6 -26.5
  322.375   6.00   7.05   83.7 -29.1
  322.500   4.47   5.75   92.7 -25.3
  322.625   6.62   7.28  127.6 -24.5
  322.750   5.38   6.99  102.2 -26.6
  322.875   6.77   8.27  120.6 -25.5
  323.000   6.32   7.53  113.0 -27.3
  323.125   6.46   7.56  104.8 -28.7
  323.250   6.32   7.08  114.8 -29.1
  323.375   7.00   7.98  123.9 -27.4
  323.500   7.48   8.19  121.6 -27.9
  323.625   6.79   7.84  125.1 -27.2
  323.750   8.07   9.88  124.9 -27.2
  323.875   8.92   9.49  126.6 -26.0
  324.000   9.16  10.77  123.4 -25.6
  324.125   8.52  10.55  124.0 -26.7
  324.250   7.11   8.32  128.5 -28.4
  324.375   6.03   6.88  125.2 -29.5
  324.500   5.22   6.40  135.4 -28.2
  324.625   3.97   5.15  139.2 -25.6
  324.750   4.35   4.89  154.4 -23.2
  324.875   4.40   4.94  147.6 -21.7
  325.000   5.43   6.61  150.3 -23.0
  325.125   7.55   9.39  132.4 -24.1
  325.250  10.15  11.82  111.5 -27.2
  325.375  13.17  15.17  106.6 -25.8
  325.500  14.09  15.25  118.8 -21.2
  325.625  14.49  15.95  136.5 -13.8
  325.750  16.91  18.13  150.7 -10.4
  325.875  16.61  17.79  152.8  -9.6
  326.000  16.28  17.71  154.0  -8.6
  326.125  16.39  17.45  142.4  -9.4
  326.250  16.51  17.08  134.6  -9.0
  326.375  17.86  19.68  128.3  -9.1
  326.500  19.02  20.28  131.7  -8.6
  326.625  16.02  17.59  115.0  -9.0
  326.750  13.39  15.75   94.5  -7.4
  326.875  13.71  17.91  123.6 -10.2
  327.000  15.72  17.45  124.8 -10.0
  327.125  16.08  17.11  133.8 -10.6
  327.250  16.54  17.51  142.4 -10.6
  327.375  13.94  14.82  157.0 -11.3
  327.500  10.89  14.11  127.2 -13.1
  327.625   9.39  10.67  142.8 -13.2
  327.750   8.10   8.98  139.8 -15.6
  327.875   7.64   8.47  134.0 -16.3
  328.000   7.54   7.98  135.0 -17.6
  328.125   6.86   7.64  127.7 -17.0
  328.250   6.58   7.88  133.2 -17.8
  328.375   6.40   7.24  145.9 -18.2
  328.500   6.52   7.71  100.5 -20.5
  328.625   7.81   8.84   98.8 -18.6
  328.750   6.71   8.14  145.8 -17.4
  328.875   9.16  10.02  121.8 -17.6
  329.000   7.22   8.55  108.7 -18.3
  329.125   6.68   8.13   93.6 -17.8
  329.250   6.61  10.78   94.8 -11.2
  329.375  11.40  12.76  101.8 -10.2
  329.500   7.56  10.07   95.3 -10.8
  329.625   7.02  13.14  160.5  -9.0
  329.750   9.70  11.46  121.2 -11.5
  329.875  10.50  11.40  123.8 -14.0
  330.000  12.57  13.62  129.3 -15.3
  330.125  14.84  16.68  124.1 -15.1
  330.250  15.04  16.37  148.5 -15.7
  330.375  12.04  15.62  133.2 -15.8
  330.500   5.71   7.87  119.6 -13.2
  330.625   5.08   6.74  106.7 -10.2
  330.750   5.13   8.21  134.6  -9.1
  330.875   8.73  11.51  115.6  -8.0
  331.000   6.00   7.22  155.2  -5.8
  331.125   8.36  12.20  154.2  -7.1
  331.250  10.61  12.97  181.3 -13.0
  331.375   7.47  10.25  169.3 -13.6
  331.500   3.22   4.06  218.9 -15.9
  331.625   3.78   4.59  207.7 -18.0
  331.750   2.20   2.86  155.5 -18.6
  331.875   1.97   2.35  133.8 -19.9
  332.000   2.31   2.92  144.9 -18.2
  332.125   1.57   1.90  149.7 -16.7
  332.250   1.40   1.90  160.9 -18.1
  332.375   1.43   1.82  144.0 -19.5
  332.500   1.36   1.88  161.7 -20.0
  332.625   1.48   2.61  228.2 -19.1
  332.750   3.58   4.06  211.8 -20.4
  332.875   3.55   4.11  217.8 -21.5
  333.000   2.40   3.15  181.1 -23.2
  333.125   2.15   2.49  179.4 -24.6
  333.250   1.46   1.91  145.7 -28.1
  333.375   2.29   2.78  133.3 -29.9
  333.500   3.18   3.53  126.3 -30.6
  333.625   3.34   3.55  135.4 -29.7
  333.750   3.77   4.17  126.3 -30.8
  333.875   4.13   4.48  112.6 -30.1
  334.000   4.26   4.68  118.7 -30.2
  334.125   4.72   5.39  125.1 -28.9
  334.250   4.68   5.25  103.9 -29.6
  334.375   3.62   4.48   98.1 -30.7
  334.500   2.48   3.02   28.4 -28.8
  334.625   2.75   3.83  367.4 -28.9
  334.750   1.81   3.84  365.1 -27.5
  334.875   1.41   2.45  103.3 -31.0
  335.000   2.48   2.89   96.9 -35.4
  335.125   3.43   4.09   92.4 -36.8
  335.250   3.84   4.46   81.4 -36.7
  335.375   3.95   4.52   88.1 -36.9
  335.500   4.16   4.48   87.5 -38.0
  335.625   3.73   4.26   89.6 -37.9
  335.750   3.92   4.13   90.7 -36.6
  335.875   3.73   4.25   93.8 -36.9
  336.000   3.76   4.14   95.2 -37.0
  336.125   3.57   4.14   99.3 -37.5
  336.250   3.75   4.18   92.8 -36.2
  336.375   3.77   4.03   94.9 -37.8
  336.500   4.11   4.51   94.8 -37.1
  336.625   4.30   4.68   96.7 -36.6
  336.750   4.21   4.64   94.0 -36.9
  336.875   4.10   4.39   93.9 -35.9
  337.000   4.26   4.74   88.3 -35.9
  337.125   5.53   6.40   92.5 -36.7
  337.250   5.72   6.03   91.9 -35.7
  337.375   5.43   5.85   99.3 -34.5
  337.500   5.27   5.85  106.8 -31.3
  337.625   6.50   7.49   98.4 -33.7
  337.750   7.29   7.96   95.7 -35.2
  337.875   6.16   6.96   98.8 -34.8
  338.000   4.99   5.75  114.8 -33.6
  338.125   5.61   6.28  121.1 -32.8
  338.250   6.09   6.76  130.3 -31.1
  338.375   5.88   6.58  102.9 -33.1
  338.500   4.58   5.37  126.1 -31.6
  338.625   4.50   5.56  127.0 -31.7
  338.750   4.84   5.87  101.7 -35.6
  338.875   5.14   6.14   92.1 -34.8
  339.000   5.07   5.50   94.6 -34.9
  339.125   5.55   6.71  124.9 -30.7
  339.250   5.55   5.96  125.5 -29.5
  339.375   5.74   6.73  130.0 -29.1
  339.500   6.52   7.33  132.4 -29.1
  339.625   6.99   7.47  137.8 -29.1
  339.750   7.58   8.29  116.0 -29.5
  339.875   7.81   8.74  127.2 -29.2
  340.000   7.15   8.61  104.0 -30.8
  340.125   6.52   8.71  130.3 -29.1
  340.250   9.06   9.62  118.3 -29.2
  340.375   8.67   9.46  129.7 -28.5
  340.500   8.36   9.00   94.7 -30.6
  340.625   8.20   8.90  115.6 -29.7
  340.750   8.57   9.24  109.3 -29.7
  340.875   8.48   9.13  106.0 -29.8
  341.000   8.50   9.20  115.4 -29.1
  341.125   8.91   9.75  115.6 -28.7
  341.250   9.62  10.35  126.9 -29.1
  341.375   9.35   9.82  120.2 -28.9
  341.500   8.84   9.28  112.7 -30.5
  341.625   8.84   9.15  113.9 -30.3
  341.750   8.26   8.59  104.4 -31.1
  341.875   7.68   8.37  111.4 -30.6
  342.000   6.63   7.07  104.6 -31.4
  342.125   5.64   6.16   99.6 -32.4
  342.250   5.32   5.57  100.8 -34.2
  342.375   4.92   5.46  100.3 -35.4
  342.500   5.18   5.71   94.6 -36.0
  342.625   5.20   5.68   98.5 -35.2
  342.750   5.51   5.97  103.7 -32.2
  342.875   5.45   6.38   95.5 -32.2
  343.000   6.30   7.16   99.3 -32.9
  343.125   6.36   7.19   96.2 -34.2
  343.250   7.60   8.01  103.8 -34.5
  343.375   7.95   8.23   95.2 -38.1
  343.500   7.46   8.11  101.2 -38.4
  343.625   7.69   9.12  101.2 -36.7
  343.750   8.78   9.14  103.0 -36.6
  343.875   8.87   9.50  104.7 -35.7
  344.000   8.44   9.06  103.1 -34.2
  344.125   8.15   8.69  108.9 -34.6
  344.250   8.81   9.65  115.3 -33.0
  344.375   9.46  10.73  120.5 -31.0
  344.500  10.16  10.92  117.2 -29.5
  344.625   8.77   9.50  123.5 -27.3
  344.750   8.75   9.62  126.6 -26.3
  344.875   8.69   9.37  142.8 -24.8
  345.000   8.68   8.99  134.5 -24.0
  345.125   7.65   8.80  119.7 -23.1
  345.250   7.83   9.03  127.0 -23.6
  345.375   9.13   9.61  126.6 -23.7
  345.500   9.67  10.55  121.3 -24.3
  345.625  10.12  10.51  121.0 -23.0
  345.750  10.77  11.59  119.2 -23.1
  345.875  11.00  12.15  117.6 -22.0
  346.000  10.99  11.56  131.8 -19.7
  346.125  11.44  12.39  138.6 -18.2
  346.250  11.82  12.79  145.8 -14.7
  346.375  11.31  12.06  149.4 -13.1
  346.500   9.90  10.43  162.6 -12.5
  346.625   8.29   9.34  173.5 -11.9
  346.750   8.39   9.72  179.5 -12.7
  346.875   2.96   7.06  195.0 -15.6
  347.000   6.56   8.55  170.8 -16.6
  347.125   6.42   8.01  181.8 -17.6
  347.250   4.15   4.87  135.7 -21.9
  347.375   4.75   5.44  122.7 -20.2
  347.500   5.24   6.11  120.7 -19.5
  347.625   4.56   5.56  126.4 -19.3
  347.750   2.74   3.38  154.8 -19.7
  347.875   1.65   2.30  201.8 -21.5
  348.000   1.87   2.48  115.0 -21.9
  348.125   2.61   3.58  187.4 -21.2
  348.250   4.17   5.45  195.8 -23.2
  348.375   3.73   4.99  162.5 -23.9
  348.500   3.77   4.22  140.8 -28.0
  348.625   3.75   4.23  104.0 -28.9
  348.750   4.31   5.05  110.2 -31.1
  348.875   4.75   5.27  108.4 -27.2
  349.000   5.76   6.15  101.8 -29.1
  349.125   7.31   8.53  101.7 -33.1
  349.250   7.84   8.85   99.9 -34.7
  349.375   9.01   9.53   97.6 -34.8
  349.500   6.80   7.47   87.7 -36.0
  349.625   7.60   8.18   93.6 -36.5
  349.750   7.03   8.14   87.7 -35.8
  349.875   6.86   7.66  100.9 -36.5
  350.000   7.09   7.82   86.5 -36.2
  350.125   7.33   7.97   95.7 -35.7
  350.250   7.06   7.46  103.2 -35.9
  350.375   6.48   7.06   96.0 -34.9
  350.500   6.64   7.05   94.5 -32.4
  350.625   7.37   7.66   98.7 -30.4
  350.750   7.24   7.56  101.6 -31.8
  350.875   7.19   7.71  101.6 -31.1
  351.000   8.39   8.92  106.5 -31.2
  351.125   8.28   8.61  106.8 -31.3
  351.250   8.14   8.33  103.2 -31.2
  351.375   8.23   8.46  104.6 -30.8
  351.500   8.86   9.38  104.4 -29.8
  351.625   8.97   9.57   93.6 -29.4
  351.750   9.15   9.55  104.3 -28.5
  351.875   8.45   9.06  104.3 -28.8
  352.000   7.34   8.22  102.2 -27.8
  352.125   7.56   8.04   97.5 -27.1
  352.250   7.31   7.53   99.5 -27.2
  352.375   7.35   7.82  108.1 -25.3
  352.500   7.44   8.09  122.2 -25.0
  352.625   6.76   7.80  127.9 -25.0
  352.750   6.63   7.98  111.4 -24.2
  352.875   6.87   7.87  128.2 -23.7
  353.000   6.89   7.95  139.6 -23.5
  353.125   6.13   6.54  135.3 -22.5
  353.250   5.23   5.71  134.4 -22.8
  353.375   5.35   6.03  124.5 -23.7
  353.500   6.45   7.36  123.0 -26.3
  353.625   8.02   9.01  121.6 -26.1
  353.750   9.79  10.50  116.7 -25.9
  353.875   9.97  10.83  129.7 -23.8
  354.000  10.55  11.29  133.0 -21.1
  354.125  10.38  12.00  142.5 -18.0
  354.250  10.31  11.77  242.7 -20.2
  354.375   4.47   7.06  162.0 -23.4
  354.500   6.68   9.04  155.3 -22.5
  354.625   9.46   9.91  153.2 -22.6
  354.750   9.49  10.74  193.1 -21.9
  354.875   4.62   6.17  154.4 -24.2
  355.000   3.87   5.24  149.3 -26.5
  355.125   5.09   6.63  155.0 -23.9
  355.250   6.42   7.05  158.0 -23.6
  355.375   6.16   6.64  158.0 -23.8
  355.500   5.98   7.05  170.1 -24.9
  355.625   3.49   4.67  197.9 -28.6
  355.750   2.52   3.30  181.9 -32.9
  355.875   3.36   4.64  161.7 -30.7
  356.000   5.23   6.20  180.9 -30.4
  356.125   4.97   5.77  159.3 -30.3
  356.250   4.52   5.26  124.4 -32.2
  356.375   5.07   5.43   97.4 -36.2
  356.500   6.14   6.98   98.5 -38.3
  356.625   7.63   8.62  100.2 -38.2
  356.750   9.61  10.24  100.3 -37.9
  356.875  11.11  11.68  101.2 -37.4
  357.000  10.27  11.12  113.9 -35.5
  357.125   9.58  10.45  116.8 -33.3
  357.250  10.61  11.23   99.0 -32.3
  357.375  12.33  13.41  101.9 -31.6
  357.500  13.46  14.52  109.7 -27.4
  357.625  14.09  14.90  118.5 -20.4
  357.750  12.35  13.70  140.5 -15.3
  357.875  12.09  13.63  158.2 -12.7
  358.000  14.15  15.25  145.5 -13.1
  358.125  13.62  14.25  147.3 -12.9
  358.250  13.82  14.56  152.1 -13.6
  358.375  14.12  14.61  142.5 -13.5
  358.500  12.99  14.03  145.2 -13.0
  358.625  13.04  13.60  150.7 -13.8
  358.750  12.47  13.01  149.4 -14.7
  358.875  11.12  12.18  137.0 -15.5
  359.000   9.62  10.19  137.1 -14.7
  359.125  10.38  11.14  137.4 -16.6
  359.250  10.93  12.62  123.5 -17.8
  359.375  11.30  12.13  131.9 -17.3
  359.500   8.97  12.38  138.9 -14.3
  359.625  11.55  13.06  129.2 -14.5
  359.750  13.27  14.43  140.9 -14.8
  359.875  12.01  14.06  135.9 -13.3
  360.000  10.89  12.13  140.9 -10.8
  360.125  10.74  11.79  133.2 -10.4
  360.250  12.14  13.12  127.5 -10.5
  360.375   9.68  11.64  137.7 -10.7
  360.500   6.03   8.95  147.0 -13.5
  360.625    .85   3.29  249.8 -16.0
  360.750    .78   1.68  289.0 -16.6
  360.875    .99   1.57  292.1 -17.5
  361.000    .35    .50  325.2 -19.3
  361.125    .69   1.03  307.4 -20.6
  361.250    .42    .74  295.1 -21.1
  361.375    .44    .78  320.3 -21.0
  361.500   1.06   2.27  359.7 -20.6
  361.625   1.58   2.85  356.2 -20.9
  361.750   1.34   2.64    5.5 -21.2
  361.875    .98   1.46   18.2 -22.6
  362.000    .42   1.09  125.8 -16.3
  362.125   6.56   9.82  126.6 -13.2
  362.250  10.23  10.96  130.8 -12.7
  362.375   9.94  11.80  120.0 -12.9
  362.500  11.73  12.40  114.2 -14.8
  362.625   9.57  11.65  119.1 -17.2
  362.750   9.61  10.38  113.4 -18.2
  362.875   7.39   9.58  101.5 -20.0
  363.000   3.68   6.93  170.3 -21.3
  363.125   1.11   2.06    5.1 -24.5
  363.250   1.84   3.94  129.4 -19.4
  363.375   3.52   7.55  130.0 -11.8
  363.500   9.58  11.08  122.9 -12.6
  363.625  10.20  11.57  119.6 -12.4
  363.750  10.18  11.43  113.6 -14.8
  363.875  10.54  11.80  114.5 -13.0
  364.000   6.42  10.16  141.3 -16.5
  364.125   2.27   5.33  276.5 -27.4
  364.250   2.17   3.91  119.2 -16.3
  364.375   2.05   5.24  134.8 -12.7
  364.500  10.43  14.92  111.2  -9.6
  364.625  13.91  14.98  124.5  -8.6
  364.750  12.94  14.17  121.5 -10.1
  364.875  10.22  12.38  115.8 -10.2
  365.000  12.09  12.78  117.9 -10.2
  365.125  11.71  12.72  122.0  -9.6
  365.250   9.14  12.81  132.0  -9.8
  365.375   9.63  10.46  127.5 -11.1
  365.500   9.87  10.51  124.1 -12.0
  365.625   9.83  10.99  129.9 -12.9
  365.750  10.29  10.96  126.5 -15.2
  365.875  10.91  11.56  123.5 -15.5
    1.000  10.28  11.15  139.2 -15.6
    1.125   8.97   9.88  138.8 -16.4
    1.250   9.57  10.60  119.4 -17.2
    1.375   9.50  10.28  122.3 -16.4
    1.500  11.22  12.34  122.1 -17.2
    1.625  11.58  12.77  115.2 -17.2
    1.750  10.37  11.35  112.1 -16.4
    1.875  11.77  12.81  114.6 -16.4
    2.000  12.81  13.45  122.6 -17.0
    2.125  12.73  13.53  114.0 -19.6
    2.250  13.58  14.59   99.7 -20.3
    2.375  14.46  15.81  106.9 -22.4
    2.500  15.01  15.74  111.6 -23.1
    2.625  14.43  14.99  110.1 -21.7
    2.750  12.92  14.15  124.0 -21.5
    2.875  12.49  13.34  104.5 -22.3
    3.000  12.14  12.95  110.2 -23.9
    3.125  12.01  12.86  106.8 -24.0
    3.250  11.41  12.11  101.6 -24.7
    3.375  10.82  11.40  102.2 -24.0
    3.500   9.08  10.35  110.7 -21.8
    3.625   9.00   9.47  102.0 -23.2
    3.750  10.03  11.50  110.4 -23.6
    3.875  11.60  12.22  128.8 -22.1
    4.000  11.82  12.61  127.5 -19.6
    4.125  13.45  15.01  117.1 -20.5
    4.250  15.66  16.78  130.6 -19.1
    4.375  15.47  16.17  127.0 -19.2
    4.500  15.73  17.49  127.6 -19.8
    4.625  16.18  16.85  131.1 -20.0
    4.750  17.03  18.21  131.4 -20.2
    4.875  12.84  16.07  133.6 -19.7
    5.000  11.09  11.72  133.6 -19.7
    5.125  10.31  11.17  135.1 -20.8
    5.250   9.45   9.96  127.6 -20.9
    5.375   7.93   9.11  122.5 -23.1
    5.500   8.22   8.70  124.9 -24.3
    5.625   7.42   8.44  109.5 -26.0
    5.750   7.48   8.56  101.5 -27.0
    5.875   8.05   8.96  105.8 -26.9
    6.000   8.67   9.34  105.2 -26.6
    6.125   9.52  10.26  106.7 -26.2
    6.250  10.57  11.12  109.4 -26.2
    6.375  12.24  13.06  105.2 -27.1
    6.500  12.69  13.10  100.4 -26.0
    6.625  11.59  12.11   99.4 -25.1
    6.750  12.48  13.42   94.1 -25.0
    6.875  13.16  13.51  100.9 -25.6
    7.000  13.24  14.68  113.2 -26.1
    7.125  14.03  15.57  121.6 -23.6
    7.250  11.75  13.13  133.5 -22.5
    7.375  11.27  11.79  130.3 -22.2
    7.500  12.91  13.97  131.4 -21.8
    7.625  13.44  14.04  141.3 -20.8
    7.750  12.73  13.85  144.6 -20.3
    7.875  11.74  13.04  151.5 -20.9
    8.000  12.33  13.57  134.4 -21.2
    8.125  11.46  12.82  129.7 -22.7
    8.250   8.62  11.16  138.7 -24.6
    8.375   5.34   6.21  136.5 -26.4
    8.500   3.51   4.01  137.7 -30.6
    8.625   4.10   4.86  126.3 -29.3
    8.750   4.64   5.73  111.2 -31.4
    8.875   4.89   5.76  113.5 -30.6
    9.000   3.82   5.52  103.2 -30.8
    9.125   6.02   8.21  122.5 -30.6
    9.250   8.15   8.70  119.3 -30.4
    9.375   7.65   8.16  112.9 -30.6
    9.500   8.67   9.27  111.1 -30.3
    9.625   9.26  10.25  107.4 -31.2
    9.750  10.68  11.07  103.4 -30.2
    9.875  11.13  11.61  107.7 -29.7
   10.000  12.12  12.83  104.9 -28.9
   10.125  11.70  12.41  103.0 -27.9
   10.250  11.65  12.20  100.4 -27.3
   10.375  10.62  11.52  121.8 -24.6
   10.500  10.69  11.29  112.3 -24.2
   10.625  11.93  12.97  127.5 -22.2
   10.750  10.12  11.24  119.8 -21.5
   10.875   9.55  11.07  129.7 -20.8
   11.000  10.80  11.84  102.6 -24.3
   11.125  13.01  13.61  105.9 -23.8
   11.250  13.13  14.16   98.5 -23.5
   11.375  12.42  13.58  108.7 -22.6
   11.500  11.63  12.20  120.0 -21.5
   11.625  10.82  11.76  123.9 -20.6
   11.750   9.87  10.83  125.2 -20.6
   11.875   8.27   9.73  122.1 -20.9
   12.000   8.20   8.80  126.1 -18.2
   12.125   8.12   8.70  128.5 -15.2
   12.250   8.06   8.71   92.1 -17.3
   12.375   8.50  10.50  126.0 -15.8
   12.500   8.83  10.04  119.7 -15.0
   12.625   8.61   9.20  137.3 -13.2
   12.750   7.56   8.35  144.6 -13.3
   12.875   7.14   7.81  145.2 -12.9
   13.000   7.16   8.36  140.7 -15.6
   13.125   7.20   8.03  148.9 -18.5
   13.250   6.36   7.80  137.5 -20.8
   13.375   7.12   7.92  142.0 -21.9
   13.500   6.66   7.42  127.5 -23.0
   13.625   7.13   7.67  147.0 -22.1
   13.750   6.35   6.63  135.1 -21.9
   13.875   4.76   7.05  160.2 -23.1
   14.000   3.00   3.51  152.4 -21.9
   14.125   3.02   3.58  161.7 -21.0
   14.250   3.76   4.62  166.2 -20.2
   14.375   2.11   2.56  135.3 -19.6
   14.500   2.13   2.81  132.9 -19.6
   14.625   4.20   5.63  144.5 -21.1
   14.750   6.89   8.63  122.1 -24.6
   14.875  11.16  13.18  122.8 -24.8
   15.000  12.74  13.28  125.5 -21.8
   15.125  11.85  13.03  135.1 -17.1
   15.250   8.69  10.64  145.6 -14.1
   15.375   9.54  11.64  153.7 -13.3
   15.500  11.69  12.50  170.1 -12.8
   15.625  10.48  12.50  168.0 -13.0
   15.750  10.33  11.39  160.2 -12.9
   15.875   9.12   9.84  153.1 -11.5
   16.000   9.94  11.39  144.6 -11.7
   16.125  12.58  14.34  139.7 -12.0
   16.250  15.68  17.15  143.7 -11.5
   16.375  17.48  18.55  152.2 -12.1
   16.500  17.94  19.08  147.3 -12.0
   16.625  16.46  18.43  143.7 -11.2
   16.750  14.95  16.37  148.3 -11.3
   16.875  16.57  17.89  153.4 -11.0
   17.000  13.62  16.24  165.1 -10.5
   17.125   9.41  10.93  166.6 -11.0
   17.250   7.16   7.72  171.0 -11.2
   17.375   8.65  10.29  138.2 -15.1
   17.500  11.10  12.24  133.7 -16.6
   17.625  13.49  14.63  124.8 -14.3
   17.750  12.29  13.49  112.1 -13.3
   17.875  10.58  13.61   99.9 -13.4
   18.000  12.05  13.10   92.3 -12.9
   18.125  14.57  17.21  120.8 -11.2
   18.250  13.24  16.36  172.0 -11.8
   18.375   7.29   8.53  137.3 -13.2
   18.500   3.62   6.81  180.7 -13.7
   18.625   4.49   6.04  214.9 -19.7
   18.750   5.54   7.38  183.5 -22.0
   18.875   7.58   9.24  179.9 -22.8
   19.000   6.19   7.75  188.3 -23.2
   19.125   4.50   5.85  128.1 -23.6
   19.250   4.63   5.53  124.2 -24.0
   19.375   3.97   5.07  101.5 -26.4
   19.500   2.95   3.55   89.2 -25.6
   19.625   2.16   4.74   95.6 -30.0
   19.750   8.16  10.54  109.6 -30.1
   19.875  10.47  13.53  146.1 -25.4
   20.000   6.59   8.37  177.2 -24.4
   20.125   4.13   5.64  192.4 -29.3
   20.250   3.63   4.07  144.8 -27.7
   20.375   4.14   4.68  136.8 -28.0
   20.500   4.39   5.25  115.0 -29.6
   20.625   3.90   4.17  103.4 -33.5
   20.750   4.65   5.15  119.6 -30.4
   20.875   3.93   4.60  125.4 -29.5
   21.000   3.23   3.60  140.4 -28.9
   21.125   3.14   3.40  146.1 -29.5
   21.250   3.17   3.85  136.2 -31.0
   21.375   4.59   5.41  101.3 -33.5
   21.500   5.38   5.90  114.4 -35.1
   21.625   5.86   7.01  112.7 -36.7
   21.750   6.12   6.92  109.5 -37.6
   21.875   6.66   7.18   94.5 -38.6
   22.000   6.13   6.57   92.8 -37.7
   22.125   5.21   5.81  102.7 -36.9
   22.250   4.85   5.22   99.4 -36.9
   22.375   4.87   5.41  107.6 -33.9
   22.500   5.69   6.68  109.4 -33.9
   22.625   6.17   7.08  122.6 -32.5
   22.750   6.78   7.10  113.9 -33.5
   22.875   6.78   7.26  117.5 -34.8
   23.000   7.27   7.56  104.7 -35.0
   23.125   6.66   7.63  127.3 -30.5
   23.250   6.25   6.84  121.3 -29.5
   23.375   6.55   6.98  124.1 -30.9
   23.500   6.58   7.16  127.0 -31.7
   23.625   6.99   8.88  136.6 -30.6
   23.750   9.34  10.44  120.8 -33.6
   23.875   9.51  10.78  119.6 -33.8
   24.000   9.88  11.19  124.6 -33.8
   24.125   9.30   9.83  123.8 -34.3
   24.250   9.86  10.72  122.9 -34.0
   24.375   9.95  10.51  119.8 -33.7
   24.500   9.45  10.20  114.5 -34.1
   24.625   9.57  10.12  109.1 -34.5
   24.750   9.65  10.87  112.5 -33.5
   24.875   7.90   8.90  100.2 -34.7
   25.000   8.26   9.06  104.3 -33.3
   25.125   7.43   8.57  102.0 -34.2
   25.250   6.93   7.80   96.7 -34.8
   25.375   6.84   7.26   95.1 -34.6
   25.500   6.49   7.47  119.3 -33.3
   25.625   7.48   8.44  121.0 -32.0
   25.750   7.74   8.44  122.9 -34.2
   25.875   7.79   8.61  122.3 -33.4
   26.000   7.39   9.13   99.0 -35.5
   26.125   6.47   8.39  131.7 -35.6
   26.250   7.87   8.31  107.0 -35.3
   26.375   6.52   7.32  101.4 -34.0
   26.500   6.60   7.66  117.1 -32.8
   26.625   7.21   7.95  125.0 -34.0
   26.750   7.17   7.50  128.8 -33.7
   26.875   7.24   7.69  125.5 -33.5
   27.000   7.07   7.43  128.5 -33.3
   27.125   6.49   7.01  112.4 -33.8
   27.250   6.68   7.09  125.0 -32.2
   27.375   7.00   7.90  130.6 -32.8
   27.500   6.90   7.63  129.7 -32.2
   27.625   7.70   8.04  133.5 -31.2
   27.750   7.74   8.68  125.2 -32.7
   27.875   8.08   8.72  121.4 -32.9
   28.000   8.71   9.17  122.6 -33.6
   28.125   9.40  10.46  122.6 -35.5
   28.250  10.28  12.03  115.1 -36.7
   28.375  11.33  11.92  120.4 -37.0
   28.500  11.84  12.28  112.1 -37.7
   28.625  11.70  12.64  118.2 -37.2
   28.750  11.10  11.79  119.8 -36.4
   28.875  10.95  11.56  117.5 -36.8
   29.000  11.25  11.90  111.6 -36.1
   29.125  10.92  11.74  114.5 -34.9
   29.250  10.72  11.47  120.5 -34.3
   29.375  11.53  12.38  113.0 -34.0
   29.500  11.88  12.30  123.5 -32.7
   29.625  11.66  12.34  110.9 -31.4
   29.750  11.70  12.99  118.1 -30.9
   29.875  12.49  13.47  120.7 -29.4
   30.000  11.74  12.57  129.7 -27.7
   30.125  10.67  11.94  126.6 -25.7
   30.250   9.89  10.59  144.9 -21.3
   30.375  10.39  11.15  159.5 -20.2
   30.500  11.06  11.80  159.3 -19.1
   30.625   9.96  10.58  148.1 -17.5
   30.750  10.21  10.79  155.4 -16.3
   30.875  10.25  10.77  172.2 -15.1
   31.000  10.03  10.56  155.2 -14.6
   31.125   9.84  10.75  148.3 -14.5
   31.250   9.18  10.61  127.1 -15.0
   31.375   8.71   9.51  124.1 -14.9
   31.500   8.64   9.72  132.3 -15.5
   31.625   4.98   7.87  118.8 -18.3
   31.750   2.61   5.14  127.9 -19.6
   31.875   4.45   5.89  143.4 -23.3
   32.000   3.67   5.50  158.0 -29.1
   32.125   5.41   6.35  139.6 -28.9
   32.250   5.56   6.27  127.8 -30.1
   32.375   4.91   6.90  105.8 -33.7
   32.500   3.04   3.85   84.6 -29.7
   32.625   1.56   2.96  304.9 -28.6
   32.750   2.25   3.54  149.6 -33.7
   32.875   2.82   3.33  134.8 -33.1
   33.000   3.12   3.99  145.1 -33.8
   33.125   2.92   3.52  145.8 -32.3
   33.250   3.61   4.61  138.7 -33.7
   33.375   4.39   5.23  151.5 -32.1
   33.500   4.75   5.24  145.2 -33.0
   33.625   5.44   6.15  154.8 -30.9
   33.750   6.22   6.95  128.7 -31.6
   33.875   4.50   5.69  111.8 -35.4
   34.000   5.02   6.04  102.7 -37.0
   34.125   3.56   4.89  106.8 -36.1
   34.250   3.15   3.99  118.7 -35.4
   34.375   3.38   4.44  113.4 -35.8
   34.500   4.68   5.94  137.1 -34.1
   34.625   5.49   6.33  129.7 -33.9
   34.750   4.88   5.98  125.6 -32.9
   34.875   4.58   6.00  159.9 -29.0
   35.000   5.26   5.87  162.3 -28.8
   35.125   4.96   6.45  148.2 -30.7
   35.250   5.26   6.87  141.7 -30.2
   35.375   4.66   5.63  129.4 -31.5
   35.500   5.64   7.21  135.3 -27.1
   35.625   7.51   8.79  136.0 -25.0
   35.750   8.56   9.19  131.2 -24.8
   35.875   8.49   9.06  120.9 -24.3
   36.000   9.88  11.18  103.4 -24.6
   36.125  11.51  12.68   98.0 -26.6
   36.250  10.01  12.76  114.7 -15.9
   36.375  13.15  16.33  119.2 -15.6
   36.500  13.21  14.65  117.6 -14.7
   36.625  13.75  14.31   99.5 -12.7
   36.750  12.79  14.06  102.0 -13.7
   36.875  12.58  13.77  111.6 -14.4
   37.000  12.18  13.12  118.4 -16.4
   37.125  11.53  13.19  121.5 -16.3
   37.250  12.01  12.35  106.8 -15.8
   37.375  12.45  13.20  126.2 -14.8
   37.500  13.47  14.60  117.9 -15.0
   37.625  13.50  14.88  114.6 -16.8
   37.750  12.42  14.27  123.8 -16.3
   37.875  11.91  12.89  120.2 -16.3
   38.000  10.62  11.62  117.8 -16.6
   38.125  11.83  12.49  113.9 -17.6
   38.250  12.51  12.94  109.5 -17.3
   38.375  11.83  12.74  117.5 -17.0
   38.500  12.22  12.84  112.6 -17.3
   38.625  11.65  13.04  116.4 -17.0
   38.750  12.00  13.68  100.2 -17.5
   38.875  11.79  13.08  102.8 -15.6
   39.000  12.36  13.83  124.4 -13.8
   39.125  14.09  14.92  113.4 -13.8
   39.250  13.21  14.35  121.4 -13.2
   39.375  14.60  15.32  121.8 -12.8
   39.500  14.88  16.35  118.1 -13.5
   39.625  15.28  16.18  111.0 -13.9
   39.750  14.61  15.19  111.0 -13.3
   39.875  14.34  15.11  107.3 -13.8
   40.000  12.77  13.27  113.1 -13.2
   40.125  13.02  13.53  110.6 -13.5
   40.250  13.54  14.16  113.1 -12.8
   40.375  14.24  16.04  111.5 -13.0
   40.500  14.27  15.86  106.4 -14.7
   40.625  15.71  17.07  108.0 -11.9
   40.750  15.10  17.68  126.0 -14.8
   40.875  11.26  12.31  125.9 -17.2
   41.000  10.39  10.97  135.4 -19.4
   41.125  11.75  12.86  113.5 -20.4
   41.250   7.35  11.20  112.5 -19.3
   41.375   2.10   3.99  207.0 -18.2
   41.500   2.22   3.24  322.9 -19.9
   41.625   3.86   5.02  263.3 -22.4
   41.750   5.76   7.13  212.6 -23.5
   41.875   7.14   7.90  164.1 -22.5
   42.000   8.79  10.09  149.1 -22.6
   42.125  10.67  11.41  135.0 -24.2
   42.250   9.37  10.60  107.3 -28.5
   42.375   8.64  10.40   78.8 -29.1
   42.500   7.92   9.26   49.8 -22.5
   42.625   5.70   7.70    5.6 -21.8
   42.750   2.10   4.92  365.3 -22.7
   42.875   3.95   7.70  147.2 -28.5
   43.000   6.02   7.56  145.4 -29.2
   43.125   6.84   8.14  137.5 -30.0
   43.250   7.49   8.24  141.4 -30.2
   43.375   6.07   7.15  146.9 -28.1
   43.500   4.56   5.20  146.1 -28.1
   43.625   5.57   6.35  125.4 -29.0
   43.750   5.96   6.40  125.1 -29.8
   43.875   6.61   7.26  119.6 -31.0
   44.000   7.09   7.79  125.5 -29.8
   44.125   7.82   8.45  123.5 -29.6
   44.250   8.76   9.40  132.7 -30.1
   44.375   8.61   9.25  110.5 -31.6
   44.500   8.86   9.56  114.7 -32.8
   44.625   7.35   8.04  111.1 -32.7
   44.750   8.95   9.73  125.5 -32.6
   44.875   9.37   9.93  125.6 -33.7
   45.000   8.90   9.80  116.8 -34.9
   45.125   9.65  10.12  127.7 -34.7
   45.250   9.69  10.01  130.8 -34.8
   45.375   8.83   9.59  107.9 -35.6
   45.500   8.17   9.68  111.0 -35.5
   45.625   8.85   9.93  125.6 -33.8
   45.750   9.95  10.17  123.2 -33.3
   45.875   9.82  10.51  132.3 -33.3
   46.000  10.44  11.24  128.4 -31.7
   46.125   9.79  11.02  135.0 -28.4
   46.250   9.17  10.04  132.1 -27.8
   46.375   7.70   8.74  138.9 -26.6
   46.500   6.65   7.16  137.2 -25.8
   46.625   7.38   7.77  128.5 -27.0
   46.750   7.52   8.28  132.1 -28.3
   46.875   7.13   7.84  119.3 -30.2
   47.000   7.56   8.62  112.0 -32.6
   47.125   8.09   8.49  109.5 -32.8
   47.250   8.26   9.16  106.5 -32.6
   47.375   8.14   8.86  103.5 -32.1
   47.500   8.14   8.75   99.2 -31.7
   47.625   8.92   9.52  114.8 -29.0
   47.750   9.61  10.12  102.1 -28.7
   47.875  10.55  11.40  100.6 -29.1
   48.000  10.94  11.59  104.6 -28.2
   48.125  11.81  12.17  113.8 -27.4
   48.250  11.70  12.66  104.6 -25.6
   48.375  11.75  12.74  112.9 -24.6
   48.500  13.13  13.54  120.1 -23.9
   48.625  12.28  13.50  117.9 -21.1
   48.750  11.05  11.96  126.1 -21.9
   48.875  11.88  12.84  117.1 -23.3
   49.000  13.79  14.67  107.7 -26.0
   49.125  12.85  14.48  125.8 -24.0
   49.250  12.72  14.09  121.9 -21.8
   49.375  11.67  12.78  124.3 -18.3
   49.500  10.89  12.71  110.7 -17.7
   49.625  11.48  12.78  120.2 -14.1
   49.750  11.78  13.06  125.3 -13.9
   49.875  10.50  11.64  132.0 -14.1
   50.000  12.21  13.85  126.5 -14.2
   50.125  12.60  14.07  146.4 -13.8
   50.250   9.57  11.01  135.5 -13.1
   50.375  11.27  11.98  130.8 -13.1
   50.500  11.65  12.71  127.1 -14.3
   50.625  11.73  12.77  111.3 -11.9
   50.750  11.30  12.98   98.9 -11.9
   50.875  11.46  12.21  116.1 -11.3
   51.000  10.83  12.42  127.7 -10.0
   51.125   7.17  10.04  130.8 -10.6
   51.250   6.85  10.02  126.2  -9.8
   51.375  11.59  13.17  112.4 -11.3
   51.500  13.00  14.34  130.5 -10.2
   51.625  13.14  14.56  138.2 -10.3
   51.750  12.87  15.54  148.6 -10.2
   51.875   9.28  10.76  145.3 -11.3
   52.000   8.38   9.06  155.4 -12.4
   52.125   6.93   7.91  142.7 -14.6
   52.250   6.22   7.06  145.2 -15.2
   52.375   6.04   7.17  146.7 -16.0
   52.500   6.93   7.64  134.1 -15.1
   52.625   6.74   7.36  141.8 -13.3
   52.750   7.06   7.63  143.3 -10.6
   52.875   7.93   8.90  141.8 -11.8
   53.000   9.52  10.80  127.8 -15.4
   53.125   8.78   9.83  135.5 -13.3
   53.250   9.24   9.38  131.1 -14.3
   53.375   8.90   9.32  135.2 -13.1
   53.500   7.70   9.11  152.7  -9.9
   53.625   8.19   9.66  140.7  -9.5
   53.750   9.92  11.03  129.9 -12.4
   53.875   8.68  10.36  135.6 -12.5
   54.000   7.74   8.47  147.7 -10.1
   54.125   9.13  10.44  140.1  -9.9
   54.250   9.18  10.30  134.6  -8.7
   54.375   9.48  10.35  138.0  -9.6
   54.500  10.18  12.18  139.2  -9.2
   54.625  10.63  12.05  126.3  -9.2
   54.750  11.46  13.47  102.1 -13.6
   54.875  12.25  13.26  116.6 -14.7
   55.000  11.85  12.61  118.5 -15.0
   55.125  12.83  13.50  133.5 -13.9
   55.250  14.29  14.97  130.7 -14.5
   55.375  13.62  15.34  134.3 -13.9
   55.500  12.66  13.87  141.5 -13.6
   55.625  11.00  12.52  143.1 -12.7
   55.750   9.17  10.13  133.4 -12.1
   55.875   9.26  10.29  132.2 -13.8
   56.000  10.83  11.88  126.2 -14.7
   56.125  11.10  11.71  124.8 -14.9
   56.250  10.28  11.76  132.0 -14.3
   56.375   9.23   9.88  130.8 -13.9
   56.500  10.27  11.36  141.0 -14.7
   56.625   9.59  10.92  137.9 -14.2
   56.750   8.95   9.46  132.8 -14.3
   56.875   7.69   9.37  103.2 -16.7
   57.000   8.94   9.62  104.6 -17.7
   57.125   9.26  10.72  108.6 -17.7
   57.250   9.09  10.32  115.5 -16.7
   57.375   9.90  10.49  118.8 -16.4
   57.500   8.79   9.91   96.9 -17.0
   57.625   8.91  10.24  113.4 -15.7
   57.750   9.73  10.20  108.5 -15.0
   57.875   9.35   9.86  109.2 -16.2
   58.000   9.61  11.27  123.3 -15.9
   58.125   9.99  12.19  131.9 -15.2
   58.250  11.52  12.42  131.7 -16.2
   58.375  10.96  11.67  126.3 -16.8
   58.500  10.22  10.99  135.5 -15.7
   58.625   9.06  10.34  141.0 -13.9
   58.750  10.06  10.97  137.7 -13.8
   58.875   9.15   9.89  140.7 -13.6
   59.000   8.79  10.96  144.9 -13.6
   59.125  11.59  13.51  150.1 -12.9
   59.250  13.41  14.78  140.9 -14.4
   59.375  13.86  16.40  154.3 -13.6
   59.500  11.28  13.36  150.7 -12.0
   59.625  11.41  13.29  163.3 -11.3
   59.750  10.78  12.25  140.9 -10.3
   59.875  10.41  11.09  141.5 -11.5
   60.000  10.40  11.54  152.5 -11.5
   60.125   9.66  11.80  145.2 -11.3
   60.250   9.68  10.89  137.9 -10.4
   60.375  11.18  13.35  135.0 -10.3
   60.500  10.87  12.31  147.9 -11.6
   60.625   9.44  12.41  134.6 -10.1
   60.750  10.53  12.34  145.5 -11.2
   60.875   6.14   8.37  150.0 -14.8
   61.000   5.03   5.99  144.3 -15.8
   61.125   2.83   3.40  142.5 -15.2
   61.250    .73   2.68  274.6 -19.2
   61.375   1.60   3.47   70.6 -22.2
   61.500   1.22   1.90   31.6 -22.7
   61.625   1.21   1.95  210.6 -22.3
   61.750    .97   1.53   11.2 -23.5
   61.875   1.54   3.07    7.1 -25.4
   62.000   2.67   3.92  327.3 -26.7
   62.125   2.33   3.36  246.0 -28.4
   62.250   1.65   2.36  209.4 -28.9
   62.375   1.50   1.92  205.8 -32.6
   62.500   1.92   2.18  149.7 -32.6
   62.625   2.53   3.25  149.6 -31.1
   62.750   2.56   3.30  132.1 -32.4
   62.875   2.56   3.23  173.2 -34.1
   63.000   2.15   2.99  149.7 -36.0
   63.125   2.06   2.67  129.2 -36.5
   63.250   2.51   2.76  133.5 -38.5
   63.375   1.48   2.31  114.5 -37.3
   63.500   2.70   3.88  118.5 -37.1
   63.625   4.37   5.44  127.6 -33.5
   63.750   4.00   5.58  145.4 -32.7
   63.875   2.81   3.66  102.6 -37.9
   64.000   3.61   4.11   94.0 -39.5
   64.125   3.55   4.06   84.9 -39.1
   64.250   2.99   3.35   99.1 -36.8
   64.375   3.65   4.41   95.8 -39.3
   64.500   4.97   5.85  101.8 -36.6
   64.625   4.09   5.76  111.2 -30.3
   64.750   3.00   5.74  100.7 -23.3
   64.875   7.94  10.01  105.0 -18.6
   65.000   8.92  10.28  107.8 -15.8
   65.125   9.87  10.78   93.0 -15.7
   65.250   9.84  10.82  120.3 -14.1
   65.375  10.00  10.73  123.6 -12.7
   65.500   8.68   9.80  136.7 -12.1
   65.625   6.94   7.82  121.7 -12.4
   65.750   6.80   7.44  115.1 -13.8
   65.875   5.75   7.90   86.3 -17.2
   66.000   5.90   6.92   81.3 -18.4
   66.125   5.56   6.08   78.6 -22.3
   66.250   6.14   7.48   75.1 -24.0
   66.375   5.01   6.21   81.1 -25.4
   66.500   2.95   5.79   12.1 -26.2
   66.625   2.52   7.88  347.2 -28.2
   66.750   6.92   9.26  343.4 -30.9
   66.875   3.21   5.44 -431.0 -35.5
   67.000   1.67   2.76  104.6 -37.9
   67.125   3.17   3.80  108.9 -41.3
   67.250   3.83   4.17  104.1 -40.9
   67.375   4.67   5.50  104.7 -39.7
   67.500   5.76   6.27  107.7 -37.5
   67.625   7.12   7.84  114.2 -34.0
   67.750   8.26   8.57  107.6 -32.6
   67.875   9.47  10.53  108.1 -33.3
   68.000  10.99  11.76  102.6 -32.7
   68.125  11.20  11.83  102.5 -31.5
   68.250  12.61  13.39  109.6 -30.7
   68.375  13.15  13.74  106.1 -28.6
   68.500  14.18  16.07  109.3 -24.0
   68.625  15.88  16.97  107.4 -19.8
   68.750  14.44  15.30  139.0 -16.2
   68.875  15.01  16.44  145.9 -15.0
   69.000  15.51  16.73  157.6 -14.2
   69.125  15.10  17.08  154.2 -13.2
   69.250  12.41  13.78  161.7 -13.9
   69.375  10.40  11.55  162.1 -13.7
   69.500   9.49  10.81  169.5 -14.2
   69.625   7.80   8.54  178.0 -14.6
   69.750   7.24   8.24  188.4 -16.0
   69.875   5.57   7.87  231.6 -20.7
   70.000   1.78   2.98  233.7 -23.4
   70.125   2.32   2.95   93.5 -25.4
   70.250   3.90   5.58  168.5 -23.2
   70.375   4.77   6.95  143.1 -26.1
   70.500   5.58   6.17  131.4 -28.4
   70.625   6.12   6.54  119.1 -27.7
   70.750   7.02   8.03  125.7 -27.8
   70.875   8.18   8.62  115.5 -29.9
   71.000   9.10   9.99  102.7 -31.0
   71.125   9.82  10.66  109.4 -30.6
   71.250   9.00   9.58  101.0 -30.8
   71.375   8.67   9.36  107.6 -28.6
   71.500   6.45   8.12  118.4 -27.6
   71.625   4.12   6.16  173.3 -28.3
   71.750   4.40   4.66  160.2 -28.1
   71.875   3.43   4.12  139.3 -30.2
   72.000   4.58   5.37  113.3 -34.2
   72.125   6.05   6.84  100.8 -34.9
   72.250   6.92   7.94  127.3 -32.1
   72.375   7.75   8.25  118.7 -31.5
   72.500   7.09   7.82  121.7 -29.3
   72.625   6.93   8.03  126.0 -28.3
   72.750   5.68   6.68  137.8 -27.2
   72.875   3.70   4.86  126.3 -32.3
   73.000   5.01   6.12  123.8 -32.1
   73.125   5.27   5.78   98.6 -34.4
   73.250   5.12   6.21   97.8 -34.2
   73.375   6.26   7.06  121.4 -32.3
   73.500   7.27   8.28  120.8 -31.5
   73.625   8.17   8.71  132.7 -29.8
   73.750   6.93   7.90  134.7 -29.5
   73.875   5.92   6.72  123.7 -31.6
   74.000   7.04   7.70  121.7 -33.6
   74.125   6.75   7.65  111.8 -34.9
   74.250   6.90   7.41  109.8 -35.9
   74.375   6.45   6.92  108.3 -36.4
   74.500   6.26   7.02  103.5 -35.6
   74.625   5.85   6.13  123.2 -32.2
   74.750   5.34   5.71  111.9 -31.9
   74.875   3.82   4.14  118.9 -36.6
   75.000   4.18   4.71  100.5 -38.8
   75.125   5.15   5.88   92.3 -39.7
   75.250   5.66   6.25  102.6 -38.6
   75.375   6.47   7.14  100.5 -37.2
   75.500   7.33   8.14  112.2 -34.7
   75.625   8.63   9.03  120.5 -31.9
   75.750   8.38   8.77  129.1 -30.8
   75.875   8.13   8.62  114.1 -32.1
   76.000   8.28   8.81  124.4 -32.2
   76.125   8.72   9.03  120.2 -32.1
   76.250   8.94   9.25  123.1 -32.1
   76.375   9.12   9.56  116.6 -31.9
   76.500   9.34   9.85  115.7 -30.6
   76.625   9.52   9.94  127.2 -27.3
   76.750   8.93   9.43  119.4 -27.2
   76.875   9.12   9.65  124.6 -28.9
   77.000   9.56  10.54  116.8 -28.4
   77.125   9.77  10.37  113.9 -28.6
   77.250  10.10  10.60  108.2 -27.7
   77.375   9.35   9.91  109.6 -26.2
   77.500   8.48   9.36  117.3 -24.0
   77.625   7.68   8.99  131.7 -21.8
   77.750   4.98   6.80  143.8 -21.0
   77.875   3.46   3.97   99.7 -27.3
   78.000   4.31   4.99   93.1 -30.3
   78.125   5.39   6.62   96.0 -31.4
   78.250   7.24   7.96   94.2 -32.3
   78.375   8.75   9.58  102.9 -32.8
   78.500   9.79  10.12  100.8 -31.2
   78.625   9.76  10.34  104.2 -27.5
   78.750   9.06   9.83  109.8 -25.5
   78.875   8.75   9.37   99.7 -27.2
   79.000   9.71  10.63   96.2 -28.8
   79.125  11.17  12.12  102.2 -29.2
   79.250  11.61  13.26  106.6 -29.4
   79.375   7.20  10.13  121.9 -33.0
   79.500   5.25   6.05  124.3 -32.8
   79.625   4.76   5.24  106.7 -30.2
   79.750   3.80   4.70   95.2 -29.1
   79.875   3.61   4.93   88.0 -32.8
   80.000   5.04   6.30   91.4 -33.3
   80.125   5.68   6.05   95.7 -32.7
   80.250   6.55   7.39   91.0 -32.1
   80.375   6.87   7.39   93.4 -32.9
   80.500   6.56   7.10   98.9 -29.9
   80.625   6.00   6.47   99.7 -27.0
   80.750   4.09   5.10  104.4 -27.2
   80.875   2.80   3.34  101.5 -32.5
   81.000   3.73   4.29   91.7 -35.7
   81.125   4.38   4.75   97.2 -37.0
   81.250   4.75   5.27  100.8 -36.2
   81.375   4.75   5.45  102.4 -36.4
   81.500   5.52   6.00  108.3 -33.9
   81.625   5.56   6.08  129.3 -30.3
   81.750   5.06   5.66  125.4 -29.4
   81.875   5.23   5.65  122.1 -32.0
   82.000   5.25   5.88  107.4 -35.9
   82.125   6.64   7.64  108.8 -34.9
   82.250   7.56   8.57  102.0 -34.7
   82.375   8.99   9.71  113.4 -32.8
   82.500   9.25   9.72  113.5 -30.0
   82.625   9.77  10.26  115.8 -26.6
   82.750   9.11   9.96  116.5 -25.8
   82.875   9.43   9.86  114.6 -27.3
   83.000   9.38  10.30  111.5 -28.1
   83.125   8.84   9.69   96.0 -28.5
   83.250   9.09  10.03  114.7 -27.6
   83.375   9.45  10.03  114.8 -27.1
   83.500   9.34   9.81  126.0 -24.6
   83.625   9.59  10.02  130.6 -20.6
   83.750   7.81   8.53  129.5 -18.5
   83.875   6.08   7.40  121.8 -20.6
   84.000   5.45   6.13  121.8 -21.2
   84.125   6.40   7.24  125.4 -19.9
   84.250   7.37   7.91  122.5 -19.7
   84.375   7.89   8.26  122.2 -18.5
   84.500   7.68   9.07  147.6 -14.0
   84.625   8.23  10.55  193.2 -19.5
   84.750   6.64   7.23  184.5 -23.7
   84.875   5.29   6.53  162.8 -23.2
   85.000   4.82   5.50  141.4 -24.7
   85.125   4.47   5.34  118.6 -26.6
   85.250   6.28   7.07  106.6 -27.6
   85.375   6.52   7.54   92.2 -27.3
   85.500   7.99   9.20  101.5 -27.1
   85.625   8.38   9.54  112.3 -24.3
   85.750   7.03   7.86  125.9 -22.7
   85.875   5.16   5.90  105.9 -26.1
   86.000   6.05   6.72  102.8 -28.3
   86.125   7.27   7.97  106.1 -28.4
   86.250   8.00   8.41  104.0 -29.0
   86.375   7.79   8.10  101.5 -29.2
   86.500   7.37   8.03  110.0 -27.9
   86.625   5.67   6.57  130.5 -24.5
   86.750   3.22   4.41  135.9 -24.0
   86.875   1.84   2.89   89.9 -31.0
   87.000   3.67   4.11   92.2 -35.3
   87.125   4.37   4.78   92.1 -36.2
   87.250   4.76   5.06   85.9 -36.6
   87.375   4.63   5.04   89.6 -37.9
   87.500   4.38   4.71   91.2 -34.4
   87.625   3.30   3.70   91.3 -29.8
   87.750   1.65   2.66  350.2 -25.1
   87.875    .15   1.25   24.1 -33.5
   88.000   2.55   3.52   85.5 -37.4
   88.125   4.25   5.13   90.6 -39.9
   88.250   5.00   5.49   97.3 -39.9
   88.375   4.54   4.86   97.4 -39.7
   88.500   5.03   5.46  101.2 -35.8
   88.625   4.16   5.22  140.7 -30.1
   88.750   4.24   4.72  142.6 -29.3
   88.875   4.28   5.28  119.7 -31.6
   89.000   5.05   5.41  104.2 -33.9
   89.125   6.62   7.63  112.3 -32.2
   89.250   7.32   8.20  113.0 -31.9
   89.375   8.94   9.38  108.6 -30.8
   89.500   9.53  10.01  108.7 -27.1
   89.625   8.33   9.52  107.1 -23.7
   89.750   7.35   8.08  103.5 -22.8
   89.875   6.93   7.86  106.1 -24.5
   90.000   7.77   8.30  106.5 -26.5
   90.125   8.73   9.28  104.0 -26.7
   90.250   9.38   9.75  101.8 -26.3
   90.375   9.28   9.58   95.3 -23.5
   90.500   9.57  10.65  121.6 -19.4
   90.625   9.25  10.12  125.3 -15.8
   90.750   8.24   9.07  126.9 -14.6
   90.875   8.33   9.19  117.8 -17.8
   91.000   9.47  10.85  119.4 -19.7
   91.125   9.88  10.50  118.0 -21.2
   91.250  10.45  12.98  112.0 -22.0
   91.375  13.78  14.42   97.3 -22.2
   91.500  13.88  14.66  104.7 -22.4
   91.625  11.29  12.73  101.7 -21.0
   91.750   8.47  10.77  122.0 -18.9
   91.875   7.20   7.91  106.7 -20.7
   92.000   7.34   8.23   91.8 -24.2
   92.125   7.22   8.05   95.9 -25.0
   92.250   7.21   7.88  102.7 -23.6
   92.375   7.94   8.82  107.4 -22.1
   92.500   8.04   8.72  132.9 -21.9
   92.625   6.79   7.93  141.5 -18.6
   92.750   5.28   6.65  146.4 -16.6
   92.875   4.77   6.09  118.4 -17.0
   93.000   6.61   8.08  114.8 -17.4
   93.125   6.84   8.00  107.6 -17.8
   93.250   5.73   7.53  119.7 -17.6
   93.375   7.05   8.68  114.6 -18.3
   93.500   6.72   8.04  123.3 -16.3
   93.625   5.52   7.22  159.9 -14.2
   93.750   2.39   5.15  216.2 -15.4
   93.875    .28   1.37  184.1 -21.8
   94.000   1.33   2.85  126.8 -26.1
   94.125   4.24   4.67  140.5 -25.5
   94.250   4.31   4.90  143.1 -25.8
   94.375   4.38   4.83  139.2 -26.6
   94.500   5.05   6.92  148.5 -24.1
   94.625   5.84   7.95  177.0 -23.6
   94.750   4.19   4.85  159.7 -23.1
   94.875   4.45   4.83  150.3 -23.8
   95.000   3.90   4.53  146.6 -25.3
   95.125   4.81   5.77  145.4 -26.0
   95.250   6.33   7.11  139.6 -26.6
   95.375   6.88   8.82  139.0 -23.8
   95.500   8.00   8.69  134.4 -22.5
   95.625   8.10   8.91  150.8 -19.9
   95.750   4.95   6.61  151.0 -19.1
   95.875   4.55   5.03  141.3 -19.6
   96.000   4.53   5.40  130.5 -21.1
   96.125   5.16   5.92  132.3 -20.2
   96.250   6.15   7.58  136.8 -23.4
   96.375   6.76   7.59  127.5 -24.8
   96.500   6.88   7.59  141.1 -23.0
   96.625   6.85   7.50  136.2 -20.7
   96.750   6.63   7.23  143.7 -19.8
   96.875   5.90   7.41  128.0 -20.9
   97.000   7.43   8.24  118.6 -22.7
   97.125   8.84   9.76  106.9 -23.7
   97.250   8.71   9.41  110.4 -23.1
   97.375   8.81  10.09  125.5 -21.4
   97.500   8.25   8.81  132.3 -19.8
   97.625   7.34   8.50  156.0 -18.3
   97.750   6.80   8.03  151.5 -18.4
   97.875   4.50   6.12  146.2 -20.7
   98.000   4.99   6.16  134.1 -23.1
   98.125   6.01   6.61  122.7 -26.0
   98.250   6.32   7.42  109.3 -26.5
   98.375   6.69   7.27   99.5 -26.7
   98.500   6.56   7.38   99.8 -23.3
   98.625   6.40   7.57  107.6 -19.7
   98.750   5.24   5.99  117.0 -18.5
   98.875   4.45   5.30  105.5 -21.4
   99.000   6.40   7.55  104.2 -24.2
   99.125   8.72   9.62  109.8 -24.3
   99.250   9.95  10.44  115.3 -23.2
   99.375  10.96  12.46  115.5 -21.0
   99.500  11.96  13.58  130.0 -18.4
   99.625  11.38  13.05  151.0 -14.8
   99.750   9.11  11.14  159.4 -10.7
   99.875  10.79  11.59  151.3 -10.3
  100.000  11.78  12.66  141.8 -11.2
  100.125  11.29  11.98  140.7 -11.7
  100.250  10.88  11.95  140.1 -11.7
  100.375  10.63  11.32  128.0 -12.7
  100.500   9.50  10.25  134.4 -11.4
  100.625   8.69   9.70  141.5 -10.0
  100.750   8.31   9.01  134.1  -9.9
  100.875   7.67   9.14  116.5 -12.7
  101.000   7.38   8.20  107.8 -15.9
  101.125   8.63   9.55  121.4 -18.5
  101.250   8.49   9.88   99.1 -20.8
  101.375   8.32   9.25  111.7 -21.3
  101.500   7.37   8.06  113.5 -18.6
  101.625   6.04   6.69  124.8 -15.4
  101.750   4.22   5.72  137.0 -14.0
  101.875   2.42   2.89   94.4 -19.0
  102.000   4.14   5.04   94.2 -23.0
  102.125   6.45   7.71  103.5 -22.7
  102.250   7.94   8.28  109.9 -23.0
  102.375   8.41   8.92  104.4 -23.6
  102.500   9.13   9.78  121.9 -20.0
  102.625   9.34   9.93  126.2 -16.2
  102.750   8.07   8.94  105.5 -14.5
  102.875   7.96   9.13  127.5 -15.5
  103.000   9.50  10.23  124.1 -16.4
  103.125  10.62  11.63  126.9 -15.6
  103.250  11.44  12.17  108.0 -15.3
  103.375  13.26  14.37  116.3 -10.6
  103.500  13.04  14.38  129.5  -7.5
  103.625  11.91  13.96  143.6  -6.1
  103.750  11.32  14.37  164.0  -5.2
  103.875   6.90   9.07  146.8  -7.9
  104.000   5.51   6.35  173.9 -12.9
  104.125   5.03   6.29  176.5 -16.7
  104.250   5.66   6.63  168.4 -17.2
  104.375   4.94   5.73  177.9 -18.4
  104.500   5.83   6.69  169.6 -17.4
  104.625   7.06   7.66  167.2 -15.8
  104.750   6.47   7.04  173.4 -15.2
  104.875   5.93   6.29  149.7 -16.8
  105.000   6.84   7.12  159.3 -15.4
  105.125   6.02   6.79  162.6 -15.0
  105.250   5.36   5.92  157.5 -15.2
  105.375   6.50   8.15  129.3 -13.7
  105.500   8.03   8.36  162.3  -8.5
  105.625   7.64   8.50  157.2  -4.8
  105.750   6.67   7.56  174.6  -3.3
  105.875   6.98   9.41  160.6  -3.5
  106.000   6.81   7.79  155.2  -4.6
  106.125   8.47   9.19  138.2  -5.0
  106.250   9.49  10.17  178.6  -6.0
  106.375   9.59  10.80  161.5  -7.0
  106.500   9.42  10.58  156.3  -6.8
  106.625   7.86   8.55  170.3  -6.5
  106.750   5.71   6.63  171.8  -6.6
  106.875   5.47   6.04  159.4  -6.7
  107.000   4.82   5.38  168.4  -7.3
  107.125   1.90   4.95  156.7  -8.6
  107.250   4.68   5.29  147.6 -10.4
  107.375   4.57   5.28  141.9 -10.9
  107.500   4.31   4.66  147.0  -9.9
  107.625   3.63   4.37  161.2  -7.6
  107.750   3.06   3.41  173.2  -8.0
  107.875   2.32   2.76  161.9  -8.5
  108.000   1.82   2.31  132.9  -9.6
  108.125   3.43   5.53   98.4 -17.4
  108.250   7.25   9.46   95.3 -17.6
  108.375   8.84   9.24  106.4 -16.2
  108.500   9.30  10.18   99.5 -13.7
  108.625   9.52  10.37  118.7 -10.0
  108.750   8.55   9.11  123.1  -7.1
  108.875   8.48   8.87  116.5  -7.9
  109.000   9.04   9.36  131.1  -8.4
  109.125   9.32  10.13  133.4  -7.5
  109.250   8.68   9.57  139.8  -5.5
  109.375   7.86   9.02  149.7  -2.4
  109.500   6.05   7.03  162.5  -2.0
  109.625   6.37   7.31  158.3  -1.9
  109.750   8.02   8.74  187.3  -1.8
  109.875   7.84  10.76  190.6  -2.4
  110.000   8.10   9.30  199.9  -3.0
  110.125   6.96   8.38  195.4  -4.0
  110.250   5.98   6.29  165.4  -4.8
  110.375   4.95   5.60  159.7  -5.2
  110.500   5.07   5.66  140.1  -5.4
  110.625   5.75   6.42  130.1  -4.7
  110.750   6.64   7.57  115.6  -4.0
  110.875   7.82   8.67  127.3  -5.7
  111.000   8.82   9.78  124.3  -8.0
  111.125  10.66  11.75  121.3  -7.8
  111.250  11.09  12.16  123.8  -7.2
  111.375  10.24  11.14  115.9  -7.0
  111.500  10.19  10.88  118.9  -5.5
  111.625  10.36  10.76  134.1  -4.0
  111.750   9.49  10.82  118.6  -3.2
  111.875   8.54   9.11  130.1  -4.3
  112.000   7.86   8.86  132.9  -6.5
  112.125   8.27   9.39  125.4  -8.6
  112.250   9.05  10.38  121.8  -9.2
  112.375   9.81  10.43  113.6  -9.3
  112.500  10.11  10.72  116.9  -6.3
