212 149 0 3.944 2.062 4.741 -3.063 -3.133 86.7 84.5 1.721 0.824 289.4 328.3 610.8 1.239 1.11
188 149 0 2.874 -1.67 -2.346 -2.47 -1.449 0.007 -2.17 -1.057 -1.696 0.119 -2.707 -2.359 1.124 13.24
212 149 100 3.454 1.893 2.935 -3.21 -3.12 87.2 84.4 1.606 1.045 16.94 246.4 610.5 1.239 1.111
188 149 100 3.686 -1.328 -2.516 -2.802 -1.785 -0.528 -2.667 -1.937 -2.732 -0.049 -2.854 -2.298 1.659 13.3
212 149 200 3.071 1.645 2.872 -3.325 -3.272 89 85.5 1.533 1.456 27.4 213.2 610.3 1.239 1.112
188 149 200 1.031 -1.97 -2.725 -2.906 -1.605 -2.59 -3.108 -3.087 -3.119 -0.833 -2.963 -2.378 1.98 13.33
212 149 300 2.813 1.496 2.294 -3.358 -3.392 89.6 85.1 1.079 0.912 45.17 100.6 610.2 1.24 1.112
188 149 300 0.307 -1.924 -2.695 -2.699 -0.606 -2.457 -3.193 -2.949 -3.152 -0.97 -2.98 -2.293 1.901 13.35
212 149 400 2.556 1.463 2.184 -3.29 -3.463 88.3 82.5 0.746 0.47 116.3 296.9 610 1.24 1.113
188 149 400 -0.281 -1.022 -2.474 -2.144 1.413 -0.908 -2.873 -2.27 -2.762 0.823 -2.825 -2.01 0.889 13.36
212 149 500 2.727 1.643 0.539 -3.37 -4.129 87.4 88.6 0.677 0.215 265 295.1 609.6 1.241 1.113
188 149 500 -1.835 -1.832 -3.065 -2.926 -0.761 -0.923 -2.559 -2.113 -2.359 -1.171 -2.884 -3.47 0.719 13.38
212 149 600 2.901 1.754 0.926 -4.174 -4.789 89.4 91.5 1.127 0.366 330.7 306.4 609.4 1.242 1.114
188 149 600 -3.501 -3.428 -3.698 -3.3 4.253 -0.4 -2.61 -2.395 -2.179 2.127 -3.643 -4.347 0.836 13.42
212 149 700 3.216 2.01 1.458 -4.497 -4.834 88 88.6 1.326 0.757 140.1 315.5 609.3 1.243 1.114
188 149 700 -3.072 -3.301 -4.125 -4.1 1.292 -0.175 -3.066 -2.575 -2.919 1.083 -4.086 -4.328 1.921 13.46
212 149 800 3.651 2.369 2.287 -4.153 -4.166 86.1 83.5 1.338 1.206 40.03 46.79 609.2 1.242 1.114
188 149 800 -3.252 -2.572 -3.718 -3.892 -0.596 -2.646 -3.333 -3.727 -3.284 -1.075 -3.752 -3.156 1.914 13.51
212 149 900 4.188 2.76 3.763 -3.741 -3.731 84.2 81.4 1.49 1.357 41.38 46.75 609 1.241 1.113
188 149 900 -2.343 -0.994 -3.102 -3.282 0.424 -1.674 -1.993 -3.07 -2.394 0.805 -3.368 -2.714 1.973 13.64
212 149 1000 4.782 3.052 5.715 -3.41 -3.319 83.3 80.4 1.499 1.358 45.36 14.21 609 1.24 1.113
188 149 1000 -1.62 -0.175 -2.524 -2.714 0.832 -0.609 -0.883 -2.426 -1.023 0.889 -3.005 -2.27 1.869 13.71
212 149 1100 5.407 3.19 8.1 -3.049 -2.943 83.9 81.7 1.879 1.75 43.01 11.23 608.7 1.239 1.112
188 149 1100 -1.347 -0.21 -2.325 -2.414 0.247 -0.581 -0.361 -2.048 -0.33 1.053 -2.641 -2.047 2.502 14.07
212 149 1200 6.005 3.396 9.82 -2.77 -2.575 82.3 80.7 1.467 1.38 55.05 34.27 608.4 1.239 1.111
188 149 1200 -0.451 0.628 -1.394 -1.512 0.553 0.741 0.293 -1.015 0.757 0.924 -2.171 -1.696 1.973 13.53
212 149 1300 6.526 3.596 12 -2.064 -1.845 78.9 77.6 1.163 1.121 53.45 20.83 608.2 1.238 1.109
188 149 1300 0.686 1.904 -0.296 -0.351 1.88 2.014 1.163 0.589 1.89 2.027 -1.298 -0.767 1.823 13.42
212 149 1400 6.939 3.695 14.11 -1.297 -1.185 76.2 76.6 1.053 0.978 65.95 31.48 607.6 1.237 1.108
188 149 1400 1.614 2.266 0.869 0.909 2.207 2.681 1.374 2.411 2.752 1.664 -0.327 -0.186 1.601 13.29
212 149 1500 7.21 3.795 14.78 -0.822 -0.597 75.9 75 1.013 0.914 155.1 104.3 607.1 1.235 1.107
188 149 1500 0.839 1.482 1.31 0.944 3.042 3.859 4.15 6.652 9.26 2.655 0.297 0.551 1.731 13.48
212 149 1600 7.37 3.734 17.15 -1.797 -1.577 84.8 85.2 2.432 2.032 229.2 194.7 606.7 1.236 1.109
188 149 1600 -1.392 -1.173 -0.961 -1.429 -0.743 -0.26 2.248 1.391 2.808 -1.17 -0.981 -1.216 2.724 13.72
212 149 1700 7.33 3.623 17.52 -1.54 -1.336 84.4 84.8 2.365 1.983 234.8 199.9 606.1 1.235 1.108
188 149 1700 -1.183 -1.033 -0.574 -1.299 -0.728 -0.258 0.714 0.739 0.939 -1.158 -0.853 -1.053 2.685 13.56
212 149 1800 7.13 3.451 16.72 -1.188 -0.982 83.4 84 1.91 1.585 232 197.2 605.6 1.235 1.108
188 149 1800 -0.564 -0.495 -0.736 -1.021 -0.293 0.274 1.029 1.382 1.568 -0.864 -0.27 -0.562 2.927 13.72
212 149 1900 6.813 3.282 15.76 -1.478 -1.288 88.2 87.7 1.773 1.508 242.2 208.8 605.4 1.236 1.109
188 149 1900 -0.327 0.225 -0.779 -1.295 -0.561 0.135 1.362 1.474 1.207 -0.981 -0.69 -0.809 2.973 14.41
212 149 2000 6.274 3.044 12.95 -1.323 -1.175 88.2 86.8 1.409 1.116 293.7 257.3 604.9 1.235 1.108
188 149 2000 1.312 1.392 1.01 -0.779 0.463 0.342 1.571 0.273 1.05 0.743 -0.584 -0.315 2.182 13.98
212 149 2100 5.078 2.534 10.67 -1.182 -1.059 89.6 88.5 1.796 1.548 248.8 215.1 604.8 1.235 1.108
188 149 2100 2.098 0.58 0.61 -0.554 -0.114 0.359 2.124 1.519 2.577 -0.161 -0.549 -0.553 2.613 13.93
212 149 2200 5.106 2.552 10.59 -1.074 -0.944 87.2 86.8 1.927 1.595 236.9 204.7 604.6 1.235 1.103
188 149 2200 2.81 0.938 0.569 -0.496 -0.376 0.162 2.213 1.823 2.246 0.081 -0.355 -0.545 2.737 13.78
212 149 2300 4.528 2.336 7.36 -0.474 -0.406 82.2 81.2 0.942 0.796 226.2 230.7 604.3 1.234 1.101
188 149 2300 5.124 2.887 2.615 1.827 1.184 1.909 4.071 4.273 4.299 2.267 0.546 0.558 1.431 13.75
212 150 0 4.067 2.132 6.773 -0.717 -0.758 84.6 82.3 1.339 1.045 313 187.9 604.3 1.234 1.1
188 150 0 6.553 3.209 1.256 1.142 2.034 1.798 1.343 1.139 1.962 4.632 0.077 0.529 2.875 13.82
212 150 100 2.699 1.406 5.341 -1.994 -1.878 96.2 94.3 1.966 1.818 103.1 37.99 604.1 1.235 1.101
188 150 100 0.553 -1.077 -1.504 -1.693 -1.232 -1.291 -1.458 -1.461 -1.455 -0.915 -1.85 -1.537 2.816 13.75
212 150 200 3.003 1.574 4.256 -2.526 -2.491 93.5 91.9 1.82 1.681 29.08 32.25 603.8 1.237 1.102
188 150 200 1.035 -1.792 -2.059 -2.14 -1.527 -2.267 -2.364 -2.351 -2.348 -1.855 -2.155 -1.864 2.332 13.74
212 150 300 2.86 1.479 3.802 -2.44 -2.384 93.2 89.8 1.795 1.66 112.7 19.09 603.7 1.237 1.102
188 150 300 0.387 -1.598 -2.022 -2.043 -0.581 -1.937 -2.288 -2.258 -2.355 -0.773 -2.206 -1.632 2.326 13.75
212 150 400 2.599 1.429 3.413 -2.571 -2.546 93.2 89.6 2.157 1.938 239.5 41.79 603.6 1.237 1.102
188 150 400 -1.231 -1.94 -2.247 -2.285 -0.973 -1.868 -2.385 -2.213 -2.485 -1.04 -2.378 -1.822 2.842 13.77
212 150 500 2.783 1.61 1.369 -2.754 -2.911 92.6 93.1 2.349 2.175 69.24 22.4 603.5 1.237 1.103
188 150 500 -2.304 -2.35 -2.553 -2.724 -2.334 -2.413 -2.564 -2.524 -2.645 -2.444 -2.525 -2.697 3.502 13.81
212 150 600 2.955 1.734 1.007 -2.865 -3.014 91.8 92.9 3.422 3.21 20.41 25.09 603.6 1.237 1.103
188 150 600 -2.595 -2.386 -2.703 -2.828 -1.526 -2.684 -2.536 -2.671 -2.702 -1.8 -2.726 -2.94 4.345 13.9
212 150 700 3.269 2.001 1.082 -2.622 -2.765 91.7 91.9 2.715 2.111 202.4 108.9 603.6 1.237 1.102
188 150 700 -2.009 -2.048 -2.483 -2.614 0.171 -1.24 -2.028 -2.015 -2.097 -0.26 -2.468 -2.569 3.855 13.99
212 150 800 3.71 2.373 1.69 -2.376 -2.374 89.1 86.7 2.589 2.093 211.2 91.2 603.6 1.236 1.102
188 150 800 -1.82 -1.734 -2.209 -2.346 0.72 -0.929 -1.572 -1.895 -1.742 0.467 -2.173 -1.693 4.083 14.1
212 150 900 4.251 2.771 2.873 -2.631 -2.58 88.8 85.8 3.016 1.877 330.5 168.8 604 1.237 1.102
188 150 900 -1.554 -1.833 -2.284 -2.43 1.292 0.695 -0.644 -1.358 -1 1.94 -2.462 -1.924 3.619 14.35
212 150 1000 4.852 3.067 4.601 -2.232 -2.137 86.9 83.6 2.377 1.442 256.6 172.2 604.3 1.236 1.102
188 150 1000 -0.386 -0.449 -1.337 -1.524 2 2.596 0.767 -0.097 0.614 2.703 -1.974 -1.363 3.417 14.39
212 150 1100 5.432 3.199 5.702 -1.033 -0.923 77.4 75.4 0.726 0.616 99.6 72.9 604.8 1.236 1.101
188 150 1100 2.657 4.259 1.617 1.565 4.942 5.964 3.5 2.767 4.839 4.807 0.176 0.768 1.45 13.67
212 150 1200 6.038 3.396 8.63 -1.63 -1.446 84.1 81.2 1.798 1.569 233.7 238.4 605.3 1.235 1.101
188 150 1200 -1.031 -0.904 -0.553 -0.608 2.94 4.673 6.267 5.031 12.12 3.086 -0.774 -0.252 2.822 13.58
212 150 1300 6.596 3.599 12.03 -1.871 -1.655 87.2 86.4 3.21 2.55 210.7 212.9 605.5 1.235 1.101
188 150 1300 -1.388 -1.394 -1.277 -1.329 -0.323 1.018 3.873 3.577 6.91 0.309 -1.319 -1.301 4.011 13.59
212 150 1400 6.894 3.545 14.4 -1.242 -0.931 82.6 82.8 1.509 1.146 193.5 197.6 605.7 1.235 1.1
188 150 1400 -0.215 0.171 -0.183 -0.17 1.363 4.531 7.38 9.6 13.76 1.888 -0.18 -0.424 2.097 13.44
212 150 1500 7.13 3.853 11.6 -0.333 0.001 76 74.2 0.852 0.719 168 138.3 605.8 1.234 1.1
188 150 1500 2.876 3.631 2.161 2.296 4.522 5.696 3.721 6.193 6.739 4.566 0.985 1.393 3.005 13.38
212 150 1600 7.34 3.817 15.12 -1.412 -1.244 87 86.6 2.681 2.501 34.48 37.05 606.3 1.235 1.1
188 150 1600 -0.761 -0.755 -0.532 -1 -0.898 -0.989 -0.439 -0.917 -0.467 -1.099 -0.898 -0.79 3.214 13.54
212 150 1700 7.32 3.718 16.35 -1.289 -1.123 86.8 86.5 2.541 2.4 27.16 30.71 606.4 1.235 1.1
188 150 1700 -0.803 -0.829 -0.387 -1.025 -0.925 -1.015 -1.003 -1.065 -0.916 -1.029 -0.815 -0.677 2.888 13.61
212 150 1800 7.13 3.554 15.98 -1.203 -1.058 87 86.8 2.634 2.494 25.2 29.2 606.8 1.236 1.1
188 150 1800 -0.406 -0.904 -0.961 -1.268 -0.941 -1.039 -1.082 -1.075 -0.917 -1.033 -0.763 -0.642 3.058 13.7
212 150 1900 6.789 3.366 15.12 -1.007 -0.922 86 86.1 2.193 2.07 23.86 27.75 607.2 1.236 1.101
188 150 1900 0.541 -0.166 -0.847 -1.175 -0.709 -0.796 -0.872 -0.76 -0.804 -0.846 -0.534 -0.459 2.731 13.75
212 150 2000 6.32 3.159 13.73 -0.702 -0.634 83.2 83.7 1.523 1.422 43.22 45.08 607.4 1.235 1.1
188 150 2000 3.804 1.185 0.585 -0.737 -0.389 -0.096 0.149 -0.029 -0.269 -0.317 -0.05 -0.117 2.463 14.5
212 150 2100 5.734 2.941 11.24 0.954 0.503 69.48 73.1 0.328 0.219 110.5 96.5 607.9 1.235 1.099
188 150 2100 16.7 6.416 5.408 2.101 1.578 2.505 2.418 2.605 2.054 1.896 2.623 1.837 0.699 14.19
212 150 2200 5.153 2.699 8.91 -0.339 -0.239 79.1 80.9 1.08 0.801 200.8 195.5 608.2 1.235 1.101
188 150 2200 6.923 4.159 2.258 0.308 0.744 2.248 5.651 5.697 6.122 1.121 1.097 0.45 1.202 14.13
212 150 2300 4.557 2.438 6.536 0.668 0.588 74.9 75 0.395 0.254 232.5 220.2 608.4 1.235 1.101
188 150 2300 9.27 6.841 5.19 4.238 3.425 3.6 6.668 5.966 6.397 5.86 2.024 1.989 1.052 14.05
212 151 0 3.988 2.199 4.27 1.495 1.038 69.57 69.81 0.096 0.043 270.4 226.1 608.7 1.235 1.099
188 151 0 11.72 9.77 6.572 7.93 6.696 4.837 5.969 5.296 7.25 10.27 2.982 3.064 0.457 14
212 151 100 3.509 1.972 2.629 0.245 -0.22 76.9 74.5 0.357 0.059 309 282.4 608.7 1.236 1.101
188 151 100 11.95 6.836 2.253 3.913 5.656 3.845 2.174 2.352 3.277 8.02 1.441 1.832 0.399 13.98
212 151 200 3.15 1.72 2.714 -1.027 -1.54 86.9 82.5 0.813 0.346 255.6 255.7 608.7 1.237 1.102
188 151 200 6.508 2.066 -0.375 0.406 3.52 1.232 -0.414 -0.064 0.018 3.429 -0.576 -0.03 1.143 13.98
212 151 300 2.911 1.572 2.104 -2.458 -2.513 92.4 89.2 1.52 1.345 27.29 25.22 608.7 1.239 1.103
188 151 300 0.49 -1.585 -2.021 -1.988 -0.731 -2.096 -2.302 -2.177 -2.286 -1.462 -2.116 -1.612 1.96 14
212 151 400 2.64 1.485 2.231 -2.863 -2.952 92.7 90.4 1.291 1.12 29.73 28.05 608.7 1.24 1.104
188 151 400 -1.238 -1.915 -2.285 -2.201 -1.15 -2.301 -2.55 -2.418 -2.775 -1.938 -2.484 -2.113 1.829 14.02
212 151 500 2.797 1.727 -0.307 -2.514 -2.924 89.4 91.7 0.668 0.557 47.86 20.54 608.7 1.24 1.103
188 151 500 -1.26 -1.053 -1.84 -2.25 -1.181 -1.603 -2.125 -2.103 -2.294 -1.258 -1.925 -2.402 1.052 14.06
212 151 600 2.938 1.879 -0.836 -2.317 -3.063 86.7 90.4 0.642 0.234 286 243.8 608.5 1.24 1.104
188 151 600 -1.249 -0.421 -1.588 -0.867 7.61 0.828 -0.142 -0.67 0.399 5.616 -1.574 -2.45 0.608 14.14
212 151 700 3.002 1.965 0.055 -2.169 -2.673 85.9 89.5 0.347 0.31 248.8 254.7 608.4 1.24 1.104
188 151 700 -1.085 0.094 -0.433 0.074 7.14 2.511 2.08 1.917 5.027 4.711 -1.198 -1.847 0.823 14.29
212 151 800 2.995 1.92 1.867 -2.273 -2.085 89.1 88 0.35 0.279 212.3 208.7 608.5 1.239 1.104
188 151 800 -0.642 0.27 -0.209 -0.319 2.687 3.824 3.721 4.202 5.505 1.324 -1.331 -1.217 0.797 14.35
212 151 900 3.819 2.578 1.883 -2.16 -2.011 82.1 79.1 0.357 0.242 252.7 210.8 608.5 1.24 1.105
188 151 900 0.852 2.453 1.067 1.463 7.21 6.786 5.123 4.613 6.486 7.12 -0.643 -0.039 1.326 14.58
212 151 1000 3.713 2.337 4.158 -2.919 -2.714 89.3 85.3 0.509 0.32 277.8 178.5 608.6 1.241 1.105
188 151 1000 0.546 0.934 -0.825 -0.524 4.011 4.703 2.124 1.729 2.866 4.184 -2.212 -1.444 1.45 14.61
212 151 1100 4.23 2.528 6.871 -2.59 -2.498 89.1 87.9 0.445 0.404 126.6 102.1 608.5 1.241 1.105
188 151 1100 1.163 1.516 -0.17 -0.208 2.182 2.468 0.649 0.8 1.234 1.37 -1.616 -1.269 1.202 13.91
212 151 1200 4.778 2.802 8.42 -2.767 -2.725 89.9 90.4 0.844 0.773 99.7 73.5 608.5 1.24 1.105
188 151 1200 1.074 0.497 -0.578 -1.107 -0.452 1.265 -0.226 0.648 0.483 -0.749 -1.803 -1.84 1.568 13.97
212 151 1300 5.107 2.957 9.65 -3.061 -2.973 92.2 92.8 1.149 1.075 54.58 51.87 608.7 1.241 1.103
188 151 1300 -0.189 -0.87 -1.572 -1.971 -1.399 -0.899 -1.717 -1.455 -1.266 -1.672 -2.409 -2.339 1.64 13.7
212 151 1400 5.29 3.041 10.88 -2.733 -2.693 91.3 91.6 1.219 1.131 58.84 52 608.7 1.24 1.104
188 151 1400 0.158 -0.708 -1.304 -1.73 -1.166 -0.742 -1.501 -1.166 -0.985 -1.402 -2.134 -2.055 2.051 13.67
212 151 1500 5.68 3.251 12.09 -2.15 -2.206 87.2 88.1 0.88 0.711 160.1 158 608.4 1.239 1.103
188 151 1500 0.844 0.039 -0.36 -0.566 0.909 1.312 0.132 0.656 1.579 0.627 -1.284 -1.281 2.254 13.66
212 151 1600 5.931 3.379 12.81 -1.937 -1.797 85 83.1 0.53 0.444 240.9 221.6 608.3 1.238 1.104
188 151 1600 1.329 0.988 0.124 -0.245 2.891 3.135 2.401 2.542 4.374 2.714 -0.945 -0.528 1.222 14.56
212 151 1700 5.308 3.032 11.36 -2.226 -2.267 88.1 89.1 0.88 0.807 108.7 105.6 608.2 1.239 1.103
188 151 1700 1.094 -0.148 -0.425 -1.096 -0.469 0.822 0.062 1.079 1.07 -0.926 -1.216 -1.409 1.816 13.79
212 151 1800 5.215 2.916 10.76 -2.271 -2.295 88.6 89.9 0.811 0.753 62.3 60.27 608.1 1.24 1.103
188 151 1800 1.709 -0.265 -0.454 -1.29 -1.061 -0.174 -1.225 -0.34 -0.829 -1.328 -1.265 -1.425 2.032 13.68
212 151 1900 5.42 3.031 11.92 -2.761 -2.621 93.8 93.7 1.518 1.439 48.52 43.5 608 1.24 1.103
188 151 1900 0.249 -1.467 -1.755 -2.299 -1.834 -1.814 -2.007 -1.961 -1.808 -1.963 -2.298 -2.147 2.306 13.75
212 151 2000 5.813 3.149 11.79 -2.114 -2.184 85.7 86.6 0.631 0.584 90.2 54.12 608 1.24 1.104
188 151 2000 4.042 0.969 0.259 -1.666 -1.069 -0.873 -1.62 -1.283 -1.901 -1.288 -0.94 -1.039 1.771 13.68
212 151 2100 5.001 2.745 9.15 -2.601 -2.495 89.3 88.8 1.1 1.073 24.44 29.32 608.1 1.24 1.103
188 151 2100 4.436 -0.432 -0.952 -2.213 -1.667 -1.741 -1.912 -1.966 -1.981 -1.67 -1.826 -1.626 1.836 13.78
212 151 2200 4.867 2.687 9.24 -2.766 -2.647 92.6 92.3 1.496 1.442 27 29.85 607.8 1.24 1.104
188 151 2200 3.177 -1.251 -1.673 -2.495 -2.05 -2.175 -2.091 -2.186 -2.145 -1.743 -2.261 -2.039 2.241 13.79
212 151 2300 3.913 2.198 7 -2.735 -2.582 94.5 93.3 1.344 1.306 40.72 28.13 607.9 1.24 1.105
188 151 2300 2.356 -1.046 -1.73 -2.306 -1.798 -1.99 -2.07 -2.21 -2.118 -1.213 -2.396 -2.012 2.378 14.64
212 152 0 3.837 2.168 4.551 -2.467 -2.457 89.7 89.5 0.639 0.608 100.6 29.8 608 1.24 1.104
188 152 0 6.964 0.809 -0.796 -1.613 -1.207 -1.166 -2.004 -1.827 -2.195 0.104 -1.589 -1.318 1.013 14.29
212 152 100 3.598 2.063 2.694 -0.852 -2.059 78.8 83.5 0.132 0.169 89.3 65.08 608 1.239 1.103
188 152 100 12.65 3.533 1.938 1.25 -0.307 0.183 -1.709 -0.408 -1.9 -0.091 0.616 -0.431 0.464 14.24
212 152 200 3.18 1.816 1.94 -1.247 -1.931 79.9 82 0.271 0.185 77.1 62.28 608 1.239 1.102
188 152 200 9.65 3.184 1.856 1.814 1.129 0.391 -1.459 -0.117 -1.659 0.394 0.123 -0.354 1 14.2
212 152 300 2.323 1.357 0.973 -2.548 -2.577 88.6 86.2 0.641 0.524 22 26.64 607.9 1.24 1.104
188 152 300 1.468 -0.372 -1.471 -1.593 -0.13 -1.506 -2.236 -1.953 -2.267 -0.763 -2.091 -1.555 1.052 14.22
212 152 400 2.381 1.422 1.659 -2.635 -2.65 90.1 87.3 0.681 0.495 227.7 231.9 607.7 1.24 1.105
188 152 400 0.15 -0.591 -1.697 -1.667 -0.096 -0.892 -2.076 -1.686 -2.201 -0.185 -2.306 -1.748 1.169 14.26
212 152 500 2.066 1.29 0.365 -2.867 -3.008 90.2 90.4 0.628 0.503 33.12 50.07 607.3 1.241 1.105
188 152 500 -0.815 -1.178 -1.965 -2.156 -1.372 -1.806 -2.426 -2.222 -2.478 -1.778 -2.415 -2.414 1.156 14.29
212 152 600 1.777 1.104 1.317 -3.268 -3.169 95.6 94.4 0.826 0.79 107.7 30.76 607.2 1.241 1.105
188 152 600 -1.746 -1.922 -2.504 -2.751 -1.819 -2.128 -2.403 -2.519 -2.484 -1.76 -3.163 -2.843 1.575 14.26
212 152 700 2.417 1.532 1.999 -3.016 -2.977 91.6 90.7 0.303 0.233 214.7 159 606.9 1.241 1.104
188 152 700 -0.416 -0.167 -1.512 -1.213 1.652 0.482 -0.723 -0.605 -0.581 1.048 -2.487 -2.218 0.804 14.44
212 152 800 2.373 1.502 2.349 -3.478 -3.38 94.8 92.9 0.463 0.216 278.9 263.6 606.8 1.242 1.106
188 152 800 -1.324 -1.245 -2.194 -1.95 0.684 0.242 -1.24 -1.196 -0.857 0.613 -3.158 -2.642 0.967 14.45
212 152 900 3.967 2.773 2.429 -2.671 -2.631 85.9 82.6 0.215 0.182 213.6 212.5 606.4 1.242 1.105
188 152 900 -0.217 1.223 0.028 0.526 7.42 4.853 3.934 2.641 6.188 6.499 -1.636 -0.836 0.784 14.78
212 152 1000 4.232 2.969 1.568 -2.23 -1.947 82.4 78.1 0.412 0.361 112.7 86.3 606.3 1.241 1.104
188 152 1000 2.037 4.351 1.529 1.218 4.849 5.991 4.189 3.706 4.991 4.165 -1.065 -0.189 1.313 14.61
212 152 1100 5.462 3.661 3.549 -2.121 -2.044 80.3 78.7 0.881 0.817 49.72 50.62 606.3 1.241 1.104
188 152 1100 1.583 3.459 0.834 0.62 3.045 3.909 1.512 1.126 2.134 1.724 -1.008 -0.483 1.45 13.94
212 152 1200 5.975 3.863 5.173 -0.905 -1.048 71.7 73 0.405 0.356 89.9 88.3 606.1 1.24 1.103
188 152 1200 5.53 6.956 4.994 4.248 4.114 11.14 7.03 9.45 8.57 4.066 0.958 0.577 0.817 13.67
212 152 1300 6.091 3.844 8.1 -0.703 -0.677 69.45 69.36 0.331 0.285 218.7 149.8 605.8 1.24 1.103
188 152 1300 4.536 6.026 4.229 4.668 7.71 9.8 6.616 7.81 9.4 6.864 1.232 1.316 1.248 13.52
212 152 1400 5.475 3.392 8.33 -2.297 -2.093 81.8 79.8 0.862 0.544 274.9 275 605.7 1.239 1.104
188 152 1400 -0.854 -0.438 -0.134 0.266 5.02 4.334 4.162 3.828 9.28 4.233 -1.214 -0.719 1.581 13.61
212 152 1500 7.03 4.247 12.02 -1.651 -1.438 77.5 75.9 0.675 0.555 154 113.7 605.4 1.239 1.103
188 152 1500 2.157 2.224 1.33 1.076 3.53 3.748 1.867 2.813 3.915 3.195 -0.396 0.036 1.477 13.48
212 152 1600 7.08 4.202 12.95 -1.429 -1.427 76.8 77.1 0.725 0.667 99.3 81.1 605.1 1.24 1.103
188 152 1600 1.806 1.637 1.43 0.65 1.513 1.785 0.692 1.286 1.32 0.682 0.001 -0.001 2.032 13.43
212 152 1700 6.359 3.751 11.25 -1.522 -1.544 77.9 78.5 0.74 0.675 131.5 92 605 1.239 1.103
188 152 1700 1.655 0.974 0.865 -0.257 0.534 1.29 0.164 0.871 0.524 0.295 -0.091 -0.276 1.45 13.59
212 152 1800 6.77 3.85 12.74 -2.134 -2.076 84.2 85.2 1.208 1.133 46.87 45.49 604.7 1.239 1.102
188 152 1800 0.32 -1.072 -0.975 -1.613 -1.341 -1.194 -1.685 -1.206 -1.339 -1.763 -1.118 -1.291 1.914 13.56
212 152 1900 6.459 3.646 11.8 -1.878 -1.61 83 81.4 1.029 0.997 96.2 26.45 604.5 1.239 1.103
188 152 1900 1.349 0.206 -0.957 -1.752 -0.62 -0.68 -1.423 -1.125 -1.39 -0.844 -0.966 -0.533 2.071 14.48
212 152 2000 6.425 3.603 11.99 -2.075 -1.864 86.1 84.7 1.072 1.026 77.6 35.15 604.7 1.24 1.103
188 152 2000 3.226 0.818 -0.256 -1.862 -1.071 -1.008 -1.218 -1.33 -1.589 -0.884 -1.27 -0.903 1.803 13.81
212 152 2100 5.809 3.283 9.81 -2.305 -2.201 87 86.4 0.94 0.899 75.5 34.72 604.8 1.24 1.104
188 152 2100 7.73 0.568 -0.006 -1.937 -1.421 -1.324 -1.515 -1.616 -1.635 -1.224 -1.355 -1.156 1.32 13.93
212 152 2200 5.246 3.021 7.24 -1.097 -0.925 77.8 77.5 0.487 0.384 255.7 230.4 604.7 1.239 1.104
188 152 2200 10.46 5.696 3.046 0.269 1.118 2.73 5.068 4.875 4.301 2.648 0.357 0.324 0.902 14.55
212 152 2300 4.642 2.738 4.828 -0.062 0.165 71.4 72 0.194 0.144 215.6 218.1 604.7 1.238 1.103
188 152 2300 15.58 9.14 6.768 3.819 2.254 5.844 7.71 8.86 6.297 3.572 1.824 1.47 0.614 14.35
212 153 0 4.074 2.44 3.054 -0.639 -0.549 76.2 76 0.335 0.232 115.4 123.6 604.8 1.238 1.102
188 153 0 15.47 7.02 4.087 2.121 1.013 3.937 2.734 4.537 2.473 1.761 0.945 0.81 0.653 14.29
212 153 100 3.595 2.166 2.089 -1.561 -1.558 83.6 81.2 0.889 0.804 193 15.55 604.8 1.238 1.102
188 153 100 7.71 2.242 -0.178 -0.847 0.407 0.107 -1.331 -1.175 -1.492 2.726 -0.674 -0.156 1.561 14.27
212 153 200 3.231 1.897 2.32 -1.976 -2.032 86.7 82.2 0.867 0.544 235.5 129.3 604.8 1.239 1.103
188 153 200 4.744 1.068 -0.85 -0.545 1.701 0.283 -1.414 -1.046 -1.32 2.709 -1.483 -0.66 1.359 14.27
212 153 300 2.96 1.715 1.467 -1.328 -1.793 81.6 77.8 0.181 0.128 271.6 270 604.8 1.239 1.104
188 153 300 3.197 3.515 1.922 4.667 8.12 2.391 1.668 1.509 2.339 6.101 -0.523 0.173 0.601 14.26
212 153 400 2.668 1.646 1.529 -0.523 -1.281 75.8 74.4 0.071 0.059 252.8 252.3 604.6 1.24 1.103
188 153 400 3.987 3.856 2.205 3.542 4.839 2.097 -0.27 1.251 -0.088 1.343 0.647 0.899 0.327 14.25
212 153 500 2.935 1.973 -0.226 -2.357 -2.796 86.8 87.5 0.82 0.47 268.4 188.2 604.7 1.24 1.104
188 153 500 -0.598 -0.424 -1.61 -1.813 -0.257 -0.144 -1.889 -1.317 -1.894 -0.761 -1.742 -1.983 1.124 14.31
212 153 600 2.892 2.018 -1.368 -2.561 -3.309 86.8 90.7 0.764 0.304 265.9 182.5 604.6 1.241 1.105
188 153 600 -1.422 -0.562 -1.437 -0.717 5.291 0.761 -1.073 -0.869 -1.139 3.604 -1.939 -2.804 0.921 14.36
212 153 700 2 1.472 -3.018 -2.943 -3.426 88.5 90.2 0.424 0.299 134.5 117.5 604.5 1.242 1.105
188 153 700 -1.952 -0.832 -2.083 -1.97 1.552 -0.565 -1.007 -1.315 0.013 0.561 -2.357 -2.801 0.791 14.49
212 153 800 3.751 2.863 -1.231 -2.319 -2.311 80.8 78.1 0.536 0.443 246.1 254.2 604.6 1.24 1.104
188 153 800 -1.906 -0.861 -1.201 -0.95 5.995 2.96 3.098 3.234 7.15 2.447 -0.992 -0.393 0.941 14.48
212 153 900 4.209 3.282 -0.368 -1.796 -1.596 77.6 73.3 0.457 0.181 238.9 237.6 604.8 1.24 1.104
188 153 900 0.167 2.156 1.212 1.287 6.067 7.69 7.54 6.903 8.91 7.71 -0.63 0.221 0.849 14.83
212 153 1000 4.771 3.6 0.936 -1.949 -1.019 79.9 71.3 0.54 0.337 224.4 227.5 604.8 1.24 1.103
188 153 1000 1.903 4.24 1.707 2.098 8.94 10.92 11.28 8.68 16.43 9.33 -0.678 0.961 0.712 14.62
212 153 1100 5.376 3.768 3.149 -1.372 -0.843 77.7 71.9 0.431 0.286 238.6 241.5 604.6 1.239 1.103
188 153 1100 0.931 2.773 1.196 2.534 10.66 11.74 12.97 9.25 20.95 9.59 0.189 1.322 0.777 13.99
212 153 1200 5.963 3.994 5.04 -1.175 -0.834 76.7 73.4 0.405 0.338 256.6 264.3 604.8 1.238 1.102
188 153 1200 0.629 2.191 1.397 1.881 10.52 11.9 12.37 9.81 21.51 10.49 0.501 1.285 0.725 13.73
212 153 1300 6.504 4.26 7.46 -0.955 -0.549 76.7 77 0.804 0.663 197.2 198 604.6 1.237 1.101
188 153 1300 0.74 2.072 1.004 1.084 4.703 11.44 13.95 16 22.4 4.067 0.963 0.691 1.117 13.58
212 153 1400 5.706 3.662 7.65 -1.191 -0.945 81.9 82.1 1.365 1.116 207.2 208.9 604.3 1.237 1.101
188 153 1400 -0.416 0.016 0.01 -0.091 1.825 4.662 7.56 8.61 13.49 1.703 -0.048 -0.218 1.803 13.83
212 153 1500 5.622 3.545 10.9 -0.956 -0.744 85.8 86.2 1.899 1.568 204.7 206 604.2 1.236 1.101
188 153 1500 0.171 0.057 0.018 -0.338 0.757 1.452 3.036 3.186 5.081 0.401 -0.326 -0.407 2.123 13.73
212 153 1600 6.227 3.828 11.86 -0.673 -0.42 88.7 87.8 1.694 1.414 212.9 215.2 603.7 1.235 1.101
188 153 1600 0.403 0.298 0.626 -0.018 0.968 1.992 3.57 3.762 5.034 0.5 0.067 0.079 1.908 13.63
212 153 1700 6.841 4.135 13.15 -0.16 0.327 83.5 81.9 1.067 0.893 199.2 201.1 603.3 1.235 1.099
188 153 1700 1.642 1.527 1.644 0.518 1.648 3.792 4.997 5.864 6.708 0.927 1.031 1.017 1.575 13.6
212 153 1800 5.839 3.534 10.73 -0.15 0.126 83.3 83.2 1.05 0.887 210.3 211 602.9 1.235 1.099
188 153 1800 1.325 1.328 1.081 0.422 1.772 3.444 4.441 5.44 6.538 0.816 1.081 0.84 1.509 13.64
212 153 1900 4.846 2.933 8.74 -0.227 -0.114 87.3 86 1.412 1.189 220.4 223.7 602.4 1.234 1.099
188 153 1900 1.159 0.862 0.835 0.285 1.141 2.013 2.635 2.983 3.44 0.571 0.372 0.509 1.64 15.04
212 153 2000 4.046 2.527 7.87 -0.423 -0.287 89.1 89.1 1.776 1.459 205.7 208.5 602.2 1.235 1.099
188 153 2000 0.734 0.479 0.332 0.049 0.736 1.243 2.076 2.295 3.105 0.35 0.007 -0.031 1.901 13.87
212 153 2100 3.444 2.194 6.457 -0.545 -0.392 88.9 88.7 1.551 1.274 200.6 201.8 602.2 1.235 1.099
188 153 2100 0.539 0.387 0.146 -0.093 0.625 1.199 1.989 2.251 3.194 0.289 -0.2 -0.17 1.764 13.86
212 153 2200 2.904 1.872 5.024 -0.31 -0.129 85 85 0.83 0.652 211.7 212.3 601.8 1.235 1.099
188 153 2200 1.129 0.97 0.586 0.333 1.381 2.415 2.681 3.229 4.183 0.909 0.146 0.172 1.228 13.92
212 153 2300 2.407 1.559 4.131 -0.39 -0.33 88.4 87.5 1.201 1.051 243.2 247.5 601.6 1.234 1.098
188 153 2300 0.312 0.204 0.31 0.026 1.018 1.285 1.514 1.484 2.49 0.756 -0.193 0.047 1.731 15.04
212 154 0 1.949 1.27 3.152 -0.544 -0.388 92.2 90.9 1.485 1.272 203.7 207.1 601.5 1.234 1.098
188 154 0 0.139 0.055 -0.091 -0.285 0.192 0.588 0.996 1.08 1.755 0.068 -0.489 -0.267 2.051 14.47
212 154 100 1.594 1.047 2.376 -0.485 -0.228 91.7 89.6 0.744 0.554 207 202.3 601.1 1.234 1.098
188 154 100 0.487 0.464 0.174 -0.036 0.697 1.289 1.486 1.596 2.503 0.52 -0.356 -0.02 1.241 14.38
212 154 200 1.308 0.867 1.668 -0.383 -0.179 91.2 89.3 0.296 0.193 206.7 209.1 601 1.235 1.098
188 154 200 0.838 0.912 0.518 0.45 1.138 1.927 1.637 1.962 2.403 0.819 -0.23 0.066 0.784 14.29
212 154 300 1.044 0.698 1.139 -0.422 -0.379 92.5 90.7 0.429 0.199 309.3 171.3 600.9 1.235 1.098
188 154 300 0.99 0.836 0.145 0.153 1.034 1.128 0.242 0.434 0.364 1.026 -0.394 -0.104 0.797 14.24
212 154 400 0.9 0.604 0.889 -0.504 -0.444 94 92.6 0.294 0.171 133.3 110.1 600.4 1.235 1.098
188 154 400 0.853 0.599 0.271 0.181 0.59 0.841 0.214 0.505 0.31 0.435 -0.514 -0.283 1.058 14.21
212 154 500 1.077 0.712 1.247 -0.617 -0.605 95.1 93.6 0.913 0.62 246.9 123.1 600.1 1.235 1.098
188 154 500 0.477 0.133 -0.21 -0.342 0.118 0.399 -0.261 -0.018 -0.247 0.079 -0.68 -0.434 1.463 14.31
212 154 600 1.225 0.807 1.646 -0.597 -0.592 94.3 93.2 0.682 0.54 75.4 54.93 599.9 1.235 1.098
188 154 600 0.513 0.216 -0.1 -0.221 0.134 0.199 -0.195 -0.09 -0.124 0.068 -0.616 -0.412 1.202 14.33
212 154 700 1.209 0.805 1.666 -0.56 -0.56 94.8 93.8 1.221 1.078 18.37 21.84 599.6 1.235 1.098
188 154 700 0.206 -0.042 -0.312 -0.438 -0.077 -0.17 -0.351 -0.376 -0.308 -0.06 -0.642 -0.446 1.731 14.37
212 154 800 1.483 0.981 2.138 -0.268 -0.195 92.3 91.4 0.621 0.434 93.4 99.5 599.4 1.235 1.098
188 154 800 1.016 0.829 0.33 0.127 0.756 1.198 0.931 1.169 1.34 0.662 -0.149 0.022 1.032 14.48
212 154 900 1.81 1.194 2.896 -0.483 -0.414 95 94.1 1.158 0.91 205.2 207.9 599.3 1.235 1.098
188 154 900 0.161 0.127 -0.008 -0.162 0.419 0.919 1.302 1.497 2.17 0.107 -0.389 -0.293 1.307 14.48
212 154 1000 2.099 1.377 3.372 -0.089 -0.103 92.1 91.7 0.623 0.499 196.7 225.8 598.9 1.234 1.098
188 154 1000 1.33 1.099 0.817 0.58 1.369 1.835 1.867 2.283 2.689 1.071 0.156 0.181 1.222 14.52
212 154 1100 2.813 1.827 4.744 0.243 0.198 88 87.4 0.581 0.471 83.9 158.8 599.2 1.234 1.097
188 154 1100 2.73 2.244 1.257 1.052 2.099 2.111 1.04 1.304 1.266 1.976 0.655 0.821 1.143 14.7
212 154 1200 2.965 1.935 4.289 0.674 0.812 85.6 83.8 0.407 0.169 244.2 249.8 599.1 1.234 1.097
188 154 1200 3.192 3.113 2.328 2.624 4.036 5.069 4.114 5.107 5.501 3.533 1.254 1.538 0.875 14.48
212 154 1300 4.922 3.225 7.6 0.201 0.137 88.3 87.6 1.842 1.316 118.1 90.5 599.1 1.234 1.097
188 154 1300 1.929 1.585 1.171 1.056 2.108 2.708 1.64 1.898 2.232 2.448 0.596 0.705 3.005 13.95
212 154 1400 5.316 3.427 9.92 0.987 0.965 85.2 84.3 2.118 1.281 223.4 193.7 598.8 1.232 1.095
188 154 1400 2.246 1.729 1.6 1.531 3.46 3.414 2.443 2.408 3.382 3.483 1.351 1.566 2.587 13.72
212 154 1500 4.823 3.125 8.62 0.648 1.032 86.5 83.8 1.421 1.055 202.8 204.4 598.9 1.233 1.096
188 154 1500 2.54 2.134 1.651 1.252 2.569 3.917 4.079 4.273 5.959 2.427 1.191 1.552 2.306 13.74
212 154 1600 4.729 3.066 8.26 0.44 0.65 88.2 87 1.017 0.825 205.4 208.3 598.9 1.233 1.097
188 154 1600 2.012 1.949 1.57 1.19 2.688 4.186 4.976 5.542 7.17 1.913 1.149 1.161 1.405 13.79
212 154 1700 4.441 2.915 7.5 0.897 1.051 83.7 82.5 0.456 0.332 229.1 212.7 598.8 1.233 1.097
188 154 1700 2.889 3.073 2.663 2.315 4.898 6.259 6.658 7.46 9.13 3.669 1.915 2.083 0.83 13.94
212 154 1800 4.527 2.932 7.94 1.194 1.656 82.7 80.9 0.256 0.209 185.6 189.7 598.9 1.233 1.097
188 154 1800 4.446 4.426 3.568 2.958 4.867 7.9 7.24 9.09 9.14 3.419 2.291 2.522 0.581 13.71
212 154 1900 3.922 2.507 7.49 1.61 1.824 64.78 64.97 0.764 0.313 224.2 223.1 0 0 0
208 154 1900 -0.009 0.059 -0.39 -0.715 -0.616 -0.234 -0.374 -0.757 -0.032 0.932 2.186 2.582 0.627 3.761
212 154 2000 3.622 2.332 7.2 1.517 1.31 81.6 82.4 0.368 0.189 230.4 236 599.3 1.234 1.105
208 154 2000 -0.092 -0.009 -1.646 -3.777 -3.668 -1.574 -2.174 -3.756 -0.321 -0.425 2.409 2.318 0.758 -6999
212 154 2100 3.199 2.041 5.765 1.479 1.302 83 82.1 0.065 0.436 142.6 147 599.3 1.239 1.097
208 154 2100 0.065 -0.231 -4.391 -11.24 -12.88 -9.47 -13.55 -12.52 -5.94 -9.8 1.888 2.038 1.352 -8.52
212 154 2200 2.767 1.81 4.474 1.612 1.588 83.5 82.5 0.158 0.43 244.4 209.5 0 1.1 0.976
208 154 2200 0.122 -1.027 -8.93 -14.81 -16.69 -16.4 -16.59 -16.63 -15.76 -15.72 2.14 2.221 1.228 -8.95
212 154 2300 2.411 1.586 3.598 1.534 1.532 85.7 84.2 0.423 0.708 199.8 198.3 599.8 1.235 1.098
208 154 2300 0.119 -1.5 -10.71 -15.68 -17.64 -17.74 -17.39 -17.7 -17.11 -16.56 1.776 1.957 2.176 -19.93
212 155 0 2.125 1.383 3.098 1.921 1.917 83.5 82.2 0.338 0.907 169.5 175.5 599.9 1.233 1.096
208 155 0 0.103 -2.24 -11.7 -16.25 -18.25 -18.53 -17.92 -18.41 -17.92 -17.12 2.103 2.229 1.829 -33.22
212 155 100 1.776 1.155 2.559 0.443 0.428 92.8 91.6 0.906 1.258 37.6 41.61 600.4 1.236 1.097
208 155 100 0.095 -3.614 -12.25 -16.6 -18.64 -19 -18.25 -18.86 -18.39 -17.46 0.586 0.691 1.908 30.61
212 155 200 1.621 1.061 2.664 0.045 0.028 95.9 94.7 1.067 1.409 82.6 79.6 600.7 1.237 1.098
208 155 200 0.069 -4.65 -12.6 -16.84 -18.9 -19.31 -18.48 -19.18 -18.72 -17.7 0.025 0.18 2.6 23.78
212 155 300 1.403 0.921 2.22 0.039 -0.054 94.9 94.6 0.911 1.238 91.5 95.7 600.9 1.237 1.098
208 155 300 0.043 -5.347 -12.84 -17.01 -19.08 -19.53 -18.64 -19.4 -18.95 -17.87 0.084 0.085 2.221 16.83
212 155 400 0.954 0.646 1.539 0.032 0.017 95.2 94 0.719 0.941 154.9 155.4 601.4 1.237 1.098
208 155 400 0.013 -5.792 -13.03 -17.15 -19.23 -19.7 -18.78 -19.58 -19.12 -17.99 0.004 0.153 1.797 18.67
212 155 500 0.904 0.615 1.36 0.183 0.151 95.2 94.2 0.861 1.587 111.9 116.4 601.5 1.236 1.098
208 155 500 0.013 -6.066 -13.15 -17.24 -19.33 -19.82 -18.87 -19.7 -19.25 -18.09 0.096 0.189 2.613 16.35
212 155 600 0.961 0.653 1.107 -0.071 -0.128 95.4 94.8 0.882 1.197 106.9 110.6 601.7 1.237 1.098
208 155 600 0.006 -6.27 -13.25 -17.33 -19.42 -19.93 -18.96 -19.82 -19.36 -18.18 -0.09 -0.059 2.698 15.06
212 155 700 1.15 0.778 0.88 -0.042 -0.081 94.6 93.7 0.392 0.599 201.4 192.5 602 1.237 1.098
208 155 700 0.01 -6.424 -13.34 -17.39 -19.5 -20.01 -19.03 -19.92 -19.44 -18.25 0.018 0.069 1.653 19.17
212 155 800 1.502 1.006 1.547 -0.23 -0.26 94.8 93.7 0.41 0.996 126 133.9 602.5 1.237 1.098
208 155 800 0.033 -6.53 -13.39 -17.44 -19.55 -20.07 -19.07 -19.97 -19.51 -18.3 -0.198 -0.046 2.208 17.64
212 155 900 2.145 1.419 2.828 0.101 0.02 92.2 91.3 0.247 0.55 144.5 145.8 602.9 1.237 1.098
208 155 900 0.062 -6.619 -13.45 -17.49 -19.61 -20.14 -19.13 -20.05 -19.58 -18.36 0.325 0.404 1.908 579
212 155 1000 2.615 1.739 4.014 0.333 0.222 89.7 89.6 0.29 0.459 115.5 131.2 603.1 1.237 1.098
208 155 1000 0.104 -6.684 -13.48 -17.52 -19.66 -20.19 -19.19 -20.12 -19.63 -18.4 0.902 0.79 1.104 -74.5
212 155 1100 2.85 1.903 4.685 -0.044 -0.124 94.4 93.9 1.09 1.342 102.4 87.8 603.2 1.237 1.098
208 155 1100 0.156 -6.705 -13.49 -17.53 -19.66 -20.2 -19.19 -20.11 -19.66 -18.44 0.226 0.203 2.019 77
212 155 1200 3.108 2.083 4.869 0.779 0.383 88 88.9 0.248 0.254 47.04 66.67 602.9 1.237 1.098
208 155 1200 0.162 -6.765 -13.53 -17.57 -19.72 -20.26 -19.25 -20.2 -19.7 -18.46 1.437 1.149 0.875 -20.82
212 155 1300 2.897 1.975 4.459 1.684 1.278 82.8 84.3 0.118 0.072 93.5 99.5 602.9 1.237 1.097
208 155 1300 0.186 -6.783 -13.53 -17.56 -19.72 -20.26 -19.26 -20.19 -19.72 -18.48 2.449 2.11 0.627 -9.17
212 155 1400 2.911 2 3.987 0.675 0.606 91.6 90.4 0.691 1.013 191.1 185.1 602.9 1.237 1.097
208 155 1400 0.218 -6.79 -13.53 -17.55 -19.72 -20.26 -19.24 -20.16 -19.72 -18.5 0.948 1.104 1.986 -36.01
212 155 1500 3.412 2.311 5.123 1.371 1.354 88.5 87.2 1.926 2.145 209.9 210.1 602.6 1.236 1.095
208 155 1500 0.233 -6.828 -13.56 -17.59 -19.75 -20.31 -19.29 -20.22 -19.74 -18.51 1.467 1.568 3.162 -9.18
212 155 1600 3.85 2.558 6.653 1.636 1.613 87.2 86 2.099 2.356 207.5 208.6 602.3 1.237 1.095
208 155 1600 0.253 -6.846 -13.57 -17.61 -19.78 -20.33 -19.32 -20.26 -19.77 -18.53 1.738 1.81 2.777 -25.85
212 155 1700 4.413 2.904 7.97 2.172 2.138 79.6 78.8 0.815 1.016 94.6 122.1 0 0 0
198 155 1700 0.168 -6.937 -13.67 -17.71 -19.89 -20.43 -19.38 -20.27 -19.86 -18.68 2.451 2.462 0.101 4.782
212 155 1800 4.551 2.953 8.13 1.166 0.796 87.6 88.7 1.018 1.288 57.15 59.48 601.9 1.239 1.101
198 155 1800 0.268 -6.869 -13.6 -17.64 -19.82 -20.38 -19.35 -20.25 -19.72 -18.55 1.902 1.518 0.292 4.517
212 155 1900 4.565 2.994 8.35 0.116 -0.006 94.8 94.2 2.203 2.67 38.67 43.05 601.5 1.243 1.103
198 155 1900 0.311 -6.848 -13.57 -17.6 -19.78 -20.34 -19.31 -20.24 -19.8 -18.58 0.414 0.343 0.048 2.301
212 155 2000 4.411 2.882 7.92 -0.168 -0.28 96.1 94.8 2.304 2.801 27.8 32.15 601.4 1.244 1.104
198 155 2000 0.289 -6.87 -13.59 -17.62 -19.8 -20.38 -19.35 -20.3 -19.84 -18.6 -0.046 0 -0.047 1.803
212 155 2100 3.964 2.583 6.855 -0.082 -0.166 95.5 94 2.181 2.66 29.08 31.82 601.3 1.244 1.103
198 155 2100 0.255 -6.894 -13.59 -17.63 -19.81 -20.4 -19.37 -20.33 -19.87 -18.62 0.056 0.133 -0.096 1.864
212 155 2200 3.436 2.238 5.695 -0.191 -0.267 96.2 94.8 2.366 2.876 32.06 35.34 600.9 1.244 1.104
198 155 2200 0.224 -6.919 -13.6 -17.63 -19.82 -20.41 -19.38 -20.33 -19.88 -18.64 -0.104 -0.061 -0.207 1.369
212 155 2300 2.672 1.764 4.174 -0.227 -0.283 96.7 95.4 2.587 3.153 36.43 40.07 600.6 1.244 1.104
198 155 2300 0.178 -6.947 -13.61 -17.64 -19.82 -20.42 -19.38 -20.34 -19.89 -18.64 -0.252 -0.143 -0.272 0.88
212 156 0 2.165 1.442 3.153 -0.368 -0.414 97.6 96.2 3.045 3.717 30.77 35.2 600.3 1.244 1.104
198 156 0 0.131 -6.978 -13.62 -17.66 -19.83 -20.44 -19.4 -20.36 -19.91 -18.66 -0.46 -0.338 -0.386 0.429
212 156 100 1.929 1.282 2.786 -0.425 -0.464 97.9 96.6 3.177 3.854 35.45 38.94 600 1.244 1.104
198 156 100 0.108 -7 -13.64 -17.67 -19.84 -20.45 -19.42 -20.38 -19.93 -18.67 -0.54 -0.411 -0.469 0.248
212 156 200 1.554 1.047 2.649 -0.479 -0.576 98.5 97.4 2.462 3.043 39.14 36.31 599.8 1.244 1.104
198 156 200 0.075 -7.03 -13.64 -17.67 -19.85 -20.47 -19.44 -20.41 -19.95 -18.69 -0.571 -0.512 -0.302 0.207
212 156 300 1.617 1.084 2.759 -0.743 -0.859 99.6 98.3 2.363 2.927 17.06 20.42 599.4 1.245 1.104
198 156 300 0.073 -7.04 -13.64 -17.67 -19.85 -20.48 -19.44 -20.41 -19.96 -18.69 -0.832 -0.808 -0.35 -0.162
212 156 400 1.702 1.137 2.06 -0.673 -0.736 99.4 98 2.482 3.051 25.75 23.32 598.7 1.245 1.104
198 156 400 0.077 -7.05 -13.64 -17.68 -19.86 -20.48 -19.45 -20.43 -19.97 -18.7 -0.765 -0.675 -0.556 -0.03
212 156 500 1.57 1.052 1.458 -0.758 -0.825 98.2 96.8 1.28 1.61 30.77 34.22 598.2 1.245 1.104
198 156 500 0.08 -7.06 -13.64 -17.68 -19.86 -20.49 -19.46 -20.44 -19.98 -18.71 -0.707 -0.626 -0.758 0.442
212 156 600 1.481 1.003 2.258 -0.619 -0.729 98.7 97.6 1.668 2.076 45.99 26.04 597.9 1.245 1.104
198 156 600 0.075 -7.06 -13.64 -17.68 -19.87 -20.5 -19.47 -20.45 -19.98 -18.71 -0.682 -0.645 -0.4 0.261
212 156 700 1.638 1.109 2.275 -0.542 -0.655 97.3 96.3 1.316 1.642 41.26 38.81 597.8 1.245 1.104
198 156 700 0.101 -7.07 -13.64 -17.67 -19.87 -20.5 -19.48 -20.46 -20 -18.72 -0.52 -0.492 -0.441 0.658
212 156 800 1.91 1.291 2.891 -0.685 -0.772 97.1 95.6 2.21 2.763 23.95 27.01 597.5 1.245 1.104
198 156 800 0.123 -7.06 -13.63 -17.67 -19.86 -20.5 -19.48 -20.45 -20 -18.73 -0.741 -0.643 -0.547 0.252
212 156 900 2.196 1.486 3.305 -0.806 -0.901 96.2 94.9 2.582 3.207 18.39 22.25 597.5 1.245 1.105
198 156 900 0.158 -7.05 -13.62 -17.66 -19.86 -20.51 -19.49 -20.46 -20 -18.74 -0.826 -0.797 -0.683 0.223
212 156 1000 2.251 1.541 3.432 -0.776 -0.93 95.5 94.5 2.262 2.799 50.97 31.1 597.4 1.245 1.105
198 156 1000 0.183 -7.05 -13.62 -17.66 -19.87 -20.51 -19.5 -20.48 -20.01 -18.74 -0.766 -0.861 -0.635 0.291
212 156 1100 2.72 1.88 4.097 -0.189 -0.341 90.5 90.3 0.837 1.123 206.4 146.1 597.4 1.244 1.102
198 156 1100 0.259 -7.04 -13.61 -17.66 -19.87 -20.52 -19.52 -20.51 -20.05 -18.76 0.254 0.064 -0.174 1.908
212 156 1200 3.613 2.48 5.445 -0.796 -0.894 94.4 93.1 2.641 3.267 32.06 34.38 597.4 1.245 1.105
198 156 1200 0.318 -7.01 -13.59 -17.63 -19.85 -20.5 -19.49 -20.45 -20.01 -18.75 -0.686 -0.709 -0.568 0.643
212 156 1300 3.861 2.67 6.132 -0.688 -0.814 93.9 92.4 2.798 3.483 23.96 26.68 597.5 1.245 1.105
198 156 1300 0.343 -6.995 -13.59 -17.64 -19.86 -20.51 -19.51 -20.48 -20.02 -18.75 -0.576 -0.609 -0.366 0.936
212 156 1400 4.65 3.186 7.17 -0.655 -0.789 92 91.1 2.215 2.661 53.73 55.73 597.8 1.245 1.104
198 156 1400 0.439 -6.968 -13.57 -17.62 -19.85 -20.5 -19.5 -20.46 -20.05 -18.77 -0.319 -0.496 -0.416 1.194
212 156 1500 4.996 3.423 7.87 -0.397 -0.562 91.9 90.8 1.954 2.393 33.18 37.52 597.5 1.244 1.104
198 156 1500 0.497 -6.945 -13.56 -17.62 -19.86 -20.51 -19.52 -20.49 -20.05 -18.78 0.007 -0.146 -0.153 2.134
212 156 1600 5.251 3.589 8.8 -0.574 -0.718 92.9 91.5 2.89 3.527 37.29 41.28 597.6 1.245 1.104
198 156 1600 0.527 -6.916 -13.53 -17.59 -19.84 -20.48 -19.5 -20.45 -20.02 -18.77 -0.304 -0.401 -0.177 1.372
212 156 1700 5.273 3.594 8.97 -0.484 -0.617 92.7 91 2.559 3.137 31.94 34.4 597.6 1.245 1.104
198 156 1700 0.538 -6.903 -13.52 -17.59 -19.84 -20.49 -19.51 -20.47 -20.03 -18.77 -0.241 -0.278 -0.126 1.61
212 156 1800 4.806 3.275 8.1 -0.406 -0.525 93.2 91.3 2.434 2.983 26.84 30.93 597.6 1.245 1.104
198 156 1800 0.512 -6.893 -13.51 -17.58 -19.83 -20.49 -19.51 -20.46 -20.03 -18.78 -0.193 -0.193 -0.128 1.656
212 156 1900 4.736 3.199 7.57 -0.522 -0.637 93.2 91.5 2.437 2.98 29.57 32.89 597.4 1.245 1.104
198 156 1900 0.496 -6.889 -13.5 -17.57 -19.82 -20.48 -19.5 -20.46 -20.03 -18.78 -0.283 -0.302 -0.328 1.512
212 156 2000 4.288 2.895 6.678 -0.619 -0.72 93.6 91.8 2.528 3.11 25.59 28.69 597.1 1.245 1.105
198 156 2000 0.454 -6.893 -13.5 -17.57 -19.82 -20.48 -19.51 -20.46 -20.04 -18.78 -0.463 -0.436 -0.466 1.272
212 156 2100 3.617 2.436 5.056 -0.811 -0.884 93.5 91.5 2.656 3.255 25.97 29.53 596.8 1.245 1.105
198 156 2100 0.387 -6.902 -13.49 -17.56 -19.82 -20.49 -19.51 -20.46 -20.04 -18.78 -0.698 -0.654 -0.832 0.792
212 156 2200 3.297 2.219 4.464 -1.011 -1.067 94.3 92.5 3.083 3.759 28.77 31.46 596.5 1.245 1.106
198 156 2200 0.356 -6.917 -13.5 -17.57 -19.82 -20.49 -19.51 -20.46 -20.04 -18.79 -0.976 -0.906 -1.08 0.245
212 156 2300 2.912 1.975 4.098 -1.057 -1.129 94.4 92.7 2.882 3.517 34.35 37.5 596 1.246 1.105
198 156 2300 0.336 -6.932 -13.5 -17.57 -19.82 -20.5 -19.52 -20.47 -20.05 -18.79 -1.027 -0.989 -1.01 0.05
212 157 0 2.51 1.706 3.296 -1.146 -1.215 94.2 92.6 2.925 3.548 33.91 37.56 595.7 1.246 1.106
198 157 0 0.279 -6.942 -13.5 -17.57 -19.82 -20.5 -19.52 -20.47 -20.04 -18.79 -1.147 -1.11 -1.173 -0.234
212 157 100 2.147 1.467 2.5 -1.311 -1.375 94.7 93.1 2.627 3.261 19.57 23.08 595.3 1.246 1.106
198 157 100 0.236 -6.956 -13.5 -17.57 -19.82 -20.51 -19.53 -20.49 -20.06 -18.8 -1.328 -1.28 -1.333 -0.351
212 157 200 1.83 1.256 1.838 -1.41 -1.458 94.7 93.1 1.976 2.427 36.03 40.46 595.1 1.247 1.106
198 157 200 0.21 -6.965 -13.49 -17.56 -19.82 -20.51 -19.54 -20.49 -20.07 -18.81 -1.419 -1.372 -1.463 -0.534
212 157 300 1.604 1.11 1.854 -1.313 -1.376 93.9 92.5 1.146 1.432 64.54 67.07 594.8 1.247 1.106
198 157 300 0.185 -6.973 -13.49 -17.56 -19.82 -20.51 -19.54 -20.5 -20.08 -18.81 -1.256 -1.22 -1.196 -0.362
212 157 400 1.488 1.035 1.619 -1.307 -1.37 93.9 92.4 0.4 1.375 150.7 150.6 594.8 1.246 1.106
198 157 400 0.18 -6.974 -13.48 -17.55 -19.81 -20.51 -19.55 -20.5 -20.08 -18.82 -1.283 -1.217 -1.143 -0.283
212 157 500 1.377 0.959 1.035 -1.556 -1.548 93.9 92 0.623 1.938 132.2 141.2 594.7 1.247 1.106
198 157 500 0.141 -6.978 -13.48 -17.55 -19.81 -20.51 -19.54 -20.49 -20.07 -18.81 -1.619 -1.484 -1.693 -0.868
212 157 600 1.839 1.274 1.632 -1.289 -1.256 91.6 89.6 0.458 1.346 149.4 149 594.8 1.247 1.106
198 157 600 0.175 -6.974 -13.47 -17.55 -19.81 -20.51 -19.56 -20.51 -20.09 -18.82 -1.22 -1.066 -1.592 -0.165
212 157 700 1.936 1.366 1.094 -1.131 -1.121 90.4 88.7 0.419 0.55 204.7 202.5 594.9 1.247 1.105
198 157 700 0.212 -6.969 -13.46 -17.54 -19.81 -20.52 -19.57 -20.53 -20.1 -18.82 -0.85 -0.749 -1.545 1.084
212 157 800 4.07 3.117 2.415 0.172 0.269 79 78 0.091 0.168 65.08 78.2 595.3 1.245 1.104
198 157 800 0.357 -6.929 -13.43 -17.51 -19.79 -20.5 -19.57 -20.55 -20.17 -18.86 1.574 1.634 -0.76 4.97
212 157 900 2.835 2.023 2.38 0.025 0.373 83.1 79.7 0.779 0.932 139 136.7 595.6 1.245 1.104
198 157 900 0.372 -6.887 -13.4 -17.48 -19.78 -20.47 -19.54 -20.48 -20.07 -18.82 0.914 1.304 -0.085 5.404
212 157 1000 2.577 1.825 3.197 -1.477 -1.577 95.4 93.9 2.921 3.573 31.34 34.52 595.6 1.247 1.106
198 157 1000 0.293 -6.882 -13.39 -17.47 -19.75 -20.46 -19.5 -20.41 -19.99 -18.78 -1.473 -1.466 -1.049 -0.53
212 157 1100 3.326 2.463 2.941 -2.104 -2.174 95.2 93.7 3.868 4.724 31.68 35.62 595.9 1.249 1.108
198 157 1100 0.268 -6.899 -13.41 -17.49 -19.77 -20.49 -19.54 -20.46 -20.05 -18.82 -2.101 -2.072 -1.794 -1.161
212 157 1200 3.981 2.959 3.859 -2.22 -2.304 94.7 93 4.421 5.366 26.76 30.4 596.3 1.249 1.108
198 157 1200 0.296 -6.89 -13.41 -17.5 -19.78 -20.5 -19.56 -20.51 -20.09 -18.83 -2.2 -2.18 -1.807 -1.108
212 157 1300 4.123 3.067 4.482 -2.282 -2.38 95.4 93.6 4.983 5.98 28.65 32.07 596.6 1.249 1.108
198 157 1300 0.295 -6.889 -13.4 -17.5 -19.78 -20.51 -19.57 -20.52 -20.09 -18.83 -2.323 -2.31 -1.85 -1.301
212 157 1400 4.141 3.124 4.271 -2.063 -2.163 95 93.1 4.377 5.21 31.78 35.89 596.9 1.249 1.107
198 157 1400 0.296 -6.883 -13.4 -17.5 -19.79 -20.52 -19.59 -20.54 -20.09 -18.83 -2.073 -2.064 -1.655 -0.935
212 157 1500 4.812 3.697 4.958 -1.986 -2.112 94.6 92.7 3.616 4.304 30.21 33.79 597.4 1.25 1.107
198 157 1500 0.308 -6.874 -13.39 -17.49 -19.78 -20.52 -19.59 -20.55 -20.09 -18.84 -1.921 -1.935 -1.468 -0.542
212 157 1600 5.296 4.178 4.509 -1.731 -1.898 93.2 91 2.377 2.844 22.91 25.69 598 1.247 1.106
198 157 1600 0.341 -6.861 -13.38 -17.49 -19.79 -20.53 -19.61 -20.57 -20.1 -18.84 -1.495 -1.521 -1.151 0.576
212 157 1700 5.656 4.547 4.203 -1.57 -1.752 91.6 89 1.867 2.223 23.83 27.79 598.7 1.248 1.109
198 157 1700 0.382 -6.841 -13.36 -17.47 -19.78 -20.52 -19.61 -20.57 -20.09 -18.84 -1.185 -1.194 -0.85 1.384
212 157 1800 5.03 4.129 3.199 -1.323 -1.535 90.6 88.3 1.151 1.341 41.19 45.3 599.3 1.247 1.107
198 157 1800 0.351 -6.829 -13.34 -17.44 -19.75 -20.48 -19.58 -20.52 -20.1 -18.85 -0.76 -0.851 -0.647 1.975
212 157 1900 5.101 4.178 3.651 -1.367 -1.534 90.2 87.8 1.58 1.853 36.92 39.93 599.9 1.246 1.108
198 157 1900 0.352 -6.816 -13.32 -17.42 -19.74 -20.47 -19.57 -20.5 -20.08 -18.84 -0.93 -1.002 -0.778 1.588
212 157 2000 5.3 4.291 4.533 -1.482 -1.641 90.9 88.3 2.341 2.798 25.24 27.7 600.4 1.246 1.109
198 157 2000 0.349 -6.813 -13.31 -17.42 -19.75 -20.48 -19.59 -20.51 -20.06 -18.83 -1.228 -1.22 -0.872 1.036
212 157 2100 5.896 4.705 5.708 -1.38 -1.518 90.2 87.8 2.755 3.308 23.82 27.41 600.6 1.245 1.109
198 157 2100 0.363 -6.816 -13.31 -17.42 -19.75 -20.49 -19.59 -20.52 -20.07 -18.83 -1.163 -1.132 -0.917 1.054
212 157 2200 5.744 4.443 3.661 -1.455 -1.486 88.9 86.5 3.05 3.634 29.27 33.04 601 1.246 1.108
198 157 2200 0.377 -6.803 -13.3 -17.41 -19.76 -20.5 -19.63 -20.56 -20.08 -18.84 -1.117 -1.022 -1.927 1.46
212 157 2300 4.269 3.322 0.985 -2.17 -2.112 90.5 88.9 2.44 2.973 37.67 40.65 601.2 1.247 1.11
198 157 2300 0.278 -6.803 -13.28 -17.38 -19.71 -20.45 -19.56 -20.46 -20.04 -18.83 -1.849 -1.715 -3.194 0.452
212 158 0 3.75 2.96 0.791 -2.61 -2.596 91 89.3 2.767 3.336 35.44 38.99 601.4 1.248 1.11
198 158 0 0.228 -6.814 -13.27 -17.38 -19.7 -20.44 -19.55 -20.44 -20.05 -18.83 -2.4 -2.276 -3.127 -0.496
212 158 100 2.775 2.221 1.549 -2.591 -2.659 94 92.4 2.911 3.474 34.63 37.47 601.7 1.248 1.11
198 158 100 0.172 -6.828 -13.27 -17.38 -19.7 -20.45 -19.55 -20.44 -20.05 -18.83 -2.554 -2.513 -2.446 -1.344
212 158 200 1.992 1.62 1.393 -2.159 -2.224 95.6 94 3.425 4.101 32.17 36.01 601.9 1.247 1.109
198 158 200 0.108 -6.847 -13.28 -17.39 -19.71 -20.47 -19.57 -20.48 -20.07 -18.84 -2.256 -2.179 -1.903 -1.456
212 158 300 1.456 1.184 0.992 -2.31 -2.362 94.8 93 3.156 3.769 27.52 31.91 602 1.247 1.109
198 158 300 0.059 -6.861 -13.28 -17.39 -19.7 -20.47 -19.58 -20.5 -20.09 -18.85 -2.417 -2.341 -2.091 -1.741
212 158 400 1.135 0.927 0.498 -2.51 -2.541 93.5 91.4 2.923 3.524 27.84 31.2 602 1.247 1.109
198 158 400 0.028 -6.871 -13.28 -17.39 -19.7 -20.48 -19.59 -20.51 -20.1 -18.85 -2.619 -2.544 -2.42 -2.004
212 158 500 1.496 1.214 1.3 -3.034 -3.122 94.3 92.6 3.71 4.426 38.64 41.68 602.2 1.248 1.11
198 158 500 0.036 -6.87 -13.27 -17.38 -19.7 -20.47 -19.58 -20.5 -20.1 -18.86 -3.117 -3.107 -2.583 -2.582
212 158 600 1.657 1.342 0.989 -3.398 -3.476 94.6 93 3.777 4.529 35.79 38.53 602.2 1.249 1.112
198 158 600 0.034 -6.875 -13.27 -17.39 -19.7 -20.48 -19.59 -20.51 -20.11 -18.87 -3.469 -3.45 -3.005 -2.899
212 158 700 1.898 1.549 0.59 -3.639 -3.686 95.1 93.5 3.812 4.571 30.33 33.64 602.2 1.25 1.112
198 158 700 0.035 -6.876 -13.27 -17.39 -19.7 -20.49 -19.6 -20.53 -20.13 -18.88 -3.701 -3.635 -3.392 -3.049
212 158 800 2.022 1.651 0.94 -3.573 -3.625 94.7 93 3.503 4.185 28.35 32.29 602.4 1.25 1.112
198 158 800 0.039 -6.876 -13.27 -17.38 -19.71 -20.49 -19.62 -20.54 -20.14 -18.88 -3.653 -3.59 -3.274 -2.925
212 158 900 2.499 2.021 2.058 -2.817 -2.89 92.3 90.4 2.939 3.522 32.87 36.89 602.6 1.248 1.11
198 158 900 0.081 -6.865 -13.25 -17.38 -19.71 -20.49 -19.63 -20.56 -20.15 -18.89 -2.808 -2.802 -2.428 -1.953
212 158 1000 3.037 2.461 2.253 -2.142 -2.303 88.5 86.9 1.197 1.42 38.36 36.08 602.6 1.247 1.108
198 158 1000 0.147 -6.835 -13.22 -17.35 -19.69 -20.47 -19.62 -20.56 -20.15 -18.89 -1.817 -1.883 -1.576 -0.083
212 158 1100 3.82 3.101 2.944 -2.075 -2.211 88.4 86.7 1.563 1.781 122.8 127.4 602.7 1.247 1.108
198 158 1100 0.24 -6.799 -13.2 -17.32 -19.67 -20.45 -19.6 -20.52 -20.12 -18.88 -1.725 -1.816 -1.335 0.097
212 158 1200 5.095 4.157 3.809 -1.598 -1.79 84.7 83.2 1.104 1.132 185.2 186.3 602.7 1.247 1.108
198 158 1200 0.357 -6.771 -13.18 -17.3 -19.66 -20.44 -19.61 -20.53 -20.12 -18.87 -0.979 -1.029 -0.671 1.867
212 158 1300 6.648 5.464 4.159 -1.795 -2.02 84.9 83.3 2.004 2.128 223.2 227.4 602.5 1.247 1.11
198 158 1300 0.47 -6.726 -13.15 -17.28 -19.65 -20.42 -19.59 -20.49 -20.08 -18.86 -1.073 -1.253 -0.738 1.322
212 158 1400 7.22 5.932 1.281 -1.81 -2.068 80.8 79.2 1.521 1.595 222.9 224.8 602.2 1.248 1.111
198 158 1400 0.528 -6.708 -13.14 -17.27 -19.64 -20.42 -19.59 -20.46 -20.05 -18.84 -1.01 -1.114 -1.653 1.791
212 158 1500 7.31 5.869 2.63 -1.944 -2.202 80.2 79.9 1.541 1.6 158.4 157.8 602 1.248 1.113
198 158 1500 0.534 -6.702 -13.14 -17.28 -19.66 -20.45 -19.63 -20.52 -20.05 -18.84 -0.861 -1.156 -1.886 2.353
212 158 1600 7.34 5.752 4.924 -2.322 -2.505 83.1 82.7 1.13 2.082 149.7 147.2 601.7 1.248 1.115
198 158 1600 0.522 -6.697 -13.14 -17.29 -19.67 -20.47 -19.66 -20.58 -20.06 -18.85 -1.354 -1.575 -2.255 1.294
212 158 1700 7.57 5.802 3.977 -2.279 -2.559 83.6 84.6 1.832 2.258 199 189.4 601.6 1.248 1.116
198 158 1700 0.512 -6.696 -13.14 -17.29 -19.68 -20.48 -19.69 -20.6 -20.04 -18.83 -1.469 -1.898 -2.703 1.638
212 158 1800 7.58 5.773 6.047 -1.664 -1.797 81.2 79.7 0.995 1.056 222.3 221.9 601.5 1.248 1.114
198 158 1800 0.427 -6.703 -13.15 -17.31 -19.72 -20.53 -19.77 -20.72 -20.03 -18.8 -0.681 -0.744 -1.959 4.517
212 158 1900 6.253 4.806 5.757 -1.654 -1.903 82.8 81.8 0.527 1.388 158.3 157.8 601.8 1.249 1.116
198 158 1900 0.472 -6.641 -13.07 -17.23 -19.63 -20.42 -19.64 -20.52 -20.01 -18.82 -0.7 -0.711 -0.545 3.404
212 158 2000 6.631 4.897 4.41 -1.909 -2.144 82.8 82.6 0.493 1.229 163.5 157.7 601.8 1.249 1.119
198 158 2000 0.442 -6.643 -13.08 -17.23 -19.65 -20.45 -19.69 -20.57 -19.99 -18.81 -1.032 -1.123 -2.984 3.37
212 158 2100 6.086 4.506 4.519 -2.075 -2.387 81.7 83.1 1.193 1.483 194.9 183.1 601.9 1.25 1.119
198 158 2100 0.515 -6.643 -13.06 -17.21 -19.63 -20.42 -19.66 -20.53 -20.01 -18.83 -1.188 -1.56 -3.44 3.208
212 158 2200 5.399 4.013 3.364 -2.573 -2.797 83.8 84.1 1.539 1.692 197.4 193.6 602.2 1.25 1.121
198 158 2200 0.476 -6.64 -13.05 -17.19 -19.6 -20.38 -19.62 -20.46 -20.01 -18.83 -1.995 -2.114 -3.886 2.723
212 158 2300 4.886 3.659 2.164 -2.997 -3.172 85.8 85.7 1.541 1.698 198.2 197.4 602.2 1.25 1.124
198 158 2300 0.416 -6.645 -13.04 -17.17 -19.58 -20.37 -19.6 -20.43 -20 -18.82 -2.581 -2.556 -4.182 2.079
