205,143,1800,1.084,402.9,-6.208,-6999,2.096,413,3.113,-6999,.001,399.9,-8.7,-6999,112.3
103,6.221,6.218,5.184,-3.204
103,5.034,4.978,4.206,-4.739
103,4.511,4.376,3.576,-1.028
205,143,2100,1.273,399.7,-7.08,-6999,2.125,406.1,.633,78.5,.076,396.4,-10.26,-6999,28.27
103,3.769,3.689,3.144,-2.593
103,2.582,2.512,2.184,-2.78
103,1.873,1.803,1.563,-3.363
205,144,0,2.844,390.7,-12.23,87.8,3.678,397.8,-9.8,93.3,1.973,385.7,-14.88,80.9,70.6
103,1.136,.576,.936,-3.764
103,.282,.283,.262,-3.258
103,.133,.143,.13,-2.361
205,144,300,4.146,382.8,-16.63,87.6,4.834,386.5,-13.02,91.8,3.438,378.5,-19.34,85.7,79.6
103,.067,.077,.07,-3.497
103,.062,.071,.064,-3.224
103,.141,.15,.141,-3.739
205,144,600,4.399,380,-18.34,84.7,4.92,382.4,-17.04,87,3.656,378,-19.4,80.4,93.6
103,.365,.379,.352,-4.327
103,.812,.859,.768,-4.499
103,1.471,1.526,1.375,-3.672
205,144,900,5.332,383.6,-17.42,76.1,5.691,388.1,-15.16,79.6,4.801,381.2,-18.55,73.8,100.5
103,2.261,2.362,2.107,-2.888
103,3.16,3.298,2.895,-2.683
103,4.083,4.206,3.673,-1.744
205,144,1200,6.647,391.2,-13.69,71.5,9,394.3,-12.13,73.9,4.584,388.9,-14.7,69.62,114.7
103,4.995,5.084,4.268,-.373
103,5.765,5.793,4.785,.701
103,6.349,6.317,5.205,1.135
205,144,1500,6.452,398.3,-9.81,72.9,7.88,400.6,-8.33,73.9,5.572,395,-11.79,71.4,125.8
103,6.72,6.646,5.434,1.305
103,6.804,6.742,5.489,1.397
103,6.627,6.545,5.35,1.213
205,144,1800,5.149,402.4,-6.993,66.17,5.992,403.9,-6.027,70.9,4.389,400.7,-8.2,62.77,143.4
103,6.183,6.081,5.01,.374
103,5.514,5.413,4.491,-.45
103,4.667,4.592,3.846,-1.585
205,144,2100,2.678,404.8,-5.604,67.08,5.068,407.5,-4.654,69.21,.345,403.8,-5.963,64.61,129.8
103,3.746,3.674,3.13,-2.842
103,2.78,2.713,2.349,-3.484
103,1.908,1.846,1.607,-3.807
205,145,0,2.636,399.9,-7.9,72,3.508,403.7,-6.372,73.6,1.503,396,-9.99,71.2,123.5
103,1.173,.592,.969,-4.198
103,.555,.508,.491,-4.697
103,.201,.199,.218,-4.518
205,145,300,4.501,393.1,-11.78,70.2,5.687,396.8,-9.44,70.9,3.104,391.2,-13.05,69.38,105.8
103,.074,.094,.099,-4.144
103,.069,.083,.082,-4.02
103,.132,.14,.15,-4.243
205,145,600,6.606,390.6,-13.73,69.94,7.35,391.1,-13.46,70.7,5.265,390.1,-14.11,69.48,98.9
103,.326,.346,.34,-4.596
103,.794,.845,.724,-4.423
103,1.443,1.521,1.284,-3.361
205,145,900,8.23,391.9,-13.18,71,9.23,393.1,-12.57,71.5,6.868,390.7,-13.74,70.7,112.5
103,2.219,2.344,1.984,-2.322
103,3.098,3.252,2.737,-1.757
103,4.028,4.162,3.495,-.582
205,145,1200,8.98,396.2,-10.86,71.2,9.76,399,-9.15,71.7,8.37,393.2,-12.58,70.1,118.6
103,4.94,5.046,4.184,.048
103,5.753,5.791,4.82,.579
103,6.349,6.326,5.235,1.334
205,145,1500,8.2,400.9,-7.93,75.9,9.21,402.8,-6.549,82.5,6.988,399,-9.16,71.1,152.7
103,6.785,6.722,5.527,1.331
103,6.742,6.687,5.452,1.356
103,6.594,6.516,5.317,1.512
205,145,1800,6.214,403.8,-5.874,79.1,7.85,405.1,-4.971,79.7,5.259,402.5,-6.78,78.6,149.1
103,6.177,6.08,4.987,.778
103,5.519,5.423,4.473,-.079
103,4.685,4.616,3.836,-1.07
205,145,2100,3.742,405.6,-4.59,82.7,5.33,405.9,-4.297,87,2.42,405.2,-4.961,79.9,145.9
103,3.751,3.683,3.109,-2.19
103,2.807,2.741,2.353,-3.114
103,1.879,1.817,1.585,-3.354
205,146,0,3.096,402.9,-6.173,87.5,3.774,405.2,-5.018,88.9,2.313,400.7,-7.28,86.6,134.1
103,1.111,.545,.92,-4.236
103,.594,.543,.521,-5.041
103,.226,.23,.244,-4.701
205,146,300,5.265,398.9,-8.54,89,6.821,400.1,-7.72,89.9,3.882,397.5,-9.55,86.5,127.4
103,.081,.109,.117,-4.898
103,.075,.098,.103,-4.835
103,.153,.16,.173,-5.059
205,146,600,7.72,396.6,-10.26,85.6,8.73,397.4,-9.68,86.3,6.524,396.1,-10.56,83.8,122
103,.36,.381,.373,-5.316
103,.834,.887,.757,-4.921
103,1.488,1.572,1.325,-3.811
205,146,900,8.75,396.6,-10.4,80.7,9.14,397.2,-10.07,83.5,8.44,396.2,-10.76,78.6,116.3
103,2.265,2.397,2.007,-2.687
103,3.148,3.312,2.749,-1.901
103,4.046,4.197,3.499,-.538
205,146,1200,8.68,398,-9.76,76.2,9.42,399.4,-8.89,78.4,7.82,396.3,-10.75,72.9,118.6
103,4.987,5.099,4.2,.082
103,5.775,5.817,4.823,.387
103,6.386,6.363,5.252,1.35
205,146,1500,8.31,401.9,-7.22,71.2,9.3,404.2,-5.561,72.5,7.14,399.7,-8.77,70.3,119.5
103,6.742,6.679,5.465,2.122
103,6.824,6.768,5.492,2.101
103,6.645,6.568,5.297,2.135
205,146,1800,5.997,405.7,-4.433,70.8,7.23,406.8,-3.67,71.6,4.822,404.4,-5.399,70.2,126.1
103,6.22,6.124,4.997,1.111
103,5.564,5.464,4.479,.246
103,4.718,4.645,3.827,-.826
205,146,2100,3.217,406.9,-3.647,71.2,4.7,407.2,-3.386,72,2.245,406.1,-4.243,69.98,138.2
103,3.81,3.741,3.124,-2.001
103,2.856,2.794,2.367,-3.059
103,1.98,1.92,1.634,-3.589
205,147,0,2.946,401.6,-6.317,74.4,3.686,405.5,-4.31,78,1.984,397.2,-9.37,72.2,100.8
103,1.247,.628,1.015,-4.094
103,.629,.578,.548,-4.767
103,.235,.235,.255,-4.62
205,147,300,4.674,393.6,-11.82,76.7,5.459,396.5,-9.9,77.7,3.646,391.2,-13.34,75.9,95.8
103,.085,.119,.129,-4.198
103,.08,.104,.107,-3.959
103,.153,.163,.167,-4.234
205,147,600,6.878,390.2,-14.09,74.2,7.96,390.9,-13.48,76,5.191,389.7,-14.38,72.2,100
103,.36,.383,.362,-4.443
103,.842,.893,.75,-3.899
103,1.482,1.561,1.309,-2.931
205,147,900,8.31,390.6,-14.07,72.2,8.72,391.9,-13.43,73.5,7.94,389.6,-14.5,71.6,103.1
103,2.206,2.319,1.95,-1.636
103,3.051,3.18,2.656,-.201
103,3.636,3.781,3.169,1.138
205,147,1200,7.82,396.1,-11.02,77.2,8.31,398.9,-9.34,79.6,7.16,392.3,-13.25,73.6,108.2
103,4.264,4.366,3.651,1.31
103,5.823,5.88,4.899,1.14
103,6.371,6.344,5.243,1.63
205,147,1500,7.55,400.5,-8.24,78.6,8.49,403.4,-6.251,80.5,6.131,398.9,-9.31,77.1,120.8
103,6.722,6.661,5.446,2.063
103,6.79,6.732,5.457,2.199
103,6.629,6.55,5.313,2.086
205,147,1800,4.708,405.8,-4.386,77,6.284,407.6,-2.983,77.6,3.106,403.8,-6.001,75.9,159.8
103,6.131,6.036,4.919,1.309
103,5.612,5.509,4.521,.724
103,4.165,4.113,3.433,-.034
205,147,2100,2.856,407.5,-3.025,80.5,3.422,407.9,-2.854,84.2,2.515,407.2,-3.199,77.6,141.8
103,2.391,2.427,2.088,.443
103,1.729,1.777,1.531,.307
103,1.175,1.182,1.038,-1.078
205,148,0,2.818,406.2,-3.679,84.4,3.81,407.4,-3.069,85.4,2.28,404.8,-4.578,83,121.6
103,.716,.721,.643,-1.446
103,.356,.374,.324,-.885
103,.166,.176,.153,-1.09
205,148,300,4.595,404.2,-5.158,87.5,5.772,404.7,-4.709,88,3.772,403.3,-5.968,85.8,116.2
103,.096,.102,.088,-1.086
103,.076,.081,.071,-.361
103,.128,.137,.118,-.778
205,148,600,6.804,402.3,-6.765,87.9,8.39,403.8,-5.684,88.9,5.283,400.9,-7.81,86.7,121.1
103,.224,.236,.205,.36
103,.437,.459,.398,.375
103,.848,.888,.762,-.052
205,148,900,7.94,400.6,-8.02,88.7,8.81,401.1,-7.69,89.7,7.04,399.8,-8.44,87.9,117.7
103,1.237,1.286,1.114,.685
103,1.803,1.871,1.609,.743
103,3.035,3.133,2.663,1.032
205,148,1200,7.57,402.4,-6.851,89.2,8.09,403.8,-5.861,91.2,7.05,401.1,-7.84,88.1,134.1
103,3.79,3.896,3.287,1.124
103,5.13,5.23,4.381,1.505
103,5.839,5.916,4.932,1.546
205,148,1500,7.25,405.6,-4.565,88.2,7.84,407.3,-3.194,90.2,6.173,404.2,-5.611,86.5,144.4
103,6.234,6.319,5.29,2.002
103,5.944,6.008,5.016,1.994
103,6.144,6.156,5.099,1.883
205,148,1800,5.582,408.4,-2.209,84.5,6.7,409,-1.729,87.4,4.492,407.5,-3.011,82.1,169.8
103,4.54,4.636,3.965,1.212
103,5.276,5.273,4.422,1.545
103,4.331,4.278,3.56,-.014
205,148,2100,3.877,409.4,-1.194,88.9,4.665,409.7,-.979,92.4,3.273,408.8,-1.647,85.3,148.3
103,2.862,2.909,2.493,.632
103,2.105,2.098,1.822,-.798
103,1.538,1.556,1.348,-.383
205,149,0,4.049,408.6,-1.852,95.9,4.669,409.3,-1.313,98,3.519,407.4,-2.767,93.5,142.8
103,.723,.749,.65,-.757
103,.571,.571,.51,-1.551
103,.234,.244,.249,-4.774
205,149,300,6.576,403.8,-5.472,84.9,7.46,407.3,-2.901,94.2,4.945,401.3,-7.24,79.6,128.2
103,.118,.164,.17,-4.386
103,.136,.168,.157,-3.767
103,.22,.237,.226,-3.947
205,149,600,8.26,399.9,-8.12,76.3,9.07,401.1,-7.27,78.9,7.4,398.1,-9.39,74.7,115.7
103,.309,.333,.297,-3.624
103,.867,.925,.794,-3.498
103,1.367,1.45,1.236,-2.889
205,149,900,9.82,397.2,-10.01,73.7,10.92,397.7,-9.68,75.3,8.9,396.7,-10.32,72.1,95.1
103,2.23,2.361,1.988,-1.94
103,3.129,3.292,2.731,-1.32
103,4.045,4.203,3.472,.062
205,149,1200,10.62,397.8,-9.85,76.1,11.22,399.2,-8.98,77.5,9.66,397.2,-10.27,74.8,103.8
103,4.977,5.085,4.14,.962
103,5.767,5.807,4.747,1.615
103,6.384,6.358,5.168,2.577
205,149,1500,9.39,402.6,-6.499,75.5,10.5,405.6,-4.235,77.8,8.07,399.7,-8.6,72.7,106.6
103,6.763,6.707,5.395,2.909
103,6.852,6.799,5.444,2.74
103,6.685,6.613,5.317,2.516
205,149,1800,8.37,407.8,-2.321,70.9,8.87,409,-1.109,72.9,7.71,405.9,-3.926,68.15,109.8
103,6.271,6.183,4.986,1.901
103,5.642,5.546,4.489,.961
103,4.81,4.744,3.866,-.194
205,149,2100,8.61,409.4,-.869,67.54,8.97,409.7,-.699,68.89,8.24,409,-1.166,65.39,118.8
103,3.895,3.834,3.169,-1.464
103,2.959,2.902,2.435,-2.65
103,2.078,2.019,1.714,-3.544
205,150,0,8.61,407.6,-2.294,65.37,9.3,409,-1.119,66.12,7.68,405.8,-3.714,64.82,125.2
103,1.329,.651,1.083,-4.276
103,.719,.667,.605,-5.289
103,.29,.296,.309,-5.465
205,150,300,8.72,403.4,-5.549,66.54,9.14,405.7,-3.752,66.99,8.26,401.6,-6.934,65.84,127.9
103,.096,.156,.171,-5.215
103,.093,.137,.146,-4.913
103,.202,.213,.222,-5.192
205,150,600,9.19,400.1,-7.97,67.02,9.82,401.6,-6.866,67.46,8.75,398.7,-8.95,66.22,126.2
103,.432,.461,.431,-5.188
103,.938,.997,.833,-4.59
103,1.577,1.669,1.391,-3.316
205,150,900,9.72,400.2,-8.03,66.07,10.68,401.1,-7.54,67.47,8.77,399.5,-8.5,65.07,126.8
103,2.352,2.493,2.06,-2.157
103,3.234,3.406,2.775,-1.263
103,4.161,4.291,3.5,.096
205,150,1200,10.29,403.5,-5.844,66.5,10.88,405.4,-4.371,67.72,9.88,401.7,-7.2,64.98,130.2
103,5.073,5.188,4.168,1.224
103,5.866,5.908,4.769,2.031
103,6.47,6.441,5.185,2.569
205,150,1500,9.96,408.9,-1.527,70.8,10.4,411.2,.667,72.5,9.26,406,-3.95,68.08,147
103,6.822,6.762,5.393,3.013
103,6.897,6.842,5.414,3.334
103,6.692,6.616,5.214,3.549
205,150,1800,9.23,412.1,1.637,71.3,10.3,412.7,2.16,72.2,8.1,411.5,.911,70.3,138.3
103,6.253,6.164,4.831,3.286
103,5.595,5.498,4.287,2.705
103,4.755,4.688,3.667,1.575
205,150,2100,9.37,413,2.573,71.1,9.92,413.3,2.973,72.3,8.76,412.7,2.236,69.76,135.2
103,3.861,3.8,3.01,.147
103,2.934,2.875,2.317,-1.4
103,2.076,2.017,1.643,-2.66
205,151,0,9.5,412.8,2.529,70.5,10.7,413.3,2.954,72.1,8.27,412,1.852,68.99,139.4
103,1.351,.65,1.05,-3.621
103,.774,.718,.621,-4.788
103,.478,.498,.463,-4.311
205,151,300,10.69,411.7,1.539,68.84,11.82,412.2,2.197,70.9,9.44,411.2,1.154,67.32,124.9
103,.235,.323,.301,-3.293
103,.157,.19,.174,-1.528
103,.147,.156,.133,-.461
205,151,600,11.44,412.6,2.489,68.79,12.69,413.2,3.107,69.91,10.1,411.9,1.746,67.65,125.3
103,.243,.257,.217,-.098
103,.558,.584,.496,.17
103,.657,.688,.583,-.027
205,151,900,11.36,412.9,2.72,72.7,12.74,413.3,3.269,74.4,10.24,412.6,2.39,70.3,144.4
103,.96,1.001,.835,.465
103,1.155,1.2,1.008,.679
103,2.898,2.992,2.444,1.949
205,151,1200,12.38,413.4,3.203,74.5,14.98,413.7,3.556,79.2,10.25,413,2.591,71.8,153.8
103,2.771,2.872,2.371,1.283
103,3.388,3.491,2.866,1.931
103,4.128,4.249,3.519,2.136
205,151,1500,11.13,413.4,3.245,73.3,13.72,413.6,3.44,74.3,8.6,413.2,2.869,72.6,150.7
103,4.887,4.966,3.98,3.463
103,3.651,3.765,3.095,1.147
103,4.073,4.167,3.376,2.604
205,151,1800,14.04,413.6,3.495,72.5,15.69,414,3.965,73.2,12.91,413.2,3.177,71.7,143.9
103,5.845,5.859,4.553,4.515
103,5.861,5.794,4.436,4.463
103,3.592,3.574,2.794,.931
205,151,2100,10.77,413.7,3.568,74.7,12.23,414,3.872,76.9,9.99,413.5,3.279,72.6,142.1
103,2.5,2.498,2.003,-.607
103,2.12,2.123,1.71,-.63
103,.85,.878,.722,.241
205,152,0,9.95,413.6,3.547,76.2,10.81,413.8,3.811,77.7,8.87,413.1,3.052,75,138.6
103,.415,.435,.365,.22
103,.202,.213,.18,-.181
103,.14,.148,.124,-.221
205,152,300,10.88,413.4,3.391,79.4,11.76,413.8,3.891,85.7,9.94,413.2,2.99,71.7,128.3
103,.075,.081,.067,-1.22
103,.105,.114,.093,-1.421
103,.142,.152,.126,-1.361
205,152,600,12.91,413.5,3.445,70.8,13.6,413.8,3.749,71.9,11.66,413.3,3.097,69.77,129.5
103,.257,.272,.22,-.518
103,.535,.563,.456,.057
103,.633,.662,.544,.239
205,152,900,12.79,413.3,3.199,70.9,13.67,413.5,3.49,71.9,11.5,413.1,2.963,70.1,130.3
103,1.103,1.156,.925,-.408
103,2.281,2.376,1.883,-.285
103,3.818,3.985,3.109,1
205,152,1200,12.22,412.9,2.658,71.5,13.91,413.4,3.287,73.1,10.41,412.5,2.044,70.2,155.3
103,4.721,4.832,3.744,2.309
103,2.821,2.911,2.338,.545
103,2.763,2.855,2.268,.079
205,152,1500,11.52,412.8,2.44,72.5,12.19,413.2,2.903,74.3,10.13,412.4,1.968,70.9,146.4
103,3.686,3.721,2.881,1.169
103,3.273,3.321,2.614,.865
103,4.886,4.896,3.731,3.409
205,152,1800,11.29,413.1,2.782,72.9,12.1,413.3,3.014,73.7,10.3,412.7,2.531,71.1,150.6
103,6.363,6.286,4.711,5.254
103,5.73,5.638,4.251,4.149
103,4.812,4.747,3.61,2.539
205,152,2100,8.19,413.2,2.825,74.5,10.5,413.4,3.118,75.5,6.527,413,2.612,73.5,137.9
103,3.596,3.543,2.745,.355
103,2.97,2.915,2.297,-.874
103,2.504,2.428,1.944,-.681
205,153,0,6.772,413.1,2.812,74.4,7.4,413.4,3.111,75,6.065,412.6,2.433,74,150
103,.77,.594,.626,-3.469
103,.233,.241,.212,-4.752
103,.164,.186,.162,-4.12
205,153,300,9,412.5,2.438,73.1,10.19,412.9,2.771,74.1,7.91,412,1.893,71.7,134.6
103,.154,.22,.199,-4.254
103,.086,.106,.095,-5.052
103,.136,.148,.135,-5.1
205,153,600,10.1,411.1,.922,72.2,10.84,411.9,1.741,72.7,9.12,410.4,.334,71.6,137.1
103,.457,.484,.429,-5.292
103,1.085,1.14,.915,-3.387
103,.75,.793,.643,-2.999
205,153,900,10.53,410.9,.644,72.3,11.36,411.2,.94,73.4,10.07,410.5,.23,70.8,138.2
103,1.501,1.585,1.272,-2.318
103,2.825,2.951,2.324,-.629
103,4.517,4.641,3.669,1.868
205,153,1200,8.41,411.8,1.361,73,9.84,412.2,1.636,73.5,7.26,411.1,.788,71.7,149.4
103,5.084,5.226,4.028,2.344
103,5.834,5.878,4.517,3.367
103,6.411,6.38,4.852,4.152
205,153,1500,8.22,412.5,2.072,73,10.03,412.9,2.572,73.6,4.945,412,1.549,72.4,140
103,6.767,6.709,5.02,5.617
103,6.859,6.803,5.007,6.777
103,6.681,6.605,4.835,6.955
205,153,1800,9.2,413.3,3.047,72.5,9.98,413.5,3.313,73.5,7.97,413,2.699,72.1,133.3
103,6.278,6.191,4.534,6.102
103,5.637,5.541,4.091,4.816
103,4.778,4.716,3.531,3.107
205,153,2100,8.73,413.2,2.917,75.6,10.12,413.4,3.117,77.8,7.92,412.9,2.607,73.3,136.7
103,3.649,3.595,2.742,.943
103,2.954,2.898,2.249,-.419
103,2.114,2.059,1.621,-1.851
205,154,0,8.15,413,2.741,79.1,9.21,413.2,2.981,79.8,5.973,412.7,2.33,77.7,131.2
103,1.475,.793,1.136,-2.709
103,.791,.747,.619,-4.463
103,.383,.408,.372,-4.8
205,154,300,6.854,411.7,1.451,78.7,7.96,412.6,2.229,79.9,5.364,410.7,.333,77.5,132.7
103,.139,.189,.163,-4.561
103,.106,.127,.105,-4.473
103,.199,.212,.196,-4.836
205,154,600,7.73,409.8,-.38,74.9,9.51,410.9,.615,76.9,6.219,408.7,-1.388,73,120.4
103,.323,.343,.302,-4.802
103,.785,.831,.671,-4.152
103,1.586,1.677,1.357,-2.875
205,154,900,7.03,408.5,-1.588,74.5,7.93,409,-1.058,76.6,5.744,408,-2.048,73,105.3
103,1.851,1.958,1.559,-1.953
103,2.938,3.065,2.395,.436
103,3.876,4.005,3.14,1.218
205,154,1200,6.937,410.3,-.062,76.5,7.61,411.4,.905,78.4,5.76,409,-1.226,74,96.5
103,4.78,4.905,3.794,2.752
103,5.632,5.707,4.39,3.705
103,5.346,5.409,4.151,3.811
205,154,1500,7.19,412.1,1.642,75,8.41,412.8,2.427,77.9,5.718,411.5,1.119,72.5,136.8
103,5.762,5.781,4.372,4.585
103,7.27,7.24,5.377,7.42
103,7.11,7.01,5.194,7.62
205,154,1800,6.388,413.1,2.696,78.7,6.883,413.3,2.955,80,5.251,412.9,2.474,76.9,138.9
103,6.553,6.461,4.783,6.467
103,5.592,5.506,4.119,4.823
103,4.84,4.772,3.591,3.18
205,154,2100,7.31,413.2,2.854,78.4,8.27,413.4,3.127,80.6,6.645,413,2.617,75.8,138.9
103,3.914,3.853,2.94,1.353
103,2.851,2.797,2.185,-.657
103,1.451,1.415,1.148,-2.557
205,155,0,6.451,412.8,2.621,76.4,7.54,413.4,3.035,80.3,5.115,411.9,1.823,74.9,112.8
103,.756,.572,.604,-3.878
103,.781,.735,.609,-4.539
103,.348,.354,.333,-5.303
205,155,300,7.1,411.5,1.277,76,8.29,412.3,2.067,79.5,5.797,410.1,-.038,72.6,120.7
103,.124,.212,.207,-5.194
103,.118,.142,.122,-4.639
103,.272,.29,.256,-4.487
205,155,600,7.86,409.5,-.619,70.4,8.67,410.1,-.071,72.7,6.786,408.9,-1.24,68.77,125.2
103,.45,.475,.41,-4.627
103,1.168,1.23,.992,-3.85
103,1.799,1.884,1.536,-2.435
205,155,900,7.81,409.3,-.867,69.32,8.7,410.3,-.071,70.1,6.974,408.8,-1.288,68.25,125.2
103,2.872,3.013,2.414,-.651
103,3.604,3.771,2.961,.069
103,4.554,4.675,3.675,1.892
205,155,1200,7.34,410.9,.442,70.3,7.94,412,1.429,71.4,6.598,409.9,-.387,68.72,129.2
103,5.39,5.495,4.219,3.145
103,5.645,5.7,4.369,3.502
103,6.337,6.311,4.783,4.91
205,155,1500,5.399,412.3,1.772,72.2,6.821,412.6,2.07,74,4.104,411.9,1.295,68.91,146.1
103,6.23,6.226,4.712,4.838
103,5.221,5.257,4.028,3.19
103,5.895,5.931,4.565,4.639
205,155,1800,4.551,412.4,1.777,73.5,5.411,412.6,1.916,74.8,4.109,412.3,1.638,71.3,144.1
103,5.194,5.216,4.011,3.337
103,4.813,4.789,3.666,2.79
103,4.093,4.091,3.167,1.829
205,155,2100,3.91,412.1,1.48,77.7,4.55,412.5,1.743,79.8,2.912,411.7,1.172,75,151.9
103,3.441,3.43,2.671,.599
103,3.1,3.06,2.411,-.577
103,1.712,1.665,1.356,-2.308
205,156,0,3.149,411,.421,85.9,3.602,411.6,1.048,91.4,2.51,410.5,.012,78.6,156.7
103,1.221,1.074,.983,-2.302
103,.637,.644,.528,-3.115
103,.255,.288,.258,-4.818
205,156,300,2.78,409,-.792,80.1,3.254,410.6,.185,90,2.257,408.2,-1.421,68.48,153.4
103,.12,.21,.201,-5.119
103,.141,.161,.131,-3.037
103,.147,.159,.129,-1.531
205,156,600,2.878,408,-1.923,77.3,3.446,408.4,-1.317,84.2,2.585,407.7,-2.373,69.2,129.4
103,.259,.276,.222,-1.419
103,.629,.663,.525,-1.084
103,1.209,1.269,1.002,-.62
205,156,900,3.014,408.2,-2.01,83.6,3.456,409,-1.407,85,2.364,407.6,-2.483,81.7,119.5
103,1.892,1.989,1.57,-.929
103,2.527,2.64,2.065,-.363
103,4.109,4.222,3.277,1.753
205,156,1200,2.636,410.5,-.113,82,3.213,411.8,1.1,84.3,2.08,409,-1.422,77.4,105.5
103,4.599,4.714,3.652,1.732
103,4.719,4.795,3.717,2.113
103,6.231,6.301,4.84,4.924
205,156,1500,1.458,412.7,2.969,77.6,2.3,418.1,10.1,83.8,.001,411.4,1.206,56.69,82.4
103,6.485,6.538,5.007,5.473
103,6.656,6.707,5.089,5.384
103,6.68,6.684,5.047,4.575
205,156,1800,.687,414.5,5.605,68.11,1.427,417.8,8.4,78.1,0,412.3,2.581,57.96,239.4
103,6.034,5.98,4.476,.865
103,5.654,5.536,4.143,3.068
103,4.783,4.687,3.547,2.243
205,156,2100,.849,413,2.784,75.2,1.512,418.2,8.97,90.7,0,411,.569,52.47,98.3
103,3.959,3.879,2.993,.694
103,3.041,2.971,2.345,-1.017
103,2.187,2.12,1.709,-2.424
205,157,0,2.743,410,-.315,89.2,3.8,410.8,.47,90.2,1.614,409.3,-.93,87.1,132.5
103,1.456,.686,1.134,-3.517
103,.873,.82,.683,-4.81
103,.39,.408,.384,-5.54
205,157,300,4.918,408.8,-1.363,86.7,6.079,410,-.352,89,3.932,407.1,-2.834,82.6,114.9
103,.11,.239,.242,-5.72
103,.135,.209,.211,-5.419
103,.291,.304,.295,-5.638
205,157,600,7.55,406.3,-3.431,78.1,9.3,406.8,-2.963,82.4,5.891,405.7,-3.955,73.9,124.4
103,.564,.6,.516,-5.465
103,1.079,1.144,.911,-4.498
103,1.695,1.796,1.447,-3.04
205,157,900,10.16,406,-3.83,72.6,10.77,406.7,-3.314,74,9.46,405.5,-4.206,72,118.4
103,2.463,2.613,2.083,-1.746
103,3.333,3.512,2.76,-.591
103,4.18,4.318,3.392,1.195
205,157,1200,10.49,408.8,-1.508,71.5,11.02,410.7,.248,72.2,9.9,407,-3.04,69.93,133.5
103,5.083,5.193,3.989,2.481
103,5.694,5.743,4.408,3.483
103,6.36,6.336,4.815,4.847
205,157,1500,10.68,411.6,1.102,70.7,11.67,412.2,1.741,71.5,10.01,410.6,.142,69.52,136.1
103,6.946,6.898,5.155,6.402
103,6.48,6.431,4.754,5.88
103,6.46,6.388,4.708,6.4
205,157,1800,10.01,412.4,1.889,75.5,10.82,412.7,2.243,77.3,9.23,412,1.545,71.9,141.5
103,6.329,6.236,4.588,6.354
103,5.562,5.461,4.02,4.86
103,4.767,4.691,3.483,3.436
205,157,2100,10.38,412.7,2.285,77.4,11.2,412.8,2.448,78.6,9.47,412.5,2.162,76.4,146.2
103,3.942,3.878,2.94,1.62
103,3.902,3.852,2.968,1.784
103,2.832,2.778,2.171,.344
205,158,0,10.32,412.6,2.232,80.5,11.49,412.9,2.519,83.4,9.46,412.4,2.066,78.6,148
103,1.352,1.14,1.069,-.876
103,.483,.502,.398,-1.9
103,.298,.332,.265,-2.825
205,158,300,10.52,412.3,2.036,82.5,10.95,412.6,2.237,83,9.57,412.1,1.873,81.8,147.4
103,.192,.249,.205,-2.192
103,.132,.157,.132,-1.951
103,.194,.213,.168,-2.387
205,158,600,9.6,412.2,1.936,82.4,10.9,412.5,2.192,83.5,8.95,412.1,1.793,81.8,156.4
103,.353,.381,.299,-1.217
103,.492,.522,.409,-1.036
103,.761,.793,.63,.764
205,158,900,10.04,412.4,2.123,87.7,11.45,412.9,2.466,94.9,8.57,412.1,1.773,80.1,154.4
103,1.2,1.253,.972,.948
103,2.434,2.536,1.927,2.092
103,3.857,3.972,2.993,2.199
205,158,1200,9.33,413.1,2.87,80.4,10.12,413.5,3.203,91.3,7.89,412.7,2.457,75.1,156.8
103,5.083,5.183,3.853,2.971
103,5.853,5.882,4.374,3.805
103,6.462,6.418,4.752,4.654
205,158,1500,6.9,413.6,3.38,76.7,8.53,414.1,4.163,78.5,5.26,413.2,2.932,73.1,143.7
103,5.877,5.874,4.372,4.326
103,7.14,7.12,5.25,7.41
103,6.728,6.639,4.842,7.83
205,158,1800,6.621,413.9,3.864,75.7,7.99,414.4,4.423,77,4.938,413.5,3.401,74,133.9
103,6.27,6.172,4.522,7.33
103,5.618,5.513,4.07,5.711
103,4.421,4.352,3.255,3.147
205,158,2100,6.479,414,3.996,75.9,7.42,414.4,4.634,77.5,4.769,413.7,3.643,73.7,149.2
103,2.948,2.906,2.23,.285
103,3.221,3.175,2.446,.408
103,2.37,2.335,1.824,-.488
205,159,0,8.61,413.6,3.466,75.7,9.65,413.9,3.722,77.9,7.13,413.3,3.183,73,163.8
103,1.515,.826,1.149,-2.485
103,.285,.296,.243,-4.753
103,.12,.135,.112,-4.999
205,159,300,7.11,411.9,1.77,77.4,8.51,413,2.992,79.7,6.436,410.7,.524,73.9,148
103,.083,.097,.08,-5.29
103,.095,.111,.091,-5.343
103,.318,.335,.297,-5.48
205,159,600,6.962,409.8,-.382,78.1,8.31,410.7,.457,79.2,6.245,409.1,-1.121,77.3,142.2
103,.549,.584,.474,-5.201
103,1.074,1.136,.869,-4.245
103,1.691,1.789,1.389,-2.842
205,159,900,6.985,408.5,-1.732,75.7,8.45,409,-1.216,77.9,5.146,408.3,-2,73.1,136.2
103,2.5,2.646,2.039,-1.431
103,3.368,3.541,2.699,-.177
103,4.272,4.422,3.358,1.465
205,159,1200,9.15,409.3,-1.224,73.1,9.89,410.4,-.32,74.6,8.06,408.6,-1.752,72.4,136.4
103,5.152,5.25,3.939,2.733
103,5.53,5.571,4.21,3.236
103,6.433,6.431,4.862,4.585
205,159,1500,8.68,411.1,.402,74.3,9.47,411.6,1.1,75.4,7.7,410.5,-.167,72.8,143.6
103,6.695,6.654,4.933,5.178
103,6.945,6.865,5.04,6.221
103,6.564,6.476,4.768,6.395
205,159,1800,7.91,412,1.442,75.3,8.51,412.4,1.799,76,7.2,411.7,1.166,74.7,136.4
103,6.313,6.213,4.584,6.512
103,5.722,5.613,4.148,5.122
103,4.006,3.975,3.003,2.213
205,159,2100,8.09,412.5,2.13,74.3,9.97,412.8,2.532,75.4,7.21,412.3,1.808,72,114.2
103,2.318,2.375,1.859,.508
103,1.167,1.215,.975,-.583
103,.826,.859,.68,-.771
205,160,0,10.94,412.7,2.468,69.61,12.18,413,2.783,72.2,9.44,412.5,2.209,66.33,128
103,.605,.633,.504,-.588
103,.274,.288,.234,-.286
103,.09,.096,.083,-.094
205,160,300,11.68,411.4,.928,90.2,13.46,412.6,2.335,101.9,9.51,410.7,.124,68.25,161.2
103,.104,.111,.091,-.78
103,.073,.081,.066,-2.859
103,.306,.329,.257,-2.087
205,160,600,12,409.7,-.204,93.5,13.43,410.3,.301,97.7,9.27,409.3,-.486,90.9,166.1
103,.382,.402,.315,-.718
103,.313,.33,.265,-.528
103,.729,.762,.6,-.442
205,160,900,9.94,408.7,-1.586,94.3,12.42,409.7,-.377,100.4,6.919,407.6,-2.68,90.5,174.5
103,1.104,1.15,.936,.042
103,2.046,2.12,1.747,.54
103,3.134,3.233,2.63,.82
205,160,1200,9.14,408,-2.176,96,10.51,408.4,-1.89,99.8,5.713,407.8,-2.412,93.6,166.7
103,3.951,4.072,3.302,.427
103,4.237,4.359,3.575,1.209
103,6.008,6.101,4.928,2.653
205,160,1500,9.67,409.2,-1.19,90.3,10.93,409.8,-.644,93,8.75,408.2,-1.967,88.5,176.2
103,4.691,4.808,3.885,1.829
103,5.876,5.965,4.775,2.512
103,7.17,7.17,5.624,3.026
205,160,1800,9.3,409.5,-.992,88.3,10.2,409.7,-.836,89.6,8.09,409.2,-1.208,86.6,166.1
103,4.991,5.082,4.119,2.214
103,6.03,6.019,4.759,2.864
103,4.813,4.818,3.827,1.94
205,160,2100,9.09,409.8,-.641,87,9.87,410.2,-.379,89.2,8.37,409.1,-1.122,85.2,179.5
103,4.363,4.334,3.444,1.908
103,2.162,2.176,1.764,.704
103,1.119,1.106,.929,-1.181
205,161,0,6.783,409.4,-.998,90.4,8.5,410.1,-.402,92.6,4.786,408.4,-1.89,87.6,158.8
103,.955,.69,.785,-2.982
103,.568,.584,.487,-3.025
103,.203,.217,.181,-2.011
205,161,300,5.221,408.2,-1.95,90.9,6.202,409,-1.412,92.8,4.058,407.4,-2.45,88.5,149.1
103,.193,.276,.243,-3.932
103,.231,.261,.214,-3.545
103,.166,.183,.156,-3.786
205,161,600,7.06,406.7,-3.098,86.4,9.26,407.6,-2.488,88.5,5.992,406.2,-3.444,83.8,142.5
103,.259,.283,.234,-4.447
103,.583,.618,.501,-2.616
103,.814,.855,.696,-.379
205,161,900,8,409,-1.266,83.5,8.83,410.8,.317,87.6,7.17,406.3,-3.425,80.2,138.2
103,1.204,1.255,1.026,.221
103,1.816,1.884,1.543,.767
103,2.59,2.675,2.152,1.277
205,161,1200,5.926,412,1.475,90.9,7.14,412.5,1.902,94.7,4.613,411,.488,87.8,144.9
103,3.296,3.398,2.723,2.594
103,3.652,3.76,2.987,3.091
103,3.919,3.986,2.928,2.953
205,161,1500,6.676,412.2,1.627,98.3,7.47,413.5,3.089,100.4,4.892,411.5,.976,95.5,144.6
103,4.937,5,3.513,4.075
103,4.908,4.955,3.572,4.313
103,3.15,3.228,2.503,2.504
205,161,1800,6.94,413.4,3.18,90.4,8.43,413.6,3.485,95.4,6.087,413.2,2.831,85,139.8
103,3.308,3.404,2.603,3.441
103,2.895,2.984,2.306,2.888
103,3.706,3.754,2.841,4.512
205,161,2100,10.64,413.9,3.955,82.8,13.46,414.5,4.509,86.6,6.831,413.2,3.106,78.6,153.5
103,1.923,1.973,1.532,1.489
103,3.022,2.97,2.227,1.038
103,2.402,2.358,1.799,.309
205,162,0,9.64,413.6,3.673,74.4,12.28,414.5,4.861,80.9,5.833,412.6,2.372,69.56,194.4
103,.62,.633,.51,-.707
103,1.128,1.126,.846,-1.335
103,.483,.492,.377,-.528
205,162,300,12.43,410.1,-.414,88.3,15.26,412.4,1.962,102,8.95,408.7,-1.761,70,183.1
103,.224,.235,.191,-.053
103,.138,.146,.125,-.099
103,.103,.11,.097,-.165
205,162,600,8.86,408.3,-2.146,102.2,10.85,408.7,-1.718,102.3,7.38,407.9,-2.464,101.9,192.4
103,.258,.272,.243,-.113
103,.681,.711,.638,-.065
103,1.101,1.146,.999,-.391
205,162,900,8.91,407.5,-2.541,99.4,9.81,407.9,-2.426,101.9,8.27,407,-2.776,96.4,178.4
103,1.557,1.615,1.367,-.107
103,2.292,2.371,1.945,.43
103,3.621,3.732,2.989,1.496
205,162,1200,9.92,407.2,-2.518,95.5,10.49,407.5,-2.187,96.5,9.27,407,-2.738,94.8,182.7
103,5.106,5.24,4.144,1.776
103,3.895,4.009,3.428,.287
103,5.224,5.366,4.534,.934
205,162,1500,10.39,407.7,-2.691,98.9,11.29,408,-2.412,100.4,9.39,407.4,-2.848,95.2,200
103,5.248,5.387,4.618,.551
103,5.375,5.521,4.773,.133
103,4.706,4.84,4.139,.355
205,162,1800,8.75,408.1,-2.567,100.6,9.84,408.5,-2.402,100.8,7.89,407.9,-2.671,100.4,184.2
103,4.476,4.598,4.008,-.081
103,3.838,3.948,3.436,-.137
103,3.505,3.602,3.082,.214
205,162,2100,8.01,407.9,-2.466,100.5,8.84,408.2,-2.249,100.7,7.42,407.7,-2.69,100.3,184.6
103,2.846,2.916,2.481,.398
103,2.208,2.26,1.947,.306
103,1.377,1.428,1.234,.122
205,163,0,6.424,407.9,-2.424,101.1,8.25,408.1,-2.283,101.3,5.018,407.7,-2.546,100.6,176
103,.888,.922,.8,-.338
103,.52,.541,.471,-.529
103,.37,.389,.337,-.498
205,163,300,5.557,407.7,-2.548,101.1,6.432,408,-2.321,101.2,4.931,407.2,-2.891,100.9,164.3
103,.171,.182,.159,-.624
103,.237,.252,.217,-.659
103,.236,.249,.219,-.119
205,163,600,5.485,407.2,-2.992,101.2,6.018,407.5,-2.786,101.2,4.904,407,-3.199,101,173
103,.346,.366,.323,-.27
103,.5,.532,.467,-1.274
103,1.127,1.182,1.034,-.311
205,163,900,4.547,407,-3.109,100.7,5.358,407.5,-2.805,101.1,3.721,406.1,-3.714,99.7,149.2
103,1.617,1.698,1.47,-1.189
103,3.019,3.14,2.708,-1.67
103,4.08,4.192,3.64,-1.545
205,163,1200,5.608,407.5,-2.566,93,6.981,408.2,-2.019,99.3,4.838,406.4,-3.531,87.8,139.4
103,4.242,4.332,3.765,-2.052
103,5.877,5.932,5.151,-3.819
103,6.338,6.312,5.517,-4.148
205,163,1500,6.844,408.4,-1.72,84.8,7.62,409.7,-.665,87.7,6.267,407.1,-2.829,82.6,134
103,6.793,6.738,5.872,-3.246
103,6.998,6.913,5.984,-2.499
103,6.926,6.817,5.894,-1.013
205,163,1800,5.51,410.5,.202,80.7,6.249,411.1,.636,84.1,4.282,409.4,-.594,75.8,142.1
103,6.366,6.269,5.421,-.084
103,5.456,5.373,4.675,-.241
103,4.617,4.56,3.984,-1.1
205,163,2100,5.186,410.7,.068,81.7,6.405,411.5,.664,90,3.931,409.9,-.652,76.6,148.5
103,3.756,3.728,3.292,-1.532
103,2.306,2.286,2.057,-2.137
103,1.417,1.429,1.303,-1.764
205,164,0,4.759,408.3,-1.83,91.6,5.336,409.8,-.738,92.6,3.958,407.2,-2.757,89.7,144
103,.878,.886,.816,-2.237
103,.475,.497,.452,-2.376
103,.243,.264,.238,-2.787
205,164,300,4.357,407.2,-2.401,92.8,4.621,408.5,-1.479,94.3,3.824,406.2,-3.117,91.5,137.3
103,.123,.131,.118,-1.244
103,.14,.149,.133,-.998
103,.19,.201,.18,-.28
205,164,600,4.62,408.7,-1.578,98.2,5.657,409.3,-1.139,101.5,2.705,407.7,-2.004,91.8,206
103,.352,.37,.329,.11
103,.58,.607,.538,.178
103,.84,.877,.778,.014
205,164,900,3.403,408.7,-1.685,101.6,4.997,408.9,-1.56,101.7,2.577,408.5,-1.919,101.5,167.4
103,.909,.95,.842,-.233
103,2.682,2.801,2.42,-1.35
103,4.272,4.401,3.796,-4.766
205,164,1200,5.53,408.6,-1.876,94.7,6.928,409.1,-1.489,101.5,4.169,408.2,-2.22,88,130.3
103,5.202,5.297,4.523,-5.011
103,5.948,5.975,5.159,-4.24
103,6.525,6.472,5.604,-3.483
205,164,1500,7.64,409.5,-1.045,88,8.28,410.3,-.25,88.6,7.16,408.8,-1.618,87.7,134.5
103,6.876,6.807,5.832,-2.614
103,6.971,6.891,5.873,-1.287
103,6.799,6.697,5.704,.14
205,164,1800,8.15,410.9,.36,85.3,9.08,411.4,.733,87.9,7.46,410.3,-.227,80.4,123.6
103,6.402,6.306,5.37,.918
103,5.786,5.674,4.824,.639
103,4.971,4.884,4.146,-.168
205,164,2100,8.69,410.9,.422,83.1,9.09,411,.609,86,8.26,410.7,.275,80.3,129.8
103,3.949,3.878,3.344,-1.456
103,3.256,3.19,2.744,-1.941
103,2.244,2.181,1.888,-2.805
205,165,0,8.69,410.6,.279,84.9,9.22,411.1,.757,85.8,8,409.9,-.202,83.4,132.4
103,1.622,.897,1.354,-2.989
103,.982,.951,.8,-3.914
103,.474,.51,.458,-4.475
205,165,300,10.48,408.5,-1.488,83.1,12.13,409.7,-.402,84.2,8.93,407.4,-2.426,81.2,125.2
103,.198,.361,.336,-4.649
103,.33,.448,.409,-3.282
103,.449,.479,.434,-3.467
205,165,600,11.99,406.9,-2.872,83.9,12.66,407.7,-2.139,84.9,11.22,406.3,-3.353,82.6,125.3
103,.673,.717,.616,-2.525
103,.905,.957,.814,-2.062
103,1.178,1.233,1.054,-1.335
205,165,900,11.71,406.8,-3.027,83.9,12.55,407.5,-2.464,84.9,10.7,406.3,-3.574,82.4,131.3
103,1.87,1.953,1.664,-1.103
103,3.421,3.582,3.02,-1.538
103,3.86,4.011,3.395,-1.182
205,165,1200,12.29,408.8,-1.373,82.5,13.09,409.6,-.7,84.5,11.58,407.8,-2.292,80.8,144.4
103,4.284,4.41,3.734,-.097
103,3.376,3.481,3.018,.015
103,4.096,4.215,3.622,.532
205,165,1500,10.61,410.6,.184,85,12.13,411.3,.814,85.5,9.44,409.7,-.639,84.1,144.7
103,4.792,4.901,4.157,.887
103,4.599,4.726,4.049,.632
103,5.66,5.746,4.842,1.705
205,165,1800,8.97,412,1.5,83.6,10.28,412.6,2.097,85.3,7.8,411.2,.737,81.7,145.9
103,6.32,6.276,5.09,3.678
103,5.869,5.759,4.542,3.95
103,4.074,4.059,3.167,2.978
205,165,2100,8.97,412,1.5,83.6,10.28,412.6,2.097,85.3,7.8,411.2,.737,81.7,145.9
103,2.257,2.232,1.792,.181
103,2.314,2.117,1.867,.826
103,.845,.694,.71,-2.195
206,166,0,3.894,410.7,.109,97.7,6.453,411.3,.703,100.8,2.741,409.6,-.807,92.7,152.4
103,.324,.364,.292,-2.302
103,.192,.207,.171,-.186
103,.255,.272,.222,.046
206,166,300,3.483,408.8,-1.566,101.2,4.999,410.1,-.501,101.5,1.753,407.1,-3.261,100.9,313.3
103,.191,.206,.172,-.189
103,.257,.276,.232,-.248
103,.388,.414,.35,-.128
206,166,600,2.26,406.7,-3.478,101,3.319,407.1,-3.194,101.3,.849,406,-4.051,100.7,336.5
103,.989,1.036,.88,.15
103,1.267,1.324,1.136,.294
103,2.063,2.143,1.843,.606
206,166,900,2.954,406.5,-3.59,99.8,3.54,407.2,-2.963,100.6,2.411,405.8,-4.288,98.8,334.4
103,2.472,2.561,2.211,.667
103,3.428,3.538,3.06,.725
103,3.983,4.098,3.536,.839
206,166,1200,2.78,407.4,-2.776,97.4,3.639,408,-2.058,98.6,1.471,406.9,-3.189,95.9,357.9
103,5.25,5.363,4.598,.964
103,5.766,5.862,4.964,1.16
103,6.24,6.315,5.357,1.385
206,166,1500,1.516,408.7,-1.383,94.4,2.476,409.6,-.644,95.6,.518,408.1,-1.987,91.8,360.1
103,6.87,6.85,5.689,2.492
103,6.67,6.605,5.401,3.341
103,5.124,5.174,4.344,2.072
206,166,1800,2.694,409,-1.146,92.2,3.633,409.4,-.568,93.3,1.014,408.3,-1.981,90.2,327.2
103,6.029,6.051,5.078,2.415
