118,1995,163,1958,1.675,6.03,-.125,-.149,-.061,-.156,.398,.514,77.8,76.8,75.6,7.02,7.98,11.59,1.504,2.368,12.63,0,0
118,1995,163,2058,-.284,4.892,-.563,-.581,-.494,-.667,-.139,-.009,89.9,89.2,89.1,8.3,9.5,12.82,1.654,2.605,13.9,0,0
118,1995,163,2158,-1.89,3.382,-1.403,-1.406,-1.317,-1.38,-.926,-.803,92.4,91.7,92.4,6.756,7.75,13.85,1.655,2.606,13.92,0,0
118,1995,163,2258,-1.52,2.268,-2.057,-2.031,-1.954,-2.09,-1.766,-1.578,93.4,92.7,93.5,7.21,8.27,14.01,1.657,2.608,13.92,170,15
118,1995,163,2358,-2.201,1.465,-3.067,-3.001,-2.917,-3.126,-2.814,-2.591,93.7,93.2,94.1,6.759,7.78,14.31,1.66,2.614,13.85,169,15
118,1995,164,58,-2.356,.891,-3.296,-3.169,-3.073,-3.426,-3.129,-2.84,94.6,94.3,95.3,6.141,7.16,13.21,1.66,2.616,13.68,169,14
118,1995,164,158,-1.562,.428,-3.852,-3.729,-3.621,0,0,0,0,0,0,6.388,7.43,0,0,0,0,0,0
118,1995,164,258,-1.523,.318,-2.437,-2.29,-2.147,0,0,0,0,0,0,5.462,6.359,0,0,0,0,0,0
118,1995,164,358,-1.027,.316,-2.395,-2.267,-2.185,-2.482,-2.241,-1.943,91.6,91.2,92,5.092,5.928,11.97,1.602,2.524,12.31,0,0
118,1995,164,458,-.258,.393,-1.593,-1.557,-1.532,-1.766,-1.588,-1.352,98.6,98.3,98.8,7.77,8.7,14.69,1.655,2.608,12.71,192,0
118,1995,164,558,.204,.624,-1.754,-1.758,-1.759,-1.732,-1.518,-1.456,101.6,101.3,100.9,7.54,8.3,17.76,1.654,2.609,12.73,192,0
118,1995,164,658,.315,1.036,-1.89,-1.906,-1.909,-1.898,-1.666,-1.67,102.7,102.6,101.2,5.276,5.785,17.85,1.655,2.608,13,192,0
118,1995,164,758,.135,1.664,-1.844,-1.859,-1.854,-1.731,-1.452,-1.487,102.7,102.6,101.3,4.506,5.015,16.21,1.657,2.609,13.77,192,0
118,1995,164,858,-.162,2.29,-1.903,-1.905,-1.894,-1.782,-1.473,-1.488,102.4,102.2,101.3,5.532,6.289,15.34,1.655,2.61,13.8,192,0
118,1995,164,958,-1.783,3.853,-2.22,-2.271,-2.251,-1.839,-1.468,-1.491,101.6,101.5,100.9,6.831,7.81,14.6,1.656,2.612,13.97,192,0
118,1995,164,1058,-7.41,5.544,-2.674,-2.67,-2.63,-2.618,-2.247,-2.098,95.8,95.8,97.3,7.43,8.58,11.7,1.66,2.615,13.98,192,0
118,1995,164,1158,-8.2,6.886,-2.177,-2.196,-2.122,-2.238,-1.879,-1.745,92.6,91.9,92.3,9.45,10.85,12.52,1.653,2.605,13.97,192,0
118,1995,164,1258,-7.26,8.03,-1.844,-1.878,-1.78,-1.949,-1.578,-1.45,91.8,90.7,90.9,10.73,12.31,12.69,1.651,2.61,13.97,192,0
118,1995,164,1358,-4.913,8.89,-1.412,-1.415,-1.381,-1.548,-1.211,-1.068,92,90.9,91.1,10.68,12.19,11.72,1.65,2.609,13.96,192,0
118,1995,164,1458,-2.067,9.43,-.657,-.68,-.605,-.754,-.396,-.286,87.5,86.5,86.8,11.33,12.94,11.27,1.553,2.474,13.25,0,0
118,1995,164,1658,2.478,9.02,.296,.253,.33,.035,.424,.599,86.1,85,85.2,11.56,13.05,11.41,1.522,2.442,13.1,0,0
118,1995,164,1758,3.958,8.47,.5,.475,.535,.266,.65,.848,88.4,87.3,87,11.84,13.31,11.42,1.617,2.594,13.91,0,0
118,1995,164,1858,4.215,7.49,.039,.082,.154,-.148,.312,.529,88.5,86.9,86.1,11.71,13.54,11.1,1.622,2.601,13.91,0,0
118,1995,164,1958,1.484,6.249,.09,.15,.225,-.202,.261,.491,89.8,88.2,87.6,12.29,14.23,11.41,1.626,2.607,13.91,170,15
118,1995,164,2058,-1.234,4.825,.199,.288,.37,-.077,.377,.628,91.1,89.6,89.3,12.21,14.13,11.66,1.631,2.612,13.91,170,15
118,1995,164,2158,-3.018,3.624,.197,.311,.413,-.072,.424,.662,91.6,90.2,90.2,12.1,14.03,12.06,1.633,2.611,13.91,169,15
118,1995,164,2258,-4.069,2.423,-.202,-.046,.03,-.386,.091,.332,91.4,90,90.1,11.79,13.66,11.68,1.632,2.61,13.92,169,15
118,1995,164,2358,-4.658,1.573,-.695,-.474,-.426,-.849,-.378,-.119,91.1,89.5,89.6,12.37,14.28,11.61,1.634,2.612,13.94,169,15
118,1995,165,58,-5.378,.944,-1.355,-1.088,-1.001,-1.477,-.997,-.709,90.3,88.5,88.4,12.92,14.99,11.55,1.636,2.614,13.95,169,15
118,1995,165,158,-5.346,.562,-2.21,-2.024,-1.919,-2.366,-1.956,-1.628,90.8,89.1,89,14.3,16.55,11.13,1.64,2.621,13.97,169,15
118,1995,165,258,-5.173,.382,-2.84,-2.641,-2.549,-2.979,-2.612,-2.238,90.6,88.9,88.7,16.08,18.59,11.36,1.644,2.626,13.97,169,15
118,1995,165,358,-3.367,.336,-3.161,-3.01,-2.915,-3.371,-3.055,-2.692,91.1,89.5,89.5,16.65,19.23,11.55,1.647,2.628,14.01,169,15
118,1995,165,458,-3.702,.422,-3.676,-3.516,-3.412,-3.776,-3.512,-3.171,91.5,89.9,90.1,16.91,19.48,11.75,1.65,2.631,13.92,168,14
118,1995,165,558,-2.666,.705,-3.808,-3.672,-3.56,-3.971,-3.704,-3.383,91.5,89.9,90.1,16.86,19.52,11.83,1.65,2.631,13.86,168,14
118,1995,165,658,-2.161,1.136,-3.849,-3.716,-3.637,-4.05,-3.771,-3.461,91.3,89.6,89.9,16.13,18.64,11.74,1.653,2.63,13.83,168,14
118,1995,165,758,-1.408,1.743,-3.66,-3.515,-3.437,-3.828,-3.584,-3.277,91.5,89.9,90.2,16.63,19.26,12.06,1.654,2.631,13.85,168,14
118,1995,165,858,-1.133,2.741,-3.455,-3.322,-3.231,-3.717,-3.444,-3.134,91.1,89.4,89.6,16.09,18.61,11.79,1.652,2.629,13.91,168,14
118,1995,165,958,-2.121,4.349,-2.651,-2.545,-2.41,-2.892,-2.621,-2.307,90.9,89.2,89.3,17.16,19.93,12.65,1.654,2.627,14.03,168,14
118,1995,165,1058,-2.045,5.524,-1.941,-1.838,-1.709,-2.204,-1.903,-1.6,90.6,88.8,88.5,16.99,19.86,13.32,1.652,2.624,14.02,168,14
118,1995,165,1158,-.79,6.538,-1.318,-1.252,-1.139,-1.622,-1.325,-1.055,91.6,89.9,90.1,16.6,20.22,12.75,1.652,2.623,14,168,14
118,1995,165,1258,-.102,6.637,-.883,-.805,-.696,-1.206,-.881,-.608,92.1,90.5,90.8,14.25,18.23,13.05,1.651,2.617,13.99,168,14
118,1995,165,1358,.529,7.42,-.092,-.029,.068,-.435,-.086,.185,91.9,90.3,90.7,14.17,16.33,12.61,1.647,2.612,13.96,168,14
118,1995,165,1458,1.043,8.14,.299,.347,.451,-.045,.323,.622,92.2,90.4,90.8,14.91,17.29,12.75,1.648,2.61,13.95,168,14
118,1995,165,1558,.659,8.11,.573,.641,.712,.194,.588,.923,92.3,90.3,90.6,13.71,15.8,12.33,1.648,2.608,13.93,1,515
118,1995,165,1658,2.272,8.63,1.093,1.172,1.21,.77,1.191,1.499,90.9,89.1,89.2,12,13.69,11.46,1.649,2.604,13.91,1,515
118,1995,165,1758,6.02,8.45,1.695,1.704,1.84,1.407,1.852,2.072,89.8,88.2,88.3,12.2,13.87,11.83,1.65,2.604,13.88,1,515
118,1995,165,1858,7.48,7.48,1.875,1.827,1.998,1.602,2.066,2.228,87.9,86.6,86.4,12.46,14.13,13.87,1.652,2.607,13.87,1,515
118,1995,165,1958,3.581,5.757,1.768,1.755,1.886,1.562,1.991,2.146,87.6,86.4,85.9,11.64,13.16,14.13,1.653,2.609,13.87,1,515
118,1995,165,2058,2.717,4.569,1.763,1.8,1.917,1.617,2.007,2.184,88.1,86.9,86.6,10.62,12.03,14.29,1.654,2.611,13.88,1,515
118,1995,165,2158,2.309,3.636,1.16,1.136,1.223,1.284,1.645,1.683,90,88.9,89,9.31,10.42,16.12,1.654,2.615,13.88,1,515
118,1995,165,2258,-.161,2.52,.33,.325,.366,.394,.723,.761,95.7,94.8,95.7,6.132,6.92,16.07,1.657,2.619,13.9,1,515
118,1995,165,2358,-1.349,1.559,-.314,-.29,-.281,.043,.469,.423,97.3,96.9,97.6,4.524,5.188,14.78,1.658,2.622,13.83,1,515
118,1995,166,58,-3.598,.889,-1.046,-1.001,-.958,-1.037,-.713,-.579,100.8,100.7,100.5,5.622,6.534,14.04,1.662,2.626,13.77,1,515
118,1995,166,158,-1.207,.534,-1.056,-1.05,-1.037,-1.154,-.926,-.826,102,102,101,6.629,7.58,15.07,1.662,2.627,13.43,1,515
118,1995,166,258,.01,.306,-2.08,-2.098,-2.154,-1.588,-1.465,-1.443,78.8,78.7,77.5,3.678,4.251,22.02,1.275,2.016,9.81,0,0
118,1995,166,358,-.011,.321,-3.236,-3.298,-3.324,-3.166,-3.066,-2.939,102.4,102.2,101.2,4.503,4.976,29.4,1.665,2.635,12.77,0,0
118,1995,166,458,-.249,.398,-3.334,-3.383,-3.415,-3.393,-3.237,-3.136,101.9,101.8,101.1,2.392,2.819,30.83,1.666,2.639,12.71,0,0
118,1995,166,558,-.076,.613,-3.593,-3.632,-3.662,-3.491,-3.332,-3.213,101.5,101.6,100.9,3.29,3.641,30.74,1.668,2.638,12.72,168,14
118,1995,166,658,.104,1.103,-4.214,-4.25,-4.289,-4.157,-3.996,-3.873,101,101.1,100.6,3.776,4.488,31.43,1.667,2.639,12.99,168,14
118,1995,166,758,.456,1.809,-3.91,-3.948,-4.01,-3.787,-3.511,-3.501,100.6,100.8,100.3,3.369,3.981,33.11,1.67,2.639,13.86,168,14
118,1995,166,858,.641,2.69,-3.744,-3.788,-3.809,-3.399,-3.014,-3.092,100.2,100.3,100,2.951,3.458,33.02,1.666,2.64,13.91,168,14
118,1995,166,958,.866,3.753,-3.529,-3.705,-3.622,-3,-2.742,-2.698,99.6,99.2,99.4,3.35,3.949,31.78,1.66,2.639,13.99,168,14
118,1995,166,1058,1.217,5.135,-3.213,-3.509,-3.268,-2.647,-2.082,-2.316,98.9,98.2,98.9,3.322,3.841,33.3,1.657,2.634,14.01,168,14
118,1995,166,1158,.835,6.027,-2.909,-3.262,-3.186,-2.49,-2.075,-2.212,98.1,96.6,98.3,3.412,4.023,32.37,1.655,2.63,13.99,169,14
118,1995,166,1258,1.244,7.33,-2.507,-2.036,-2.542,-1.661,-.668,-1.226,96.9,93.3,97.2,3.229,3.612,33.56,1.651,2.626,13.97,169,15
118,1995,166,1358,1.997,8.41,-1.736,-1.503,-2.003,-1.318,-.045,-.801,95.9,88.7,96.6,3.681,4.13,34.19,1.653,2.63,13.93,169,15
118,1995,166,1458,2.237,8.83,-1.585,-1.078,-1.536,-.879,2.73,1.037,95,79.6,94.8,3.755,4.107,19.3,1.651,2.623,13.91,169,15
118,1995,166,1558,3.526,9.11,-.617,-.634,-1.084,-.398,2.365,.595,93.3,72.3,92.8,3.382,3.766,33.16,1.65,2.62,13.89,170,16
118,1995,166,1658,5.507,9.21,-.458,-.8,-1.121,-.411,1.299,.202,92.7,74.7,93.3,3.289,3.714,33.1,1.653,2.622,13.87,170,16
118,1995,166,1758,4.288,7.98,-.939,-1.345,-1.541,-.806,.473,-.16,92.6,77.5,93.3,3.356,3.83,32.56,1.654,2.624,13.87,170,16
118,1995,166,1858,4.235,7.91,-1.616,-1.956,-2.106,-1.116,-.739,-.729,93.5,84.4,94.2,3.989,4.466,31.05,1.655,2.624,13.88,170,16
118,1995,166,1958,1.886,6.086,-1.524,-1.805,-1.991,-1.286,-.687,-.877,93.5,87.2,94.3,3.754,4.311,31.76,1.659,2.625,13.88,170,16
118,1995,166,2058,1.036,4.339,-2.209,-2.429,-2.542,-2.078,-1.999,-1.799,96.6,93.4,97.4,4.266,4.952,30.89,1.661,2.627,13.9,170,16
118,1995,166,2158,.625,3.257,-2.133,-2.256,-2.372,-2.213,-1.793,-1.916,98.5,96.3,99,3.718,4.364,32.79,1.667,2.632,13.89,170,15
118,1995,166,2258,-.102,2.29,-2.453,-2.537,-2.635,-2.456,-2.07,-2.169,98.8,96.2,99.3,4.015,4.683,32.86,1.656,2.626,13.83,169,15
118,1995,166,2358,-.787,1.439,-2.944,-2.988,-3.05,-2.969,-2.689,-2.666,99.5,97.5,99.8,4.05,4.75,32.14,1.652,2.622,13.74,169,15
118,1995,167,58,-.423,.938,-3.52,-3.533,-3.58,-3.46,-3.232,-3.181,100.4,98.8,100.3,4.119,4.772,33.8,1.652,2.624,13.68,169,15
118,1995,167,158,-.297,.554,-3.426,-3.472,-3.523,-3.564,-3.384,-3.318,101.2,100.1,100.7,3.827,4.493,33.28,1.652,2.624,13.17,168,15
118,1995,167,258,-.8,.371,-3.355,-3.359,-3.408,-3.422,-3.262,-3.143,100.9,100,100.6,3.643,4.316,33.4,1.651,2.624,12.89,168,14
118,1995,167,358,-.899,.333,-3.562,-3.578,-3.603,-3.59,-3.426,-3.318,101,100.3,100.5,3.086,3.631,32.57,1.653,2.627,12.75,168,14
118,1995,167,458,-.784,.416,-3.567,-3.563,-3.598,-3.631,-3.462,-3.351,101.2,100.7,100.6,3.03,3.563,32.4,1.654,2.631,12.7,168,14
118,1995,167,558,-.481,.635,-3.47,-3.472,-3.509,-3.514,-3.332,-3.237,101,100.4,100.5,3.297,3.865,33.25,1.652,2.627,12.72,168,14
118,1995,167,658,-.283,1.027,-3.488,-3.46,-3.519,-3.511,-3.204,-3.185,100.9,100,100.4,3.163,3.598,35.12,1.652,2.627,12.89,168,14
118,1995,167,758,-.011,1.639,-3.278,-3.252,-3.324,-3.277,-2.742,-2.814,100.4,98.6,99.9,2.593,2.933,23.21,1.652,2.626,13.57,168,14
118,1995,167,858,.138,2.459,-2.962,-2.759,-2.907,-2.685,-1.575,-1.996,99.6,95.2,99.1,2.038,2.234,34.44,1.652,2.625,13.88,168,14
118,1995,167,958,.21,3.588,-2.18,-2.206,-1.955,-1.194,.754,.402,98.3,84.9,96.2,1.021,1.095,34.42,1.66,2.631,13.95,168,14
118,1995,167,1058,.728,4.981,-2.436,-2.39,-2.437,3.865,4.969,4.269,88.4,71.3,84.5,.492,.495,34.41,1.654,2.629,13.96,168,14
118,1995,167,1158,1.65,6.392,-2.31,-2.405,-2.54,2.443,1.848,1.516,84.4,79.6,78.9,1.536,1.479,28.16,1.648,2.622,13.9,168,14
118,1995,167,1258,2.231,7.76,-2.142,-2.194,-2.306,1.808,1.353,.987,85.3,83.2,81.4,1.667,1.591,22.52,1.655,2.632,13.88,168,14
118,1995,167,1358,2.584,8.73,-1.85,-1.975,-2.061,2.548,2.277,1.465,83.9,81.4,79.5,2.424,2.466,21.13,1.652,2.628,13.84,168,14
118,1995,167,1458,1.598,8.79,-1.883,-1.943,-2.073,1.489,1.106,.77,89.3,86.6,87.1,2.128,2.231,21.75,1.649,2.621,13.85,1,515
118,1995,167,1558,-2.265,8.67,-1.543,-1.604,-1.655,5.104,5.01,4.578,84.5,81.1,77.3,.808,.826,23.45,1.655,2.625,13.82,1,515
118,1995,167,1658,-4.345,8.4,-1.233,-1.362,-1.322,7.58,8.53,6.817,68.97,62.29,59.36,.718,.749,22.56,1.663,2.626,13.77,1,515
118,1995,167,1758,-4.36,7.87,-.969,-1.207,-1.032,7.58,10.37,8.15,59.04,53.73,50.1,.921,.999,21.25,1.661,2.63,13.73,1,515
118,1995,167,1858,5.596,7.19,-.724,-.84,-.838,1.435,3.001,2.266,51.92,50.06,48.8,1.075,1.183,9.7,1.159,1.836,9.49,0,0
118,1995,167,1958,1.146,5.556,-.9,-1.059,-.829,4.657,6.031,4.702,41.66,38.56,34.28,.486,.517,12.67,1.117,1.769,9,0,0
118,1995,167,2058,2.299,4.648,-1.258,-1.272,-1.305,8.36,8.16,7.29,58.85,57.37,50.52,.447,.456,18.83,1.66,2.63,13.23,0,0
118,1995,167,2158,.557,3.454,-1.516,-1.598,-1.204,2.791,5.444,5.452,69.32,66.59,59.82,.542,.478,18.82,1.661,2.63,13.16,172,17
118,1995,167,2258,-.347,2.447,-1.216,-1.286,-.527,3.255,5.13,4.868,71,66.83,64.95,.634,.829,18.85,1.661,2.629,13.1,172,17
118,1995,167,2358,-1.421,1.556,-3.602,-3.118,-2.895,-1.905,.875,.035,85.2,75.8,81.2,1.992,2.593,8.76,1.664,2.633,13.04,171,16
118,1995,168,58,-3.259,.923,-4.823,-4.52,-4.357,-4.179,-3.223,-2.71,91.3,90.2,89,2.894,3.445,4.819,1.667,2.638,12.98,171,16
118,1995,168,158,-3.526,.591,-5.886,-5.78,-5.67,-5.635,-5.258,-4.995,93.6,93.5,94.4,4.23,5.016,6.113,1.669,2.643,12.93,170,15
118,1995,168,258,-3.967,.406,-6.856,-6.767,-6.686,-6.618,-6.511,-6.032,91.7,92,92.6,5.078,5.961,6.191,1.672,2.648,12.89,169,14
118,1995,168,358,-2.906,.365,-8.13,-8.05,-7.97,-8,-7.91,-7.45,90.7,91,91.7,5.474,6.428,7.12,1.676,2.654,12.85,168,14
118,1995,168,458,-3.229,.463,-8.63,-8.52,-8.43,-8.62,-8.49,-8.1,90.5,90.8,91.6,4.788,5.693,6.843,1.678,2.657,12.84,168,13
118,1995,168,558,-2.424,.727,-8.65,-8.52,-8.4,-8.66,-8.44,-8.13,90.6,90.8,91.9,4.616,5.492,6.469,1.678,2.657,12.87,167,13
118,1995,168,658,-.717,1.235,-8.87,-8.76,-8.63,-8.73,-8.43,-8.19,90.1,89.9,91.4,4.901,5.753,6.745,1.679,2.658,12.99,167,13
118,1995,168,758,1.42,2.035,-8.85,-8.79,-8.71,-8.79,-8.55,-8.34,87.6,87.3,88.6,6.244,7.21,7.87,1.679,2.659,13.28,167,13
118,1995,168,858,2.541,3.113,-8.45,-8.41,-8.38,-8.4,-8.17,-7.95,86.2,85.7,86.5,7.24,8.29,8.53,1.679,2.658,13.71,167,13
118,1995,168,958,2.252,4.389,-7.74,-7.71,-7.73,-7.72,-7.55,-7.29,85.6,85.2,85.6,7.18,8.19,8.19,1.677,2.655,14.05,167,13
118,1995,168,1058,1.475,5.73,-6.476,-6.505,-6.544,-6.492,-6.301,-6.082,85.3,84.7,85.1,7.44,8.48,8.79,1.673,2.649,14.04,167,13
118,1995,168,1158,.299,7.03,-5.232,-5.275,-5.338,-5.253,-5.038,-4.863,84.8,84,84,7.22,8.24,9.28,1.67,2.644,14.01,168,14
118,1995,168,1258,-.417,8.12,-3.91,-3.963,-4.042,-3.824,-3.536,-3.415,85.2,84.5,84.5,5.969,6.759,9.55,1.665,2.638,13.96,168,14
118,1995,168,1358,.496,8.95,-2.89,-2.977,-2.987,-2.847,-2.443,-2.375,83.9,82.8,82.5,6.249,7.08,11.65,1.662,2.634,13.91,168,14
118,1995,168,1458,1.907,9.42,-2.227,-2.354,-2.311,-2.169,-1.659,-1.639,82.6,81.2,80,6.007,6.817,12.04,1.66,2.631,13.87,169,15
118,1995,168,1558,4.097,9.49,-1.7,-1.893,-1.865,-1.529,-.939,-.959,81.7,80.1,78.8,5.124,5.786,12.69,1.659,2.629,13.85,169,15
118,1995,168,1658,6.161,9.17,-1.478,-1.742,-1.586,-1.159,-.433,-.506,79.7,78,75.9,4.437,5.001,13.27,1.658,2.628,13.82,169,15
118,1995,168,1758,8.29,8.48,-1.298,-1.571,-1.382,-.891,-.044,-.169,79.1,77.4,75.1,4.133,4.637,13.51,1.657,2.627,13.8,170,15
118,1995,168,1858,7.72,7.58,-1.385,-1.637,-1.479,-.695,.141,-.198,80.2,78.3,76.5,3.981,4.447,15.43,1.657,2.628,13.79,170,15
118,1995,168,1958,2.569,6.429,-1.619,-1.781,-1.691,.54,1.182,.56,79.6,77.7,75.4,2.506,2.718,19.21,1.658,2.628,13.77,170,15
118,1995,168,2058,1.45,4.874,-1.857,-1.893,-1.804,.757,2.967,2.013,77.6,75.4,72.9,1.441,1.838,16.39,1.658,2.63,13.65,170,15
118,1995,168,2158,-.944,3.684,-2.538,-2.504,-2.433,-1.596,-.504,-.641,83.3,82.3,80.6,2.529,3.096,9.75,1.66,2.631,13.37,170,16
118,1995,168,2258,-2.706,2.553,-3.303,-3.152,-3.02,-2.512,-1.59,-1.648,86,85.7,85.1,2.744,3.451,9.21,1.661,2.634,13.29,171,16
118,1995,168,2358,-3.703,1.645,-4.358,-4.11,-3.984,-3.7,-2.813,-2.84,87.5,87.2,87.4,2.905,3.676,9.02,1.664,2.637,13.23,170,16
118,1995,169,58,-4.581,.993,-5.632,-5.419,-5.215,-5.148,-4.325,-4.324,88.8,88.6,89.7,3.31,4.113,8.29,1.668,2.644,13.17,170,15
118,1995,169,158,-4.882,.6,-6.804,-6.637,-6.437,-6.508,-5.944,-5.728,89.1,89,90.3,3.914,4.744,8.43,1.672,2.649,13.1,169,15
118,1995,169,258,-4.866,.409,-7.61,-7.43,-7.3,-7.48,-7.34,-6.794,88.4,88.6,89.5,5.063,6.04,9.35,1.674,2.653,13.04,168,14
118,1995,169,358,-3.967,.365,-7.56,-7.39,-7.25,-7.47,-7.29,-6.805,86.6,86.5,87.1,6.298,7.37,9.87,1.674,2.653,13,168,14
118,1995,169,458,-4.238,.459,-7.63,-7.45,-7.32,-7.81,-7.61,-7.16,85.5,85.3,85.5,6.16,7.2,9.45,1.675,2.655,12.98,167,13
118,1995,169,558,-3.571,.722,-7.17,-6.968,-6.87,-7.35,-7.06,-6.738,83.4,82.5,82.1,8.36,9.63,9.69,1.675,2.653,13.01,167,13
118,1995,169,658,-2.172,1.187,-6.307,-6.147,-5.994,-6.495,-6.218,-5.928,82.3,81.2,80.1,9.76,11.24,11.12,1.674,2.652,13.14,167,13
118,1995,169,758,-.236,1.959,-5.81,-5.722,-5.579,-5.966,-5.716,-5.446,83.6,82.2,80.9,11.28,13.03,11.67,1.679,2.656,13.52,167,13
118,1995,169,858,-.574,2.983,-5.224,-5.142,-5.017,-5.417,-5.144,-4.886,84.5,83.1,82,11,12.6,11.89,1.64,2.64,14.03,168,14
118,1995,169,958,-.827,4.283,-4.613,-4.559,-4.479,-4.729,-4.469,-4.212,85,83.8,82.9,10.49,12.06,11.28,1.672,2.649,14.04,168,14
118,1995,169,1058,-2.316,5.642,-3.851,-3.876,-3.799,-4.059,-3.786,-3.568,86,84.5,83.9,12.05,13.82,11.68,1.672,2.647,14.03,168,14
118,1995,169,1158,-3.804,6.904,-2.772,-2.823,-2.727,-3.026,-2.751,-2.566,86.9,85.5,85.2,12.08,13.83,12.28,1.669,2.643,14,168,14
118,1995,169,1258,-3.399,8.09,-1.583,-1.64,-1.562,-1.853,-1.576,-1.41,87,85.5,85.2,11.33,12.91,12.42,1.665,2.637,13.96,169,14
118,1995,169,1358,-1.228,8.82,-.588,-.631,-.527,-.864,-.542,-.403,87.3,85.7,85.4,11.97,13.73,12.91,1.662,2.634,13.92,169,15
118,1995,169,1458,2.088,9.31,.127,.064,.176,-.125,.222,.349,87.7,86.2,86.1,11.17,12.73,12.74,1.66,2.63,13.89,169,15
118,1995,169,1558,5.591,9.38,.657,.542,.63,.405,.828,.913,88.1,86.8,86.9,9.9,11.26,13.11,1.657,2.626,13.87,170,15
118,1995,169,1658,9.51,9.1,1.428,1.282,1.45,1.169,1.597,1.69,86,84.7,84.3,10.25,11.54,13.96,1.654,2.622,13.85,169,15
118,1995,169,1758,12.25,8.55,1.862,1.77,1.945,1.597,2.09,2.23,84.1,82.7,81.2,9.66,10.87,12.97,1.654,2.621,13.83,170,15
118,1995,169,1858,12.59,7.78,2.036,1.977,2.112,1.864,2.424,2.592,84.8,83.5,82.2,8.46,9.51,11.9,1.654,2.62,13.8,170,16
118,1995,169,1958,9.87,7,2.19,2.173,2.296,1.973,2.509,2.687,85.1,83.8,82.7,9.57,10.75,12.14,1.656,2.621,13.78,170,16
118,1995,169,2058,4.935,5.238,2.051,2.079,2.192,1.862,2.367,2.557,84.9,83.6,82.4,10.67,11.98,12.07,1.658,2.624,13.77,171,16
118,1995,169,2158,1.322,3.726,1.779,1.829,1.939,1.602,2.047,2.268,85.1,83.8,82.6,11.36,12.76,11.89,1.66,2.626,13.75,170,16
118,1995,169,2258,-1.276,2.509,1.548,1.646,1.746,1.377,1.851,2.06,85.2,83.9,82.8,11.07,12.43,12.01,1.661,2.628,13.52,170,16
118,1995,169,2358,-2.897,1.59,1.166,1.311,1.388,1.085,1.514,1.739,84.4,83.1,81.8,11.51,12.91,12.12,1.662,2.63,13.35,170,16
118,1995,170,58,-4.336,.96,.343,.488,.588,.32,.712,.957,83.8,82.4,80.9,11.84,13.27,12.02,1.665,2.634,13.24,170,16
118,1995,170,158,-5.066,.573,-.485,-.367,-.27,-.443,-.136,.165,82.4,80.9,79,13.01,14.65,11.13,1.668,2.637,13.14,170,16
118,1995,170,258,-4.942,.389,-1.424,-1.28,-1.195,-1.466,-1.225,-.861,81.9,80.5,78.4,13.08,14.72,11.29,1.672,2.643,13.07,170,16
118,1995,170,358,-3.412,.347,-1.739,-1.621,-1.545,-1.882,-1.647,-1.304,81,79.5,77.2,13.01,14.66,11.24,1.673,2.645,13.04,1,515
118,1995,170,458,-3.487,.418,-2.077,-1.937,-1.855,-2.148,-1.933,-1.602,80.6,79.1,76.7,12.82,14.42,11.22,1.674,2.646,13.02,1,515
118,1995,170,558,-2.451,.668,-2.079,-1.94,-1.845,-2.25,-2.017,-1.703,80.1,78.6,76.1,12.69,14.25,11.68,1.673,2.646,13.03,1,515
118,1995,170,658,-.893,1.143,-2.176,-2.046,-1.937,-2.265,-1.994,-1.7,79.5,77.9,75.1,13.05,14.7,10.75,1.674,2.646,13.19,1,515
118,1995,170,758,-.093,1.841,-2.22,-2.134,-2.021,-2.361,-2.157,-1.878,79.4,77.8,75,14.11,15.88,11.08,1.676,2.648,13.65,1,515
118,1995,170,858,-.364,2.806,-2.01,-1.927,-1.843,-2.173,-1.932,-1.659,79.4,77.7,74.9,14.15,15.91,10.71,1.676,2.648,13.99,1,515
118,1995,170,958,-1.159,3.968,-1.815,-1.74,-1.689,-1.972,-1.738,-1.471,79.3,77.7,74.9,14.37,16.2,10.63,1.677,2.647,13.98,1,515
118,1995,170,1058,-2.179,5.366,-1.209,-1.191,-1.166,-1.47,-1.212,-.961,79.2,77.5,74.6,14.49,16.35,10.52,1.676,2.646,13.98,1,515
118,1995,170,1158,-1.848,6.671,-.601,-.595,-.579,-.814,-.57,-.343,79.4,77.7,74.8,14.04,15.85,10.71,1.674,2.643,13.95,1,515
118,1995,170,1258,1.465,8.27,.596,.57,.601,0,0,0,0,0,0,12.76,14.43,0,0,0,0,0,0
118,1995,170,1358,3.196,8.68,.905,.911,.978,.701,1.021,1.197,77.6,75.9,73.1,11.63,13.21,11.41,1.613,2.549,13.44,0,0
118,1995,170,1458,6.412,9.12,1.455,1.486,1.564,1.267,1.638,1.822,81,79.2,76.4,10.67,12.15,11.85,1.666,2.635,13.88,0,0
118,1995,170,1558,9.63,9.2,1.909,1.927,1.883,1.677,2.038,2.302,81.4,79.6,76.9,9.67,11.02,11.07,1.66,2.63,13.86,170,16
118,1995,170,1658,11.76,8.9,2.043,2.075,2.14,1.946,2.374,2.575,81.5,80,77.6,9.02,10.32,10.86,1.63,2.632,13.84,170,16
118,1995,170,1758,13.28,8.23,2.22,2.272,2.356,2.017,2.503,2.787,81,79.3,76.5,8.58,9.89,10.96,1.633,2.63,13.83,170,16
118,1995,170,1858,12.72,7.3,2.216,2.297,2.385,2.091,2.626,2.904,81.4,79.6,76.8,7.87,9.05,10.49,1.63,2.63,13.82,170,16
118,1995,170,1958,8.73,6.125,2.058,2.166,2.236,2.033,2.593,2.876,82.8,81.2,78.7,6.448,7.48,9.08,1.628,2.632,13.81,171,16
118,1995,170,2058,5.073,4.868,1.699,1.836,1.904,1.786,2.397,2.687,84.1,82.6,80.5,5.635,6.576,8.53,1.629,2.634,13.8,171,16
118,1995,170,2158,1.826,3.618,1.392,1.507,1.588,1.544,2.098,2.39,84.7,83.4,81.8,5.557,6.515,8.47,1.631,2.636,13.8,171,16
118,1995,170,2258,-.892,2.487,.945,1.113,1.191,.977,1.512,1.773,85.8,84.6,83.8,5.932,6.949,8.86,1.633,2.639,13.71,170,17
118,1995,170,2358,-2.676,1.585,.546,.741,.804,.551,1.066,1.309,84.9,83.6,82.5,6.915,8.04,9.54,1.634,2.641,13.47,170,16
118,1995,171,158,-5.159,.504,-1.168,-1.019,-.943,-.837,-.642,-.384,54.75,53.79,52.96,8.7,10.1,7.06,1.068,1.72,8.52,0,0
118,1995,171,258,-5.353,.392,-1.555,-1.401,-1.301,-1.564,-1.337,-.915,84.2,82.9,81.6,9.55,11.05,11.27,1.646,2.654,13.09,0,0
118,1995,171,358,-4.415,.35,-2.381,-2.243,-2.151,-2.401,-2.165,-1.757,84,82.7,81.5,8.82,10.14,10.87,1.65,2.658,13.05,0,0
118,1995,171,458,-4.386,.477,-2.908,-2.77,-2.679,-2.675,-2.495,-2.178,74.3,73.1,71.6,10.89,12.68,9.67,1.496,2.404,11.77,0,0
118,1995,171,558,-3.433,.687,-3.538,-3.389,-3.308,-3.642,-3.385,-3.082,82.1,80.7,78.9,11.42,13.27,11.16,1.655,2.665,13.04,0,0
118,1995,171,658,-1.364,1.157,-3.843,-3.72,-3.606,-4.004,-3.731,-3.467,81.5,79.9,78.1,11.53,13.42,11.12,1.671,2.668,13.14,169,14
118,1995,171,758,.013,1.903,-3.908,-3.801,-3.698,-4.035,-3.811,-3.548,81.2,79.6,77.7,11.37,13.21,10.9,1.68,2.669,13.63,169,14
118,1995,171,858,-.286,2.919,-3.843,-3.759,-3.689,-3.942,-3.747,-3.496,81.2,79.7,77.7,11.56,13.45,10.73,1.679,2.669,14.04,1,515