        4.479000
        4.479000
        4.479000
        4.479000
        2.392000
        4.208000
        4.386000
        5.104000
        4.511000
        4.786000
        5.452000
        5.698000
        5.912000
        6.069000
        6.249000
        6.397000
        6.419000
        6.131000
        6.638000
        6.624000
      -99.000000
        7.430000
        5.409000
        5.200000
        4.903000
        5.217000
        4.846000
        5.437000
        5.482000
        6.529000
        6.468000
        6.706000
        6.664000
        7.240000
        7.920000
        7.830000
        8.080000
        7.630000
        7.910000
        7.360000
        8.040000
        7.960000
        7.980000
        7.360000
        7.170000
        7.380000
        7.260000
        7.240000
        7.120000
        6.909000
        6.632000
        6.981000
        7.060000
        7.160000
        7.560000
        6.875000
        7.250000
        7.480000
        7.140000
        7.110000
        7.490000
        7.640000
        8.190000
        7.780000
        8.530000
        8.060000
        7.820000
        8.120000
        8.010000
        8.190000
        8.020000
        7.830000
        6.784000
        6.343000
        5.309000
        4.028000
        4.089000
        4.844000
        5.439000
        5.628000
        5.814000
        5.864000
        6.257000
        6.518000
        6.905000
        6.439000
        5.973000
        5.814000
        6.373000
        6.852000
    0.000000E+00
        6.509000
        6.050000
        6.460000
        6.410000
        5.700000
        6.210000
        6.320000
        5.980000
        6.550000
        6.390000
        6.450000
        6.410000
        6.410000
        6.500000
        6.370000
        6.520000
        6.900000
        7.460000
        7.260000
        6.800000
        6.580000
        6.720000
        7.090000
        7.050000
        7.500000
        7.070000
        7.160000
        7.640000
        7.670000
        7.500000
        7.020000
        7.130000
        7.350000
        7.330000
        7.130000
        7.070000
        7.510000
        7.830000
        7.760000
        7.810000
        7.840000
        7.580000
        7.500000
        7.530000
        7.580000
        6.980000
        7.380000
        8.010000
        7.830000
        8.050000
        8.060000
        8.420000
        8.310000
        8.070000
        8.120000
        8.200000
        8.250000
        8.140000
        8.050000
        8.650000
        8.790000
        8.810000
        8.920000
        8.920000
        8.880000
        8.870000
        8.790000
        8.620000
        8.370000
        8.410000
        8.920000
        8.470000
        8.590000
        8.440000
        8.170000
        8.590000
        8.610000
        8.360000
        8.120000
        8.690000
        8.140000
        8.320000
        8.060000
        7.620000
        8.700000
        8.160000
        8.740000
        9.080000
        8.690000
        8.600000
        8.250000
        8.360000
        8.490000
        8.470000
        8.710000
        8.790000
        8.440000
        8.520000
        8.730000
        8.510000
        8.550000
        8.250000
        8.040000
        7.510000
        7.870000
        7.700000
        8.110000
        8.840000
        9.270000
        8.940000
        8.760000
        8.880000
        8.800000
        7.850000
        7.720000
        8.420000
        8.200000
        8.370000
        8.670000
        8.310000
        9.030000
        9.560000
        9.750000
        9.100000
        9.010000
        8.940000
        8.850000
        9.160000
        8.440000
        8.420000
        8.100000
        7.890000
        7.750000
        7.670000
        7.630000
        7.660000
        7.640000
        7.200000
        7.180000
        7.930000
        8.060000
        7.550000
        7.840000
        7.730000
        7.200000
        8.380000
        8.220000
        7.810000
        7.600000
        7.570000
        7.290000
        6.590000
        6.830000
        6.840000
