  1991  127.750     2.39   219.33    -9.99
  1991  127.875     3.03   213.11   -13.53
  1991  128.000     3.63   187.50   -15.38
  1991  128.125     4.42   157.56   -17.89
  1991  128.250     3.84   151.28   -16.86
  1991  128.375     2.88   155.00   -16.65
  1991  128.500     2.35   171.33   -15.82
  1991  128.625     2.68   186.28   -14.82
  1991  128.750     2.75   198.17   -14.38
  1991  128.875     3.38   173.72   -15.28
  1991  129.000     3.86   141.78   -17.96
  1991  129.125     6.01    99.39   -23.01
  1991  129.250     7.59    97.44   -22.17
  1991  129.375     7.95   114.11   -19.69
  1991  129.500     8.15   112.39   -16.85
  1991  129.625     6.29   141.67   -13.34
  1991  129.750     7.98   159.33   -14.00
  1991  129.875     6.97   149.39   -14.22
  1991  130.000     6.30   114.06   -17.19
  1991  130.125     6.41    97.28   -21.40
  1991  130.250     7.04    81.28   -21.74
  1991  130.375     7.65    94.83   -19.49
  1991  130.500     8.71   119.39   -14.74
  1991  130.625     7.19   138.89   -11.93
  1991  130.750     5.14   156.61    -9.57
  1991  130.875     2.81   149.61    -9.61
  1991  131.000     1.98    79.72   -13.26
  1991  131.125     4.88    85.94   -19.70
  1991  131.250     6.91    92.28   -20.61
  1991  131.375     8.09    96.50   -18.43
  1991  131.500     6.13    97.50   -14.77
  1991  131.625     4.77   117.22   -11.00
  1991  131.750     4.66   146.50    -8.90
  1991  131.875     1.60   184.06    -9.15
  1991  132.000     4.24    93.17   -13.62
  1991  132.125     6.11    89.89   -16.78
  1991  132.250     7.16    92.28   -16.97
  1991  132.375     8.66    95.56   -16.11
  1991  132.500     6.87   107.61   -13.52
  1991  132.625     7.68   135.44   -11.55
  1991  132.750     5.89   148.78    -9.86
  1991  132.875     3.68   150.67   -10.49
  1991  133.000     2.34    95.94   -14.48
  1991  133.125     4.74    84.33   -19.03
  1991  133.250     7.65    86.56   -19.47
  1991  133.375     7.43    89.78   -17.69
  1991  133.500     7.72    93.83   -15.30
  1991  133.625     7.66    98.44   -12.08
  1991  133.750     6.40   108.11    -9.84
  1991  133.875     6.08   121.11   -10.01
  1991  134.000     5.56    98.50   -13.63
  1991  134.125     7.84    95.83   -18.03
  1991  134.250     8.69    94.06   -18.44
  1991  134.375    10.60    93.89   -17.81
  1991  134.500    11.00   104.50   -14.07
  1991  134.625    12.08    95.94   -11.06
  1991  134.750    14.21   101.33    -9.08
  1991  134.875    11.30   122.56    -6.86
  1991  135.000    11.77   127.72    -7.66
  1991  135.125    14.05   130.89    -7.44
  1991  135.250    14.19   132.61    -6.55
  1991  135.375    10.68   158.78    -5.24
  1991  135.500     8.36   160.72    -5.07
  1991  135.625     9.01   167.44    -4.27
  1991  135.750     8.91   154.33    -2.60
  1991  135.875     9.30   133.28    -2.94
  1991  136.000     9.64   131.06    -4.13
  1991  136.125     9.76   118.22    -5.64
  1991  136.250     8.47   116.56    -5.67
  1991  136.375     6.57   129.33    -4.62
  1991  136.500     4.57   141.56    -3.88
  1991  136.625     4.67   156.28    -4.02
  1991  136.750     6.34   175.89    -7.74
  1991  136.875     5.85   179.39    -8.96
  1991  137.000     6.19   171.89    -9.36
  1991  137.125     6.23   173.11   -10.39
  1991  137.250     6.31   166.17   -10.71
  1991  137.375     4.84   176.00   -11.15
  1991  137.500     4.94   172.00   -10.36
  1991  137.625     5.82   170.11    -9.01
  1991  137.750     5.37   179.78    -7.93
  1991  137.875     4.40   183.78    -9.00
  1991  138.000     3.81   164.33   -11.04
  1991  138.125     2.95   148.83   -11.72
  1991  138.250     3.24    94.17   -17.22
  1991  138.375     4.34    87.89   -18.39
  1991  138.500     5.22    95.06   -13.94
  1991  138.625     6.46   113.61   -10.19
  1991  138.750     5.92   124.22    -8.72
  1991  138.875     4.78   122.22    -9.44
  1991  139.000     5.41    98.50   -14.53
  1991  139.125     7.04    86.94   -18.92
  1991  139.250     8.12    89.72   -20.08
  1991  139.375     8.59    93.83   -18.46
  1991  139.500     8.20   111.78   -15.15
  1991  139.625     7.89   142.72   -12.19
  1991  139.750     8.17   158.78   -10.17
  1991  139.875     5.89   165.61    -9.20
  1991  140.000     4.09   173.22    -9.78
  1991  140.125     4.92   138.50   -11.08
  1991  140.250     8.11   112.33   -15.02
  1991  140.375     9.69    98.94   -17.13
  1991  140.500     9.80    96.28   -15.27
  1991  140.625     8.22   135.83   -10.92
  1991  140.750     5.82   151.28    -9.13
  1991  140.875     4.18   163.06    -8.82
  1991  141.000     3.94   133.83   -11.48
  1991  141.125     5.83   123.11   -12.67
  1991  141.250     7.20   119.56   -13.99
  1991  141.375     8.21   122.89   -13.71
  1991  141.500     9.00   124.89   -12.38
  1991  141.625     7.88   128.83   -10.09
  1991  141.750     5.67   139.22    -8.11
  1991  141.875     3.77   127.39    -7.96
  1991  142.000     4.27    91.89   -11.69
  1991  142.125     6.44    87.89   -15.50
  1991  142.250     8.60    95.33   -16.70
  1991  142.375     9.53    95.06   -16.34
  1991  142.500     8.98    97.61   -13.51
  1991  142.625     9.21   118.61    -9.67
  1991  142.750     7.96   122.06    -7.28
  1991  142.875     6.54   120.17    -6.76
  1991  143.000     7.23   107.83    -9.19
  1991  143.125     7.70   116.61   -12.54
  1991  143.250     5.65   123.72   -12.45
  1991  143.375     6.76   111.17   -13.30
  1991  143.500     7.60   112.22   -10.61
  1991  143.625     6.88   137.39    -8.03
  1991  143.750     7.25   125.22    -6.35
  1991  143.875     5.42   114.44    -6.15
  1991  144.000     6.41    89.11    -9.48
  1991  144.125     9.17    98.28   -10.84
  1991  144.250     9.03    89.78   -11.59
  1991  144.375     7.02   135.22   -12.86
  1991  144.500     4.50   144.94   -11.76
  1991  144.625     5.91   141.22    -8.16
  1991  144.750     6.53   144.11    -5.69
  1991  144.875     5.88   134.89    -5.00
  1991  145.000     7.38   117.39    -6.71
  1991  145.125     8.26   110.89    -6.36
  1991  145.250     9.15   106.22    -5.68
  1991  145.375    11.23   135.00    -2.53
  1991  145.500    15.20   147.94    -3.39
  1991  145.625    12.75   173.17    -6.67
  1991  145.750     7.33   171.00   -12.12
  1991  145.875     4.32   176.06    -6.02
  1991  146.000     2.96   171.33    -4.74
  1991  146.125     1.48   131.89    -7.14
  1991  146.250     4.01    67.94    -9.21
  1991  146.375     7.07    94.11   -10.02
  1991  146.500     9.07   101.00    -7.74
  1991  146.625    11.34   104.83    -5.01
  1991  146.750    12.78   123.56    -2.78
  1991  146.875    12.11   153.22    -2.82
  1991  147.000     9.52   158.22    -4.44
  1991  147.125     7.28   149.39    -4.76
  1991  147.250     7.06   145.50    -8.63
  1991  147.375     7.57   141.11    -6.61
  1991  147.500     9.02   125.17    -6.38
  1991  147.625     8.55   131.56    -7.59
  1991  147.750     8.54   136.72    -2.51
  1991  147.875     7.80   125.17    -2.07
  1991  148.000     7.93   126.67    -3.31
  1991  148.125    10.45   131.00    -4.41
  1991  148.250    11.25   143.56    -3.38
  1991  148.375    10.16   151.83    -3.85
  1991  148.500     7.55   173.61    -6.72
  1991  148.625     6.59   158.89    -5.90
  1991  148.750     6.94   158.44    -3.38
  1991  148.875     6.39   167.00    -3.29
  1991  149.000     4.97   179.22    -4.82
  1991  149.125     4.13   182.06    -4.45
  1991  149.250     5.35   141.33    -4.52
  1991  149.375     7.16   121.44    -5.19
  1991  149.500     8.48   118.50    -3.95
  1991  149.625    10.86   110.11    -3.84
  1991  149.750     9.43   128.00    -2.24
  1991  149.875     8.24   129.28    -2.24
  1991  150.000     7.89   126.33    -3.01
  1991  150.125     8.35   125.28     -.99
  1991  150.250    11.71   122.83    -1.24
  1991  150.375    12.56   122.61    -1.48
  1991  150.500    11.33   126.33      .14
  1991  150.625    11.00   133.50     1.73
  1991  150.750    10.50   132.17     2.43
  1991  150.875     9.73   131.39     1.94
  1991  151.000     7.98   125.22     2.03
  1991  151.125     8.35   123.33     2.31
  1991  151.250     9.80   122.00     2.17
  1991  151.375    11.12   123.78     2.02
  1991  151.500    10.10   124.72     2.53
  1991  151.625    11.00   120.11     2.41
  1991  151.750    11.65   118.56     2.96
  1991  151.875    10.21   118.28     2.92
  1991  152.000     9.97   116.50     2.51
  1991  152.125     9.68   116.00     2.54
  1991  152.250    10.37   111.39     1.38
  1991  152.375    13.02   110.39      .89
  1991  152.500    13.03   103.33      .96
  1991  152.625    12.90    92.94     1.31
  1991  152.750    10.33    96.11     1.61
  1991  152.875     7.74   103.22     1.78
  1991  153.000     8.43   117.50     2.23
  1991  153.125     7.87    94.17      .69
  1991  153.250    10.12    98.17     -.34
  1991  153.375    11.36    92.94    -1.07
  1991  153.500    13.38   108.67      .98
  1991  153.625    13.02   106.72     2.27
  1991  153.750    11.42   109.00     2.98
  1991  153.875    10.75   108.00     3.04
  1991  154.000    10.94   109.11     3.05
  1991  154.125    11.09   114.22     2.24
  1991  154.250    11.95   113.89      .89
  1991  154.375    14.26   113.11     -.10
  1991  154.500    14.15   116.33      .59
  1991  154.625    12.54   121.67     1.81
  1991  154.750    10.40   122.78     2.17
  1991  154.875    10.05   120.89     2.33
  1991  155.000     9.26   123.06     2.31
  1991  155.125     9.67   118.22     1.62
  1991  155.250     9.97   110.44     -.06
  1991  155.375    11.89   104.44    -1.49
  1991  155.500    11.65   107.00    -1.39
  1991  155.625     8.98   112.22      .61
  1991  155.750     7.56   119.50     1.34
  1991  155.875     6.64   116.78     1.46
  1991  156.000     5.78   121.22      .90
  1991  156.125     5.42   113.50     -.69
  1991  156.250     7.02   114.28    -1.42
  1991  156.375     6.03   128.11     -.02
  1991  156.500     5.45   128.06      .50
  1991  156.625     5.56   129.61      .56
  1991  156.750     4.67   132.78      .48
  1991  156.875     5.06   131.72      .76
  1991  157.000     5.01   119.11      .65
  1991  157.125     6.55   124.72      .61
  1991  157.250     5.69   132.50      .86
  1991  157.375     5.63   123.17      .69
  1991  157.500     6.36   131.78      .96
  1991  157.625     5.57   116.33     1.19
  1991  157.750     4.35   120.00     1.32
  1991  157.875     3.43   108.00     1.19
  1991  158.000     2.70   114.22     -.18
  1991  158.125     3.04    93.00    -2.36
  1991  158.250     4.55    90.06    -3.43
  1991  158.375     4.85   107.28    -2.25
  1991  158.500     4.42   110.33     -.49
  1991  158.625     5.15   104.83     -.62
  1991  158.750     3.01   105.33      .26
  1991  158.875     2.20    80.33      .17
  1991  159.000     2.78    73.94    -1.38
  1991  159.125     5.04   119.39    -2.94
  1991  159.250     7.16   116.50    -3.04
  1991  159.375     9.06   112.22    -2.10
  1991  159.500     9.99   122.00    -2.22
  1991  159.625     7.93   137.72     -.58
  1991  159.750     6.68   142.72     -.04
  1991  159.875     5.52   147.61     -.22
  1991  160.000     5.07   131.33    -1.12
  1991  160.125     5.90   121.83    -1.93
  1991  160.250     4.97   119.89    -1.79
  1991  160.375     5.73   118.17    -1.70
  1991  160.500     6.03   119.67     -.69
  1991  160.625     5.80   132.39     -.10
  1991  160.750     5.49   136.56      .41
  1991  160.875     4.16   121.56      .32
  1991  161.000     4.73   114.28     -.71
  1991  161.125     7.13   114.44    -2.69
  1991  161.250     7.82    94.56    -5.19
  1991  161.375     9.52    93.67    -6.00
  1991  161.500     9.68   103.33    -4.58
  1991  161.625     6.68   139.78    -1.03
  1991  161.750     5.98   141.94     -.30
  1991  161.875     5.43   128.00     -.11
  1991  162.000     6.97   124.11    -1.03
  1991  162.125     8.25   125.44    -2.34
  1991  162.250     8.49   129.44    -3.84
  1991  162.375     8.71   127.22    -4.16
  1991  162.500     8.71   128.17    -2.81
  1991  162.625     7.88   131.28    -1.71
  1991  162.750     6.16   138.33     -.83
  1991  162.875     4.59   145.61     -.80
  1991  163.000     3.74   120.06    -1.69
  1991  163.125     5.00    95.06    -4.23
  1991  163.250     6.47    90.94    -6.79
  1991  163.375     8.10    90.22    -7.98
  1991  163.500     8.71    94.56    -5.87
  1991  163.625     6.96   105.17    -3.07
  1991  163.750     4.98   129.94    -1.47
  1991  163.875     3.06   156.83    -1.01
  1991  164.000     2.04   147.72    -1.63
  1991  164.125     3.58   132.11    -3.17
  1991  164.250     6.14   122.11    -4.05
  1991  164.375     8.36   120.67    -4.14
  1991  164.500     9.16   120.22    -4.46
  1991  164.625     8.21   127.78    -2.85
  1991  164.750     5.54   136.28    -1.45
  1991  164.875     2.24   142.17     -.06
  1991  165.000     1.81    79.78    -2.19
  1991  165.125     3.65    71.94    -5.19
  1991  165.250     5.14    82.50    -7.58
  1991  165.375     6.26    87.56    -7.61
  1991  165.500     5.56   104.17    -4.97
  1991  165.625     5.02   135.44    -2.95
  1991  165.750     3.21   160.83    -1.44
  1991  165.875     2.16   152.72    -1.56
  1991  166.000     3.42   117.83    -3.51
  1991  166.125     4.26   107.39    -5.13
  1991  166.250     5.35    93.72    -6.71
  1991  166.375     6.66   101.11    -5.95
  1991  166.500     8.28   121.94    -3.74
  1991  166.625     7.50   136.06    -1.94
  1991  166.750     5.84   146.78    -1.12
  1991  166.875     4.74   137.00     -.92
  1991  167.000     4.70   125.56    -1.83
  1991  167.125     6.01   112.94    -3.65
  1991  167.250     8.99   104.94    -5.41
  1991  167.375    10.81   111.11    -5.02
  1991  167.500    12.91   117.33    -2.54
  1991  167.625    12.71   124.00      .05
  1991  167.750    11.34   122.28     1.53
  1991  167.875    10.73   122.39     1.76
  1991  168.000     8.73   147.94     1.26
  1991  168.125     7.28   147.56      .32
  1991  168.250     5.43   133.44      .05
  1991  168.375     5.34   126.72      .84
  1991  168.500     6.04   128.39     1.41
  1991  168.625     4.81   130.56     1.59
  1991  168.750     5.65   131.11     2.03
  1991  168.875     5.66   126.94     1.92
  1991  169.000     6.02   123.22     1.69
  1991  169.125     6.32   126.83     1.56
  1991  169.250     7.93   134.56     1.42
  1991  169.375     7.33   136.11     1.42
  1991  169.500     7.15   139.33     1.58
  1991  169.625     6.62   132.72     1.50
  1991  169.750     5.81   112.22     1.86
  1991  169.875     6.08   110.78     2.03
  1991  170.000     6.02    98.22     1.99
  1991  170.125     6.41   101.39     1.90
  1991  170.250     7.29   121.44     2.52
  1991  170.375     8.35   121.78     2.59
  1991  170.500     8.50   132.83     2.59
  1991  170.625     9.18   129.39     2.68
  1991  170.750     9.06   131.89     2.56
  1991  170.875     7.66   129.17     2.28
  1991  171.000     5.85   121.78     2.02
  1991  171.125     5.80   114.72     1.58
  1991  171.250     5.57   110.33     1.15
  1991  171.375     5.87   123.00     1.14
  1991  171.500     5.97   129.39     1.26
  1991  171.625     5.48   131.89     1.38
  1991  171.750     5.12   127.00     1.23
  1991  171.875     5.15   124.50     1.04
  1991  172.000     5.32   117.11      .42
  1991  172.125     5.67   109.22     -.21
  1991  172.250     6.58   117.06     -.56
  1991  172.375     6.76   121.72      .26
  1991  172.500     5.65   130.28     1.03
  1991  172.625     5.99   132.78     1.11
  1991  172.750     5.36   142.83      .66
  1991  172.875     5.48   167.06     -.38
  1991  173.000     6.35   158.06     -.74
  1991  173.125     5.50   147.22     -.61
  1991  173.250     5.16   139.94     -.98
  1991  173.375     6.68   129.61     -.43
  1991  173.500     7.67   127.72      .67
  1991  173.625     9.36   154.56      .86
  1991  173.750     8.53   157.67      .91
  1991  173.875     8.30   155.44      .48
  1991  174.000     7.47   149.17      .18
  1991  174.125     6.61   154.61     -.20
  1991  174.250     6.82   149.61     -.36
  1991  174.375     6.60   144.22     -.27
  1991  174.500     6.21   137.33      .54
  1991  174.625     6.71   128.94     1.26
  1991  174.750     5.86   130.22     1.38
  1991  174.875     6.08   141.50     1.17
  1991  175.000     6.33   145.28      .44
  1991  175.125     6.47   138.72     -.01
  1991  175.250     5.99   140.22     -.09
  1991  175.375     5.84   149.17     -.12
  1991  175.500     5.60   149.33      .13
  1991  175.625     4.62   163.78      .38
  1991  175.750     6.24   141.83      .23
  1991  175.875     6.00   138.28      .51
  1991  176.000     7.32   137.44      .48
  1991  176.125     8.42   139.72     -.13
  1991  176.250    10.82   140.11     -.93
  1991  176.375    11.84   141.67    -1.04
  1991  176.500    11.71   155.11     -.23
  1991  176.625     8.50   159.33     -.34
  1991  176.750     8.47   156.22     -.16
  1991  176.875     5.10   164.11     -.32
  1991  177.000     2.68   203.11     -.87
  1991  177.125     2.63   151.28    -1.37
  1991  177.250     2.60   145.89     -.56
  1991  177.375     3.39   131.50     -.05
  1991  177.500     7.29   141.78      .57
  1991  177.625     8.86   143.39     1.02
  1991  177.750     9.68   146.78     1.16
  1991  177.875     8.44   147.22      .84
  1991  178.000     9.40   152.67      .88
  1991  178.125     9.09   160.33      .91
  1991  178.250    10.32   165.11      .92
  1991  178.375     8.66   181.83     -.04
  1991  178.500     6.85   186.56     -.74
  1991  178.625     8.25   202.78    -1.31
  1991  178.750     6.04   165.72     -.51
  1991  178.875     7.24   168.72     -.62
  1991  179.000     6.54   189.00    -1.56
  1991  179.125     6.13   191.83    -2.12
  1991  179.250     6.93   200.89    -3.60
  1991  179.375     3.74   160.50    -4.27
  1991  179.500     4.77   134.89    -3.24
  1991  179.625     5.33   122.94    -1.37
  1991  179.750     5.74   118.11     -.09
  1991  179.875     7.88   101.89     -.05
  1991  180.000    10.31    99.50     -.68
  1991  180.125    10.32   119.00      .57
  1991  180.250    11.36   127.94     1.09
  1991  180.375    10.08   151.06     1.34
  1991  180.500    10.83   160.22     1.42
  1991  180.625    10.16   159.06     1.20
  1991  180.750    10.30   175.00      .85
  1991  180.875    12.13   184.44     -.91
  1991  181.000     7.43   184.11    -2.29
  1991  181.125     5.22   192.83    -3.03
  1991  181.250     4.87   172.17    -3.43
  1991  181.375     4.75   150.94    -2.94
  1991  181.500     3.87   129.22    -2.72
  1991  181.625     3.27   139.17     -.24
  1991  181.750     2.82   134.56      .78
  1991  181.875     3.34   133.72      .61
  1991  182.000     4.99   141.44     -.02
  1991  182.125     4.76   139.22     -.39
  1991  182.250     3.38   199.61    -1.82
  1991  182.375     3.21   223.89    -2.04
  1991  182.500     3.70   133.11    -2.69
  1991  182.625     7.20   113.11     -.87
  1991  182.750     7.58   108.78      .72
  1991  182.875     7.10    98.72     1.21
  1991  183.000     6.20   112.28      .43
  1991  183.125     6.05   100.67     -.86
  1991  183.250     6.94   105.39     -.93
  1991  183.375     8.40   119.44      .22
  1991  183.500     7.92   135.17     1.44
  1991  183.625     6.31   133.72     1.53
  1991  183.750     5.94   128.78     1.57
  1991  183.875     6.35   124.28     1.70
  1991  184.000     5.66   106.22     1.67
  1991  184.125     4.95    96.72     1.52
  1991  184.250     4.28    92.39      .49
  1991  184.375     3.45   101.06      .69
  1991  184.500     2.34   120.83     1.46
  1991  184.625     2.65   160.22     1.51
  1991  184.750     4.36   163.50      .26
  1991  184.875     6.20   177.61     -.51
  1991  185.000     5.01   185.83    -1.07
  1991  185.125     4.77   180.50    -2.94
  1991  185.250     4.77   155.22    -3.72
  1991  185.375     4.77   139.17    -2.26
  1991  185.500     3.08   145.00     -.60
  1991  185.625     4.24   147.39     -.43
  1991  185.750     3.83   160.67      .56
  1991  185.875     2.46   176.11      .04
  1991  186.000     3.10   151.83     -.56
  1991  186.125     3.05   186.50    -1.27
  1991  186.250     1.75   174.94    -1.55
  1991  186.375     1.54   163.33    -1.46
  1991  186.500     2.35   161.72    -1.11
  1991  186.625     4.57   153.61      .84
  1991  186.750     3.58   137.61      .96
  1991  186.875     3.15   109.33      .89
  1991  187.000     3.68   105.56      .38
  1991  187.125     4.47    90.67    -1.41
  1991  187.250     6.29    93.50    -1.96
  1991  187.375     7.43   109.28     -.81
  1991  187.500     7.68   116.44     1.02
  1991  187.625     6.84   118.89     1.96
  1991  187.750     4.53   106.22     2.07
  1991  187.875     3.00   114.61     1.46
  1991  188.000     2.70   117.33      .02
  1991  188.125     3.31   103.89    -2.18
  1991  188.250     4.09    85.17    -4.11
  1991  188.375     4.87    85.56    -3.12
  1991  188.500     4.50    82.44     -.63
  1991  188.625     4.00    81.50      .78
  1991  188.750     2.71    64.44     1.61
  1991  188.875     4.36    33.83     1.54
  1991  189.000     5.52    42.44      .26
  1991  189.125     5.90    70.94    -1.68
  1991  189.250     6.83    75.50    -2.93
  1991  189.375     9.78    84.94    -2.34
  1991  189.500     9.74    89.67     -.03
  1991  189.625     7.88    98.00     1.94
  1991  189.750     7.12    99.83     2.46
  1991  189.875     8.20   112.39     2.73
  1991  190.000     9.18   124.94     2.72
  1991  190.125     9.15   123.78     2.58
  1991  190.250    10.57   120.72     2.68
  1991  190.375     9.27   128.94     2.29
  1991  190.500     7.69   134.67     1.91
  1991  190.625     7.35   131.39     1.84
  1991  190.750     6.21   137.22     1.37
  1991  190.875     5.72   130.33     1.18
  1991  191.000     5.66   126.56     1.12
  1991  191.125     5.35   124.39     1.17
  1991  191.250     5.13   123.44     1.12
  1991  191.375     5.76   115.50      .74
  1991  191.500     5.89   113.56     1.66
  1991  191.625     4.71   107.22     1.57
  1991  191.750     4.34   116.94     1.61
  1991  191.875     4.59   113.39     1.21
  1991  192.000     4.31    95.06      .23
  1991  192.125     5.75    96.56     -.57
  1991  192.250     6.73    99.56     -.69
  1991  192.375     7.57    92.22      .45
  1991  192.500     8.51   103.94     1.99
  1991  192.625     7.89    96.67     2.22
  1991  192.750     6.57   107.56     1.92
  1991  192.875     7.19   117.94     1.91
  1991  193.000     6.39   110.17     1.66
  1991  193.125     7.01   107.56     1.14
  1991  193.250     8.45   108.56      .76
  1991  193.375     7.69   104.61     1.28
  1991  193.500     9.07   105.39     2.67
  1991  193.625     8.09   100.94     2.46
  1991  193.750     8.12   108.28     2.62
  1991  193.875     7.00    93.11     2.19
  1991  194.000     7.74    93.89     2.30
  1991  194.125     8.13    98.11     1.94
  1991  194.250     8.51    92.56     1.09
  1991  194.375     9.55    91.22      .51
  1991  194.500     9.12    91.94     1.61
  1991  194.625     7.47    94.56     1.89
  1991  194.750     5.64    92.50     1.73
  1991  194.875     4.42    97.39     1.84
  1991  195.000     3.70    87.56      .73
  1991  195.125     4.40    82.22     -.96
  1991  195.250     5.15    83.67    -2.23
  1991  195.375     5.48    85.56    -1.66
  1991  195.500     5.59    89.56      .14
  1991  195.625     4.64    92.61     1.00
  1991  195.750     4.18    87.22      .97
  1991  195.875     4.08    84.94      .53
  1991  196.000     4.68    84.06     -.56
  1991  196.125     5.47    85.61    -2.23
  1991  196.250     6.39    88.83    -2.59
  1991  196.375     5.95    90.56     -.94
  1991  196.500     5.11   107.89      .99
  1991  196.625     5.30   120.33     1.34
  1991  196.750     5.54   125.33     1.42
  1991  196.875     5.92   122.50     1.48
  1991  197.000     5.83   117.11     1.46
  1991  197.125     6.88   119.50     1.45
  1991  197.250     7.78   117.67     1.28
  1991  197.375     7.99   120.72     1.53
  1991  197.500     8.25   122.28     1.74
  1991  197.625     8.26   124.94     1.87
  1991  197.750     8.41   123.22     1.89
  1991  197.875     8.59   122.33     2.19
  1991  198.000     7.92   110.44     1.94
  1991  198.125     7.69   103.50     1.05
  1991  198.250     7.57   113.56      .63
  1991  198.375     8.55   116.89      .09
  1991  198.500     8.84   123.61      .93
  1991  198.625     8.41   120.00     1.83
  1991  198.750     7.69   118.00     2.43
  1991  198.875     7.77   115.44     2.57
  1991  199.000     8.12   105.50     2.38
  1991  199.125     9.18   108.00     2.01
  1991  199.250     9.93   113.83     1.20
  1991  199.375    10.67   119.61     1.01
  1991  199.500    10.14   119.61     1.79
  1991  199.625     9.33   117.83     2.21
  1991  199.750     9.24   119.94     2.59
  1991  199.875    10.38   123.44     2.74
  1991  200.000    10.90   120.33     2.71
  1991  200.125    11.59   118.72     2.46
  1991  200.250    12.07   121.94     1.68
  1991  200.375    12.09   121.83     1.69
  1991  200.500    12.45   120.22     2.49
  1991  200.625    11.50   124.11     2.34
  1991  200.750    10.38   122.89     2.21
  1991  200.875     8.59   129.72     2.07
  1991  201.000     7.93   128.56     1.74
  1991  201.125     7.29   120.78     1.61
  1991  201.250     6.16   113.06     1.77
  1991  201.375     6.16   108.44     1.61
  1991  201.500     7.58   113.72     1.83
  1991  201.625     8.20   114.33     1.97
  1991  201.750     7.80   117.33     1.99
  1991  201.875     6.55   102.22     1.75
  1991  202.000     5.79    84.44      .93
  1991  202.125     5.88    88.72     -.39
  1991  202.250     6.97    91.89    -1.22
  1991  202.375     7.34   118.06    -1.16
  1991  202.500     6.98   125.06      .28
  1991  202.625     6.40   126.39     1.06
  1991  202.750     5.94   126.17     1.32
  1991  202.875     4.62   111.94      .95
  1991  203.000     4.56    99.22      .31
  1991  203.125     5.30    96.28    -1.18
  1991  203.250     5.69    96.56    -1.83
  1991  203.375     5.99    91.22    -1.46
  1991  203.500     6.49   105.50      .16
  1991  203.625     5.40   120.06      .84
  1991  203.750     3.56   111.67     1.23
  1991  203.875     4.11   130.61      .92
  1991  204.000     3.58    96.39     -.62
  1991  204.125     4.74    86.33    -2.43
  1991  204.250     6.16    88.67    -2.99
  1991  204.375     6.57    89.83    -2.02
  1991  204.500     6.45    91.00      .57
  1991  204.625     5.74    89.39     1.42
  1991  204.750     4.80    92.61     1.54
  1991  204.875     5.24    87.06     1.34
  1991  205.000     6.55    86.89      .71
  1991  205.125     7.80    88.89     -.82
  1991  205.250     9.13    97.44    -1.37
  1991  205.375    11.53   101.56    -1.56
  1991  205.500    11.30   106.61      .11
  1991  205.625    11.80   107.00     1.78
  1991  205.750    13.25   114.28     2.21
  1991  205.875    13.32   118.28     2.21
  1991  206.000    13.10   120.78     1.97
  1991  206.125    13.18   123.28      .88
  1991  206.250    13.46   124.67     -.37
  1991  206.375    12.49   124.11     -.86
  1991  206.500    11.27   128.17      .33
  1991  206.625    10.02   131.56     1.34
  1991  206.750     8.99   134.83     1.69
  1991  206.875     7.28   132.50     1.53
  1991  207.000     7.68   125.06     1.09
  1991  207.125     7.88   120.00     -.09
  1991  207.250     7.89   116.61    -1.24
  1991  207.375     6.59   106.44    -1.85
  1991  207.500     5.96   111.61     -.39
  1991  207.625     5.16   129.56      .87
  1991  207.750     5.03   127.11     1.22
  1991  207.875     5.53   135.11      .90
  1991  208.000     5.89   132.72      .59
  1991  208.125     5.56   141.89      .21
  1991  208.250     6.85   145.06     -.22
  1991  208.375     7.52   150.17     -.19
  1991  208.500     7.96   151.00     -.08
  1991  208.625     9.59   153.94      .00
  1991  208.750     9.51   151.94     -.12
  1991  208.875     9.40   175.67     -.38
  1991  209.000     5.93   179.94    -1.11
  1991  209.125     5.63   181.39    -2.14
  1991  209.250     5.36   182.67    -2.59
  1991  209.375     4.53   179.72    -2.83
  1991  209.500     3.92   159.33    -2.27
  1991  209.625     2.78   127.56    -1.45
  1991  209.750     2.46    55.17      .24
  1991  209.875     3.48    62.67      .57
  1991  210.000     5.03   112.50     -.53
  1991  210.125     7.16   101.33    -2.55
  1991  210.250     8.63   121.61    -3.08
  1991  210.375    10.12   126.83    -1.35
  1991  210.500    10.49   121.94    -1.32
  1991  210.625     7.36   148.39     -.12
  1991  210.750     7.36   142.67      .61
  1991  210.875     9.62   136.22     1.08
  1991  211.000     8.79   147.83     -.61
  1991  211.125     9.49   138.61    -1.08
  1991  211.250     9.62   139.00    -2.32
  1991  211.375    11.02   139.39    -2.02
  1991  211.500    11.25   138.72     -.43
  1991  211.625    11.70   135.89     1.37
  1991  211.750    11.99   133.89     2.07
  1991  211.875    11.31   131.89     2.38
  1991  212.000    11.00   137.28     2.18
  1991  212.125    11.54   137.06     1.69
  1991  212.250    13.79   131.83     1.64
  1991  212.375    11.92   135.94     1.77
  1991  212.500    12.17   131.67     1.96
  1991  212.625    11.24   136.67     1.96
  1991  212.750     9.20   150.17     1.29
  1991  212.875     6.85   141.89      .99
  1991  213.000     6.53   139.94      .87
  1991  213.125     6.20   139.94      .66
  1991  213.250     5.73   142.67      .38
  1991  213.375     5.43   138.00      .38
  1991  213.500     6.37   136.56      .79
  1991  213.625     6.87   130.67     1.34
  1991  213.750     6.99   132.83     1.58
  1991  213.875     6.84   131.83     1.48
  1991  214.000     7.74   129.89     1.21
  1991  214.125     8.38   127.72     1.38
  1991  214.250     8.74   132.83     1.66
  1991  214.375     7.97   140.89     1.49
  1991  214.500     8.23   144.61     1.42
  1991  214.625     7.45   142.22     1.26
  1991  214.750     7.52   134.78     1.38
  1991  214.875     6.87   140.61     1.36
  1991  215.000     6.16   134.28     1.06
  1991  215.125     5.89   136.94     1.02
  1991  215.250     5.45   138.61      .88
  1991  215.375     5.74   132.61      .74
  1991  215.500     4.81   134.83      .73
  1991  215.625     2.06   127.94      .86
  1991  215.750     2.66   194.94      .27
  1991  215.875     3.30   205.00     -.51
  1991  216.000     3.26   162.89    -1.08
  1991  216.125     2.69   162.39    -1.56
  1991  216.250     2.69   162.89    -2.38
  1991  216.375     2.69   162.50    -3.24
  1991  216.500     2.71   162.56    -3.18
  1991  216.625     2.69   174.06    -3.36
  1991  216.750     3.01   166.56    -2.91
  1991  216.875     3.08   153.50    -3.20
  1991  217.000     3.33   132.67    -3.67
  1991  217.125     3.71   132.83    -4.01
  1991  217.250     5.22   110.33    -4.82
  1991  217.375     6.20   130.11    -4.07
  1991  217.500     6.96   111.67    -3.87
  1991  217.625     8.07   107.56    -3.28
  1991  217.750     7.82    99.00    -2.64
  1991  217.875     8.95   103.61    -2.86
  1991  218.000     9.31    99.89    -3.99
  1991  218.125    10.05    90.39    -5.68
  1991  218.250    10.91    90.78    -6.17
  1991  218.375     9.39    94.33    -4.41
  1991  218.500     8.88    98.22    -1.92
  1991  218.625     8.42   107.94      .54
  1991  218.750     6.62   114.72     1.43
  1991  218.875     5.14   110.56     1.23
  1991  219.000     5.14    96.17     -.29
  1991  219.125     7.28    93.83    -1.97
  1991  219.250     8.16    95.39    -2.25
  1991  219.375    10.15    91.94    -2.81
  1991  219.500    11.54    93.89    -1.74
  1991  219.625    11.29   101.50      .40
  1991  219.750     9.38   108.17     1.62
  1991  219.875     8.48   116.11     1.79
  1991  220.000     8.80   110.89     1.25
  1991  220.125    10.24   106.56     -.38
  1991  220.250    11.26   113.00     -.95
  1991  220.375    11.47   119.06     -.67
  1991  220.500    11.22   122.56      .72
  1991  220.625    11.57   119.61     2.04
  1991  220.750    11.32   116.50     2.03
  1991  220.875    10.30   117.00     1.76
  1991  221.000    10.29   115.17      .88
  1991  221.125     9.88   112.11     -.30
  1991  221.250    11.08   109.94     -.94
  1991  221.375    11.72   109.94    -1.64
  1991  221.500    12.10   115.39    -1.04
  1991  221.625    10.48   123.28      .17
  1991  221.750     6.85   138.28      .78
  1991  221.875     5.05   129.00      .77
  1991  222.000     5.00   125.67      .73
  1991  222.125     4.52   122.72      .00
  1991  222.250     4.23   125.78     -.03
  1991  222.375     3.60   136.83      .39
  1991  222.500     2.87   135.78      .17
  1991  222.625     1.34   145.50     1.05
  1991  222.750      .99   185.39     1.59
  1991  222.875     1.57   224.56      .10
  1991  223.000     2.09   179.39     -.53
  1991  223.125     4.33   149.39     -.86
  1991  223.250     6.46   143.89     -.68
  1991  223.375     7.05   135.94     -.29
  1991  223.500     8.83   133.33     -.26
  1991  223.625     8.66   127.06      .41
  1991  223.750     7.69   125.17     1.10
  1991  223.875     8.29   136.33      .89
  1991  224.000     7.50   137.61      .18
  1991  224.125     6.72   135.89      .08
  1991  224.250     5.50   150.17     -.45
  1991  224.375     4.25   155.94     -.97
  1991  224.500     4.23   168.56    -1.19
  1991  224.625     4.63   174.33    -1.29
  1991  224.750     5.14   175.78    -1.71
  1991  224.875     5.69   178.39    -2.46
  1991  225.000     6.74   168.17    -3.61
  1991  225.125     6.29   170.56    -4.24
  1991  225.250     5.60   135.17    -4.57
  1991  225.375     6.76   128.39    -4.65
  1991  225.500     7.67   132.61    -3.22
  1991  225.625     8.24   131.67    -1.47
  1991  225.750     9.64   129.44     -.95
  1991  225.875     9.34   129.17    -1.36
  1991  226.000     8.64   123.72    -2.07
  1991  226.125     7.97   133.56    -1.52
  1991  226.250     7.00   144.33    -2.35
  1991  226.375     7.72   131.78    -2.17
  1991  226.500    10.02   129.33    -1.40
  1991  226.625    10.79   144.11     -.57
  1991  226.750     9.98   156.22     -.22
  1991  226.875     6.94   159.67     -.86
  1991  227.000     5.00   145.17    -1.74
  1991  227.125     5.66   118.72    -4.77
  1991  227.250     7.49   110.11    -5.97
  1991  227.375     9.53    91.39    -7.01
  1991  227.500     9.77    89.22    -5.07
  1991  227.625     9.05   101.94    -1.67
  1991  227.750     8.91   107.11     -.34
  1991  227.875     8.52   108.89    -1.01
  1991  228.000     8.30   111.72    -2.74
  1991  228.125     8.98   105.39    -4.81
  1991  228.250    10.82   116.39    -5.21
  1991  228.375    10.45   122.56    -5.77
  1991  228.500     8.40   125.00    -3.54
  1991  228.625     7.69   138.94    -2.07
  1991  228.750     6.93   141.72    -2.16
  1991  228.875     5.26   130.06    -2.59
  1991  229.000     5.50   136.67    -3.41
  1991  229.125     9.44   115.94    -6.43
  1991  229.250    12.28   113.78    -7.64
  1991  229.375     9.67   120.28    -5.22
  1991  229.500     8.06   131.39    -2.82
  1991  229.625    10.52   145.72    -1.93
  1991  229.750     6.15   195.94    -3.68
  1991  229.875     6.69   168.78    -3.82
  1991  230.000     9.27   164.00    -3.77
  1991  230.125     8.79   176.89    -4.17
  1991  230.250     8.99   198.89    -4.54
  1991  230.375     6.39   209.39    -4.93
  1991  230.500     4.22   194.50    -4.72
  1991  230.625     3.49   188.28    -4.06
  1991  230.750     1.93   207.56    -3.93
  1991  230.875     1.83   250.00    -3.91
  1991  231.000     1.51   185.39    -4.67
  1991  231.125     2.84   151.94    -5.19
  1991  231.250     3.85   122.17    -4.87
  1991  231.375     3.75   135.50    -4.93
  1991  231.500     3.61   133.00    -5.20
  1991  231.625     3.61   133.00    -5.20
  1991  231.750     3.66   132.61    -5.21
  1991  231.875     4.85   129.06    -6.01
  1991  232.000     6.23   130.11    -6.38
  1991  232.125     8.93   130.78    -5.57
  1991  232.250    10.76   137.67    -3.96
  1991  232.375    12.66   147.11    -3.44
  1991  232.500    13.61   150.17    -2.99
  1991  232.625    10.90   164.44    -2.03
  1991  232.750     9.90   178.72    -1.78
  1991  232.875     8.98   174.44    -1.63
  1991  233.000     7.16   171.67    -1.68
  1991  233.125     7.20   177.11    -1.52
  1991  233.250     6.38   175.00    -1.80
  1991  233.375     5.97   191.11    -2.11
  1991  233.500     6.40   205.94    -2.13
  1991  233.625     8.00   207.39    -2.56
  1991  233.750     6.66   209.33    -3.37
  1991  233.875     5.47   197.06    -3.11
  1991  234.000     4.69   212.56    -3.76
  1991  234.125     3.95   200.94    -4.07
  1991  234.250     3.63   157.78    -4.67
  1991  234.375     4.03   159.39    -4.32
  1991  234.500     4.98   151.22    -3.92
  1991  234.625     5.58   150.72    -3.46
  1991  234.750     5.00   139.44    -3.33
  1991  234.875     4.98   106.06    -4.74
  1991  235.000     7.37    94.67    -7.66
  1991  235.125    10.14   106.00    -5.44
  1991  235.250    11.45   122.33    -4.27
  1991  235.375    13.23   110.83    -5.71
  1991  235.500     9.74   129.78    -3.70
  1991  235.625     5.12   170.61    -3.14
  1991  235.750     5.43   184.83    -3.68
  1991  235.875     3.36   176.56    -3.78
  1991  236.000     3.23   114.44    -8.38
  1991  236.125     4.78    76.94   -13.63
  1991  236.250     4.64    72.50   -13.78
  1991  236.375     4.34    81.56   -12.49
  1991  236.500     3.24   131.33    -7.97
  1991  236.625     4.71   145.22    -5.54
  1991  236.750     8.24   224.61    -5.39
  1991  236.875     5.43   200.61    -5.95
  1991  237.000     4.41   151.33    -6.90
  1991  237.125     4.60   134.44    -6.89
  1991  237.250     7.20   118.11    -8.84
  1991  237.375    12.72    99.67   -13.98
  1991  237.500    11.13    91.44   -13.41
  1991  237.625     9.95    97.17   -10.06
  1991  237.750     9.91   111.50    -8.41
  1991  237.875     9.29   123.28    -7.81
  1991  238.000     7.73   133.50    -7.44
  1991  238.125     5.00   138.44    -6.61
  1991  238.250     4.64   124.83    -5.87
  1991  238.375     3.91   168.94    -5.11
  1991  238.500     2.53   165.89    -4.77
  1991  238.625     1.77   163.22    -3.86
  1991  238.750     2.61   160.50    -4.50
  1991  238.875     2.10   187.00    -5.32
  1991  239.000     1.51   163.89    -7.28
  1991  239.125     2.42   147.33    -7.19
  1991  239.250     2.35   171.56    -6.89
  1991  239.375     1.62   165.67    -7.15
  1991  239.500     1.34   225.39    -6.08
  1991  239.625     3.11   230.50    -5.60
  1991  239.750     5.90   232.83    -5.90
  1991  239.875     6.81   238.17    -6.11
  1991  240.000     4.70   238.50    -6.28
  1991  240.125     3.37   203.22    -6.68
  1991  240.250     3.00   123.94    -9.79
  1991  240.375     4.17   107.00   -12.82
  1991  240.500     6.59    90.00   -13.77
  1991  240.625    10.20    96.50   -11.00
  1991  240.750    10.32   101.22    -9.61
  1991  240.875    11.26    96.28    -9.90
  1991  241.000    14.95    96.06   -11.95
  1991  241.125    15.97    95.67   -12.74
  1991  241.250    15.78   100.00   -12.57
  1991  241.375    14.06    95.11   -12.43
  1991  241.500    14.19    94.83   -10.74
  1991  241.625    12.68    95.67    -7.20
  1991  241.750    12.18    93.28    -4.78
  1991  241.875    12.51    91.39    -5.19
  1991  242.000    13.17    96.50    -7.56
  1991  242.125    14.12    96.17    -9.59
  1991  242.250    15.01    98.28   -10.62
  1991  242.375    14.25   101.50   -11.20
  1991  242.500    13.56   104.06   -10.31
  1991  242.625    12.57   109.89    -7.08
  1991  242.750    11.52   107.17    -5.53
