  209.18   9.500  10.090    .763
  209.21   8.090   9.300    .547
  210.00   7.340   7.860   -.485
  210.03   8.740   9.590  -1.511
  210.06   7.350   8.290  -4.234
  210.09   6.991   7.620  -4.678
  210.12   5.585   6.512  -2.389
  210.15   4.195   4.869   -.485
  210.18   1.780   2.990   1.592
  210.21   1.221   1.998  -2.012
  211.00   1.863   2.744  -2.681
  211.03   2.569   3.166  -2.362
  211.06   1.351   1.642  -2.540
  211.09   1.854   2.632  -2.415
  211.12   2.715   4.225  -1.548
  211.15   3.417   3.927  -1.548
  211.18   4.282   5.007  -1.676
  211.21   6.120   7.320  -2.326
  212.00   7.470   8.160  -2.831
  212.03   7.550   9.930  -4.569
  212.06   6.776  10.080 -10.451
  212.09  11.250  13.250 -12.096
  212.12  12.490  12.850  -8.722
  212.15  11.900  12.540  -5.732
  212.18   9.620  11.730  -3.440
  212.21   5.706   8.880  -3.146
  213.00   4.655   8.020  -4.282
  213.03   8.730  10.600  -6.302
  213.06  10.300  11.290  -8.068
  213.09  11.450  12.700  -8.166
  213.12  12.180  13.240  -6.509
  213.15   9.940  11.320  -3.397
  213.18   8.190   9.450  -1.921
  213.21   5.584   8.430  -2.308
  214.00   5.449   6.330  -5.239
  214.03   7.320   8.760  -7.173
  214.06   9.170   9.830  -8.697
  214.09  11.280  11.800  -7.994
  214.12  10.410  11.740  -4.132
  214.15   7.250   7.870   -.295
  214.18   6.241   6.977    .872
  214.21   5.055   5.792    .439
  215.00   5.750   6.486  -1.921
  215.03   6.733   8.050  -3.909
  215.06   8.850   9.350  -5.102
  215.09   9.050   9.580  -4.718
  215.12   8.360   9.330  -2.575
  215.15   7.720   8.890   -.683
  215.18   5.886   6.739   -.275
  215.21   5.290   5.541   -.141
  216.00   5.837   6.737   -.777
  216.03   6.450   6.775   -.899
  216.06   5.756   6.492   -.777
  216.09   6.986   7.590   -.428
  216.12   6.439   6.769   -.237
  216.15   6.612   7.050    .186
  216.18   5.700   6.314   -.170
  216.21   4.396   4.832   -.275
  217.00   2.131   4.573   -.871
  217.03    .000    .000  -1.493
  217.06    .000    .000  -1.493
  217.09    .000    .000   -.712
  217.12   2.499   4.963   -.333
  217.15   5.821   7.210  -1.030
  217.18   5.190   6.833  -1.281
  217.21   3.865   4.734  -1.885
  218.00   4.997   5.786  -3.594
  218.03   4.859   5.237  -2.371
  218.06   3.684   5.406  -3.137
  218.09   3.084   4.187  -3.509
  218.12   3.575   4.099  -2.840
  218.15   3.690   4.039  -1.822
  218.18   2.841   3.110  -1.401
  218.21   2.995   3.508  -1.822
  219.00   2.311   2.632  -2.840
  219.03   1.853   2.641  -3.738
  219.06   1.465   1.735  -4.303
  219.09   1.352   1.683  -2.752
  219.12   2.504   3.321  -1.731
  219.15   3.261   4.385   -.927
  219.18   5.386   6.394  -1.520
  219.21   4.620   5.828  -2.398
  220.00   4.157   4.934  -1.151
  220.03   3.530   4.076  -1.030
  220.06   3.717   4.634  -1.244
  220.09   4.522   5.267  -1.030
  220.12   4.208   4.667   -.399
  220.15   4.440   5.439   -.007
  220.18   4.684   5.505   -.045
  220.21   5.054   6.027    .274
  221.00   4.550   5.697    .773
  221.03   5.858   6.944   -.074
  221.06   7.110   9.850   1.613
  221.09  10.230  12.590   -.361
  221.12  10.560  11.400   1.572
  221.15   8.690  10.240    .872
  221.18   6.254   7.580   1.260
  221.21   4.974   6.550   -.749
  222.00   3.695   5.174  -1.281
  222.03    .000    .000  -1.493
  222.06    .000    .000   -.965
  222.09   3.604   7.050   -.074
  222.12   7.990   8.660   1.200
  222.15   8.340   9.380   1.745
  222.18   6.669   7.440   2.082
  222.21   6.621   7.260   2.247
  223.00   7.890  10.620    .469
  223.03  12.280  14.020  -3.768
  223.06  13.450  14.540  -4.775
  223.09  14.620  15.060  -5.507
  223.12  14.590  15.370  -2.460
  223.15  13.450  14.850    .734
  223.18  11.300  11.950   2.010
  223.21  10.620  11.280   2.568
  224.00  12.610  14.040   1.130
  224.03  13.390  14.090  -1.086
  224.06  11.570  12.510  -2.866
  224.09  11.230  12.120  -2.602
  224.12  11.500  12.110   -.485
  224.15  10.310  11.540   1.200
  224.18   8.230   8.960   1.572
  224.21   7.600   8.660   1.100
  225.00   7.050   8.160    .022
  225.03   8.700   9.240  -2.726
  225.06   9.140  11.110  -5.507
  225.09  10.460  11.120  -5.372
  225.12   9.420  10.020  -3.163
  225.15   8.310   9.720    .410
  225.18   6.283   6.791   1.270
  225.21   5.980   6.828   1.230
  226.00   6.573   8.560   -.937
  226.03   8.960   9.490  -4.414
  226.06   9.310  10.080  -4.497
  226.09  11.300  12.810  -5.985
  226.12  11.940  13.390  -2.840
  226.15  11.450  13.060    .186
  226.18   8.430  10.210    .872
  226.21   6.681   7.400    .931
  227.00   6.278   7.120   -.965
  227.03   4.851   5.507  -2.787
  227.06   1.134   3.767  -3.102
  227.09   1.033   1.975  -3.102
  227.12   1.184   1.705  -2.093
  227.15   1.353   1.732   -.993
  227.18   1.053   1.498   -.909
  227.21   1.770   2.678  -1.685
  228.00   2.971   3.480  -2.371
  228.03   3.295   3.757  -3.102
  228.06   3.398   4.093  -3.362
  228.09   3.972   4.809  -3.137
  228.12   4.180   4.682  -2.575
  228.15   4.502   5.210  -2.602
  228.18   4.770   5.092  -2.281
  228.21   4.538   5.117  -2.575
  229.00   2.852   4.134  -2.928
  229.03    .275   2.172  -3.681
  229.06    .000    .000  -7.425
  229.09    .000    .000  -9.958
  229.12   5.489   8.770  -8.457
  229.15   6.060   8.320  -3.879
  229.18   3.480   4.710  -2.192
  229.21   1.653   2.750  -5.722
  230.00   3.734   4.462  -9.124
  230.03   5.655   6.603 -11.118
  230.06   7.190   7.530 -11.509
  230.09   7.380   8.680  -9.053
  230.12   8.230   8.780  -5.931
  230.15   8.370   9.960  -3.449
  230.18   7.920  10.320  -2.752
  230.21   6.411   7.430  -4.134
  231.00   6.254   7.580  -7.549
  231.03   7.570   8.600  -9.053
  231.06   7.640   8.990  -8.887
  231.09   8.380   8.910  -7.846
  231.12   8.340   9.430  -5.666
  231.15   8.450   9.460  -2.575
  231.18   8.220   9.070  -1.364
  231.21   6.989   7.480  -2.690
  232.00   7.620   8.410  -4.718
  232.03   8.400   9.310  -7.374
  232.06  10.280  11.170  -5.984
  232.09   9.420  10.530  -6.090
  232.12   9.140  10.650  -4.633
  232.15   9.010   9.900  -2.335
  232.18   8.040   9.070  -1.731
  232.21   4.597   6.401  -2.664
  233.00   5.821   8.000  -6.740
  233.03   9.220  10.730  -8.480
  233.06  11.130  11.880 -10.117
  233.09  12.440  12.890  -9.451
  233.12  12.230  13.060  -6.454
  233.15  10.410  11.300  -3.560
  233.18   7.960   8.920  -2.451
  233.21   6.423   7.030  -4.274
  234.00   6.709   8.080  -7.399
  234.03   9.330  11.250  -8.263
  234.06  10.610  11.520  -8.552
  234.09  11.410  12.240  -7.498
  234.12  11.790  12.550  -4.852
  234.15  10.260  11.060  -2.487
  234.18   9.140   9.520  -1.731
  234.21   8.720   9.340  -3.041
  235.00   9.430  10.360  -5.453
  235.03  11.000  12.680  -6.558
  235.06  11.900  12.430  -6.943
  235.09  12.410  13.110  -5.717
  235.12  11.730  12.710  -3.362
  235.15  10.840  11.380  -1.575
  235.18  11.190  11.970   -.674
  235.21  10.990  11.510  -1.086
  236.00  10.430  11.450  -1.364
  236.03  11.910  13.130  -2.272
  236.06  12.440  12.810  -2.219
  236.09  11.350  12.730  -1.639
  236.12   8.820   9.440   -.295
  236.15   7.220   8.340   -.170
  236.18   7.520   8.650   -.208
  236.21   6.265   6.729   -.617
  237.00   6.107   6.806   -.170
  237.03   6.307   7.480   -.074
  237.06  10.300  11.530  -4.134
  237.09  12.320  14.230  -5.102
  237.12  10.120  12.940  -2.954
  237.15   9.140  10.270  -1.976
  237.18   8.860   9.540  -2.487
  237.21   9.320   9.700  -3.534
  238.00   9.340  10.280  -5.534
  238.03  10.840  12.330  -7.147
  238.06  12.190  12.550  -8.165
  238.09  11.680  12.400  -7.248
  238.12  11.660  12.580  -4.715
  238.15  11.280  12.170  -2.424
  238.18  10.600  11.550  -1.272
  238.21   9.050   9.810  -2.549
  239.00   8.430   8.970  -6.352
  239.03   8.760  10.320  -9.029
  239.06  10.420  10.940  -9.683
  239.09  11.390  12.530  -9.981
  239.12  12.030  12.680  -8.911
  239.15  11.200  11.960  -5.585
  239.18   9.340  10.240  -3.848
  239.21   8.000   8.660  -5.425
  240.00   8.390   8.850  -9.100
  240.03  10.480  11.630 -10.834
  240.06  11.960  12.290 -11.682
  240.09  11.010  11.460  -7.944
  240.12   9.080  10.570  -4.906
  240.15   6.717   7.710  -3.241
  240.18   6.444   7.130  -3.154
  240.21   6.174   6.925  -3.189
  241.00   2.666   3.966  -3.649
  241.03   2.638   3.125  -3.961
  241.06   3.154   3.691  -4.964
  241.09   4.998   5.904  -4.355
  241.12   7.010   7.670  -6.918
  241.15   7.600   8.290  -4.827
  241.18   7.570   8.050  -4.524
  241.21   7.190   8.160  -5.291
  242.00   6.776   8.150  -7.097
  242.03   7.420   8.420  -9.100
  242.06   7.530   7.940 -10.590
  242.09   7.370   7.640 -11.098
  242.12   6.588   7.290  -9.729
  242.15   5.567   6.370  -7.272
  242.18   4.524   5.303  -7.523
  242.21   4.292   5.603 -10.321
  243.00   5.232   5.736 -12.316
  243.03   6.636   8.210 -15.521
  243.06   8.870   9.220 -17.215
  243.09   9.750  10.980 -18.547
  243.12  11.450  12.320 -17.634
  243.15  12.180  13.450 -13.902
  243.18   8.510  10.320 -11.918
  243.21   7.220   8.910 -13.203
  244.00   7.740   8.370 -16.204
  244.03   8.800   9.270 -16.112
  244.06   9.510   9.890 -16.456
  244.09   9.920  10.840 -15.265
  244.12  10.230  10.810 -12.236
  244.15  10.030  10.680  -8.600
  244.18   8.380   9.360  -7.069
  244.21   6.994   7.740  -9.147
  245.00   9.170   9.970 -10.989
  245.03   8.000   8.980 -10.299
  245.06   6.246   7.130  -9.311
  245.09   6.075   7.700  -7.346
  245.12   7.670   8.590  -6.813
  245.15   6.191   7.380  -5.689
  245.18   5.792   6.931  -4.988
  245.21   6.565   7.390  -6.009
  246.00   6.975   8.000  -7.146
  246.03   8.220   8.490  -6.916
  246.06   7.390   8.080  -6.035
  246.09   6.363   6.998  -6.297
  246.12   6.886   7.390  -6.916
  246.15   6.996   7.620  -5.476
  246.18   5.582   6.517  -5.099
  246.21   5.984   7.110  -7.248
  247.00   5.655   6.357  -6.764
  247.03   7.030   7.690  -7.994
  247.06   8.240   9.190  -9.334
  247.09   9.620  10.360 -11.554
  247.12   9.070   9.970 -11.229
  247.15   9.180  10.080  -9.958
  247.18   8.090   8.830  -7.994
  247.21   7.680   8.220  -9.981
  248.00   6.753   7.440 -11.832
  248.03   9.340  10.730 -12.402
  248.06  10.480  12.750 -12.630
  248.09  12.490  13.150 -13.524
  248.12  12.060  13.040 -13.404
  248.15  12.350  13.030 -13.040
  248.18  11.110  12.000 -11.854
  248.21  10.930  11.550 -12.836
  249.00  11.790  12.630 -14.752
  249.03  12.940  13.710 -15.192
  249.06  12.350  13.060 -15.807
  249.09  14.040  14.790 -15.416
  249.12  14.860  16.070 -12.194
  249.15  16.120  17.280 -10.524
  249.18  14.260  15.510  -8.261
  249.21  12.350  14.430  -5.527
  250.00  10.220  10.930  -4.655
  250.03   9.100   9.900  -3.207
  250.06   7.900   9.310  -3.207
  250.09   5.422   6.299  -3.120
  250.12   5.371   6.483  -2.858
  250.15   6.660   7.080  -3.646
  250.18   7.270   8.220  -2.389
  250.21   9.770  12.360  -5.126
  251.00  11.890  12.830  -3.067
  251.03  11.510  12.080  -3.703
  251.06  12.870  15.390  -7.044
  251.09  16.400  16.980  -8.600
  251.12  18.500  19.800  -6.916
  251.15  16.820  19.050  -3.987
  251.18  13.380  15.540  -4.768
  251.21  11.930  13.230  -4.241
  252.00   7.860   9.890  -4.742
  252.03   6.310   7.430  -6.114
  252.06   5.728   6.305  -6.375
  252.09   3.738   4.803  -6.271
  252.12   3.345   3.643  -5.956
  252.15   3.089   3.435  -5.664
  252.18   2.854   3.568  -9.844
  252.21   4.284   5.391 -14.212
  253.00   5.553   7.170 -17.335
  253.03   8.080   8.920 -18.887
  253.06  10.280  11.950 -20.321
  253.09  11.790  12.710 -21.070
  253.12  11.320  12.410 -19.122
  253.15  10.400  11.190 -16.403
  253.18   9.970  11.220 -14.333
  253.21   8.670   9.770 -13.743
  254.00   8.280   9.150 -16.722
  254.03   9.990  10.540 -18.262
  254.06  10.690  11.760 -17.634
  254.09  11.870  12.830 -16.674
  254.12  12.960  14.100 -14.472
  254.15  11.340  12.410 -11.034
  254.18   9.570  10.330  -9.405
  254.21  10.540  11.330 -10.277
  255.00  11.570  12.610 -11.791
  255.03  10.310  12.080 -13.062
  255.06  11.010  11.960 -13.306
  255.09  10.600  11.780 -13.648
  255.12  10.380  11.020 -12.194
  255.15  11.120  12.050 -10.028
  255.18  10.410  11.220  -8.310
  255.21  10.540  11.370  -7.919
  256.00  10.590  12.150  -8.696
  256.03  12.530  13.550  -8.792
  256.06  13.810  15.030  -7.919
  256.09  14.620  15.230  -6.736
  256.12  14.460  15.390  -6.112
  256.15  14.770  15.340  -5.662
  256.18  10.670  14.160  -6.891
  256.21   7.560   8.580  -6.891
  257.00   6.348   7.410  -7.597
  257.03   5.685   7.160  -6.839
  257.06   5.809   6.345  -6.400
  257.09   5.827   6.431  -6.113
  257.12   4.650   4.994  -6.008
  257.15   5.268   6.068  -4.960
  257.18   3.886   4.326  -4.380
  257.21   2.440   3.279  -4.547
  258.00    .747   1.322  -5.097
  258.03   1.692   3.919  -6.087
  258.06   1.669   2.752  -6.453
  258.09   5.204   7.010 -10.231
  258.12   6.396   6.996 -10.209
  258.15   4.584   6.382  -8.067
  258.18   1.766   2.893  -6.557
  258.21    .534   1.018  -7.895
  259.00   1.692   2.918  -9.867
  259.03   5.532   9.060 -12.753
  259.06   9.660  10.450 -14.752
  259.09   9.040  10.300 -15.785
  259.12   8.620   9.490 -13.223
  259.15   7.880   8.560 -10.702
  259.18   7.810   9.460 -11.382
  259.21   6.648   7.680 -14.177
  260.00   7.890   9.250 -11.898
  260.03   9.550  11.100 -11.770
  260.06  11.100  12.430 -11.165
  260.09  12.600  13.890  -9.475
  260.12  11.230  12.250  -7.421
  260.15  10.830  11.390  -4.876
  260.18  11.050  12.210  -4.932
  260.21  11.930  12.740  -6.060
  261.00  13.560  14.650  -8.262
  261.03  13.670  14.700  -9.405
  261.06  11.910  13.290 -10.880
  261.09  10.520  11.140 -11.252
  261.12   9.190   9.880  -9.405
  261.15   9.270   9.930  -7.671
  261.18   8.660  10.050  -7.572
  261.21   8.620   9.240  -9.264
  262.00  10.960  12.170 -11.811
  262.03  12.020  13.770 -13.902
  262.06  12.410  13.610 -14.159
  262.09  12.800  13.940 -13.445
  262.12  10.830  11.610 -10.119
  262.15   9.870  10.810  -8.017
  262.18  10.420  11.360  -8.431
  262.21   9.200  10.210  -9.288
  263.00  10.920  11.970  -9.660
  263.03  10.750  11.670  -9.913
  263.06  11.860  12.840  -9.498
  263.09  11.620  12.350  -9.959
  263.12  11.900  13.500  -9.498
  263.15  10.940  11.730  -6.992
  263.18   9.850  11.210  -6.916
  263.21   9.670  11.110  -8.262
  264.00  11.940  13.260  -8.140
  264.03  14.110  15.230  -8.768
  264.06  14.910  16.550  -9.844
  264.09  16.520  17.870  -9.405
  264.12  16.780  18.600  -7.270
  264.15  18.720  21.990  -1.410
  264.18  19.920  22.230   -.946
  264.21  18.510  20.830  -1.290
  265.00  16.640  17.500  -2.030
  265.03  16.630  17.770  -2.504
  265.06  14.560  16.310  -2.954
  265.09  12.610  13.310  -3.873
  265.12  10.770  11.740  -4.547
  265.15  10.730  11.870  -3.987
  265.18   9.390   9.780  -4.212
  265.21   8.920  10.440  -5.850
  266.00  11.440  13.110  -6.711
  266.03  12.160  13.200  -7.672
  266.06  12.680  13.710  -8.958
  266.09  12.000  12.570  -8.768
  266.12  11.260  12.340  -8.286
  266.15  10.600  11.450  -6.839
  266.18   9.370  10.710  -7.196
  266.21   8.720   9.610  -8.042
  267.00   8.970   9.900 -10.901
  267.03   9.300  10.010  -9.451
  267.06   9.080   9.940  -8.213
  267.09  10.180  12.180  -8.792
  267.12  14.650  16.010  -8.887
  267.15  15.080  16.460  -7.968
  267.18  13.930  15.120  -5.259
  267.21  13.950  15.080  -2.945
  268.00  15.340  16.850  -1.840
  268.03  16.120  19.340  -1.785
  268.06  20.330  20.890  -1.447
  268.09  19.320  21.050  -2.120
  268.12  17.510  19.100  -1.694
  268.15  15.840  17.760   -.608
  268.18   9.230  15.110  -3.041
  268.21  11.390  13.740  -5.557
  269.00  12.240  14.050  -5.983
  269.03  10.700  12.840  -7.222
  269.06   9.980  10.600  -6.789
  269.09   8.880   9.780  -8.043
  269.12   7.770   8.450  -9.591
  269.15   7.680   8.340 -10.208
  269.18   7.280   7.780 -10.856
  269.21   7.910   8.430 -13.422
  270.00   9.020   9.510 -12.108
  270.03   7.740   9.100  -9.913
  270.06   8.000   9.820 -11.208
  270.09   7.590   9.460 -11.769
  270.12   5.421   7.490 -11.597
  270.15   3.057   3.563 -11.382
  270.18   2.857   3.310 -11.597
  270.21   2.666   3.235 -12.815
  271.00   3.757   6.284 -20.832
  271.03   7.640   9.610 -21.157
  271.06  11.530  16.410 -19.171
  271.09  14.670  16.540 -19.418
  271.12  15.180  16.120 -17.273
  271.15  14.810  15.920 -15.620
  271.18  13.580  14.620 -15.001
  271.21  13.790  14.230 -16.424
  272.00  15.550  16.350 -18.262
  272.03  15.830  16.440 -18.779
  272.06  16.370  17.030 -18.814
  272.09  18.120  19.610 -18.532
  272.12  17.890  18.530 -17.376
  272.15  18.280  18.930 -15.120
  272.18  16.930  17.660 -14.078
  272.21  17.030  18.290 -15.604
  273.00  16.890  17.590 -15.526
  273.03  15.730  16.890 -13.266
  273.06  16.510  17.360 -10.073
  273.09  16.800  17.620  -9.052
  273.12  17.670  19.420  -8.407
  273.15  18.330  19.380  -4.542
  273.18  17.280  18.940  -2.681
  273.21  14.560  15.520  -1.630
  274.00  15.270  16.130  -1.067
  274.03  15.010  15.780   -.475
  274.06  12.870  14.680    .429
  274.09  13.790  15.920    .459
  274.12  14.590  16.330   1.220
  274.15  13.490  14.900   2.000
  274.18  11.550  13.680   2.861
  274.21  12.330  13.470   1.421
  275.00  11.480  13.230    .361
  275.03   9.350  10.920  -2.389
  275.06   8.540   9.710  -3.154
  275.09   9.520  12.040    .003
  275.12  11.680  13.680   -.475
  275.15  11.840  12.970    .003
  275.18   9.860  11.370  -1.207
  275.21   9.850  10.970  -2.602
  276.00   9.010  10.040  -3.846
  276.03   7.150  11.620  -2.451
  276.06  10.320  12.000  -1.170
  276.09  11.080  12.980  -2.147
  276.12  11.510  13.700   -.674
  276.15  12.870  13.950   -.323
  276.18  13.080  14.200  -1.939
  276.21  12.520  14.210  -2.362
  277.00  10.440  11.450    .390
  277.03  12.040  13.920   -.447
  277.06  14.790  16.000   -.390
  277.09  15.350  17.960    .714
  277.12  14.830  17.240   1.959
  277.15  18.270  20.170   1.552
  277.18  16.380  18.600    .783
  277.21  14.600  17.120   1.451
  278.00  16.250  19.020   1.041
  278.03  15.810  18.570  -1.142
  278.06  15.390  17.420  -3.276
  278.09  12.170  13.140  -3.791
  278.12  12.460  14.040  -3.961
  278.15  13.360  14.430  -3.848
  278.18  11.330  13.490  -4.467
  278.21  10.010  10.770  -5.181
  279.00  10.000  11.500  -5.957
  279.03   8.200   9.810  -5.692
  279.06   7.850   8.400  -5.370
  279.09   7.200   8.460  -6.193
  279.12   7.620   8.450  -7.822
  279.15   7.390   8.220  -7.969
  279.18   6.054   7.400  -9.544
  279.21   7.620   8.890  -9.706
  280.00   8.180   9.670  -6.531
  280.03   8.670  10.440  -6.711
  280.06   8.200   9.860  -3.958
  280.09   5.376   6.527  -5.449
  280.12   4.553   5.254  -7.548
  280.15   5.468   6.683  -7.044
  280.18   5.933   6.968  -5.314
  280.21   4.108   5.041  -6.583
  281.00   2.598   3.015  -6.635
  281.03   2.099   2.305  -6.583
  281.06   1.161   1.991  -5.956
  281.09   1.457   1.730  -5.797
  281.12   1.519   1.649  -4.878
  281.15   1.644   1.798  -5.260
  281.18   1.967   2.254  -7.895
  281.21   2.687   3.028  -9.334
  282.00   4.941   7.310  -9.683
  282.03  11.040  14.800 -11.747
  282.06  13.400  14.900  -9.706
  282.09  13.290  14.590  -8.600
  282.12  12.760  15.220  -7.572
  282.15   8.890  11.220  -6.737
  282.18   7.330   8.180  -6.297
  282.21   5.463   6.874  -7.069
  283.00   3.248   3.959  -7.746
  283.03   1.912   3.002  -7.697
  283.06   1.277   1.577  -8.624
  283.09    .927   1.328  -9.005
  283.12   1.650   2.458 -10.568
  283.15   4.391   6.249 -13.363
  283.18   6.493   7.470  -9.358
  283.21   6.749   8.540  -7.472
  284.00   7.900   8.550 -10.004
  284.03   7.860   9.040  -8.116
  284.06   6.626   7.500  -7.119
  284.09   6.011   6.826  -8.116
  284.12   5.775   6.526  -7.170
  284.15   5.407   7.260  -7.297
  284.18   5.127   5.924 -10.209
  284.21   3.295   4.366  -9.752
  285.00   2.644   3.210  -9.821
  285.03   1.663   2.319  -9.821
  285.06    .000    .000 -11.511
  285.09    .000    .000 -12.339
  285.12    .000    .000 -11.490
  285.15    .000    .000 -10.613
  285.18    .000    .000 -10.457
  285.21    .000    .000 -10.791
  286.00    .000    .000 -10.835
  286.03    .000    .000 -11.447
  286.06    .000    .000 -16.365
  286.09    .000    .000 -19.350
  286.12   2.216   5.895 -17.459
  286.15   7.110   8.190 -17.664
  286.18   9.030  10.060 -16.096
  286.21  10.630  11.220 -13.826
  287.00  10.460  11.600 -11.427
  287.03   8.920   9.600  -7.546
  287.06   6.380   8.030  -6.216
  287.09   6.299   7.210  -6.400
  287.12   7.820   8.990 -10.050
  287.15   9.290  10.510  -7.746
  287.18  11.370  11.950  -5.847
  287.21  10.180  11.300  -3.120
  288.00  10.350  10.910    .625
  288.03  10.700  11.440    .400
  288.06   8.950   9.770    .041
  288.09   7.750   8.530    .128
  288.12   8.680  10.650   -.036
  288.15   8.130   8.920    .557
  288.18   8.790   9.740    .714
  288.21   7.870   9.950    .812
  289.00   7.860  10.550   1.080
  289.03  10.000  11.460    .882
  289.06   7.740   9.100    .645
  289.09   8.910   9.880    .381
  289.12   8.390  10.000    .186
  289.15   5.906   8.170   -.036
  289.18   6.186   7.160   1.140
  289.21   7.510   8.670    .508
  290.00   8.840   9.790  -2.246
  290.03   7.090   8.440  -1.179
  290.06   8.520   9.240  -2.752
  290.09   8.250   9.060  -3.449
  290.12   7.810   8.380  -3.560
  290.15   8.030   8.630  -5.074
  290.18   7.470   8.320  -4.468
  290.21   8.970   9.700  -5.100
  291.00  10.820  11.770  -4.991
  291.03  11.150  12.040  -4.909
  291.06  11.250  11.830  -5.126
  291.09  10.890  12.000  -4.744
  291.12   9.670  10.710  -4.299
  291.15  10.990  12.030  -3.791
  291.18  11.100  11.800  -4.384
  291.21  11.420  12.330  -5.719
  292.00  12.180  12.970  -6.351
  292.03  13.660  14.050  -6.376
  292.06  13.590  14.260  -6.584
  292.09  12.240  13.090  -6.480
  292.12  12.900  14.760  -5.450
  292.15  14.680  15.430  -4.382
  292.18  13.930  15.660  -4.326
  292.21  12.940  14.730  -4.990
  293.00  13.580  14.680  -7.197
  293.03  13.920  15.550  -6.141
  293.06  15.850  17.210  -6.917
  293.09  14.180  15.680  -5.314
  293.12  13.290  15.340  -3.041
  293.15  11.460  13.400  -2.057
  293.18   9.580  11.690  -6.841
  293.21   4.408   7.740  -7.599
  294.00   1.356   4.004 -11.119
  294.03   6.241   7.090 -13.642
  294.06   7.550   8.330 -14.826
  294.09   7.050   8.220 -11.896
  294.12   6.297   6.691 -11.032
  294.15   7.560   8.640 -12.065
  294.18   9.140  10.040 -13.363
  294.21  10.050  11.430 -13.120
  295.00  11.890  12.850 -14.638
  295.03  12.050  14.560 -16.759
  295.06  16.030  17.390 -18.462
  295.09  17.570  18.090 -17.634
  295.12  16.530  18.170 -13.485
  295.15  14.360  15.570  -7.546
  295.18  16.330  17.830  -7.396
  295.21  13.670  17.970 -12.130
  296.00   8.950  10.850  -9.568
  296.03   9.190  10.310  -9.382
  296.06  10.060  11.040  -9.521
  296.09   9.740  10.450 -10.163
  296.12   7.860   8.860 -10.254
  296.15   5.080   6.500 -10.502
  296.18   3.692   5.483 -10.322
  296.21    .715   1.757 -13.660
  297.00    .000    .000 -10.658
  297.03    .000    .000 -12.464
  297.06    .000    .000 -14.235
  297.09    .000    .000 -14.541
  297.12    .000    .000 -16.258
  297.15    .000    .000 -16.290
  297.18    .000    .000 -17.490
  297.21   4.862   5.947 -23.164
  298.00   6.290   7.720 -22.626
  298.03   6.733   7.450 -20.184
  298.06   7.790  10.000 -15.399
  298.09  10.880  11.580 -16.370
  298.12  11.000  12.110 -15.933
  298.15  10.930  11.840 -12.776
  298.18  10.360  12.010 -14.604
  298.21   9.110  10.560 -14.604
  299.00   9.420  10.910 -15.510
  299.03   9.350  10.660 -16.440
  299.06   9.160  10.220 -16.833
  299.09   9.030   9.680 -16.171
  299.12   9.870  11.560 -19.190
  299.15   9.350  10.870 -18.482
  299.18   9.750  10.630 -19.161
  299.21   8.940   9.480 -21.057
  300.00   9.620  10.130 -21.075
  300.03  10.220  10.890 -17.772
  300.06   9.870  10.840 -16.408
  300.09  10.120  10.890 -16.531
  300.12  10.200  11.030 -15.659
  300.15  10.700  11.590 -14.758
  300.18   9.840  11.390 -13.406
  300.21   9.560  10.210 -13.387
  301.00   9.070  10.030 -13.387
  301.03   7.350   8.480 -12.383
  301.06   6.393   7.250 -12.674
  301.09   7.230   8.530 -12.797
  301.12   7.250   8.710 -13.083
  301.15   8.720   9.340 -12.674
  301.18   6.812   7.880 -12.174
  301.21   6.409   8.220 -11.792
  302.00   6.451   7.290 -10.547
  302.03   7.060   7.840 -10.005
  302.06   7.500   8.040  -9.029
  302.09   6.839   7.670  -8.041
  302.12   7.210   7.770  -7.894
  302.15   7.160   8.320  -7.919
  302.18   8.360   9.660  -7.169
  302.21   8.410   9.030  -6.864
  303.00   8.170   8.550  -6.736
  303.03   8.920   9.570  -6.270
  303.06   8.850   9.650  -6.839
  303.09   7.130   8.120  -8.042
  303.12   3.045   5.882  -9.288
  303.15    .058    .641  -9.614
  303.18    .000    .000 -10.924
  303.21    .000    .000 -10.747
  304.00    .765   6.087 -15.248
  304.03   6.977   7.920 -19.480
  304.06   7.480   8.210 -19.910
  304.09   6.137   7.120 -18.142
  304.12   5.698   6.159 -24.725
  304.15   6.178   6.819 -25.300
  304.18   6.188   6.675 -27.404
  304.21   5.352   5.862 -27.130
  305.00   4.470   4.823 -21.664
  305.03   4.685   5.272 -19.934
  305.06   4.598   5.200 -19.292
  305.09   5.465   6.471 -20.217
  305.12   5.583   6.769 -19.355
  305.15   5.156   5.869 -19.064
  305.18   4.916   5.341 -18.700
  305.21   4.485   5.368 -18.332
  306.00   6.174   6.851 -20.610
  306.03   7.510   8.020 -22.792
  306.06   7.010   7.580 -23.660
  306.09   8.180   8.950 -31.862
  306.12   8.260   9.230 -32.782
  306.15   8.710   9.630 -31.915
  306.18   9.590  10.680 -32.179
  306.21   8.990   9.600 -32.329
  307.00   8.750   9.460 -32.343
  307.03   8.400   8.810 -33.031
  307.06   8.080   8.370 -31.130
  307.09   7.800   8.310 -29.997
  307.12   7.150   7.820 -30.542
  307.15   7.310   7.780 -32.240
  307.18   7.760   8.360 -29.823
  307.21   8.480   8.750 -29.863
  308.00   8.850   9.560 -31.484
  308.03   8.680   9.380 -32.112
  308.06   8.990   9.340 -28.280
  308.09   9.840  10.700 -29.804
  308.12  10.110  10.500 -29.502
  308.15  10.870  11.650 -28.897
  308.18  10.450  11.090 -28.844
  308.21  10.310  10.820 -29.427
  309.00  10.290  10.700 -28.616
  309.03  10.530  11.190 -29.341
  309.06  10.440  11.140 -30.857
  309.09  10.380  10.960 -30.215
  309.12  10.340  10.730 -28.976
  309.15  10.270  11.020 -27.177
  309.18   9.650  10.100 -25.900
  309.21   8.530   9.820 -24.803
  310.00   8.240   8.670 -22.560
  310.03   8.470   8.890 -22.442
  310.06   8.560   9.070 -22.630
  310.09   9.390  10.600 -21.678
  310.12   9.790  10.570 -21.285
  310.15  11.180  12.150 -21.861
  310.18  11.170  13.230 -19.509
  310.21  11.760  13.180 -16.949
  311.00  11.370  12.180 -16.573
  311.03  11.200  12.140 -17.710
  311.06  10.580  11.590 -17.402
  311.09   9.120  10.570 -15.349
  311.12   9.300   9.860 -13.390
  311.15   9.290   9.890 -10.481
  311.18  10.410  12.630  -8.648
  311.21  13.820  15.190  -8.672
  312.00  14.770  15.730  -8.479
  312.03  14.600  15.860  -8.188
  312.06  13.710  15.970  -7.570
  312.09  12.250  13.170  -7.570
  312.12  12.950  13.810  -8.455
  312.15  13.060  14.390  -8.624
  312.18  11.440  13.460 -10.255
  312.21  11.210  12.080 -11.057
  313.00  10.670  11.650 -11.857
  313.03  11.010  11.720 -12.111
  313.06  12.570  15.000 -14.718
  313.09  12.860  15.230 -14.489
  313.12  11.080  11.490 -14.217
  313.15   9.660  10.890 -12.839
  313.18   7.080   8.520 -16.461
  313.21   5.828   6.752 -18.046
  314.00   2.562   4.728 -17.828
  314.03   2.959   4.808 -16.085
  314.06   3.101   3.757 -16.338
  314.09   2.722   3.569 -15.697
  314.12   2.704   4.076 -16.568
  314.15   5.388   6.956 -15.736
  314.18   5.299   6.421 -15.954
  314.21   6.842   8.150 -16.461
  315.00   6.297   6.914 -19.292
  315.03   6.396   7.300 -22.327
  315.06   8.000   9.040 -22.987
  315.09   9.790  10.770 -23.237
  315.12  11.140  13.220 -23.978
  315.15  12.390  13.360 -21.812
  315.18  12.200  13.340 -19.408
  315.21  11.890  12.960 -18.137
  316.00  11.130  12.810 -19.068
  316.03  12.940  14.640 -19.166
  316.06  14.140  15.020 -19.906
  316.09  13.850  17.270 -19.524
  316.12  10.290  11.150 -20.381
  316.15   8.880   9.620 -21.307
  316.18   8.540   9.790 -23.766
  316.21   7.790   8.520 -25.329
  317.00   7.430   9.180 -24.351
  317.03   7.470   8.080 -26.535
  317.06   7.570   8.240 -29.397
  317.09   8.960  10.230 -30.579
  317.12  10.580  11.600 -29.826
  317.15  12.100  12.960 -30.784
  317.18  11.430  12.930 -32.996
  317.21   7.260   9.620 -33.759
  318.00   7.220   9.000 -28.211
  318.03   9.130  10.420 -26.076
  318.06  10.070  10.590 -25.629
  318.09   9.350   9.990 -29.063
  318.12  10.680  11.730 -29.307
  318.15  12.040  12.840 -30.553
  318.18  12.000  12.530 -30.846
  318.21  11.630  12.530 -32.410
  319.00  11.840  13.200 -32.552
  319.03  13.310  14.380 -31.872
  319.06  14.070  14.940 -32.732
  319.09  15.250  16.400 -32.258
  319.12  14.810  16.130 -31.050
  319.15  16.180  18.140 -29.837
  319.18  18.800  19.340 -29.588
  319.21  18.970  20.320 -27.618
  320.00  18.160  18.920 -25.904
  320.03  18.640  19.710 -23.741
  320.06  16.450  18.410 -18.567
  320.09  12.700  15.000 -14.345
  320.12   4.736   8.320 -16.611
  320.15   3.495   5.076 -19.562
  320.18   3.291   3.795 -19.398
  320.21   2.413   3.532 -20.024
  321.00   4.289   4.706 -19.753
  321.03   4.552   5.558 -18.690
  321.06   4.717   5.427 -18.557
  321.09   5.028   5.487 -17.644
  321.12   5.546   6.707 -19.137
  321.15   3.744   4.576 -19.749
  321.18   5.160   7.450 -26.388
  321.21   7.390   8.110 -28.650
  322.00   8.630   8.890 -28.616
  322.03   8.450   9.170 -30.015
  322.06   9.030   9.480 -30.167
  322.09   8.820   9.230 -30.454
  322.12   9.290  10.550 -31.166
  322.15  10.800  12.050 -30.495
  322.18  11.750  12.290 -29.849
  322.21  11.410  12.650 -30.667
  323.00  11.950  12.720 -28.866
  323.03  11.150  12.430 -28.889
  323.06  10.220  11.540 -28.983
  323.09   9.970  10.920 -27.146
  323.12   9.740  10.630 -27.068
  323.15  11.040  11.840 -27.369
  323.18  10.270  10.820 -27.992
  323.21  10.630  11.540 -27.130
  324.00  10.050  10.490 -26.626
  324.03  10.190  10.980 -26.121
  324.06  10.430  11.660 -27.024
  324.09  11.290  12.080 -27.103
  324.12  10.380  11.600 -26.092
  324.15   8.770   9.440 -26.012
  324.18   9.090  10.040 -26.121
  324.21   8.620   9.540 -25.276
  325.00   9.000   9.640 -25.904
  325.03   8.540   9.550 -26.495
  325.06   7.320   8.030 -25.823
  325.09   7.260   7.620 -25.141
  325.12   7.750   8.650 -24.305
  325.15   8.480   9.600 -23.366
  325.18  10.400  11.820 -22.565
  325.21  11.260  12.760 -21.942
  326.00  13.080  14.290 -22.120
  326.03  14.170  15.580 -22.477
  326.06  14.560  15.560 -23.017
  326.09  14.130  15.450 -23.017
  326.12  14.440  14.980 -21.803
  326.15  14.140  14.980 -20.827
  326.18  12.460  13.830 -20.670
  326.21  13.330  15.040 -18.596
  327.00  14.790  16.420 -17.716
  327.03  15.110  15.830 -18.542
  327.06  13.070  14.810 -18.710
  327.09  13.710  15.810 -21.070
  327.12  15.190  17.270 -21.452
  327.15  15.170  16.600 -20.245
  327.18  15.030  16.460 -22.146
  327.21  14.390  15.600 -22.089
  328.00  12.450  14.300 -23.203
  328.03  13.400  14.140 -22.402
  328.06  11.700  13.260 -22.473
  328.09  11.220  12.450 -21.982
  328.12  10.600  12.010 -21.321
  328.15  10.480  12.200 -22.665
  328.18  10.410  11.900 -22.547
  328.21  10.410  12.250 -23.306
  329.00  10.940  12.870 -23.043
  329.03  11.170  12.630 -24.359
  329.06  13.430  14.390 -25.235
  329.09  13.650  14.580 -24.874
  329.12  14.520  15.350 -24.849
  329.15  14.590  15.590 -28.027
  329.18  15.130  16.520 -27.474
  329.21  13.360  14.150 -26.280
  330.00  12.270  12.730 -26.709
  330.03  13.170  14.230 -26.895
  330.06  13.280  14.120 -26.360
  330.09  11.380  13.910 -26.523
  330.12   8.350   9.680 -28.085
  330.15   9.560  12.410 -30.064
  330.18  11.650  12.640 -31.072
  330.21  12.730  13.680 -30.572
  331.00  12.470  14.060 -29.033
  331.03  12.010  12.910 -29.453
  331.06  11.600  12.980 -29.603
  331.09  10.600  11.550 -27.201
  331.12  11.690  12.230 -25.892
  331.15  13.270  14.950 -24.617
  331.18  14.470  16.670 -24.907
  331.21  15.450  16.910 -23.181
  332.00  15.540  16.590 -21.745
  332.03  15.960  16.490 -20.674
  332.06  14.950  16.020 -19.059
  332.09  14.030  15.360 -16.020
  332.12  15.030  16.120 -14.107
  332.15  15.480  16.890 -14.552
  332.18  14.680  15.970 -13.190
  332.21  14.840  16.340 -14.380
  333.00  14.250  15.400 -16.182
  333.03  13.740  15.660 -16.451
  333.06  14.220  15.180 -16.090
  333.09  14.290  15.040 -17.608
  333.12  14.790  15.450 -17.541
  333.15  14.520  15.820 -16.483
  333.18  15.370  16.460 -15.086
  333.21  17.920  19.300 -16.198
  334.00  17.950  19.760 -14.223
  334.03  19.010  20.140 -16.068
  334.06  18.650  19.710 -16.859
  334.09  16.620  17.810 -15.482
  334.12  19.750  21.120 -15.332
  334.15  17.670  19.520 -11.859
  334.18  17.110  18.030 -10.749
  334.21  15.920  17.500 -10.301
  335.00  17.000  20.170 -10.949
  335.03  18.330  19.050 -11.299
  335.06  17.090  17.890 -11.429
  335.09  15.390  16.270 -10.660
  335.12  15.780  17.120 -13.005
  335.15  16.710  17.790 -14.667
  335.18  16.290  17.730 -15.922
  335.21  13.280  15.600 -13.390
  336.00  11.550  14.520 -12.197
  336.03  14.660  15.880 -14.990
  336.06  15.550  16.750 -14.609
  336.09  13.650  14.960 -17.485
  336.12  13.300  14.590 -18.287
  336.15  13.810  15.440 -21.416
  336.18  14.530  15.850 -21.767
  336.21  14.790  15.420 -22.656
  337.00  16.190  17.490 -23.400
  337.03  14.780  16.280 -23.485
  337.06  12.990  13.650 -25.267
  337.09  10.980  12.240 -23.931
  337.12   9.910  10.360 -23.490
  337.15   8.400   8.910 -24.058
  337.18   9.330  10.090 -24.343
  337.21   9.590  10.150 -24.455
  338.00   9.640  10.810 -23.851
  338.03   9.040   9.690 -22.852
  338.06   7.970   8.780 -22.354
  338.09   6.509   7.070 -20.716
  338.12   4.770   6.152 -19.915
  338.15   4.841   5.299 -20.038
  338.18   4.569   5.323 -19.915
  338.21   5.143   5.735 -20.038
  339.00   6.656   7.410 -22.190
  339.03   8.360   9.100 -23.673
  339.06   8.200   8.770 -23.986
  339.09   8.040   8.940 -23.787
  339.12   9.490  11.410 -25.747
  339.15  10.890  11.540 -29.502
  339.18  11.200  12.180 -29.036
  339.21  12.880  13.290 -28.517
  340.00  12.530  13.180 -28.311
  340.03  12.020  12.420 -27.718
  340.06  11.670  12.420 -27.263
  340.09  11.630  12.330 -26.788
  340.12  11.740  12.570 -26.523
  340.15  10.060  10.660 -27.209
  340.18   9.020   9.800 -27.861
  340.21   9.020   9.690 -27.252
  341.00   8.960  10.320 -26.828
  341.03   9.580  10.860 -27.017
  341.06   9.920  10.930 -27.392
  341.09   9.060   9.750 -26.229
  341.12   8.860   9.370 -26.626
  341.15  10.090  11.240 -29.017
  341.18   8.860   9.900 -27.734
  341.21   9.340   9.770 -26.440
  342.00   9.650  10.880 -27.291
  342.03  10.850  11.290 -27.618
  342.06  11.690  12.320 -27.252
  342.09  12.270  13.420 -27.017
  342.12  13.480  14.390 -27.017
  342.15  11.880  13.590 -25.972
  342.18  13.580  15.210 -24.351
  342.21  13.940  15.030 -19.629
  343.00  15.430  16.000 -17.716
  343.03  16.090  16.930 -13.495
  343.06  16.050  17.630 -12.967
  343.09  16.820  18.000 -13.069
  343.12  16.640  17.300 -12.782
  343.15  13.990  15.780 -13.849
  343.18  13.180  14.800 -13.908
  343.21  12.850  15.420 -14.569
  344.00   9.240  10.470 -15.181
  344.03   7.720   8.970 -15.960
  344.06   6.279   6.790 -16.193
  344.09   5.237   5.919 -16.139
  344.12   5.396   7.730 -17.158
  344.15   5.992   7.280 -19.268
  344.18   5.271   5.767 -20.698
  344.21   6.488   7.250 -21.588
  345.00   7.320   7.640 -22.173
  345.03   6.131   7.280 -20.306
  345.06   6.839   9.360 -20.213
  345.09   8.080   9.610 -21.452
  345.12   7.460   8.290 -23.885
  345.15   9.510  10.100 -25.267
  345.18  11.220  12.500 -26.368
  345.21  11.900  12.650 -25.722
  346.00  11.170  12.590 -23.737
  346.03   8.260   9.560 -22.133
  346.06   8.210   9.130 -21.906
  346.09   7.070   7.690 -20.405
  346.12   5.992   6.897 -19.672
  346.15   5.063   5.728 -21.664
  346.18   4.812   6.257 -21.271
  346.21   8.440  10.650 -23.532
  347.00   5.632   7.960 -24.259
  347.03   4.530   5.996 -26.072
  347.06   6.547   7.050 -29.014
  347.09   6.898   7.540 -30.241
  347.12   6.652   7.240 -32.655
  347.15   7.520   7.970 -31.715
  347.18   8.380   8.930 -29.599
  347.21   8.930   9.450 -29.796
  348.00   9.450  10.710 -32.757
  348.03   9.520  10.630 -33.953
  348.06   8.970  10.040 -34.046
  348.09   9.280  10.370 -35.092
  348.12  10.180  11.550 -38.471
  348.15  12.820  14.250 -41.378
  348.18  14.160  14.830 -40.201
  348.21  12.440  14.400 -38.789
  349.00  14.050  16.340 -35.633
  349.03  14.280  15.750 -33.966
  349.06  13.580  14.750 -32.101
  349.09  11.610  13.360 -31.531
  349.12  14.560  16.490 -31.603
  349.15  13.280  13.900 -31.484
  349.18  10.910  12.780 -31.094
  349.21  12.690  15.020 -32.919
  350.00  16.050  16.970 -31.965
  350.03  16.020  17.590 -30.751
  350.06  14.010  16.460 -31.894
  350.09  13.950  15.490 -32.300
  350.12  13.730  14.310 -31.556
  350.15  13.820  14.420 -30.970
  350.18  14.730  18.740 -29.607
  350.21  14.620  20.230 -28.475
  351.00  18.250  19.430 -28.502
  351.03  16.240  19.460 -29.592
  351.06  13.120  14.940 -28.296
  351.09  13.330  15.050 -28.756
  351.12  14.620  16.660 -28.809
  351.15  14.670  16.900 -29.393
  351.18  16.670  18.310 -28.836
  351.21  14.510  15.650 -30.292
  352.00  15.120  16.560 -30.933
  352.03  14.840  17.090 -28.065
  352.06  16.800  18.190 -27.388
  352.09  18.200  19.110 -26.914
  352.12  17.940  18.940 -25.896
  352.15  19.160  19.830 -24.671
  352.18  19.990  21.040 -25.071
  352.21  17.860  18.900 -25.145
  353.00  17.830  19.280 -24.713
  353.03  17.800  19.440 -24.376
  353.06  17.230  18.300 -24.363
  353.09  16.050  17.340 -22.918
  353.12  17.550  19.060 -21.093
  353.15  16.700  18.000 -18.784
  353.18  14.550  15.360 -16.488
  353.21  12.360  13.990 -13.814
  354.00   9.610  11.310 -13.151
  354.03  10.410  11.020 -13.972
  354.06  11.350  12.400 -16.648
  354.09  11.170  12.260 -19.548
  354.12  11.410  12.990 -21.121
  354.15  12.690  13.240 -21.785
  354.18  13.370  14.770 -22.429
  354.21  13.420  15.230 -22.371
  355.00  11.200  12.230 -21.348
  355.03   9.090  10.010 -15.741
  355.06   9.820  11.080 -13.654
  355.09   4.126   9.230 -20.372
  355.12   4.328   4.668 -20.684
  355.15   4.081   4.757 -21.271
  355.18   6.016   7.780 -21.817
  355.21   4.156   4.847 -23.000
  356.00   2.656   4.263 -25.300
  356.03   4.982   5.947 -27.361
  356.06   5.517   5.888 -30.156
  356.09   6.738   7.730 -31.448
  356.12   8.130   8.660 -32.545
  356.15   8.660  10.250 -32.354
  356.18  10.460  11.270 -32.187
  356.21  11.550  13.410 -31.210
  357.00  12.890  13.580 -29.730
  357.03  12.650  14.190 -25.227
  357.06  12.570  15.020 -22.244
  357.09  11.410  13.030 -19.519
  357.12   8.990  10.890 -17.252
  357.15   7.800   8.790 -19.548
  357.18   6.050   8.910 -20.503
  357.21   1.306   3.150 -19.451
  358.00   3.105   3.926 -20.873
  358.03   2.882   4.542 -21.425
  358.06   3.147   3.394 -21.366
  358.09   3.560   4.646 -23.409
  358.12   3.248   3.927 -23.207
  358.15   4.282   5.489 -24.849
  358.18   5.290   5.892 -22.358
  358.21   5.576   6.283 -25.067
  359.00   6.926   9.090 -25.916
  359.03  10.010  11.380 -25.968
  359.06  10.620  11.600 -26.468
  359.09  11.450  11.900 -28.608
  359.12  11.660  12.930 -30.531
  359.15  12.080  13.280 -32.947
  359.18  13.440  14.020 -33.042
  359.21  13.830  15.220 -32.382
  360.00  14.490  15.530 -32.503
  360.03  15.420  16.320 -34.566
  360.06  15.000  16.160 -34.947
  360.09  14.990  16.250 -33.213
  360.12  15.720  16.990 -30.141
  360.15  17.560  18.490 -26.887
  360.18  18.090  19.780 -23.571
  360.21  17.980  19.570 -17.043
  361.00  20.520  23.670 -16.403
  361.03  20.660  22.730 -16.090
  361.06  15.690  16.670 -13.949
  361.09  16.300  19.760 -10.706
  361.12  19.540  21.740 -11.603
  361.15  21.050  25.000 -11.818
  361.18  15.110  16.230 -12.387
  361.21  11.280  14.490 -14.820
  362.00   8.570  10.290 -17.054
  362.03   9.740  11.090 -18.759
  362.06   7.120   8.210 -21.025
  362.09   6.941   9.760 -21.452
  362.12   5.782   8.630 -24.129
  362.15   8.420  11.120 -24.981
  362.18  11.590  13.040 -26.475
  362.21  13.360  15.480 -23.507
  363.00  16.660  17.820 -23.664
  363.03  15.920  18.790 -17.179
  363.06  17.440  18.790 -13.212
  363.09  14.440  16.240 -11.344
  363.12  10.310  13.260  -9.100
  363.15  17.780  21.540 -17.174
  363.18  15.200  18.380 -20.619
  363.21   8.400  11.780 -23.770
  364.00   7.560   8.440 -25.214
  364.03   6.148   7.930 -25.475
  364.06   5.278   6.934 -29.841
  364.09   5.049   6.363 -31.383
  364.12   3.784   5.045 -30.381
  364.15   4.713   6.009 -29.949
  364.18   5.161   5.877 -29.875
  364.21   5.355   5.944 -32.400
  365.00   5.451   7.070 -35.506
  365.03   5.664   7.140 -34.987
  365.06   4.334   5.647 -35.452
  365.09   3.733   4.650 -34.991
  365.12   3.498   4.967 -35.469
  365.15   5.983   6.650 -37.867
  365.18   7.690  10.000 -36.730
  365.21   8.540   9.670 -33.342
  366.00   9.490  11.320 -28.054
  366.03   8.030  10.040 -22.543
  366.06  10.790  11.860 -16.600
  366.09  11.930  15.830 -17.995
  366.12  15.820  17.280 -18.616
  366.15  17.040  17.630 -19.029
  366.18  15.010  16.250 -18.927
  366.21  15.820  16.360 -18.863
    1.00  15.760  16.480 -20.076
    1.03  14.740  16.100 -20.043
    1.06  13.660  14.070 -20.358
    1.09  12.210  13.410 -21.592
    1.12  14.060  14.710 -22.075
    1.15  14.430  15.160 -23.549
    1.18  13.760  15.210 -24.655
    1.21  13.090  13.900 -26.559
    2.00  12.390  14.560 -27.474
    2.03  12.300  13.270 -27.419
    2.06  12.760  13.920 -27.590
    2.09  13.210  14.880 -27.981
    2.12  12.750  14.550 -29.059
    2.15  10.810  12.450 -29.938
    2.18  11.210  12.780 -29.837
    2.21  12.410  13.220 -29.536
    3.00  12.330  12.990 -29.952
    3.03  11.500  12.020 -30.152
    3.06  12.230  12.660 -30.278
    3.09  12.420  12.920 -30.126
    3.12  12.110  12.840 -30.292
    3.15  12.520  12.970 -30.340
    3.18  12.210  12.880 -30.487
    3.21  12.250  13.250 -30.857
    4.00  11.820  12.530 -31.808
    4.03  12.660  13.310 -30.663
    4.06  13.280  13.670 -31.445
    4.09  13.080  14.220 -30.824
    4.12  13.060  13.810 -31.028
    4.15  13.690  14.410 -31.725
    4.18  13.610  14.450 -29.707
    4.21  14.500  15.630 -28.311
    5.00  14.690  15.420 -26.060
    5.03  13.780  14.880 -23.885
    5.06  10.170  10.930 -21.960
    5.09  10.910  11.850 -23.485
    5.12   9.640  10.620 -24.684
    5.15  11.380  12.770 -26.606
    5.18  12.370  13.790 -26.618
    5.21  10.940  12.440 -25.365
    6.00   9.240   9.940 -25.718
    6.03  10.540  11.270 -27.633
    6.06  10.600  11.360 -27.919
    6.09   9.110  10.530 -29.967
    6.12   7.150  10.250 -28.999
    6.15   6.186   6.557 -28.946
    6.18   5.928   6.471 -28.870
    6.21   5.198   5.521 -29.097
    7.00   5.875   6.369 -29.952
    7.03   5.062   6.093 -29.730
    7.06   3.650   4.398 -29.752
    7.09   3.656   4.101 -29.577
    7.12   4.352   4.996 -30.300
    7.15   6.030   7.290 -34.004
    7.18   7.770   8.330 -36.772
    7.21   6.696   7.610 -35.526
    8.00   7.800   8.390 -36.566
    8.03   7.710   8.800 -37.421
    8.06   8.180   8.890 -34.624
    8.09   7.010   8.290 -33.349
    8.12   6.713   7.070 -34.187
    8.15   7.430   7.890 -35.247
    8.18   6.930   7.950 -36.316
    8.21   6.543   7.200 -36.494
    9.00   6.262   7.340 -38.246
    9.03   6.327   6.977 -39.557
    9.06   4.991   6.004 -39.216
    9.09   4.000   4.710 -38.132
    9.12   3.354   3.900 -39.340
    9.15   3.605   5.395 -40.898
    9.18   3.273   4.793 -35.102
    9.21   6.568   9.040 -33.395
   10.00   9.950  12.620 -29.164
   10.03   8.080  11.310 -32.276
   10.06   6.670   8.600 -32.083
   10.09   8.670  11.320 -29.326
   10.12   9.920  12.140 -31.271
   10.15  12.620  13.720 -31.851
   10.18  12.990  14.870 -32.595
   10.21  15.490  16.480 -33.839
   11.00  15.110  17.540 -34.118
   11.03  14.090  15.110 -35.729
   11.06  12.860  14.490 -35.435
   11.09  13.290  14.270 -37.166
   11.12  12.370  13.640 -36.632
   11.15  11.440  12.670 -34.950
   11.18  12.330  12.720 -35.856
   11.21  12.690  13.710 -35.876
   12.00  11.970  12.360 -34.495
   12.03  12.400  13.890 -36.145
   12.06  14.160  15.010 -35.133
   12.09  14.280  15.550 -34.563
   12.12  12.720  15.750 -30.590
   12.15  10.460  12.240 -27.213
   12.18  10.240  11.330 -27.408
   12.21   7.030   8.460 -31.513
   13.00   5.929   6.956 -32.760
   13.03   6.396   7.790 -31.682
   13.06   4.932   5.895 -33.468
   13.09   6.417   7.930 -34.913
   13.12   7.140   7.800 -33.738
   13.15   6.918   7.590 -29.100
   13.18   5.454   6.442 -30.311
   13.21   2.898   4.030 -35.035
   14.00   2.752   4.422 -32.845
   14.03   6.473   7.800 -32.658
   14.06   7.410   7.940 -34.135
   14.09   6.916   7.770 -36.352
   14.12   9.120  10.230 -31.890
   14.15  10.720  11.470 -32.658
   14.18  11.560  12.250 -32.894
   14.21  12.170  13.190 -32.442
   15.00  10.840  11.990 -32.679
   15.03  10.050  10.610 -32.393
   15.06   9.840  10.470 -30.966
   15.09   7.040  11.420 -30.747
   15.12  10.390  11.700 -32.633
   15.15   9.020  10.450 -31.455
   15.18   9.280  12.060 -31.188
   15.21   9.090  10.320 -30.377
   16.00   9.100  10.900 -30.410
   16.03   9.880  11.290 -31.826
   16.06  10.100  10.930 -32.845
   16.09   8.470  10.590 -32.919
   16.12   8.880   9.590 -32.940
   16.15   9.630  10.580 -32.964
   16.18  10.370  12.450 -33.970
   16.21   9.840  11.140 -34.984
   17.00   9.770  10.290 -33.918
   17.03   7.780   8.850 -33.963
   17.06   9.260  12.320 -33.520
   17.09  12.480  14.500 -35.472
   17.12  12.890  14.370 -34.974
   17.15  13.160  13.830 -34.101
   17.18  12.260  13.700 -30.689
   17.21  11.410  12.210 -31.650
   18.00  10.990  11.910 -33.530
   18.03   9.950  10.250 -31.890
   18.06   9.330  10.490 -33.621
   18.09   8.690   9.040 -33.870
   18.12   9.340   9.750 -34.563
   18.15   8.260   9.300 -35.271
   18.18   8.720  10.540 -36.537
   18.21   8.560   9.390 -35.509
   19.00   9.040   9.670 -35.936
   19.03  10.110  10.680 -35.193
   19.06  11.170  11.640 -35.331
   19.09  12.140  13.250 -33.908
   19.12  13.600  13.970 -33.558
   19.15  13.470  14.440 -33.977
   19.18  13.900  14.650 -34.882
   19.21  14.540  15.830 -35.623
   20.00  14.320  15.050 -34.187
   20.03  14.740  15.190 -33.112
   20.06  14.600  15.600 -35.509
   20.09  15.700  16.720 -35.779
   20.12  14.390  15.470 -36.002
   20.15  12.880  14.720 -36.537
   20.18  11.180  12.490 -37.925
   20.21  10.980  12.230 -37.752
   21.00  13.690  16.030 -37.515
   21.03  17.180  18.380 -38.097
   21.06  18.430  21.070 -37.450
   21.09  14.440  21.690 -36.795
   21.12   5.386  20.730 -34.269
   21.15    .000    .000 -31.039
   21.18    .000    .000 -29.356
   21.21    .145   2.614 -28.836
   22.00  17.320  18.170 -26.938
   22.03  17.150  18.450 -25.251
   22.06  15.020  16.500 -26.535
   22.09  12.530  14.720 -25.483
   22.12   9.320  10.130 -25.410
   22.15   9.410  10.050 -25.357
   22.18   7.350   9.000 -26.064
   22.21   4.830   5.355 -27.652
   23.00   5.244   6.279 -28.711
   23.03   5.289   5.900 -29.648
   23.06   4.556   5.244 -30.311
   23.09   3.845   4.635 -36.273
   23.12   5.250   6.783 -38.011
   23.15   8.090   9.920 -35.699
   23.18   9.930  11.130 -33.752
   23.21  11.120  12.000 -30.564
   24.00  11.710  12.170 -26.364
   24.03  10.020  11.190 -22.177
   24.06   7.670   8.230 -18.971
   24.09   8.340   9.790 -15.949
   24.12   9.550  10.450 -14.541
   24.15   9.950  10.390 -13.636
   24.18   9.570  10.270 -13.011
   24.21   8.460  10.370 -13.955
   25.00   9.770  13.420 -15.371
   25.03  10.770  13.870 -17.975
   25.06   8.180  11.290 -19.500
   25.09   5.193   7.740 -20.109
   25.12   6.327   7.630 -18.447
   25.15   5.292   7.360 -21.079
   25.18   3.956   6.125 -21.897
   25.21   5.979   6.989 -20.983
   26.00   6.329   7.700 -24.725
   26.03   8.260   9.320 -20.269
   26.06  10.900  11.920 -17.459
   26.09  12.000  13.230 -14.113
   26.12  10.130  11.350 -12.804
   26.15  10.980  12.580  -7.165
   26.18  10.930  15.110  -5.302
   26.21  17.590  19.810  -7.668
   27.00  20.390  21.450  -8.719
   27.03  18.690  20.300  -8.430
   27.06  17.100  18.050  -9.684
   27.09  17.860  19.480 -10.594
   27.12  18.040  19.600 -11.213
   27.15  15.470  17.420 -11.817
   27.18   8.260  13.680 -12.781
   27.21   2.826   4.737 -18.172
   28.00   3.827   4.776 -21.421
   28.03   4.104   5.301 -22.761
   28.06   3.946   4.686 -23.847
   28.09   3.655   4.187 -25.341
   28.12   4.287   5.310 -26.606
   28.15   5.208   6.728 -27.625
   28.18   6.944   9.030 -28.756
   28.21   6.725   8.110 -29.179
   29.00   5.333   5.983 -31.455
   29.03   6.235   6.768 -35.829
   29.06   6.922   7.490 -36.906
   29.09   7.280   8.010 -33.346
   29.12   7.860   8.670 -30.722
   29.15   7.630   8.100 -32.496
   29.18   7.380   8.020 -35.025
   29.21   7.590   8.240 -37.065
   30.00   8.220   9.010 -37.108
   30.03   7.490   7.910 -36.352
   30.06   7.740   8.630 -37.688
   30.09   8.340   8.680 -38.110
   30.12   7.350   8.560 -41.706
   30.15   7.960   8.600 -40.475
   30.18   8.390   8.960 -41.258
   30.21   8.790   9.370 -41.854
   31.00  10.030  10.710 -41.049
   31.03  10.800  11.820 -40.140
   31.06  11.820  12.880 -39.619
   31.09  12.560  13.430 -38.087
   31.12  13.240  14.260 -37.334
   31.15  11.850  12.640 -37.701
   31.18   9.880  11.130 -37.399
   31.21   8.580   9.530 -38.726
   32.00   8.810   9.850 -39.896
   32.03   9.780  10.300 -39.526
   32.06   9.980  10.670 -38.698
   32.09   9.950  11.170 -38.423
   32.12  10.200  11.660 -39.185
   32.15   9.200   9.940 -40.898
   32.18   8.970  10.350 -41.913
   32.21   7.070   8.480 -43.322
   33.00   8.480   9.160 -42.532
   33.03   6.729   8.350 -42.913
   33.06   6.999   7.940 -45.272
   33.09   6.585   7.960 -45.389
   33.12   7.310   8.550 -45.214
   33.15   7.850   8.830 -43.963
   33.18   7.530   7.950 -42.708
   33.21   8.170   8.810 -42.150
   34.00   7.990   8.640 -43.293
   34.03   7.890   8.190 -43.730
   34.06   7.970   8.810 -41.884
   34.09   8.220   9.320 -43.410
   34.12   8.640   9.500 -43.817
   34.15   8.350   9.240 -43.001
   34.18   8.280   9.100 -43.585
   34.21   9.190  10.160 -43.439
   35.00  10.180  11.260 -42.884
   35.03  11.220  12.050 -42.621
   35.06  11.800  13.100 -41.676
   35.09  13.210  14.130 -40.475
   35.12  13.420  14.340 -38.782
   35.15  13.950  14.870 -35.972
   35.18  14.460  15.820 -34.207
   35.21  14.170  15.320 -32.573
   36.00  14.110  16.190 -29.741
   36.03  16.840  18.250 -26.997
   36.06  18.190  20.020 -25.128
   36.09  17.150  18.800 -18.740
   36.12  17.080  18.390 -17.085
   36.15  18.710  21.500 -16.403
   36.18  21.850  23.570 -16.424
   36.21  22.020  22.920 -17.080
   37.00  21.020  22.240 -17.464
   37.03  19.570  22.310 -17.787
   37.06  14.190  17.400 -16.865
   37.09  10.050  11.090 -16.381
   37.12  11.740  15.310 -19.161
   37.15  15.610  17.040 -20.753
   37.18  16.080  17.520 -19.552
   37.21  16.930  18.730 -17.028
   38.00  14.450  16.500 -15.747
   38.03  13.580  15.400 -15.560
   38.06  11.280  13.610 -19.514
   38.09  15.680  18.010 -20.489
   38.12  10.100  11.300 -21.262
   38.15   9.450  12.300 -20.048
   38.18   7.520   9.270 -19.953
   38.21  10.290  13.990 -26.761
   39.00  10.570  13.090 -27.408
   39.03   6.888   9.060 -27.618
   39.06   6.102   9.470 -27.252
   39.09   9.780  10.860 -28.828
   39.12  11.230  12.160 -30.853
   39.15  12.520  13.600 -32.488
   39.18  12.990  14.380 -31.202
   39.21  13.810  15.160 -31.372
   40.00  13.090  14.180 -32.325
   40.03  13.560  14.550 -33.391
   40.06  12.930  13.590 -32.637
   40.09  12.110  13.290 -30.270
   40.12  10.560  11.880 -28.662
   40.15  10.170  10.960 -27.299
   40.18   8.540   9.860 -27.193
   40.21   6.427   8.900 -28.027
   41.00   5.977   7.670 -30.923
   41.03   5.283   6.067 -29.104
   41.06   6.687   7.340 -29.179
   41.09   7.960   9.540 -28.027
   41.12  10.050  11.900 -27.166
   41.15  12.160  13.100 -27.587
   41.18  12.130  12.950 -26.076
   41.21  12.790  14.820 -25.091
   42.00  11.300  12.470 -18.572
   42.03  10.730  13.540 -18.182
   42.06  10.560  12.610 -15.226
   42.09  11.970  16.790 -10.841
   42.12  11.570  14.900  -8.284
   42.15  12.530  18.550  -6.393
   42.18  23.860  29.950  -7.241
   42.21  18.430  23.350  -9.171
   43.00  16.570  18.190 -12.115
   43.03  18.430  19.120 -13.593
   43.06  13.380  18.280 -18.172
   43.09   3.905   5.507 -21.547
   43.12   4.680   7.850 -24.284
   43.15   5.896   8.440 -21.134
   43.18   4.485   5.180 -23.336
   43.21   4.360   5.806 -23.990
   44.00   4.265   6.940 -26.133
   44.03   8.220  10.200 -28.146
   44.06  10.570  11.960 -29.774
   44.09  10.940  12.100 -30.531
   44.12  13.590  15.330 -30.999
   44.15  11.300  13.700 -29.889
   44.18   7.560   8.140 -29.811
   44.21   7.280   8.120 -30.300
   45.00   7.510   8.010 -30.012
   45.03   8.190  10.080 -30.656
   45.06   9.970  11.060 -31.488
   45.09  11.150  12.270 -32.559
   45.12  11.240  12.860 -34.108
   45.15  11.710  12.280 -32.915
   45.18  12.650  13.630 -33.328
   45.21  13.770  14.750 -33.328
   46.00  14.140  15.720 -33.140
   46.03  13.320  15.080 -31.998
   46.06  11.330  12.920 -31.965
   46.09  11.130  12.450 -31.119
   46.12  12.060  12.690 -30.751
   46.15  11.030  12.570 -28.372
   46.18   7.610   8.910 -27.493
   46.21   6.156   7.340 -31.926
   47.00   5.688   6.277 -33.516
   47.03   6.120   7.040 -31.484
   47.06   6.087   7.280 -33.949
   47.09   5.949   6.932 -31.965
   47.12   8.760   9.390 -32.279
   47.15   9.900  10.440 -29.281
   47.18   8.580   9.600 -29.153
   47.21   8.140   8.910 -29.960
   48.00   8.090   8.610 -28.772
   48.03   8.680   9.660 -28.184
   48.06   8.780  10.030 -28.131
   48.09   6.575   7.950 -25.992
   48.12   5.847   6.633 -26.674
   48.15   6.916   7.330 -29.266
   48.18   6.422   6.915 -30.093
   48.21   6.770   7.300 -31.249
   49.00   7.270   7.580 -32.563
   49.03   7.920   8.310 -33.063
   49.06   8.040   8.800 -33.763
   49.09   8.580   9.900 -35.542
   49.12  10.730  12.270 -34.818
   49.15  14.110  16.050 -31.811
   49.18  16.110  17.230 -28.737
   49.21  16.890  17.690 -22.909
   50.00  15.230  18.100 -16.387
   50.03  10.500  11.530 -15.560
   50.06   9.120  10.150 -12.928
   50.09   8.720  11.030 -13.274
   50.12   7.140   8.150 -13.556
   50.15   6.151   6.925 -14.689
   50.18   7.460   8.160 -15.708
   50.21   6.537   7.080 -16.198
   51.00   5.949   6.926 -17.267
   51.03   6.503   7.510 -18.227
   51.06   6.968   8.890 -19.451
   51.09   9.390  11.160 -21.879
   51.12  11.660  13.730 -24.108
   51.15  12.770  13.330 -21.897
   51.18  11.660  12.680 -18.447
   51.21  11.360  13.370 -12.969
   52.00   7.040   8.710 -11.883
   52.03   4.747   5.726 -11.170
   52.06   7.680  11.630  -6.025
   52.09  12.310  14.690  -4.027
   52.12  12.660  14.160  -3.829
   52.15  14.190  15.390  -4.142
   52.18  12.780  16.190  -4.198
   52.21   9.990  11.350  -6.472
   53.00   7.580  10.260 -12.387
   53.03   2.334   4.108 -15.013
   53.06   3.024   4.514 -19.672
   53.09   2.313   3.275 -21.330
   53.12   2.812   3.769 -22.865
   53.15   3.181   4.216 -24.297
   53.18   3.236   3.687 -25.487
   53.21   4.183   5.209 -32.087
   54.00   5.356   6.553 -28.410
   54.03   6.011   6.571 -28.452
   54.06   6.478   7.060 -28.322
   54.09   4.591   5.935 -29.841
   54.12   4.944   5.119 -30.182
   54.15   5.333   5.850 -29.255
   54.18   5.786   6.650 -32.083
   54.21   7.420   8.000 -33.224
   55.00   7.390   8.580 -36.385
   55.03   8.440   9.150 -37.672
   55.06   8.350   9.080 -37.861
   55.09   8.610   9.360 -37.944
   55.12   9.610  10.110 -38.030
   55.15   9.380   9.880 -35.190
   55.18   7.450   8.190 -36.267
   55.21   7.100   7.940 -38.322
   56.00   7.560   8.190 -38.873
   56.03   7.760   8.320 -38.917
   56.06   8.690   9.770 -39.123
   56.09  10.400  11.410 -38.782
   56.12  11.670  12.990 -36.926
   56.15  12.900  13.840 -33.818
   56.18  11.820  13.080 -32.453
   56.21  11.470  12.310 -32.524
   57.00  10.360  11.310 -31.224
   57.03   9.070   9.630 -29.315
   57.06   8.350   8.870 -28.296
   57.09   7.800   8.420 -28.050
   57.12   8.030   8.910 -28.154
   57.15   9.360  10.440 -26.686
   57.18  10.270  11.190 -26.177
   57.21  10.830  11.490 -25.471
   58.00  10.090  10.930 -23.254
   58.03   9.970  10.780 -21.294
   58.06  13.500  14.660 -19.586
   58.09  10.970  11.730 -15.465
   58.12  10.500  11.200 -12.201
   58.15   9.220  10.640 -11.192
   58.18   7.770  10.970 -11.236
   58.21   5.144   5.941 -12.116
   59.00   3.365   4.265 -12.576
   59.03   3.039   3.976 -18.661
   59.06   5.535   7.080 -22.341
   59.09   5.244   6.646 -23.592
   59.12   4.224   5.172 -25.410
   59.15   5.574   6.678 -26.076
   59.18   5.461   6.051 -27.248
   59.21   4.992   6.029 -30.601
   60.00   4.581   5.143 -29.405
   60.03   4.837   5.326 -29.823
   60.06   4.773   5.528 -32.026
   60.09   4.909   5.281 -34.811
   60.12   6.369   6.872 -37.000
   60.15   6.622   7.250 -34.461
   60.18   6.271   7.140 -33.652
   60.21   6.058   7.400 -34.413
   61.00   6.413   7.240 -36.965
   61.03   8.000   8.870 -36.154
   61.06   9.560  10.240 -38.046
   61.09  10.980  11.680 -37.247
   61.12  11.290  11.750 -37.052
   61.15  10.680  11.450 -33.980
   61.18   8.930  10.390 -32.676
   61.21   7.720   8.610 -36.257
   62.00   7.030   7.400 -39.464
   62.03   7.050   7.270 -40.110
   62.06   7.330   7.820 -40.018
   62.09   7.780   8.320 -39.185
   62.12   8.080   8.440 -37.874
   62.15   6.711   7.610 -35.519
   62.18   4.748   5.620 -36.263
   62.21   5.277   6.717 -40.262
   63.00   6.493   7.120 -40.566
   63.03   7.130   7.710 -39.371
   63.06   6.637   7.610 -41.408
   63.09   6.122   6.986 -42.297
   63.12   4.330   5.543 -41.408
   63.15   2.412   3.641 -37.695
   63.18   2.495   3.544 -41.438
   63.21   5.039   6.197 -44.689
   64.00   6.059   6.827 -45.917
   64.03   6.830   7.740 -46.719
   64.06   7.800   9.340 -46.212
   64.09   7.800   8.820 -47.262
   64.12   7.630   8.060 -46.809
   64.15   6.733   7.740 -43.439
   64.18   5.903   6.253 -42.884
   64.21   6.641   7.080 -46.064
   65.00   7.380   7.950 -45.770
   65.03   8.290   8.760 -45.360
   65.06   9.390  10.280 -43.643
   65.09   9.520  10.700 -42.444
   65.12  10.270  10.890 -40.958
   65.15  11.370  11.750 -38.230
   65.18  10.610  11.440 -36.919
   65.21  10.580  11.070 -38.663
   66.00  11.030  11.800 -38.917
   66.03  10.870  12.050 -39.061
   66.06  12.240  12.920 -39.309
   66.09  12.200  12.740 -38.537
   66.12  11.850  12.510 -37.392
   66.15  10.770  11.760 -34.563
   66.18  11.430  11.990 -33.638
   66.21  10.290  10.980 -35.028
   67.00  10.390  11.110 -35.809
   67.03  11.430  12.170 -35.361
   67.06  10.900  11.380 -35.291
   67.09  11.020  11.730 -35.112
   67.12  10.990  11.840 -34.056
   67.15  10.920  12.020 -29.852
   67.18   9.850  10.890 -29.183
   67.21  10.860  11.880 -31.271
   68.00  13.500  14.770 -32.950
   68.03  12.980  14.340 -30.806
   68.06  11.720  12.950 -27.931
   68.09   7.990  10.260 -29.363
   68.12   7.260   8.010 -29.789
   68.15   7.090   7.420 -28.711
   68.18   7.030   7.750 -29.800
   68.21   6.697   7.900 -34.011
   69.00   7.540   8.420 -36.359
   69.03   7.870   8.330 -36.227
   69.06   8.880   9.730 -36.161
   69.09   9.890  10.310 -34.753
   69.12  10.800  11.340 -32.609
   69.15   9.780  10.940 -29.562
   69.18   7.090   8.640 -28.624
   69.21   6.182   7.100 -32.140
   70.00   6.676   7.300 -33.492
   70.03   7.330   7.700 -33.115
   70.06   7.350   8.030 -33.725
   70.09   7.310   8.460 -33.911
   70.12   6.587   7.210 -32.155
   70.15   6.607   7.060 -27.772
   70.18   4.443   6.575 -25.079
   70.21   4.683   6.098 -28.123
   71.00   4.704   6.609 -28.866
   71.03   6.378   7.600 -33.655
   71.06   7.840   8.410 -34.049
   71.09   6.962   7.830 -34.211
   71.12   5.937   7.530 -32.403
   71.15   7.770   8.850 -27.981
   71.18   7.920   8.900 -26.304
   71.21   7.090   7.860 -29.044
   72.00   8.610   9.250 -29.472
   72.03   8.620   9.280 -27.130
   72.06   9.630  10.300 -26.519
   72.09   8.690   9.420 -27.652
   72.12   7.940   8.530 -27.575
   72.15   7.360   8.530 -25.394
   72.18   6.116   6.648 -26.264
   72.21   5.794   6.825 -28.338
   73.00   6.046   7.200 -27.977
   73.03   7.430   8.320 -29.002
   73.06   8.210   8.900 -29.621
   73.09   9.000   9.980 -29.119
   73.12   8.500   9.330 -28.096
   73.15   8.310   9.010 -26.020
   73.18   7.230   7.760 -25.859
   73.21   6.015   6.599 -26.622
   74.00   5.330   6.082 -27.232
   74.03   3.817   4.652 -29.543
   74.06   3.989   5.205 -34.549
   74.09   5.168   6.747 -36.530
   74.12   8.290  10.040 -36.257
   74.15   9.320  10.250 -32.172
   74.18   7.790  10.030 -28.311
   74.21   4.950   7.600 -29.960
   75.00   3.651   4.305 -31.459
   75.03   1.395   2.445 -34.634
   75.06   1.796   2.663 -33.825
   75.09   3.016   3.693 -34.832
   75.12   3.793   4.454 -32.697
   75.15   4.148   4.647 -31.473
   75.18   4.726   5.326 -32.293
   75.21   3.855   4.807 -34.655
   76.00   4.929   5.595 -35.361
   76.03   5.786   6.581 -37.020
   76.06   6.162   6.871 -37.153
   76.09   6.179   6.572 -37.521
   76.12   6.458   7.230 -36.926
   76.15   7.250   8.050 -35.355
   76.18   7.550   8.280 -35.014
   76.21   7.430   8.150 -37.954
   77.00   8.880  10.890 -38.691
   77.03  10.760  11.610 -39.247
   77.06  11.570  12.870 -38.458
   77.09  12.800  14.090 -37.960
   77.12  14.180  15.180 -33.569
   77.15  14.180  15.730 -28.589
   77.18  11.410  12.930 -24.543
   77.21   8.950  10.520 -25.577
   78.00   5.834   7.120 -29.423
   78.03   6.171   7.220 -30.038
   78.06   6.310   7.320 -33.021
   78.09   6.919   8.060 -34.142
   78.12   6.918   7.840 -32.619
   78.15   6.979   7.450 -30.362
   78.18   5.827   6.577 -30.270
   78.21   4.916   5.981 -31.206
   79.00   4.586   5.482 -32.435
   79.03   3.629   4.395 -34.862
   79.06   4.247   5.059 -37.065
   79.09   4.657   5.024 -36.625
   79.12   4.731   5.266 -34.604
   79.15   3.476   4.671 -32.926
   79.18   3.502   4.082 -34.396
   79.21   3.587   4.705 -38.464
   80.00   4.491   5.195 -42.532
   80.03   5.282   6.780 -38.986
   80.06   7.090   7.990 -39.278
   80.09   7.810   8.760 -40.323
   80.12   8.830   9.300 -39.340
   80.15   8.750   9.220 -36.168
   80.18   8.410   8.740 -35.095
   80.21   7.280   8.280 -38.606
   81.00   8.550   9.580 -40.717
   81.03   9.220   9.570 -40.868
   81.06   9.320  10.200 -40.140
   81.09   9.530  10.330 -39.957
   81.12   9.640  10.220 -37.392
   81.15   9.430   9.990 -33.846
   81.18   8.830   9.590 -32.718
   81.21   8.590   9.250 -35.796
   82.00   8.540   9.100 -38.154
   82.03   9.450  10.180 -37.637
   82.06   9.230  10.170 -34.974
   82.09  11.330  12.360 -34.173
   82.12  12.810  13.400 -30.245
   82.15  12.730  13.480 -27.528
   82.18  12.520  13.360 -24.902
   82.21  11.830  12.800 -25.646
   83.00  11.640  13.020 -26.213
   83.03  13.930  15.510 -24.997
   83.06  15.900  17.430 -22.987
   83.09  16.770  17.900 -22.926
   83.12  17.360  17.880 -22.084
   83.15  15.680  16.890 -18.720
   83.18  14.410  15.320 -15.526
   83.21  14.610  16.680 -12.950
   84.00  15.540  16.450 -11.368
   84.03  12.340  14.580 -10.774
   84.06  10.170  12.850  -8.767
   84.09  12.510  14.300 -11.368
   84.12  12.480  14.970 -12.369
   84.15   9.700  11.690 -13.713
   84.18  15.140  19.090 -15.560
   84.21  16.100  18.590 -17.148
   85.00  13.280  14.590 -19.437
   85.03  13.340  14.140 -21.139
   85.06  13.030  14.160 -22.948
   85.09  12.010  13.320 -24.434
   85.12  12.000  13.230 -24.659
   85.15  11.440  12.050 -22.861
   85.18  11.540  12.690 -22.595
   85.21   9.940  10.540 -24.376
   86.00  10.350  11.290 -27.291
   86.03  11.720  12.140 -28.540
   86.06  11.960  12.570 -30.241
   86.09  11.750  12.320 -30.126
   86.12  12.180  13.120 -27.423
   86.15  11.810  13.680 -24.534
   86.18  10.090  11.080 -23.613
   86.21   9.440  10.550 -25.690
   87.00   8.970   9.910 -27.981
   87.03   9.840  10.390 -28.563
   87.06   9.890  10.310 -26.926
   87.09   8.530   9.470 -28.127
   87.12   7.700   8.730 -28.050
   87.15   7.070   7.770 -25.855
   87.18   6.349   7.240 -25.292
   87.21   5.695   6.442 -28.188
   88.00   7.520   8.440 -30.835
   88.03   9.410  10.310 -30.769
   88.06   9.860  10.840 -30.267
   88.09  10.290  11.120 -27.989
   88.12  10.290  10.940 -21.977
   88.15   9.560  10.450 -16.494
   88.18   8.280   9.330 -14.598
   88.21   9.620  11.060 -15.949
   89.00  10.360  12.040 -18.197
   89.03  11.790  14.300 -17.721
   89.06  14.220  15.100 -18.666
   89.09  12.710  13.810 -20.095
   89.12  13.770  14.740 -17.618
   89.15  12.390  14.250 -14.420
   89.18  12.000  13.110 -12.927
   89.21  11.100  12.970 -14.013
   90.00  13.280  14.030 -16.198
   90.03  13.210  15.550 -16.986
   90.06  12.310  14.730 -19.127
   90.09  11.530  12.290 -18.666
   90.12  11.170  12.520 -15.802
   90.15  10.530  11.580 -12.306
   90.18  10.000  11.100 -11.776
   90.21   8.700   9.750 -13.731
   91.00   9.210  11.440 -15.741
   91.03  11.400  13.050 -16.435
   91.06  12.640  14.050 -16.933
   91.09  12.900  14.400 -16.365
   91.12  12.540  14.300 -13.554
   91.15  14.520  15.890 -12.472
   91.18  15.660  17.870 -10.392
   91.21  17.000  19.130  -9.522
   92.00  16.720  17.520  -8.695
   92.03  14.450  15.680  -8.113
   92.06  14.870  16.450  -6.859
   92.09  16.990  19.160  -7.991
   92.12  19.040  22.180  -7.342
   92.15  20.370  22.290  -6.105
   92.18  17.400  19.990  -4.396
   92.21  16.090  17.220  -4.618
   93.00  15.650  16.660  -5.842
   93.03  14.930  16.750  -5.948
   93.06  14.160  15.560  -8.575
   93.09  12.820  14.770  -8.575
   93.12  10.630  12.690  -8.479
   93.15   8.780   9.790  -7.444
   93.18   9.190   9.740  -6.886
   93.21   8.740   9.200  -9.218
   94.00   7.600   8.820 -12.135
   94.03   9.090  10.300 -13.571
   94.06   9.540  10.620 -15.293
   94.09  11.430  12.180 -15.884
   94.12  11.970  12.700 -12.574
   94.15  11.590  12.940  -9.452
   94.18  10.420  11.660  -8.958
   94.21  11.450  12.800 -10.481
   95.00  12.430  14.320 -10.971
   95.03  13.450  14.390 -10.838
   95.06  13.490  14.840 -11.624
   95.09  14.140  14.730 -12.008
   95.12  14.170  14.740 -10.705
   95.15  12.950  14.050  -8.958
   95.18  10.850  12.510  -7.669
   95.21  10.700  11.990  -9.405
   96.00   9.470  10.130 -11.472
   96.03  10.280  10.850 -11.472
   96.06  11.400  12.940 -13.046
   96.09  12.830  13.710 -12.677
   96.12  12.650  13.960 -10.301
   96.15  12.710  14.920  -7.014
   96.18  12.290  13.230  -6.028
   96.21  11.160  12.880  -6.989
   97.00  13.800  14.230  -8.236
   97.03  13.840  15.200  -8.839
   97.06  13.640  14.630  -8.431
   97.09  13.920  15.240  -9.868
   97.12  13.470  14.700  -9.265
   97.15  15.040  16.810  -7.645
   97.18  12.730  13.560  -6.578
   97.21  11.570  12.250  -8.791
   98.00  11.380  12.070 -10.881
   98.03  12.330  14.530 -13.086
   98.06  13.590  14.930 -13.690
   98.09  14.450  14.900 -13.309
   98.12  13.130  14.780 -10.993
   98.15  12.370  14.170  -8.040
   98.18  13.070  14.390  -5.949
   98.21  10.440  12.920  -5.710
   99.00  10.440  13.990  -7.966
   99.03  14.830  16.280  -7.620
   99.06  15.220  16.760  -9.498
   99.09  11.580  14.820 -13.589
   99.12   7.970   9.420 -15.086
   99.15   8.760   9.390 -16.263
   99.18   7.410   8.750 -17.064
   99.21   6.071   7.920 -18.720
  100.00   3.550   4.378 -21.171
  100.03   6.497   7.900 -21.826
  100.06   8.160   8.850 -22.961
  100.09   9.470  10.290 -23.224
  100.12   9.520  10.460 -20.822
  100.15   8.090   9.130 -17.189
  100.18   6.959   7.590 -15.867
  100.21   7.020   7.750 -16.085
  101.00   6.597   7.500 -15.198
  101.03   5.887   6.901 -13.330
  101.06   5.598   6.148 -13.890
  101.09   5.932   6.378 -12.511
  101.12   5.992   6.493 -10.727
  101.15   4.340   5.354  -9.312
  101.18   4.414   5.686 -13.005
  101.21   4.999   5.798 -16.838
  102.00   4.796   6.220 -21.687
  102.03   4.062   5.772 -21.732
  102.06   7.070   8.820 -24.053
  102.09   7.250   7.820 -24.108
  102.12   7.620   8.250 -24.447
  102.15   7.160   8.070 -23.224
  102.18   6.189   6.851 -23.481
  102.21   5.675   6.553 -26.491
  103.00   8.050   9.200 -27.850
  103.03   8.810   9.560 -27.656
  103.06   8.310  10.100 -29.345
  103.09   8.010   8.610 -29.412
  103.12   7.320   8.330 -25.487
  103.15   6.178   7.180 -22.217
  103.18   2.977   5.433 -19.734
  103.21   1.829   2.849 -25.718
  104.00   2.044   3.165 -30.616
  104.03   4.071   5.490 -32.563
  104.06   6.127   7.160 -33.147
  104.09   7.350   7.720 -32.640
  104.12   7.540   8.290 -27.989
  104.15   6.613   7.250 -24.200
  104.18   4.790   5.584 -23.086
  104.21   3.518   4.004 -25.920
  105.00   3.472   5.059 -32.101
  105.03   4.460   5.479 -31.926
  105.06   4.397   6.074 -34.804
  105.09   3.862   5.175 -34.750
  105.12   4.616   5.419 -28.441
  105.15   5.071   5.818 -24.985
  105.18   5.468   6.003 -24.087
  105.21   4.136   5.405 -26.181
  106.00   4.986   5.631 -30.414
  106.03   6.323   7.410 -31.794
  106.06   6.955   7.590 -30.281
  106.09   6.745   7.650 -28.391
  106.12   6.031   7.070 -23.664
  106.15   4.647   5.335 -21.561
  106.18   3.446   4.708 -21.121
  106.21    .991   2.868 -23.575
  107.00   1.873   2.737 -29.502
  107.03   3.810   5.126 -31.682
  107.06   5.107   5.515 -31.603
  107.09   5.083   5.530 -28.364
  107.12   6.314   7.130 -24.931
  107.15   5.767   6.409 -22.503
  107.18   4.562   6.071 -22.297
  107.21   3.601   4.959 -25.063
  108.00   5.978   7.200 -30.241
  108.03   7.890   8.400 -27.977
  108.06   8.730   9.430 -28.311
  108.09   9.380   9.680 -27.220
  108.12  10.100  11.160 -23.639
  108.15   9.990  10.520 -20.231
  108.18   8.810   9.640 -18.562
  108.21   7.860   8.260 -19.772
  109.00   9.210   9.700 -22.385
  109.03  10.200  10.690 -22.926
  109.06  11.010  11.580 -23.103
  109.09  12.140  12.370 -21.835
  109.12  12.360  13.210 -18.111
  109.15  11.850  12.620 -14.403
  109.18  11.570  12.210 -12.905
  109.21  10.880  11.360 -12.946
  110.00   9.320  10.510 -13.731
  110.03   7.760   8.670 -13.772
  110.06   6.769   7.630 -15.086
  110.09   7.900   8.970 -13.129
  110.12   7.420   8.020 -11.408
  110.15   6.861   7.950  -9.359
  110.18   4.895   6.359  -8.333
  110.21   4.107   5.160 -10.029
  111.00   5.035   6.083 -11.190
  111.03   6.033   7.100 -11.795
  111.06   8.410  10.030 -11.666
  111.09   9.710  12.790 -13.410
  111.12  10.480  11.300 -13.128
  111.15  10.290  11.370 -11.321
  111.18   8.570   9.360 -11.211
  111.21   6.247   6.742 -13.349
  112.00   5.471   6.208 -14.837
  112.03   6.051   6.714 -15.310
  112.06   5.004   6.055 -16.552
  112.09   3.721   4.803 -19.634
  112.12   5.259   6.574 -17.746
  112.15   6.576   7.180 -16.392
  112.18   6.038   7.120 -15.884
  112.21   5.833   6.527 -18.902
  113.00   7.740   9.000 -21.570
  113.03   9.560   9.900 -22.049
  113.06   9.430  10.730 -20.665
  113.09   7.630  10.690 -18.577
  113.12   8.700   9.180 -19.103
  113.15   8.580   9.530 -17.868
  113.18   7.530   8.150 -17.746
  113.21   5.159   6.786 -19.925
  114.00   6.305   7.820 -20.698
  114.03   8.530   9.220 -23.613
  114.06   8.750   9.380 -24.488
  114.09   8.960   9.560 -23.370
  114.12   9.980  10.840 -17.716
  114.15   8.600   9.360 -14.107
  114.18   6.659   7.860 -12.302
  114.21   5.780   7.650 -11.451
  115.00   2.727   4.670 -11.965
  115.03   2.070   3.040 -16.664
  115.06   2.590   3.520 -17.158
  115.09   4.593   7.120 -18.922
  115.12   7.770   8.910 -18.621
  115.15   9.300  10.500 -17.914
  115.18   7.760   9.810 -19.667
  115.21   5.277   6.121 -21.691
  116.00   2.772   5.625 -25.414
  116.03   1.780   2.493 -28.234
  116.06   2.101   3.381 -26.950
  116.09   1.449   2.570 -31.202
  116.12   2.052   2.789 -25.815
  116.15   1.223   1.873 -22.380
  116.18   2.471   2.915 -21.148
  116.21   3.187   4.794 -26.816
  117.00   5.803   6.615 -31.155
  117.03   8.470   9.980 -32.183
  117.06  10.870  12.670 -30.101
  117.09  11.460  13.110 -28.383
  117.12  12.130  13.770 -23.258
  117.15   8.590  10.960 -17.454
  117.18   6.373   7.890 -14.552
  117.21   4.182   4.715 -18.257
  118.00   2.961   3.829 -25.443
  118.03   3.037   3.741 -27.981
  118.06   2.966   3.320 -30.531
  118.09   2.673   2.955 -29.375
  118.12   2.858   3.117 -23.233
  118.15   3.808   5.845 -19.365
  118.18   4.206   5.253 -18.207
  118.21   3.089   3.542 -21.664
  119.00   4.360   4.869 -26.084
  119.03   5.934   6.578 -29.108
  119.06   7.650   8.410 -28.897
  119.09   9.030   9.760 -26.899
  119.12   9.430  10.130 -23.859
  119.15  10.300  10.700 -20.997
  119.18   8.780   9.930 -19.495
  119.21   7.390   7.930 -20.947
  120.00   8.350   9.040 -24.015
  120.03  10.190  11.000 -25.038
  120.06  10.770  11.490 -24.621
  120.09  11.730  13.340 -23.434
  120.12  12.240  13.550 -20.716
  120.15  11.130  11.890 -17.629
  120.18   9.480  11.280 -16.557
  120.21   7.160   8.630 -17.226
  121.00   6.378   7.190 -19.958
  121.03   8.140   9.200 -19.734
  121.06   8.200   9.310 -21.253
  121.09   7.210   7.760 -20.010
  121.12   8.430   9.270 -18.512
  121.15   8.760   9.460 -17.090
  121.18   7.830   9.100 -16.701
  121.21   6.924   8.110 -17.137
  122.00   2.156   5.570 -19.749
  122.03   5.373   8.840 -21.995
  122.06   8.240   8.830 -23.198
  122.09   8.010   9.140 -23.142
  122.12   5.805   7.180 -22.995
  122.15   3.557   4.738 -20.372
  122.18   4.079   5.595 -22.451
  122.21   2.695   4.309 -23.669
  123.00   1.047   2.655 -30.715
  123.03   2.619   3.397 -32.989
  123.06   4.596   6.573 -35.559
  123.09   6.049   6.651 -33.255
  123.12   5.480   6.166 -28.196
  123.15   3.088   4.370 -19.706
  123.18   2.248   2.998 -22.455
  123.21   3.256   3.643 -23.847
  124.00   2.944   4.224 -28.319
  124.03   3.673   4.289 -28.437
  124.06   3.676   5.000 -28.460
  124.09   6.493   7.630 -25.710
  124.12   7.070   7.760 -24.200
  124.15   7.150   7.620 -22.970
  124.18   6.100   6.871 -22.765
  124.21   5.035   5.826 -24.380
  125.00   3.131   3.779 -26.499
  125.03   3.653   4.597 -27.427
  125.06   5.675   6.841 -29.176
  125.09   7.330   8.280 -28.631
  125.12   8.480   9.380 -26.141
  125.15   8.030   9.020 -23.605
  125.18   5.568   6.504 -22.323
  125.21   3.594   4.868 -23.301
  126.00   5.127   6.283 -26.396
  126.03   7.040   7.840 -28.487
  126.06   7.280   7.960 -30.189
  126.09   7.630   8.090 -27.361
  126.12   7.890   8.220 -24.413
  126.15   7.890   8.270 -21.968
  126.18   6.352   7.420 -21.057
  126.21   4.097   5.333 -22.204
  127.00   5.211   6.523 -27.427
  127.03   7.620   8.550 -28.870
  127.06   8.890   9.670 -27.753
  127.09   9.710  10.710 -26.436
  127.12  11.010  11.720 -22.102
  127.15  10.390  10.850 -18.262
  127.18   9.050  10.000 -16.068
  127.21   7.260   8.250 -17.038
  128.00   6.260   7.600 -21.011
  128.03   8.360   9.680 -23.434
  128.06   7.430   7.940 -24.116
  128.09   6.252   7.690 -24.116
  128.12   2.738   4.923 -19.706
  128.15   1.942   2.308 -18.207
  128.18   2.405   3.372 -20.836
  128.21   3.175   3.481 -21.362
  129.00   3.776   4.930 -24.083
  129.03   6.527   8.170 -25.569
  129.06   9.280  10.760 -25.365
  129.09  10.880  11.580 -23.549
  129.12  10.180  11.030 -20.684
  129.15  10.350  11.100 -17.106
  129.18   8.760   9.950 -14.609
  129.21   8.870   9.500 -14.934
  130.00   8.160   9.420 -17.577
  130.03  10.230  10.970 -17.562
  130.06  10.510  11.560 -18.242
  130.09  10.030  10.880 -16.685
  130.12   9.940  11.320 -13.492
  130.15   8.160   9.090 -10.302
  130.18   6.937   8.280  -8.503
  130.21   6.917   7.920  -9.194
  131.00   8.810   9.850 -11.538
  131.03  10.750  12.770 -12.574
  131.06  12.570  14.110 -12.532
  131.09  13.730  15.190 -10.860
  131.12  12.420  13.860  -7.192
  131.15  10.650  13.230  -3.224
  131.18  11.340  12.020   -.237
  131.21  10.570  11.670   1.140
  132.00   7.680   9.020    .576
  132.03   7.240   8.730  -1.216
  132.06   7.730   9.230  -3.663
  132.09   9.560  11.710  -1.216
  132.12  11.700  12.670    .547
  132.15  10.540  11.640   1.270
  132.18   9.060   9.670   1.714
  132.21   7.530   8.860    .872
  133.00   8.440  10.200  -1.740
  133.03  11.050  12.620  -3.637
  133.06  11.190  12.530  -5.009
  133.09  10.530  11.670  -4.457
  133.12   9.790  10.720  -1.584
  133.15   8.970   9.490   1.846
  133.18   7.620   9.370   2.082
  133.21   6.764   7.470    .832
  134.00   8.290   9.800  -2.734
  134.03  10.070  10.680  -5.092
  134.06  11.920  12.880  -5.659
  134.09  13.720  14.580  -5.443
  134.12  13.440  14.010  -3.059
  134.15  10.600  11.860    .537
  134.18   9.780  10.980   1.643
  134.21   7.090   7.800   1.001
  135.00   6.497   6.901  -3.354
  135.03   7.080   7.750  -7.219
  135.06   7.670   8.710  -7.143
  135.09   8.170   8.430  -5.255
  135.12   6.903   8.030  -1.346
  135.15   6.337   7.340   -.466
  135.18   4.156   5.468   2.914
  135.21   1.192   1.996   -.017
  136.00   3.106   4.392  -4.404
  136.03   4.096   4.818  -5.418
  136.06   6.017   6.627  -9.218
  136.09   5.960   6.813  -7.967
  136.12   9.020  10.360  -5.979
  136.15   9.000   9.810  -3.120
  136.18   7.220   8.440  -1.474
  136.21   4.125   5.479  -1.840
  137.00   5.419   7.150  -5.821
  137.03   8.170   9.440  -9.382
  137.06   8.460   8.930 -10.187
  137.09   7.960   9.190  -8.934
  137.12   8.780   9.630  -5.713
  137.15   9.360   9.910  -2.945
  137.18   8.460   9.030  -1.410
  137.21   4.721   7.540  -2.380
  138.00   7.830   8.580  -5.714
  138.03   9.210   9.920  -7.943
  138.06  10.160  10.800  -8.624
  138.09  11.570  12.530  -7.371
  138.12  11.320  11.970  -4.819
  138.15   9.520  10.670  -2.174
  138.18   6.320   8.180   -.853
  138.21   4.822   5.270  -1.012
  139.00   5.918   6.998  -4.460
  139.03   7.770   8.690  -7.220
  139.06   8.500   9.940  -8.863
  139.09   9.020   9.680  -7.345
  139.12  10.210  11.230  -3.925
  139.15  10.590  11.260   -.598
  139.18   9.840  10.480    .724
  139.21  10.100  10.420    .274
  140.00   9.820  10.530  -2.831
  140.03  11.540  12.430  -5.284
  140.06  12.300  12.690  -6.761
  140.09  12.950  13.610  -6.710
  140.12  13.790  14.360  -5.446
  140.15  12.990  13.890  -3.146
  140.18   9.370  11.350   -.946
  140.21   6.751   8.070  -1.253
  141.00   7.850   8.430  -4.599
  141.03   8.130   8.570  -6.242
  141.06   9.110   9.880  -5.979
  141.09   8.800   9.650  -7.017
  141.12   8.580   9.940  -4.348
  141.15   8.060   8.500  -2.111
  141.18   6.949   7.820   -.570
  141.21   4.433   5.736  -1.474
  142.00   4.489   5.095  -6.086
  142.03   5.472   6.607  -9.614
  142.06   6.895   8.280  -9.913
  142.09   9.570  10.870  -9.124
  142.12  10.730  11.430  -7.321
  142.15  10.880  12.100  -4.627
  142.18  10.520  12.790  -3.354
  142.21   7.710  10.350  -2.620
  143.00   7.970  10.100  -4.851
  143.03  11.070  13.440  -6.636
  143.06  12.850  13.410  -7.673
  143.09  12.570  13.580  -7.722
  143.12  12.150  12.840  -5.368
  143.15  10.270  11.590  -2.362
  143.18   8.390   9.410   -.485
  143.21   7.630   8.890   -.494
  144.00   8.640   9.170  -2.371
  144.03  10.700  11.620  -3.543
  144.06  11.230  12.270  -3.744
  144.09  11.690  12.760  -3.629
  144.12  12.610  13.780   -.542
  144.15  12.590  15.510   1.512
  144.18  11.980  13.920   1.381
  144.21   8.300  10.340    .167
  145.00   8.590  10.040   -.314
  145.03   6.585   7.930   -.390
  145.06   6.119   7.370   -.418
  145.09   7.280   8.540   -.390
  145.12   7.060   8.260    .313
  145.15   8.250  10.100   -.161
  145.18  12.490  15.700   -.862
  145.21   7.960  12.340  -4.201
  146.00   3.585   6.228  -1.262
  146.03   6.568   7.160  -2.021
  146.06   6.683   7.100  -2.353
  146.09   6.051   6.305  -2.415
  146.12   5.426   6.087  -1.885
  146.15   5.414   5.835   -.323
  146.18   4.994   5.386    .332
  146.21   4.881   5.978    .041
  147.00   6.774   7.850  -2.057
  147.03   9.720  10.520  -4.892
  147.06  10.420  11.420  -6.822
  147.09  10.470  11.300  -5.755
  147.12  10.120  11.160  -2.910
  147.15   9.140  10.060    .128
  147.18   7.590   9.080   1.041
  147.21   5.246   6.024    .743
  148.00   4.996   5.631  -2.021
  148.03   6.938   7.480  -5.409
  148.06   7.650   8.050  -4.758
  148.09   7.130   7.680  -3.380
  148.12   6.473   7.420  -1.272
  148.15   4.841   5.909    .941
  148.18   2.390   3.212   1.080
  148.21    .873   1.781   1.562
  149.00    .812   1.399  -2.433
  149.03   4.073   6.028  -9.171
  149.06   5.903   6.897 -10.961
  149.09   7.780   8.040 -10.541
  149.12   6.962   7.880  -6.124
  149.15   4.783   6.472  -2.021
  149.18   1.473   2.806   -.314
  149.21   2.706   3.238   -.323
  150.00   2.115   3.696  -6.386
  150.03   5.823   6.713 -11.351
  150.06   8.110   9.460 -11.481
  150.09  11.250  11.940  -8.982
  150.12  12.010  12.680  -6.540
  150.15  12.510  13.330  -3.380
  150.18  10.510  11.550  -1.849
  150.21   8.540   9.360  -2.778
  151.00  10.130  11.450  -5.413
  151.03  11.930  12.280  -7.776
  151.06  12.580  13.520  -9.519
  151.09  12.970  13.770  -9.217
  151.12  12.600  14.220  -6.438
  151.15  10.750  11.850  -3.783
  151.18   8.790  10.790  -2.030
  151.21   7.100   9.030  -2.805
  152.00   7.400   8.730  -5.889
  152.03   8.170   8.850  -8.530
  152.06   9.820  10.880 -10.137
  152.09   9.490  11.090  -9.727
  152.12   8.620   9.530  -6.797
  152.15   7.380   8.940  -3.233
  152.18   5.492   6.584  -2.021
  152.21   2.817   4.196  -2.165
  153.00   2.401   3.976  -8.506
  153.03   5.305   6.090 -13.006
  153.06   6.666   7.340 -14.333
  153.09   7.070   7.540 -11.005
  153.12   7.300   8.000  -7.948
  153.15   3.926   6.006  -4.455
  153.18   1.735   3.614  -4.313
  153.21   2.867   3.265  -5.031
  154.00   2.739   3.914  -9.658
  154.03   4.374   5.291  -7.603
  154.06   6.159   8.730 -10.137
  154.09   8.920   9.530 -10.182
  154.12   9.800  10.360  -7.875
  154.15   6.877   9.590  -6.073
  154.18   5.011   5.928  -4.947
  154.21   3.881   4.779  -4.231
  155.00   4.012   5.551  -8.602
  155.03   5.291   7.120  -9.450
  155.06   7.650   8.460  -9.612
  155.09   7.640   8.220  -8.864
  155.12   7.890   8.200  -6.464
  155.15   7.360   8.360  -3.840
  155.18   5.177   6.323  -2.326
  155.21   2.798   4.032  -1.722
  156.00   1.289   2.984  -7.053
  156.03   4.695   5.819 -10.473
  156.06   6.170   6.599 -11.394
  156.09   6.435   6.785  -7.677
  156.12   7.370   7.930  -3.982
  156.15   7.360   8.220  -1.401
  156.18   5.901   6.811   -.323
  156.21   5.064   5.520   -.542
  157.00   6.558   8.160  -2.057
  157.03   8.190   9.850  -3.241
  157.06   9.310  10.170  -3.646
  157.09   9.850  10.420  -4.457
  157.12  10.740  11.790  -2.389
  157.15   9.600  10.350   -.494
  157.18   9.110   9.960   -.113
  157.21   7.930   8.910   -.740
  158.00   5.469   6.619  -1.520
  158.03   4.241   5.431  -3.181
  158.06   6.305   7.770  -5.838
  158.09   7.820   8.700  -4.815
  158.12   7.570   8.580  -2.664
  158.15   7.640   8.150   -.721
  158.18   7.000   8.330   -.965
  158.21   4.545   5.739  -1.123
  159.00   3.744   4.705  -1.731
  159.03   2.669   3.415  -2.066
  159.06   2.995   4.828  -2.805
  159.09   5.854   6.237  -3.449
  159.12   6.421   6.832  -1.151
  159.15   5.699   6.209    .537
  159.18   5.035   6.263    .596
  159.21   5.547   6.492    .070
  160.00   7.930   9.310   -.589
  160.03   9.210   9.650  -1.676
  160.06   9.060   9.440   -.740
  160.09   8.750   9.510    .508
  160.12   7.290   8.030   1.031
  160.15   6.645   7.130   1.330
  160.18   8.460   9.840   1.867
  160.21   9.940  10.620   1.592
  161.00   7.370   8.630   2.030
  161.03   6.681   8.210   1.532
  161.06   8.740  10.030    .734
  161.09  10.420  11.130   -.074
  161.12   9.750  10.720   1.220
  161.15   6.306   7.690   1.522
  161.18   5.613   6.528   1.836
  161.21   5.488   7.020   1.836
  162.00   6.596   7.770   1.969
  162.03   6.383   8.170   -.170
  162.06   3.840   6.190   -.740
  162.09   2.940   6.305    .724
  162.12   5.721   6.339    .921
  162.15   3.377   4.090   1.775
  162.18   2.576   4.724    .274
  162.21   4.984   5.491   1.643
  163.00   4.967   5.672    .763
  163.03   3.993   4.665    .763
  163.06   4.953   5.797    .665
  163.09   5.357   5.766    .793
  163.12   5.293   5.879   1.220
  163.15   6.731   7.870   1.653
  163.18   4.814   6.077   1.663
  163.21   4.041   5.435   1.160
  164.00   4.128   5.422    .892
  164.03   6.431   8.380    .635
  164.06   8.940   9.690   -.551
  164.09  10.180  11.340   -.333
  164.12   9.960  11.120   1.190
  164.15   8.870   9.770   1.633
  164.18   8.490   9.380    .635
  164.21   6.329   7.820   -.456
  165.00   4.819   5.814    .547
  165.03   4.205   4.941   -.485
  165.06   4.300   5.026  -1.484
  165.09   5.086   6.227    .606
  165.12   5.564   6.129   1.361
  165.15   5.750   6.730   1.491
  165.18   5.093   5.706   1.200
  165.21   5.270   6.612   1.542
  166.00   3.546   5.281   -.103
  166.03   3.194   5.264  -1.244
  166.06   5.962   7.120   -.304
  166.09   7.270   8.370   -.937
  166.12   5.700   6.610   -.409
  166.15   5.567   6.208   -.017
  166.18   4.975   5.471   -.843
  166.21   5.033   5.755   -.740
  167.00   5.052   6.276  -1.336
  167.03   6.027   6.461  -1.849
  167.06   6.594   7.160  -1.392
  167.09   6.796   7.190   -.589
  167.12   6.659   7.050    .921
  167.15   5.858   6.419   1.050
  167.18   7.230   8.430   1.431
  167.21   7.740   9.060    .410
  168.00   8.590   9.610   1.491
  168.03   7.680   9.350    .303
  168.06   9.530  10.670    .665
  168.09   7.710   8.740   -.141
  168.12   8.800   9.890    .012
  168.15   7.470   8.830   -.208
  168.18   6.624   8.280  -2.012
  168.21   6.992   8.660  -3.102
  169.00   3.895   4.935  -3.987
  169.03   3.565   6.741  -3.094
  169.06   7.620   8.770  -4.374
  169.09   6.620   8.830  -4.011
  169.12   4.619   5.456  -4.239
  169.15   5.846   7.040  -3.302
  169.18   7.830   8.680  -2.945
  169.21   9.290  10.360  -3.726
  170.00  12.170  14.580  -5.438
  170.03  15.820  16.810  -5.383
  170.06  15.050  17.280  -4.647
  170.09  13.020  13.760  -2.620
  170.12  13.330  14.470   -.228
  170.15   8.500  11.570    .351
  170.18   4.773   5.910    .381
  170.21   7.710   9.220   -.266
  171.00   8.290   9.370   -.646
  171.03   6.949   8.990  -1.299
  171.06   6.622   8.390  -2.290
  171.09   5.087   7.540  -1.722
  171.12   1.748   2.439   -.045
  171.15   1.348   2.136   -.180
  171.18   2.067   2.408    .022
  171.21   2.031   2.423  -1.235
  172.00   2.089   2.389  -1.967
  172.03   2.640   3.777  -2.093
  172.06   4.116   5.478  -2.504
  172.09   7.250   8.780  -3.756
  172.12   7.510   8.700  -1.794
  172.15   7.620   9.580  -2.237
  172.18   8.970   9.980  -1.114
  172.21   9.840  11.280  -1.272
  173.00   9.300  11.530  -1.401
