  Jul.Day  S1(up)  S2(up)  S(dw)   Alb1 Alb2  net_rad
  167.833   193.8   191.7   159.6  82.  83.   15.8
  167.840   192.1   190.5   157.0  82.  82.   17.3
  167.847   137.9   137.1   114.6  83.  84.   11.2
  167.854   125.0   124.1   104.5  84.  84.   10.3
  167.861   125.9   125.2   105.0  83.  84.   10.6
  167.868   113.2   112.5    95.2  84.  85.    8.2
  167.875   108.0   107.2    90.8  84.  85.    7.9
  167.882   120.3   118.6    99.1  82.  84.   10.7
  167.889   113.1   111.7    93.0  82.  83.   10.3
  167.896    89.1    88.4    73.9  83.  84.    9.1
  167.903    82.0    81.1    68.0  83.  84.    8.6
  167.910    79.7    79.0    66.1  83.  84.    8.2
  167.917    73.5    72.7    61.1  83.  84.    7.2
  167.924    66.8    66.3    55.7  83.  84.    7.2
  167.931    66.7    66.2    55.1  83.  83.    7.4
  167.938    75.7    75.5    61.6  81.  82.    9.3
  167.944    71.2    71.1    57.9  81.  82.    7.3
  167.951    68.5    68.3    55.3  81.  81.    7.8
  167.958    57.8    57.9    47.2  82.  82.    5.5
  167.965    47.4    47.3    39.4  83.  83.    4.9
  167.972    47.5    47.4    39.5  83.  83.    7.3
  167.979    51.4    51.4    42.5  83.  83.    7.2
  167.986    44.7    44.8    37.1  83.  83.    6.6
  167.993    42.8    42.7    35.0  82.  82.    6.3
  168.001    45.2    45.2    36.6  81.  81.    6.7
  168.007    34.5    34.6    28.7  83.  83.    4.7
  168.014    29.6    29.6    24.5  83.  83.    4.1
  168.021    29.2    29.2    24.1  83.  83.    3.2
  168.028    31.4    31.3    25.6  82.  82.    3.4
  168.035    32.4    32.5    26.2  81.  80.    4.3
  168.042    28.1    28.2    22.9  81.  81.    3.3
  168.049    26.5    26.6    21.5  81.  81.    3.2
  168.056    21.3    21.4    17.6  83.  82.    2.4
  168.063    18.3    18.2    15.1  83.  83.    1.8
  168.069    17.5    17.2    14.4  82.  84.    2.0
  168.076    16.5    16.2    13.7  83.  84.    2.1
  168.083    14.5    14.2    12.2  84.  86.    1.8
  168.090    13.0    12.7    10.9  84.  86.    1.4
  168.097    11.7    11.3     9.6  82.  85.    1.5
  168.104    11.9    11.5     9.2  77.  80.    1.2
  168.111    10.8    10.5     8.2  76.  78.    1.1
  168.118     9.5     9.1     7.1  75.  78.     .1
  168.125     9.2     9.0     7.2  79.  80.     .0
  168.132     9.6     9.5     7.4  77.  78.     .1
  168.139     9.9     9.7     7.6  77.  78.     .5
  168.146    10.5    10.4     8.2  77.  79.     .7
  168.153     9.2     9.0     7.2  79.  80.     .7
  168.160     8.3     8.3     6.5  78.  78.     .9
  168.167     8.3     8.3     6.6  79.  80.     .7
  168.174     9.4     9.2     7.5  80.  82.     .9
  168.181    11.3    11.3     8.9  79.  79.    1.2
  168.188    14.7    14.6    11.1  76.  76.    1.9
  168.194    17.3    17.4    12.8  74.  74.    2.6
  168.201    16.3    16.5    11.8  72.  71.    2.1
  168.208    12.9    12.7     9.6  75.  76.    1.9
  168.215    14.3    14.1    10.7  75.  76.    2.5
  168.222    15.9    15.9    12.0  75.  75.    2.2
  168.229    15.3    15.1    11.5  75.  76.    2.2
  168.236    23.9    23.6    17.4  73.  74.    3.7
  168.243    35.0    34.7    25.5  73.  73.    6.3
  168.250    41.3    40.8    29.8  72.  73.    7.3
  168.257    66.0    65.2    46.5  70.  71.   12.5
  168.264    53.1    52.6    38.4  72.  73.    9.7
  168.271    37.7    37.6    27.8  74.  74.    7.2
  168.278    46.7    46.5    33.7  72.  72.    8.4
  168.285    39.7    39.6    28.7  72.  72.    7.6
  168.292    57.2    56.8    40.4  71.  71.    9.9
  168.299    50.9    50.4    35.4  70.  70.    8.3
  168.306    47.1    47.0    33.8  72.  72.    7.5
  168.313    48.3    48.6    35.3  73.  73.    6.8
  168.319    62.1    61.9    52.6  85.  85.    7.4
  168.326    42.4    41.9   -10.3 -24. -25.    4.6
  168.333    47.2    45.1    67.2 142. 149.    5.0
  168.340    69.6    65.1    61.4  88.  94.    7.5
  168.347    81.8    77.8    73.9  90.  95.    7.8
  168.354    85.2    82.3    79.1  93.  96.    8.2
  168.361   108.6   104.2    96.2  89.  92.   10.9
  168.368   101.1    96.8    84.8  84.  88.   10.6
  168.375   115.3   113.1    92.7  80.  82.   11.9
  168.382   125.9   124.0   105.2  84.  85.   13.5
  168.389   125.6   124.1   102.8  82.  83.   14.7
  168.396   111.5   110.3    92.4  83.  84.   14.4
  168.403   115.2   113.6    93.3  81.  82.   13.3
  168.410   162.9   157.8   134.0  82.  85.   19.3
  168.417   144.1   136.1   112.5  78.  83.   15.0
  168.424   143.9   134.5   110.1  76.  82.   14.3
  168.431   179.5   166.9   140.4  78.  84.   20.6
  168.438   204.4   196.5   156.0  76.  79.   20.1
  168.444   216.6   209.7   173.1  80.  83.   20.2
  168.451   255.3   248.2   207.4  81.  84.   24.9
  168.458   243.6   237.4   203.5  84.  86.   23.6
  168.465   234.6   238.4   195.4  83.  82.   21.8
  168.472   217.3   223.3   175.6  81.  79.   19.2
  168.479   248.0   262.3   199.2  80.  76.   23.8
  168.486   271.2   287.8   221.8  82.  77.   25.0
  168.493   230.1   243.9   189.4  82.  78.   18.9
  168.500   256.1   271.7   208.8  82.  77.   23.6
  168.507   317.2   334.6   257.4  81.  77.   30.9
  168.514   261.3   276.6   222.6  85.  80.   22.6
  168.521   260.6   276.4   217.8  84.  79.   22.2
  168.528   238.6   252.5   196.2  82.  78.   19.0
  168.535   288.3   306.0   239.3  83.  78.   27.2
  168.542   314.7   335.9   267.2  85.  80.   31.1
  168.549   300.5   325.4   261.0  87.  80.   24.4
  168.556   273.9   285.3   233.1  85.  82.   16.0
  168.563   267.8   267.1   221.1  83.  83.   12.4
  168.569   275.0   283.0   232.4  85.  82.   11.8
  168.576   282.7   290.8   240.2  85.  83.   10.5
  168.583   294.2   313.8   252.3  86.  80.    8.4
  168.590   320.1   341.8   281.2  88.  82.    8.1
  168.597   351.7   374.9   318.1  90.  85.    8.1
  168.604   347.5   373.5   314.2  90.  84.    8.9
  168.611   301.5   319.7   280.9  93.  88.    4.1
  168.618   278.8   286.1   253.5  91.  89.     .5
  168.625   299.9   314.0   265.5  89.  85.    -.9
  168.632   354.9   364.6   286.2  81.  79.   -2.0
  168.639   405.6   395.8   320.0  79.  81.   -1.6
  168.646   427.7   413.9   341.5  80.  82.    1.1
  168.653   451.5   435.1   361.9  80.  83.    2.6
  168.660   461.3   443.0   365.7  79.  83.    4.4
  168.667   448.9   428.0   360.4  80.  84.    1.7
  168.674   468.2   443.9   380.3  81.  86.     .9
  168.681   426.1   402.5   345.2  81.  86.   -1.8
  168.688   372.2   348.5   334.8  90.  96.   -3.0
  168.694   349.0   324.7   329.4  94. 101.   -2.2
  168.701   373.6   347.7   348.6  93. 100.   -1.6
  168.708   453.0   418.9   397.3  88.  95.    6.8
  168.715   409.8   401.6   368.6  90.  92.   -5.9
  168.722   377.6   372.6   339.8  90.  91.   -6.2
  168.729   403.9   399.0   365.0  90.  91.   -6.5
  168.736   409.3   404.4   372.0  91.  92.   -5.7
  168.743   388.9   384.6   354.0  91.  92.   -5.6
  168.750   370.1   365.6   337.2  91.  92.   -4.9
  168.757   363.7   358.8   330.6  91.  92.   -3.7
  168.764   352.1   347.0   319.8  91.  92.   -3.8
  168.771   344.4   338.8   312.3  91.  92.   -3.2
  168.778   350.5   344.5   317.2  91.  92.   -2.3
  168.785   337.0   330.7   305.6  91.  92.   -2.6
  168.792   347.6   340.9   313.9  90.  92.    -.1
  168.799   339.1   332.6   305.7  90.  92.     .6
  168.806   324.3   318.0   292.7  90.  92.    -.7
  168.813   330.2   323.7   297.4  90.  92.     .8
  168.819   327.1   320.6   295.0  90.  92.     .9
  168.826   329.8   322.9   297.6  90.  92.     .6
  168.833   310.2   303.8   280.9  91.  92.     .1
  168.840   277.6   271.8   252.7  91.  93.   -1.8
  168.847   275.5   269.6   251.1  91.  93.    -.9
  168.854   271.1   265.0   247.2  91.  93.   -1.0
  168.861   261.5   255.3   238.3  91.  93.   -1.6
  168.868   251.0   244.7   228.4  91.  93.   -1.0
  168.875   235.2   229.1   214.1  91.  93.   -1.1
  168.882   244.9   238.4   223.1  91.  94.   -1.4
  168.889   272.9   265.4   247.3  91.  93.    -.1
  168.896   324.5   316.1   292.8  90.  93.    1.7
  168.903   289.4   282.0   261.6  90.  93.    1.2
  168.910   222.4   216.8   202.0  91.  93.    -.1
  168.917   216.2   210.6   196.6  91.  93.     .6
  168.924   154.3   150.8   141.2  92.  94.   -1.1
  168.931   124.4   121.3   114.3  92.  94.   -1.1
  168.938   137.3   134.2   125.9  92.  94.    -.2
  168.944   145.5   141.8   132.6  91.  94.    1.6
  168.951   159.6   155.6   145.3  91.  93.    4.3
  168.958   130.5   127.5   119.4  92.  94.    2.4
  168.965   101.9    99.6    93.7  92.  94.    -.2
  168.972   110.4   107.3   100.6  91.  94.    1.1
  168.979    99.9    97.1    91.1  91.  94.     .6
  168.986    86.4    84.5    79.4  92.  94.    -.5
  168.993    72.6    70.7    66.6  92.  94.   -2.3
  169.001    66.6    64.8    60.9  92.  94.    -.1
  169.007    58.7    57.2    53.9  92.  94.    -.3
  169.014    53.7    52.3    49.4  92.  94.     .1
  169.021    48.5    47.2    44.5  92.  94.     .4
  169.028    41.6    40.6    38.3  92.  95.    -.4
  169.035    46.4    45.2    42.6  92.  94.    -.1
  169.042    48.0    46.7    43.7  91.  94.     .7
  169.049    36.8    36.0    33.9  92.  94.   -1.1
  169.056    32.9    32.2    30.2  92.  94.   -2.1
  169.063    30.9    30.3    28.5  92.  94.   -1.9
  169.069    32.3    31.6    29.8  92.  94.   -1.1
  169.076    33.2    32.4    30.4  91.  94.   -2.0
  169.083    29.8    29.2    27.4  92.  94.   -1.5
  169.090    22.6    22.2    20.9  92.  94.   -2.7
  169.097    21.7    21.4    20.1  93.  94.   -1.9
  169.104    31.0    30.4    28.4  92.  93.    -.8
  169.111    21.4    21.2    19.9  93.  94.   -1.5
  169.118    19.5    19.3    18.1  93.  94.   -1.8
  169.125    21.2    20.9    19.7  93.  94.   -2.1
  169.132    18.3    18.1    17.2  94.  95.   -1.8
  169.139    16.6    16.4    15.6  94.  95.   -1.8
  169.146    17.0    16.8    15.8  93.  94.   -2.4
  169.153    17.0    16.8    15.9  93.  94.   -1.0
  169.160    17.9    17.5    16.5  92.  95.   -2.2
  169.167    19.3    19.0    17.8  92.  94.   -1.7
  169.174    21.5    21.3    19.9  93.  94.   -2.8
  169.181    22.9    22.4    21.0  92.  93.   -3.6
  169.188    25.1    24.6    23.1  92.  94.   -1.3
  169.194    29.5    28.9    26.9  91.  93.    -.3
  169.201    34.7    34.0    31.8  92.  93.   -1.3
  169.208    37.4    36.7    34.3  92.  93.   -1.6
  169.215    44.1    43.1    40.4  92.  94.    -.4
  169.222    38.9    38.1    35.6  92.  93.   -1.3
  169.229    38.3    37.4    35.1  91.  94.   -1.7
  169.236    55.5    54.0    50.1  90.  93.   -2.6
  169.243    59.0    57.5    53.4  90.  93.   -1.3
  169.250    80.5    78.0    72.6  90.  93.    1.0
  169.257    93.9    91.1    84.9  90.  93.    1.4
  169.264    66.3    64.8    60.5  91.  93.   -6.1
  169.271    61.9    60.8    56.7  92.  93.   -8.3
  169.278    59.8    58.0    54.7  91.  94.    -.5
  169.285    63.1    61.1    57.7  91.  94.    -.3
  169.292    66.6    64.5    60.9  92.  94.    -.2
  169.299    71.9    69.6    65.9  92.  95.    -.6
  169.306    90.8    88.0    82.9  91.  94.    -.9
  169.313   103.3   100.0    94.3  91.  94.   -1.2
  169.319   119.6   115.3   108.4  91.  94.    -.8
  169.326   133.4   128.6   121.2  91.  94.    1.2
  169.333   135.6   130.7   122.7  90.  94.    -.7
  169.340   171.1   164.9   154.5  90.  94.     .2
  169.347   216.8   207.9   194.9  90.  94.    1.7
  169.354   170.5   164.1   154.3  91.  94.    -.5
  169.361   145.6   140.7   132.4  91.  94.    -.3
  169.368   201.5   194.6   182.3  90.  94.    3.9
  169.375   252.9   243.4   228.0  90.  94.    3.2
  169.382   277.8   267.5   250.3  90.  94.    5.6
  169.389   271.0   260.7   244.5  90.  94.    3.0
  169.396   274.3   263.7   247.3  90.  94.    2.9
  169.403   266.4   256.3   240.1  90.  94.    3.5
  169.410   303.8   292.2   273.7  90.  94.    5.4
  169.417   281.0   271.3   254.1  90.  94.    2.3
  169.424   258.0   248.4   231.8  90.  93.    2.5
  169.431   341.2   328.4   304.8  89.  93.    6.8
  169.438   431.9   413.0   378.9  88.  92.   11.1
  169.444   364.8   349.6   321.1  88.  92.   -9.0
  169.451   549.7   524.0   477.6  87.  91.   -2.0
  169.458   571.5   543.2   491.9  86.  91.   -6.3
  169.465   582.6   552.4   502.0  86.  91.   -4.7
  169.472   594.4   562.8   511.2  86.  91.   -2.3
  169.479   609.9   576.1   523.1  86.  91.   -1.3
  169.486   625.2   589.9   535.8  86.  91.     .2
  169.493   639.0   602.0   547.3  86.  91.    1.3
  169.500   653.2   614.2   559.2  86.  91.    1.9
  169.507   666.6   626.3   570.3  86.  91.    2.9
  169.514   679.7   638.4   581.2  86.  91.    4.3
  169.521   691.4   650.1   590.5  85.  91.    5.0
  169.528   702.8   659.7   599.4  85.  91.    5.1
  169.535   714.4   669.5   608.3  85.  91.    5.9
  169.542   725.7   679.0   616.5  85.  91.    6.8
  169.549   735.3   686.4   623.3  85.  91.    7.8
  169.556   745.4   695.0   630.5  85.  91.    8.5
  169.563   753.9   702.1   636.3  84.  91.    9.2
  169.569   761.4   708.8   641.9  84.  91.    9.7
  169.576   768.9   715.7   647.4  84.  90.    9.8
  169.583   774.2   722.2   651.8  84.  90.    9.5
  169.590   779.5   727.9   655.1  84.  90.    8.9
  169.597   783.8   732.2   657.9  84.  90.    8.7
  169.604   789.1   736.4   659.6  84.  90.    8.4
  169.611   793.4   740.1   660.6  83.  89.    8.7
  169.618   794.4   742.3   661.8  83.  89.    8.7
  169.625   795.5   743.3   662.3  83.  89.    8.7
  169.632   796.5   743.3   662.2  83.  89.    9.2
  169.639   768.9   737.2   574.7  75.  78.   59.6
  169.646   793.4   750.8   604.8  76.  81.   30.8
  169.653   792.3   742.3   655.4  83.  88.   14.2
  169.660   790.2   739.4   654.7  83.  89.   13.1
  169.667   787.0   736.8   652.8  83.  89.   12.4
  169.674   782.7   733.4   649.8  83.  89.   12.2
  169.681   777.4   728.5   645.5  83.  89.   11.5
  169.688   771.0   723.2   640.5  83.  89.   11.1
  169.694   764.6   718.5   635.2  83.  88.   10.0
  169.701   758.2   712.2   629.6  83.  88.    9.4
  169.708   750.8   705.4   623.3  83.  88.    8.7
  169.715   742.3   697.4   616.6  83.  88.    7.2
  169.722   733.2   688.7   608.9  83.  88.    6.0
  169.729   724.5   680.0   601.3  83.  88.    4.3
  169.736   705.2   661.5   585.5  83.  89.     .7
  169.743   701.6   657.2   582.9  83.  89.    -.5
  169.750   689.1   645.0   572.3  83.  89.   -2.6
  169.757   665.8   623.3   554.2  83.  89.   -6.6
  169.764   663.4   620.5   552.6  83.  89.   -8.5
  169.771   630.8   589.5   518.2  82.  88.   -6.1
  169.778   584.1   545.9   486.8  83.  89.  -17.5
  169.785   604.1   564.4   505.3  84.  90.  -15.1
  169.792   606.1   565.8   507.9  84.  90.  -17.4
  169.799   592.3   552.7   496.1  84.  90.  -21.1
  169.806   580.9   541.5   484.4  83.  89.  -21.9
  169.813   550.7   513.5   459.5  83.  89.  -23.9
  169.819   535.8   499.7   447.9  84.  90.  -24.6
  169.826   521.1   486.4   437.4  84.  90.  -27.1
  169.833   504.8   470.7   425.4  84.  90.  -29.2
  169.840   486.7   453.6   413.3  85.  91.  -31.4
  169.847   477.5   445.4   407.9  85.  92.  -33.8
  169.854   467.3   435.7   396.5  85.  91.  -35.4
  169.861   445.7   415.1   375.1  84.  90.  -36.0
  169.868   425.1   395.3   358.2  84.  91.  -38.3
  169.875   407.6   378.1   345.3  85.  91.  -41.4
  169.882   389.8   361.0   332.1  85.  92.  -44.4
  169.889   372.5   344.0   318.5  86.  93.  -47.2
  169.896   351.0   323.3   302.0  86.  93.  -50.3
  169.903   340.9   313.2   295.2  87.  94.  -51.8
  169.910   330.5   303.3   287.4  87.  95.  -52.5
  169.917   318.9   291.7   275.4  86.  94.  -51.7
  169.924   288.3   263.0   247.0  86.  94.  -52.3
  169.931   225.8   204.7   192.6  85.  94.  -57.7
  169.938   212.6   191.7   180.2  85.  94.  -57.6
  169.944   231.3   208.1   196.3  85.  94.  -54.7
  169.951   226.6   203.8   191.6  85.  94.  -54.3
  169.958   212.0   156.6   179.4  85. 115.  -56.8
  169.965   195.7    73.4   166.0  85. 226.  -57.7
  169.972   184.3    75.8   156.4  85. 206.  -56.4
  169.979   171.1    81.1   146.6  86. 181.  -54.4
  169.986   157.0   119.5   135.7  86. 113.  -56.1
  169.993   149.1   133.6   129.3  87.  97.  -57.1
  170.001   120.2   109.5   105.7  88.  97.  -56.8
  170.007   112.0   103.3    98.6  88.  95.  -52.6
  170.014    97.5    91.1    87.5  90.  96.  -47.9
  170.021    79.2    75.8    72.7  92.  96.  -46.4
  170.028    71.8    69.3    66.4  93.  96.  -45.0
  170.035    71.0    68.8    65.5  92.  95.  -42.2
  170.042    67.5    65.9    62.8  93.  95.  -38.6
  170.049    57.4    56.7    53.8  94.  95.  -39.3
  170.056    52.4    51.8    49.1  94.  95.  -38.8
  170.063    50.3    49.6    46.9  93.  95.  -35.5
  170.069    49.2    49.2    46.9  95.  95.  -30.8
  170.076    40.1    40.7    38.9  97.  96.  -29.9
  170.083    34.4    34.8    33.2  96.  95.  -30.1
  170.090    34.1    34.2    32.2  94.  94.  -27.8
  170.097    31.3    31.6    29.7  95.  94.  -26.5
  170.104    26.0    26.3    24.9  96.  95.  -30.1
  170.111    23.7    24.4    23.0  97.  94.  -32.5
  170.118    20.0    21.0    19.9  99.  95.  -36.7
  170.125    19.6    21.2    20.4 104.  97.  -34.6
  170.132    20.3    21.3    20.3 100.  96.  -29.3
  170.139    19.1    19.4    18.4  97.  95.  -35.4
  170.146    19.9    20.8    19.8  99.  95.  -44.6
  170.153    25.9    26.4    25.2  97.  96.  -42.7
  170.160    28.2    28.7    26.8  95.  93.  -41.0
  170.167    29.1    29.1    27.2  94.  93.  -38.9
  170.174    29.2    29.1    27.3  94.  94.  -35.6
  170.181    30.1    30.1    28.3  94.  94.  -32.4
  170.188    33.5    33.1    31.1  93.  94.  -25.9
  170.194    36.3    35.8    33.6  92.  94.  -25.2
  170.201    42.2    41.4    38.7  92.  93.  -21.2
  170.208    49.2    48.1    44.7  91.  93.  -16.7
  170.215    50.7    49.6    46.2  91.  93.  -11.4
  170.222    50.9    49.3    45.8  90.  93.  -13.9
  170.229    62.5    60.7    56.0  90.  92.  -18.2
  170.236    63.6    62.5    57.9  91.  93.  -21.0
  170.243    56.3    55.2    51.4  91.  93.  -16.2
  170.250    62.4    60.8    56.3  90.  93.  -10.4
  170.257    67.4    65.3    60.4  90.  92.  -13.2
  170.264    82.3    79.6    73.2  89.  92.  -14.0
  170.271   102.4    99.2    90.8  89.  91.  -13.4
  170.278   127.0   122.4   112.2  88.  92.  -11.2
  170.285   149.2   143.5   131.7  88.  92.   -7.6
  170.292   134.1   129.5   118.8  89.  92.   -7.8
  170.299   117.4   114.1   104.5  89.  92.   -7.6
  170.306   119.1   115.3   105.7  89.  92.   -5.6
  170.313   113.4   109.9   101.2  89.  92.   -3.8
  170.319   119.9   115.7   106.3  89.  92.   -2.9
  170.326   136.6   131.7   121.2  89.  92.    2.0
  170.333   137.3   133.0   122.2  89.  92.    4.1
  170.340   133.5   129.4   119.3  89.  92.    4.3
  170.347   145.4   141.2   129.9  89.  92.    4.8
  170.354   139.2   135.1   125.0  90.  93.    3.6
  170.361   148.4   144.2   133.2  90.  92.    3.9
  170.368   171.7   166.2   154.4  90.  93.    4.3
  170.375   201.2   194.9   179.2  89.  92.   -1.3
  170.382   253.9   247.6   226.8  89.  92.    3.9
  170.389   198.8   194.7   180.8  91.  93.    2.6
  170.396   178.5   174.5   161.6  91.  93.    4.4
  170.403   223.2   217.1   198.9  89.  92.    4.6
  170.410   258.7   252.0   230.3  89.  91.    7.4
  170.417   301.7   294.3   270.4  90.  92.   12.4
  170.424   329.9   321.8   296.8  90.  92.   12.2
  170.431   331.8   323.5   298.5  90.  92.   11.1
  170.438   460.7   447.8   410.9  89.  92.   19.4
  170.444   464.6   453.3   415.8  90.  92.   19.7
  170.451   424.9   414.8   377.6  89.  91.   16.7
  170.458   426.6   415.7   375.2  88.  90.   13.3
  170.465   492.5   477.6   428.4  87.  90.   17.9
  170.472   514.7   498.4   446.6  87.  90.   17.5
  170.479   604.5   584.8   524.5  87.  90.   19.0
  170.486   626.6   610.9   555.4  89.  91.   17.1
  170.493   590.6   578.2   529.2  90.  92.   12.2
  170.500   624.8   611.2   558.4  89.  91.   18.6
  170.507   637.2   625.3   574.6  90.  92.   14.3
  170.514   533.9   524.7   480.5  90.  92.   12.4
  170.521   532.5   524.2   477.2  90.  91.   15.7
  170.528   473.6   468.5   428.7  91.  92.   11.5
  170.535   659.5   650.4   590.7  90.  91.   24.1
  170.542   743.5   728.1   652.4  88.  90.   34.7
  170.549   587.2   577.4   520.9  89.  90.   27.9
  170.556   394.2   389.0   355.7  90.  91.    5.5
  170.563   506.7   499.2   453.9  90.  91.   17.0
  170.569   489.5   482.3   437.3  89.  91.   19.9
  170.576   595.5   585.0   525.7  88.  90.   32.2
  170.583   690.7   680.9   611.1  88.  90.   35.3
  170.590   707.8   694.4   613.6  87.  88.   50.1
  170.597   722.3   711.6   626.7  87.  88.   54.8
  170.604   773.1   759.2   662.3  86.  87.   65.0
  170.611   839.1   824.9   707.1  84.  86.   77.7
  170.618   851.9   836.5   713.1  84.  85.   80.6
  170.625   970.1   947.7   797.6  82.  84.  108.1
  170.632   788.0   760.3   624.9  79.  82.   68.5
  170.639   829.6   797.4   651.5  79.  82.   79.7
  170.646   835.9   803.7   661.4  79.  82.   86.3
  170.653   657.0   643.5   551.2  84.  86.   53.2
  170.660   695.4   680.6   584.9  84.  86.   56.1
  170.667   624.0   607.7   513.8  82.  85.   51.0
  170.674   538.6   528.2   454.7  84.  86.   32.0
  170.681   486.3   480.8   420.5  86.  87.   23.8
  170.688   532.1   526.6   462.7  87.  88.   25.5
  170.694   637.3   627.6   543.1  85.  87.   45.3
  170.701   631.7   621.7   534.8  85.  86.   50.9
  170.708   487.1   481.3   419.2  86.  87.   28.4
  170.715   416.4   413.6   364.2  87.  88.   19.0
  170.722   454.7   450.5   398.3  88.  88.   17.9
  170.729   443.9   440.5   388.7  88.  88.   18.8
  170.736   420.8   416.8   369.8  88.  89.   12.1
  170.743   476.4   469.8   420.6  88.  90.   14.3
  170.750   436.7   429.2   385.3  88.  90.   13.7
  170.757   381.0   374.6   335.4  88.  90.   15.5
  170.764   430.5   421.8   374.6  87.  89.   23.3
  170.771   421.8   412.7   363.6  86.  88.   24.3
  170.778   353.3   346.2   305.7  87.  88.   16.5
  170.785   282.8   278.1   246.8  87.  89.   11.0
  170.792   279.2   274.1   242.5  87.  88.   10.8
  170.799   349.6   342.8   298.7  85.  87.   13.1
  170.806   284.1   279.3   243.0  86.  87.   10.3
  170.813   279.4   274.4   238.3  85.  87.   13.0
  170.819   273.3   268.5   233.9  86.  87.    9.9
  170.826   273.7   269.3   231.3  85.  86.    8.4
  170.833   257.9   253.9   218.4  85.  86.   11.3
  170.840   245.9   242.7   209.1  85.  86.   10.5
  170.847   170.4   168.6   146.5  86.  87.    4.8
  170.854   205.1   202.6   174.8  85.  86.    7.2
  170.861   200.2   198.1   170.7  85.  86.    6.4
  170.868   167.2   165.7   144.1  86.  87.    4.2
  170.875   162.5   161.1   138.9  85.  86.    5.2
  170.882   212.0   209.9   178.4  84.  85.    9.3
  170.889   256.1   253.6   211.3  83.  83.   14.2
  170.896   214.8   213.4   177.5  83.  83.   10.1
  170.903   188.4   187.7   156.5  83.  83.    7.0
  170.910   180.4   179.7   149.7  83.  83.    6.5
  170.917   211.4   210.3   169.0  80.  80.    8.9
  170.924   216.5   215.5   167.9  78.  78.   11.7
  170.931   182.7   182.1   138.6  76.  76.   10.1
  170.938   153.8   153.2   115.3  75.  75.    7.9
  170.944   126.5   125.9    94.6  75.  75.    7.5
  170.951   114.6   113.8    86.2  75.  76.    6.6
  170.958   118.4   117.3    88.3  75.  75.    7.1
  170.965   111.5   110.2    81.8  73.  74.    5.9
  170.972    89.1    88.8    65.2  73.  73.    4.9
  170.979    70.9    70.8    53.8  76.  76.    4.0
  170.986    62.1    62.1    47.6  77.  77.    3.2
  170.993    61.7    61.5    46.4  75.  75.    3.7
  171.001    46.5    46.5    35.8  77.  77.    2.7
  171.007    41.2    41.2    31.9  77.  77.    2.6
  171.014    36.3    36.4    28.3  78.  78.    2.2
  171.021    40.9    40.9    32.0  78.  78.    2.8
  171.028    36.0    36.0    28.2  78.  78.    2.2
  171.035    25.6    25.6    20.2  79.  79.     .8
  171.042    22.3    22.3    17.7  79.  79.     .8
  171.049    22.6    22.7    18.0  80.  79.     .9
  171.056    26.4    26.5    20.9  79.  79.    1.1
  171.063    23.2    23.3    18.4  79.  79.     .0
  171.069    17.7    17.8    14.1  80.  79.    -.7
  171.076    17.9    18.0    14.2  79.  79.     .1
  171.083    18.1    18.2    14.4  80.  79.     .4
  171.090    16.2    16.3    12.9  80.  79.     .1
  171.097    15.5    15.7    12.4  80.  79.    -.3
  171.104    15.3    15.5    12.3  80.  79.   -1.3
  171.111    16.2    16.3    12.9  80.  79.   -2.5
  171.118    14.3    14.5    11.4  80.  79.   -1.4
  171.125    15.9    15.9    12.6  79.  79.   -1.1
  171.132    15.4    15.6    12.3  80.  79.   -1.6
  171.139    13.7    13.8    10.9  79.  79.   -2.9
  171.146    16.8    16.8    13.3  79.  79.   -2.4
  171.153    16.3    16.4    13.0  80.  79.    -.9
  171.160    14.2    14.2    11.3  80.  80.    -.8
  171.167    14.8    14.8    12.0  81.  81.    -.7
  171.174    14.1    14.0    11.3  81.  81.   -1.0
  171.181    15.5    15.6    12.5  80.  80.    -.8
  171.188    17.1    17.2    13.8  80.  80.    -.8
  171.194    21.6    21.6    17.3  80.  80.    -.6
  171.201    24.9    24.8    19.8  79.  80.    -.6
  171.208    27.8    27.6    22.1  80.  80.    -.1
  171.215    35.6    35.5    28.2  79.  79.     .3
  171.222    45.6    45.1    35.9  79.  80.     .9
  171.229    52.3    51.8    41.2  79.  80.    1.0
  171.236    58.3    57.5    46.0  79.  80.    1.1
  171.243    77.2    76.2    60.6  78.  79.    1.8
  171.250    66.0    65.3    52.2  79.  80.    1.4
  171.257    66.4    65.7    52.7  79.  80.    1.3
  171.264    75.1    74.3    59.6  79.  80.    1.1
  171.271    81.0    80.2    64.1  79.  80.    2.3
  171.278    88.8    87.7    70.0  79.  80.    2.9
  171.285    89.2    88.2    70.6  79.  80.    1.9
  171.292    95.2    94.1    75.3  79.  80.    1.7
  171.299   130.6   128.9   102.6  79.  80.    3.3
  171.306   174.3   172.5   136.8  79.  79.    6.4
  171.313   192.1   189.3   150.6  78.  80.    6.6
  171.319   213.4   210.5   167.6  79.  80.    6.1
  171.326   210.1   207.1   165.4  79.  80.    6.5
  171.333   195.5   192.6   154.3  79.  80.    5.2
  171.340   231.5   227.9   182.4  79.  80.    7.5
  171.347   239.2   235.6   188.9  79.  80.    7.2
  171.354   267.6   262.8   211.1  79.  80.    6.1
  171.361   292.0   287.1   230.7  79.  80.    7.0
  171.368   287.3   282.7   227.3  79.  80.    7.3
  171.375   259.7   255.8   206.0  79.  81.    6.2
  171.382   243.6   240.1   193.9  80.  81.    5.0
  171.389   248.7   244.9   198.4  80.  81.    4.6
  171.396   257.9   254.1   206.2  80.  81.    4.1
  171.403   274.9   270.1   219.5  80.  81.    4.2
  171.410   269.4   265.1   215.4  80.  81.    5.3
  171.417   264.7   260.9   211.7  80.  81.    6.2
  171.424   243.0   240.2   195.1  80.  81.    4.9
  171.431   261.5   258.2   209.2  80.  81.    6.1
  171.438   270.0   267.1   215.9  80.  81.    5.1
  171.444   280.3   276.6   223.5  80.  81.    5.9
  171.451   332.6   326.9   264.0  79.  81.    9.6
  171.458   438.4   426.5   343.6  78.  81.    1.1
  171.465   464.0   450.0   368.2  79.  82.    9.5
  171.472   510.6   503.2   415.8  81.  83.   17.8
  171.479   478.7   469.6   390.1  81.  83.   10.3
  171.486   517.8   513.0   431.1  83.  84.   16.8
  171.493   509.1   504.5   427.6  84.  85.   14.8
  171.500   578.3   572.7   486.5  84.  85.   19.8
  171.507   505.4   501.9   428.4  85.  85.   13.2
  171.514   479.2   475.8   407.7  85.  86.   10.3
  171.521   480.8   478.1   412.0  86.  86.    9.7
  171.528   505.9   502.9   434.0  86.  86.   12.0
  171.535   561.7   557.1   479.9  85.  86.   16.2
  171.542   506.5   503.5   436.6  86.  87.    9.8
  171.549   517.6   515.5   445.6  86.  86.   11.1
  171.556   553.6   551.2   475.2  86.  86.   16.3
  171.563   558.0   560.4   486.4  87.  87.   23.0
  171.569   579.7   581.7   505.9  87.  87.   22.4
  171.576   582.4   582.2   504.4  87.  87.   24.2
  171.583   630.8   629.4   540.9  86.  86.   29.4
  171.590   603.4   599.9   515.0  85.  86.   22.3
  171.597   626.7   622.2   533.6  85.  86.   27.8
  171.604   668.7   661.9   563.4  84.  85.   28.4
  171.611   736.2   724.5   609.4  83.  84.   34.0
  171.618   780.6   764.5   633.4  81.  83.   35.5
  171.625   628.4   613.3   509.3  81.  83.   14.2
  171.632   806.1   783.6   643.5  80.  82.   39.6
  171.639   773.1   752.9   624.3  81.  83.   44.8
  171.646   696.1   687.9   581.2  83.  84.   44.3
  171.653   671.7   666.4   565.4  84.  85.   44.9
  171.660   673.7   661.8   558.6  83.  84.   46.4
  171.667   676.6   664.6   562.4  83.  85.   48.7
  171.674   653.1   646.1   549.5  84.  85.   45.2
  171.681   653.2   644.7   545.1  83.  85.   45.2
  171.688   711.9   699.0   582.9  82.  83.   56.6
  171.694   683.9   668.7   558.6  82.  84.   50.5
  171.701   670.6   655.7   549.2  82.  84.   50.6
  171.708   674.8   661.5   554.5  82.  84.   52.3
  171.715   653.2   643.3   542.4  83.  84.   48.7
  171.722   652.4   640.8   538.4  83.  84.   48.6
  171.729   661.2   646.9   538.4  81.  83.   51.4
  171.736   610.9   598.5   500.3  82.  84.   44.0
  171.743   565.1   553.2   464.4  82.  84.   38.3
  171.750   526.4   512.4   430.1  82.  84.   29.8
  171.757   530.3   518.2   435.0  82.  84.   34.9
  171.764   554.8   542.6   456.1  82.  84.   42.0
  171.771   556.4   542.7   456.4  82.  84.   42.4
  171.778   477.1   467.0   395.5  83.  85.   30.0
  171.785   481.5   471.3   400.3  83.  85.   32.2
  171.792   510.6   500.9   424.2  83.  85.   37.8
  171.799   490.5   482.6   409.3  83.  85.   36.6
  171.806   440.7   437.9   373.1  85.  85.   27.9
  171.813   452.6   450.5   385.3  85.  86.   26.4
  171.819   429.8   430.1   368.1  86.  86.   19.9
  171.826   444.8   442.8   377.3  85.  85.   27.0
  171.833   415.6   412.2   351.0  84.  85.   24.0
  171.840   379.1   373.5   318.7  84.  85.   19.8
  171.847   406.4   397.5   338.3  83.  85.   24.0
  171.854   493.6   478.1   404.2  82.  85.   34.8
  171.861   395.8   384.5   325.5  82.  85.    9.2
  171.868   299.9   291.5   249.3  83.  86.  -11.6
  171.875   265.6   254.1   219.8  83.  86.  -17.4
  171.882   324.7   311.3   267.6  82.  86.     .6
  171.889   299.3   288.7   248.7  83.  86.   -1.5
  171.896   217.6   210.2   183.8  84.  87.  -13.4
  171.903   185.2   180.5   157.8  85.  87.  -12.7
  171.910   158.2   155.8   135.7  86.  87.  -10.3
  171.917   162.6   159.4   138.8  85.  87.   -5.2
  171.924   162.5   159.2   138.5  85.  87.   -4.1
  171.931   157.5   155.3   135.4  86.  87.   -3.5
  171.938   162.3   159.6   139.0  86.  87.   -1.3
  171.944   155.8   152.2   133.2  86.  88.   -5.3
  171.951   145.9   138.9   124.5  85.  90.  -13.4
  171.958   147.7   135.4   125.8  85.  93.  -18.0
  171.965    95.2    91.3    83.7  88.  92.  -30.8
  171.972    66.7    66.4    59.4  89.  89.  -27.6
  171.979    65.5    64.9    57.6  88.  89.  -20.9
  171.986    74.6    72.4    64.7  87.  89.  -19.3
  171.993    93.3    88.5    80.0  86.  90.  -20.5
  172.001    76.9    75.6    67.8  88.  90.  -29.5
  172.007    74.1    73.4    65.6  88.  89.  -35.6
  172.014    73.7    73.6    65.5  89.  89.  -35.2
  172.021    73.8    73.1    65.2  88.  89.  -28.5
  172.028    71.0    70.6    62.6  88.  89.  -22.1
  172.035    66.7    65.1    58.3  87.  89.  -21.3
  172.042    48.0    47.7    42.2  88.  88.  -17.1
  172.049    38.1    38.5    33.6  88.  87.  -14.0
  172.056    33.1    33.4    29.1  88.  87.  -15.1
  172.063    30.9    31.0    27.0  87.  87.  -14.6
  172.069    29.2    29.3    25.4  87.  87.  -13.2
  172.076    26.4    26.6    23.2  88.  87.  -13.5
  172.083    21.6    22.0    18.2  84.  83.  -22.3
  172.090    21.5    22.2    18.3  85.  82.  -23.9
  172.097    21.5    22.0    19.0  88.  86.  -17.7
  172.125    20.0    20.2    17.5  87.  86.  -13.3
  172.132    18.3    18.8    16.3  89.  87.  -13.3
  172.139    18.3    18.7    16.3  89.  87.  -14.5
  172.146    19.2    19.5    16.9  88.  87.  -13.1
  172.153    18.8    19.0    16.5  88.  87.  -12.7
  172.160    19.3    19.5    16.8  87.  86.  -13.5
  172.167    20.7    21.0    18.2  88.  87.  -18.3
  172.174    23.9    24.2    21.0  88.  86.  -24.8
  172.181    25.6    26.0    22.5  88.  86.  -22.9
  172.188    26.6    26.9    23.3  88.  87.  -23.4
  172.194    29.0    29.4    25.3  87.  86.  -23.9
  172.201    32.2    32.5    28.0  87.  86.  -18.0
  172.208    31.2    31.6    27.2  87.  86.  -15.0
  172.215    31.6    31.8    27.5  87.  87.  -17.4
  172.222    35.1    35.3    30.5  87.  87.  -14.8
  172.229    38.8    39.0    33.5  86.  86.  -17.1
  172.236    43.9    44.1    37.9  86.  86.  -19.4
  172.243    51.8    52.1    44.7  86.  86.  -19.9
  172.250    56.4    56.9    48.8  87.  86.  -14.5
  172.257    54.9    55.6    47.9  87.  86.  -22.7
  172.264    70.9    71.1    60.7  86.  85.  -23.7
  172.271    76.4    76.3    65.1  85.  85.  -18.1
  172.278    90.9    91.1    77.7  85.  85.  -18.2
  172.285   101.4   101.9    87.0  86.  85.  -11.6
  172.292   102.5   102.5    87.7  86.  86.   -9.7
  172.299   103.6   103.5    88.4  85.  85.  -10.4
  172.306   101.8   101.9    87.2  86.  86.  -14.0
  172.313    98.8    99.0    85.2  86.  86.  -21.4
  172.319   122.4   121.5   103.8  85.  85.  -15.7
  172.326   131.4   130.4   111.9  85.  86.   -7.0
  172.333   172.2   170.9   146.2  85.  86.   -8.0
  172.340    98.9    99.0    84.9  86.  86.  -30.2
  172.347   133.3   131.7   113.2  85.  86.  -24.9
  172.354   237.8   232.7   200.3  84.  86.  -12.9
  172.361   228.1   223.5   191.9  84.  86.   13.8
  172.368   168.1   165.5   143.5  85.  87.    8.3
  172.375   174.2   171.5   150.2  86.  88.    7.7
  172.382   213.1   209.3   182.6  86.  87.    9.9
  172.389   266.8   262.3   227.9  85.  87.    6.1
  172.396   399.6   394.1   341.5  85.  87.   18.3
  172.403   421.1   415.7   359.4  85.  86.   19.2
  172.410   443.7   436.9   378.9  85.  87.   16.5
  172.417   601.7   591.0   513.3  85.  87.   34.8
  172.424   513.8   503.6   438.8  85.  87.    2.0
  172.431   466.6   476.0   412.8  88.  87.   -7.2
  172.438   497.7   462.2   418.1  84.  90.   -3.8
  172.444   514.6   499.7   429.1  83.  86.    -.1
  172.451   535.9   519.5   444.0  83.  85.    3.6
  172.458   523.3   506.4   432.0  83.  85.    2.4
  172.465   562.6   543.2   458.6  82.  84.   16.2
  172.472   548.8   530.6   448.4  82.  84.   18.7
  172.479   486.0   470.0   397.0  82.  84.    5.3
  172.486   277.1   268.7   227.9  82.  85.  -26.9
  172.493   497.7   483.4   406.6  82.  84.   34.6
  172.500   634.3   615.5   520.2  82.  85.   46.6
  172.507   658.4   635.1   536.0  81.  84.   32.7
  172.514   521.5   505.0   424.5  81.  84.   10.6
  172.521   648.3   625.3   525.0  81.  84.   34.1
  172.528   680.0   652.5   545.7  80.  84.   35.0
  172.535   699.1   669.9   559.2  80.  83.   38.7
  172.542   707.0   676.6   563.9  80.  83.   39.9
  172.549   715.7   683.6   568.9  79.  83.   41.4
  172.556   725.2   691.0   574.7  79.  83.   42.7
  172.563   734.9   699.2   580.4  79.  83.   44.5
  172.569   742.3   705.8   584.4  79.  83.   46.5
  172.576   748.6   711.9   587.5  78.  83.   48.4
  172.583   755.0   719.0   591.1  78.  82.   49.5
  172.590   760.3   724.4   592.4  78.  82.   50.5
  172.597   764.6   729.3   593.8  78.  81.   51.5
  172.604   768.9   733.2   594.1  77.  81.   52.4
  172.611   773.1   737.5   595.4  77.  81.   52.3
  172.618   776.3   740.7   597.3  77.  81.   52.4
  172.625   778.4   742.3   597.5  77.  80.   52.8
  172.632   778.4   742.3   596.8  77.  80.   53.2
  172.639   778.4   742.3   595.6  77.  80.   53.7
  172.646   777.4   740.5   593.5  76.  80.   55.1
  172.653   774.2   737.7   590.7  76.  80.   55.6
  172.660   768.9   733.2   586.6  76.  80.   55.1
  172.667   767.8   731.3   585.6  76.  80.   53.8
  172.674   748.6   727.6   565.4  76.  78.   65.1
  172.681   559.2   498.3   444.4  79.  89.  239.5
  172.688   736.5   701.3   532.0  72.  76.  115.3
  172.694   746.5   712.1   537.4  72.  75.   94.6
  172.701   744.2   710.3   534.7  72.  75.   93.4
  172.708   749.7   716.0   540.3  72.  75.   93.4
  172.715   610.4   581.4   496.7  81.  85.  142.0
  172.722   696.1   664.6   538.9  77.  81.   82.9
  172.729   708.4   677.0   553.0  78.  82.   32.2
  172.736   696.3   665.0   543.7  78.  82.   29.0
  172.743   684.8   653.3   534.7  78.  82.   26.3
  172.750   672.8   640.8   524.7  78.  82.   24.2
  172.757   654.0   622.2   510.5  78.  82.   20.1
  172.764   657.0   625.6   513.4  78.  82.   19.0
  172.771   575.9   548.0   451.1  78.  82.    5.4
  172.778   639.8   608.3   499.4  78.  82.   18.1
  172.785   606.5   576.5   474.3  78.  82.   12.0
  172.792   598.6   570.2   469.1  78.  82.    9.7
