103,5.063,5.066,4.495,-.544
103,5.371,5.342,4.667,-.162
202,112,1500,10.25,11.35,6.675,111
103,5.39,5.343,4.621,-.007
103,5.223,5.174,4.452,.016
103,4.749,4.695,4.039,-.553
202,112,1800,8.94,9.83,10.29,124.6
103,4.049,4.007,3.434,-1.259
103,3.092,3.061,2.621,-2.319
103,2.145,2.116,1.812,-3.254
202,112,2100,8.97,9.35,8.53,131.2
103,1.309,1.281,1.075,-4.096
103,.516,.433,.421,-4.638
103,.088,.072,.074,-4.087
202,113,0,7.76,8.74,4.704,108.4
103,.005,.005,.005,-4.082
103,0,0,0,-4.073
103,0,0,0,-4.008
202,113,300,9.34,10.22,3.635,124.7
103,0,0,0,-4.002
103,0,0,0,-3.999
103,.002,.002,.003,-4.085
202,113,600,9.58,10.01,3.047,128.9
103,.055,.059,.057,-4.081
103,.33,.356,.358,-4.504
103,1.049,1.109,.997,-3.854
202,113,900,9.6,10.07,4.086,131.6
103,1.899,1.979,1.788,-3.128
103,2.805,2.876,2.592,-2.142
103,3.74,3.795,3.383,-1.199
202,113,1200,9.69,10.35,7.37,128.9
103,4.538,4.563,4.052,-.777
103,5.158,5.148,4.523,-.582
103,5.475,5.438,4.732,-.31
202,113,1500,8.85,9.83,9.85,144.3
103,5.546,5.492,4.742,-.029
103,5.308,5.249,4.514,-.038
103,4.852,4.793,4.12,-.566
202,113,1800,6.635,7.42,10.57,142.4
103,4.084,4.038,3.467,-1.37
103,3.191,3.16,2.69,-2.23
103,2.167,2.14,1.817,-3.089
202,113,2100,6.659,7.44,7.6,135.3
103,1.218,1.195,.992,-3.925
103,.472,.416,.396,-4.213
103,.114,.092,.096,-3.711
202,114,0,6.41,7.21,2.802,122.9
103,.007,.006,.007,-3.762
103,0,0,0,-3.767
103,0,0,0,-3.707
202,114,300,7.2,7.74,-1.351,114.2
103,0,0,0,-3.591
103,0,0,0,-3.519
103,.003,.004,.004,-3.533
202,114,600,7.16,8.69,-2.599,108.4
103,.062,.067,.064,-3.586
103,.323,.345,.332,-3.657
103,1.063,1.119,1.01,-3.327
202,114,900,8.39,9.06,-.52,110.9
103,1.914,1.989,1.802,-2.807
103,2.9,2.967,2.679,-1.772
103,3.82,3.868,3.445,-.903
202,114,1200,8.52,9.28,3.324,109.3
103,4.593,4.61,4.094,-.454
103,5.196,5.176,4.537,.116
103,5.539,5.487,4.754,.517
202,114,1500,8.87,9.99,7.26,105.5
103,5.597,5.531,4.753,.524
103,5.374,5.303,4.538,.357
103,4.892,4.823,4.123,-.224
202,114,1800,7.81,8.49,8.01,101.2
103,4.179,4.128,3.525,-1.013
103,3.299,3.266,2.786,-2.096
103,2.344,2.316,1.975,-3.106
202,114,2100,7.46,8.69,6.665,102.2
103,1.442,1.415,1.184,-3.813
103,.61,.56,.501,-4.46
103,.121,.094,.1,-3.945
202,115,0,7.75,8.95,3.217,106.5
103,.011,.011,.01,-3.893
103,0,0,0,-3.877
103,0,0,0,-3.871
202,115,300,8.41,9.17,-.173,113.2
103,0,0,0,-3.87
103,0,0,0,-3.883
103,.006,.007,.006,-3.893
202,115,600,9.19,9.71,-1.733,112
103,.078,.085,.082,-3.837
103,.415,.448,.438,-4.187
103,1.18,1.244,1.109,-3.364
202,115,900,7.4,8.11,-.762,115.7
103,1.996,2.076,1.869,-2.79
103,2.973,3.057,2.734,-1.649
103,3.904,3.95,3.509,-.908
202,115,1200,7.52,8.1,2.562,129
103,4.688,4.698,4.156,-.568
103,5.297,5.268,4.599,-.374
103,5.632,5.567,4.805,-.102
202,115,1500,5.013,6.622,6.639,151.9
103,5.701,5.62,4.816,.088
103,5.409,5.329,4.555,.182
103,4.944,4.868,4.166,-.454
202,115,1800,2.256,3.384,15.73,180.7
103,4.268,4.196,3.585,-1.485
103,3.18,3.137,2.676,-2.024
103,2.46,2.42,2.081,-2.656
202,115,2100,1.106,1.802,2.379,363.5
103,1.48,1.448,1.228,-3.593
103,.434,.41,.371,-3.828
103,.094,.08,.083,-3.144
202,116,0,2.644,3.335,-9.79,79
103,.014,.014,.013,-2.871
103,0,0,0,-2.674
103,0,0,0,-2.354
202,116,300,3.098,3.451,-16.33,91.3
103,0,0,0,-1.436
103,0,0,0,-.056
103,.005,.007,.007,-.401
202,116,600,2.413,3.62,-8.36,110.6
103,.049,.066,.062,.004
103,.197,.269,.249,.234
103,.466,.635,.585,.306
202,116,900,.572,.741,-2.704,155.7
103,1.061,1.299,1.177,.063
103,2.369,3,2.715,-4.977
103,3.654,4.054,3.603,-7.04
202,116,1200,4.341,6.879,-5.231,122
103,4.804,4.787,4.217,-6.932
103,5.369,5.331,4.645,-5.172
103,5.72,5.647,4.865,-3.782
202,116,1500,5.303,6.752,-1.523,158.2
103,5.794,5.707,4.881,-1.999
103,5.469,5.392,4.624,-1.092
103,5.011,4.931,4.232,-1.047
202,116,1800,4.928,5.434,-1.73,161.8
103,3.403,3.38,2.957,-.491
103,2.377,2.407,2.16,.723
103,1.484,1.521,1.371,.532
202,116,2100,4.853,5.216,-1.281,176
103,.802,.83,.749,.279
103,.348,.363,.329,.132
103,.095,.1,.091,-.031
202,117,0,3.779,4.921,-2.078,174.7
103,.011,.011,.011,-.18
103,0,0,0,-.743
103,0,0,0,-1.302
202,117,300,2.359,2.801,-4.574,149.1
103,0,0,0,-.912
103,0,0,0,-.427
103,.008,.009,.009,-1.555
202,117,600,2.573,3.391,-8.04,139.1
103,.081,.093,.088,-1.301
103,.334,.379,.351,-.918
103,.668,.736,.681,.063
202,117,900,3.654,4.276,-2.947,151.8
103,.899,1,.93,.274
103,1.549,1.792,1.664,.156
103,2.125,2.576,2.382,.095
202,117,1200,2.501,3.035,-1.005,170.3
103,2.25,2.884,2.685,-.121
103,2.741,3.591,3.367,-.145
103,2.706,3.716,3.453,-.292
202,117,1500,1.989,2.279,-.935,193.7
103,2.896,3.881,3.528,-.391
103,3.542,4.157,3.758,-1.489
103,3.794,3.856,3.498,-1.294
202,117,1800,1.525,1.904,-.45,179.4
103,2.947,2.982,2.719,-.314
103,2.424,2.449,2.232,-.099
103,1.69,1.721,1.567,.045
202,117,2100,.986,1.675,-1.731,65.94
103,.658,.676,.62,-.071
103,.292,.303,.279,-.524
103,.099,.103,.095,-.469
202,118,0,2.906,3.473,-1.316,140.9
103,.012,.012,.012,-.561
103,0,0,.001,-.231
103,0,0,0,-.728
202,118,300,4.032,4.664,-1.282,157.6
103,0,0,0,-.465
103,0,0,.002,-1.177
103,.013,.014,.013,-.914
202,118,600,4.643,6.157,-2.738,130.7
103,.094,.098,.09,-1.147
103,.361,.377,.342,-.381
103,.811,.841,.763,-.217
202,118,900,6.188,6.44,-3.778,129
103,1.369,1.413,1.28,-.211
103,2.161,2.222,2.01,-.052
103,3.265,3.337,3.016,-.332
202,118,1200,5.274,6.696,1.663,196.5
103,3.957,4.05,3.66,-.04
103,4.257,4.344,3.945,-.098
103,4.635,4.718,4.279,.358
202,118,1500,4.144,4.796,2.041,183
103,4.283,4.366,3.969,.17
103,5.161,5.173,4.628,-.132
103,4.705,4.652,4.117,-1.789
202,118,1800,3.84,4.355,2.385,147.3
103,3.842,3.847,3.44,-.726
103,3.403,3.363,2.942,-2.691
103,2.454,2.426,2.127,-3.208
202,118,2100,3.948,5.935,-3.077,109.5
103,1.52,1.497,1.309,-3.436
103,.812,.783,.686,-4.139
103,.188,.153,.163,-4.113
202,119,0,6.881,8.69,-5.057,103.4
103,.021,.022,.021,-3.589
103,.002,.001,.001,-3.174
103,0,0,0,-2.441
202,119,300,9.76,10.75,-6.239,117.5
103,0,0,0,-1.752
103,.001,0,.002,-1.97
103,.012,.013,.012,-2.36
202,119,600,9.28,10.47,-3.328,132.5
103,.135,.142,.13,-2.125
103,.426,.449,.409,-2.147
103,1.206,1.262,1.134,-2.539
202,119,900,7.22,7.93,-2.738,135.6
103,1.641,1.698,1.542,-1.854
103,2.534,2.6,2.369,-1.927
103,3.595,3.651,3.32,-1.798
202,119,1200,7.18,7.71,-.243,145.5
103,4.753,4.772,4.338,-1.757
103,5.261,5.245,4.717,-1.786
103,5.433,5.419,4.832,-1.331
202,119,1500,7.29,7.71,3.011,144.7
103,5.361,5.352,4.758,-1.129
103,4.517,4.549,4.07,-.684
103,3.737,3.802,3.437,-.478
202,119,1800,6.668,7.58,4.394,147.1
103,3.287,3.33,2.997,-.677
103,2.699,2.732,2.454,-.852
103,1.784,1.815,1.639,-.848
202,119,2100,5.571,6.283,3.945,147.9
103,1.011,1.037,.944,-.793
103,.596,.608,.556,-1.52
103,.219,.225,.207,-1.723
202,120,0,4.537,5.556,1.35,131
103,.029,.03,.028,-3.402
103,.003,.002,.004,-2.884
103,0,0,0,-2.574
202,120,300,7.48,8.73,-2.044,140.7
103,0,0,0,-2.099
103,0,.002,0,-2.936
103,.017,.018,.017,-3.881
202,120,600,10.07,10.85,-6.724,132.3
103,.154,.167,.168,-4.222
103,.643,.686,.662,-4.638
103,1.487,1.558,1.441,-3.764
202,120,900,10.58,11.92,-5.374,136.7
103,2.46,2.556,2.371,-3.136
103,3.232,3.301,3.052,-2.596
103,4.17,4.213,3.848,-2.029
202,120,1200,12.56,13.51,-3.916,134.3
103,4.954,4.959,4.486,-1.559
103,5.55,5.512,4.91,-1.179
103,5.686,5.618,4.923,-.881
202,120,1500,12.02,14.06,-.173,128.7
103,5.898,5.815,5.037,-.205
103,5.721,5.633,4.853,.092
103,5.105,5.026,4.311,-.358
202,120,1800,9.76,10.94,2.628,132.9
103,4.199,4.147,3.544,-1.257
103,3.702,3.664,3.112,-1.78
103,2.245,2.228,1.918,-2.644
202,120,2100,8.95,9.66,2.317,129.2
103,1.208,1.207,1.07,-2.732
103,.517,.529,.483,-2.542
103,.163,.152,.148,-2.37
202,121,0,8.47,9.47,2.32,132.8
103,.054,.055,.05,-1.655
103,.003,.004,.003,-1.723
103,0,.001,0,-3.375
202,121,300,8.64,9.23,-.104,121.9
103,0,.002,0,-3.873
103,.003,.004,.002,-3.842
103,.027,.029,.027,-3.64
202,121,600,8.79,9.64,1.108,113.9
103,.196,.209,.197,-3.22
103,.424,.446,.405,-1.238
103,.745,.775,.703,-.082
202,121,900,9.12,10.62,5.886,120.1
103,1.308,1.352,1.228,.003
103,3.103,3.183,2.867,.015
103,5.165,5.258,4.729,-.479
202,121,1200,9.9,11.39,7.61,121.9
103,4.954,4.986,4.465,-.961
103,4.806,4.795,4.234,-1.277
103,4.185,4.201,3.692,-.076
202,121,1500,10.45,11.62,9.16,140.4
103,5.972,5.895,5.061,.537
103,5.746,5.663,4.852,.462
103,5.298,5.214,4.468,-.217
202,121,1800,6.474,8.67,10.04,131.2
103,3.332,3.292,2.827,-2.109
103,3.566,3.529,3.028,-1.714
103,2.24,2.253,1.988,-2.296
202,121,2100,5.267,7.3,6.942,137.4
103,1.175,1.205,1.084,-1.716
103,.539,.556,.503,-1.576
103,.251,.226,.223,-1.55
202,122,0,7.19,8.38,4.635,106
103,.04,.039,.036,-1.753
103,.003,.003,.004,-2.755
103,0,0,0,-3.25
202,122,300,7.05,8.4,4.743,124.3
103,0,0,0,-2.458
103,.003,.002,.003,-2.44
103,.026,.028,.026,-3.06
202,122,600,7.63,8.71,5.574,129.2
103,.162,.171,.153,-2.641
103,.368,.387,.349,-3.55
103,1.238,1.3,1.161,-3.327
202,122,900,8.56,10.55,3.774,114.4
103,2.316,2.406,2.142,-2.679
103,3.317,3.392,3.015,-1.419
103,4.247,4.292,3.756,-.635
202,122,1200,10.55,11.27,5.052,132.9
103,5.005,5.01,4.374,-.268
103,5.656,5.619,4.858,.116
103,6.501,6.485,5.623,2.275
202,122,1500,9.57,10.47,6.846,155.1
103,6.19,6.17,5.315,1.246
103,6.16,6.071,5.167,.872
103,5.179,5.103,4.357,.373
202,122,1800,6.696,7.94,8.33,151
103,4.899,4.863,4.183,.957
103,3.341,3.348,2.941,.261
103,1.621,1.658,1.486,-.291
202,122,2100,6.454,6.919,6.88,140.9
103,.997,1.027,.923,-.485
103,.574,.586,.531,-1.131
103,.185,.182,.174,-4.197
202,123,0,6.875,7.8,2.076,125.3
103,.042,.044,.042,-4.424
103,.005,.006,.004,-4.318
103,0,.002,0,-4.265
202,123,300,7.8,8.52,-2.286,121.9
103,.001,.001,0,-4.132
103,.006,.007,.006,-4.039
103,.047,.051,.047,-3.977
202,123,600,8.46,9.06,-5.302,121.4
103,.266,.29,.292,-4.324
103,.826,.873,.784,-3.648
103,1.604,1.679,1.482,-2.866
202,123,900,7.94,8.82,-4.506,132.9
103,2.517,2.604,2.304,-2.085
103,3.396,3.463,3.048,-1.056
103,4.388,4.424,3.848,-.362
202,123,1200,7.73,8.5,0,133.8
103,4.781,4.782,4.158,-.265
103,5.227,5.207,4.499,.11
103,5.8,5.755,4.941,.378
202,123,1500,5.557,6.914,3.494,153
103,5.77,5.714,4.888,.339
103,5.283,5.292,4.59,.561
103,4.252,4.271,3.733,.039
202,123,1800,3.92,4.639,4.288,167
103,3.809,3.806,3.308,-.432
103,3.051,3.057,2.67,-1.059
103,1.885,1.912,1.697,-1.155
202,123,2100,2.458,3.303,1.487,165.5
103,1.141,1.164,1.037,-1.249
103,.662,.679,.61,-1.188
103,.266,.274,.247,-1.551
202,124,0,1.806,3.316,-1.904,115.6
103,.059,.062,.057,-1.088
103,.008,.008,.008,-1.184
103,.001,.003,0,-1.862
202,124,300,4.452,5.54,-1.108,127.5
103,0,.003,0,-2.35
103,.006,.007,.006,-3.487
103,.054,.059,.053,-2.986
202,124,600,7.07,8.47,-6.134,108.1
103,.266,.286,.27,-3.255
103,.851,.899,.81,-3.785
103,1.632,1.704,1.515,-2.825
202,124,900,9.09,10.11,-7.73,116
103,2.489,2.574,2.285,-2.175
103,3.435,3.497,3.09,-.981
103,4.371,4.401,3.837,-.348
202,124,1200,9.03,9.68,-3.257,105.2
103,5.157,5.145,4.476,.175
103,5.753,5.698,4.909,.908
103,6.102,6.014,5.127,1.319
202,124,1500,7.47,8.28,2.11,98.4
103,6.145,6.054,5.137,1.294
103,5.939,5.842,4.961,.978
103,5.436,5.344,4.548,.265
202,124,1800,5.797,7.04,4.524,107.1
103,4.789,4.733,4.058,-.381
103,3.327,3.343,2.91,-1.068
103,2.509,2.516,2.208,-1.332
202,124,2100,2.565,3.785,3.557,102.7
103,2.182,2.17,1.878,-2.009
103,.988,.979,.859,-2.224
103,.325,.322,.3,-1.168
202,125,0,1.857,2.388,-1.384,96
103,.052,.055,.05,-.971
103,.008,.009,.008,-1.178
103,.003,.002,.002,-1.464
202,125,300,3.614,5.386,-3.359,124.1
103,.003,.003,.001,-2.276
103,.01,.011,.01,-2.553
103,.068,.074,.068,-3.032
202,125,600,5.675,6.471,-9.67,109.1
103,.295,.319,.31,-3.711
103,.842,.887,.781,-3.346
103,1.621,1.692,1.486,-2.617
202,125,900,7.73,8.46,-7.42,120.8
103,2.53,2.614,2.302,-1.993
103,3.482,3.546,3.122,-.836
103,4.44,4.465,3.885,-.28
202,125,1200,8.07,8.4,-2.426,126.5
103,5.221,5.203,4.52,.105
103,5.813,5.751,4.949,.52
103,6.149,6.051,5.16,.932
202,125,1500,6.747,7.59,1.695,129.1
103,6.16,6.06,5.141,1.212
103,5.706,5.617,4.779,.948
103,5.365,5.302,4.534,.69
202,125,1800,4.525,6.178,4.388,152.4
103,4.535,4.485,3.838,-.371
103,4.026,3.979,3.386,-1.351
103,3.303,3.266,2.799,-2.045
202,125,2100,2.168,2.962,1.933,117.2
103,1.692,1.67,1.445,-3.058
103,1.466,1.43,1.22,-3.316
103,.552,.351,.482,-3.822
202,126,0,2.584,3.262,-7.4,101.2
103,.121,.107,.108,-2.824
103,.019,.021,.019,-2.762
103,.003,.002,.003,-2.954
202,126,300,3.063,3.788,-12.93,87.4
103,.003,.003,.002,-2.952
103,.009,.01,.01,-2.831
103,.055,.059,.054,-2.352
202,126,600,3.928,4.362,-15.72,94.1
103,.262,.276,.246,-1.722
103,.775,.807,.708,-2.296
103,1.705,1.764,1.547,-1.746
202,126,900,4.749,5.416,-10.55,100.2
103,2.193,2.255,1.98,-1.759
103,3.308,3.354,2.936,-.584
103,4.411,4.434,3.843,-.145
202,126,1200,4.956,5.507,-2.738,127.8
103,5.192,5.177,4.487,.117
103,5.728,5.671,4.876,.651
103,6.138,6.043,5.146,1.091
202,126,1500,4.477,4.974,2.006,137
103,6.211,6.109,5.175,1.443
103,5.998,5.885,4.985,1.345
103,5.513,5.401,4.58,.44
202,126,1800,2.611,4.188,6.042,170.1
103,4.815,4.721,3.996,-.627
103,3.928,3.869,3.282,-1.564
103,2.888,2.846,2.421,-2.213
202,126,2100,.75,2.25,-.517,31.25
103,1.927,1.89,1.606,-2.812
103,1.093,1.062,.892,-3.767
103,.416,.248,.364,-3.919
202,127,0,2.665,3.598,-7.34,73
103,.098,.085,.089,-3.204
103,.019,.021,.02,-2.984
103,.004,.005,.004,-2.913
202,127,300,3.96,4.68,-13.49,97.4
103,.004,.005,.004,-2.919
103,.017,.019,.017,-2.896
103,.081,.088,.082,-2.944
202,127,600,4.511,4.994,-12.07,106.5
103,.322,.348,.334,-3.58
103,.927,.97,.842,-3.083
103,1.712,1.777,1.546,-2.127
202,127,900,5.805,6.623,-9.71,134.1
103,2.292,2.353,2.07,-.294
103,2.381,2.437,2.182,1.03
103,3.28,3.349,2.997,1.172
202,127,1200,5.726,6.73,-4.783,149.2
103,4.74,4.773,4.224,1.091
103,5.8,5.721,5.003,-.083
103,6.187,6.075,5.27,-.084
202,127,1500,4.669,5.736,-2.043,147.4
103,6.139,6.029,5.208,.311
103,5.563,5.469,4.733,.201
103,5.436,5.347,4.637,.036
202,127,1800,4.611,5.333,-.035,159.2
103,4.063,4.014,3.473,-1.293
103,2.966,2.94,2.56,-1.703
103,2.041,2.02,1.774,-2.153
202,127,2100,2.565,3.876,-3.182,142.7
103,1.708,1.682,1.472,-2.31
103,1.013,.988,.85,-3.065
103,.499,.405,.448,-2.703
202,128,0,1.899,2.432,-9.66,132.6
103,.107,.101,.1,-2.563
103,.019,.021,.02,-2.763
103,.005,.006,.006,-1.547
202,128,300,2.548,2.922,-12.87,140.1
103,.003,.004,.003,.237
103,.016,.016,.015,-.454
103,.077,.081,.073,-.179
202,128,600,6.664,8.98,-5.409,133.8
103,.271,.283,.253,.008
103,1.182,1.224,1.079,-.142
103,1.303,1.349,1.19,-1.84
202,128,900,8.12,9.6,-2.634,138
103,2.217,2.284,2.011,-.863
103,3.671,3.74,3.278,.363
103,4.513,4.548,3.951,-.091
202,128,1200,7.24,8.39,-.104,129.2
103,5.26,5.252,4.551,.105
103,5.875,5.818,5.003,.717
103,6.228,6.138,5.23,.926
202,128,1500,6.011,6.831,3.7,134.4
103,5.974,5.901,5.015,1.04
103,4.744,4.726,4.093,.544
103,5.268,5.191,4.429,.799
202,128,1800,4,5.076,3.87,133.6
103,4.875,4.797,4.078,.068
103,3.965,3.912,3.329,-1.239
103,3.007,2.969,2.54,-2.438
202,128,2100,4.598,5.613,1.555,97.9
103,2.051,2.018,1.731,-3.197
103,1.217,1.186,.997,-4.164
103,.509,.276,.441,-4.566
202,129,0,4.483,4.96,-5.295,94.7
103,.114,.104,.107,-3.658
103,.027,.031,.028,-3.436
103,.007,.009,.007,-3.311
202,129,300,5.419,6.487,-7.17,107.3
103,.006,.007,.006,-3.292
103,.021,.023,.021,-2.839
103,.088,.096,.09,-3.294
202,129,600,6.795,7.92,-6.344,101.5
103,.345,.37,.344,-3.694
103,1.063,1.115,.964,-3.06
103,1.828,1.907,1.672,-2.323
202,129,900,8.34,9.09,-6.483,95.8
103,2.709,2.798,2.452,-1.542
103,3.637,3.694,3.239,-.331
103,4.576,4.599,3.977,.295
202,129,1200,9.07,9.48,-2.911,107.3
103,5.346,5.322,4.598,.877
103,5.928,5.858,5.017,1.653
103,6.253,6.146,5.216,2.055
202,129,1500,6.903,8.03,2.18,114
103,6.295,6.191,5.231,2.038
103,6.067,5.952,5.043,1.673
103,5.574,5.461,4.645,.831
202,129,1800,4.298,5.463,5.734,199.5
103,4.861,4.783,4.073,-.802
103,3.995,3.943,3.368,-1.76
103,3.045,3,2.584,-2.56
202,129,2100,.879,1.911,2.379,211
103,2.09,2.053,1.778,-3.075
103,1.253,1.222,1.04,-3.857
103,.539,.281,.469,-4.298
202,130,0,2.328,3.236,-9.17,110.5
103,.144,.123,.133,-3.519
103,.033,.038,.035,-3.303
103,.012,.014,.013,-3.46
202,130,300,5.007,6.526,-9.64,106
103,.011,.013,.012,-3.544
103,.031,.035,.032,-3.562
103,.114,.126,.125,-3.676
202,130,600,6.77,7.83,-9.54,108.8
103,.426,.46,.436,-4.109
103,1.097,1.147,.992,-3.24
103,1.88,1.956,1.707,-2.345
202,130,900,8.18,8.97,-7.35,99.4
103,2.784,2.871,2.503,-1.53
103,3.723,3.788,3.302,-.428
103,4.669,4.689,4.043,.159
202,130,1200,8.79,9.79,-.658,122.7
103,5.43,5.402,4.674,.578
103,6.015,5.94,5.112,1.208
103,6.349,6.234,5.322,1.645
202,130,1500,8.58,9.01,3.943,109.8
103,6.383,6.276,5.304,1.983
103,6.1,5.985,5.066,1.56
103,4.542,4.457,3.777,-.125
202,130,1800,7.87,8.82,5.598,128.8
103,4.592,4.514,3.823,-.184
103,4.065,4.01,3.401,-1.119
103,3.11,3.075,2.625,-2.522
202,130,2100,7.39,7.76,5.183,128.9
103,2.176,2.144,1.835,-3.581
103,1.336,1.307,1.092,-4.623
103,.616,.309,.505,-5.496
202,131,0,8.19,9.36,1.557,123.7
103,.173,.158,.15,-5.007
103,.04,.045,.041,-4.673
103,.015,.019,.016,-4.518
202,131,300,9.39,10,-2.182,120.5
103,.014,.018,.015,-4.488
103,.036,.041,.037,-4.414
103,.125,.138,.137,-4.446
202,131,600,9.88,10.2,-1.386,122
103,.452,.49,.468,-4.86
103,1.133,1.192,1.041,-3.926
103,1.915,2.004,1.758,-2.951
202,131,900,10.96,11.89,-1.49,115.9
103,2.815,2.915,2.542,-1.966
103,3.735,3.82,3.331,-.6
103,4.689,4.717,4.069,.139
202,131,1200,11.55,11.91,2.355,124.3
103,5.459,5.438,4.694,.685
103,6.046,5.974,5.115,1.374
103,6.376,6.261,5.313,1.791
202,131,1500,10.92,11.63,5.222,130.6
103,6.415,6.31,5.319,2.047
103,6.192,6.08,5.128,1.793
103,5.708,5.595,4.731,1.089
202,131,1800,9.39,10.89,6.911,132.7
103,4.989,4.903,4.147,.119
103,4.033,3.979,3.378,-1.121
103,2.533,2.507,2.167,-2.371
202,131,2100,7.5,8.51,5.772,133.8
103,1.372,1.365,1.219,-2.55
103,.681,.683,.623,-3.065
103,.389,.39,.362,-2.82
202,132,0,6.651,6.969,3.46,127.7
103,.2,.193,.183,-2.915
103,.066,.072,.064,-2.226
103,.021,.024,.02,-1.071
202,132,300,6.876,7.45,4.189,129.8
103,.01,.011,.009,-.944
103,.025,.028,.025,-2.91
103,.077,.083,.075,-2.697
202,132,600,7.75,8.36,1.835,122.5
103,.289,.306,.27,-2.793
103,.801,.832,.738,.454
103,1.035,1.074,.956,.481
202,132,900,7.26,7.78,4.743,129.9
103,1.607,1.661,1.474,.675
103,2.564,2.637,2.319,.94
103,3.329,3.409,2.989,.857
202,132,1200,6.437,6.981,7.06,137.9
103,5.078,5.088,4.378,1.325
103,5.918,5.863,5.004,1.578
103,5.448,5.393,4.606,1.306
202,132,1500,6.755,7.59,8.47,137.9
103,6.003,5.965,5.083,2.163
103,6.269,6.199,5.263,2.202
103,5.236,5.191,4.43,1.683
202,132,1800,7.32,7.64,10.01,137.7
103,4.393,4.35,3.715,.152
103,3.422,3.432,2.984,-.115
103,2.238,2.285,2.022,-.112
202,132,2100,8.15,9.09,9.12,147.6
103,1.499,1.536,1.362,-.704
103,1.019,1.044,.926,-.763
103,.406,.421,.376,-1.054
202,133,0,9.04,9.67,7.95,135
103,.141,.147,.134,-2.014
103,.038,.042,.038,-3.795
103,.016,.02,.018,-4.273
202,133,300,10.45,11.11,4.429,134.6
103,.018,.022,.019,-4.095
103,.056,.062,.055,-3.701
103,.148,.16,.149,-3.328
202,133,600,11.97,12.5,4.708,147.7
103,.291,.308,.273,-2.558
103,.642,.67,.597,.053
103,1.023,1.064,.947,-.028
202,133,900,9.76,11.3,7.47,142.7
103,1.622,1.674,1.493,-.025
103,3.304,3.392,2.989,.818
103,4.246,4.323,3.769,.48
202,133,1200,8.49,9.14,9.3,141.3
103,4.756,4.822,4.187,.495
103,5.309,5.367,4.658,.722
103,4.983,5.024,4.348,.657
202,133,1500,7.88,8.57,10.47,155.5
103,4.67,4.752,4.173,.642
103,4.781,4.822,4.19,.739
103,3.83,3.872,3.389,.537
202,133,1800,8.01,8.74,11.33,160.6
103,3.034,3.094,2.736,.018
103,2.687,2.753,2.442,-.2
103,1.931,1.966,1.74,-.753
202,133,2100,6.993,9.14,11.09,162.8
103,1.131,1.163,1.034,-.728
103,.823,.844,.75,-.483
103,.656,.432,.569,-2.487
202,134,0,4.945,5.856,8.75,136.5
103,.129,.136,.126,-3.01
103,.052,.057,.052,-2.061
103,.022,.024,.021,-.776
202,134,300,6.046,6.73,8.96,140.4
103,.02,.021,.019,-.839
103,.041,.044,.04,-.438
103,.126,.132,.119,.011
202,134,600,6.439,7.18,8.72,137.4
103,.339,.355,.317,-.345
103,.783,.815,.726,.034
103,1.18,1.225,1.088,.099
202,134,900,6.033,6.762,8.4,146.2
103,1.892,1.954,1.727,.307
103,2.321,2.393,2.11,.255
103,3.726,3.794,3.303,.137
202,134,1200,6.632,7.1,9.82,147.3
103,5.625,5.643,4.883,1.029
103,5.972,5.945,5.118,1.024
103,6.337,6.262,5.349,1.384
202,134,1500,6.023,6.705,11.61,152.5
103,6.253,6.191,5.23,1.662
103,6.048,5.973,5.012,1.969
103,5.304,5.232,4.366,1.223
202,134,1800,4.026,4.851,12.42,132.7
103,3.929,3.905,3.289,-.147
103,3.348,3.351,2.832,-.653
103,2.062,2.088,1.803,-1.165
202,134,2100,4.148,5.728,11.5,137.7
103,1.287,1.315,1.147,-1.198
103,.742,.767,.67,-.886
103,.355,.37,.323,-.669
202,135,0,7.42,8.76,10.2,124.3
103,.12,.127,.111,-.896
103,.036,.038,.034,-1.117
103,.015,.016,.015,-1.118
202,135,300,8.87,9.75,8.71,127.6
103,.013,.014,.013,-.479
103,.029,.031,.028,-.664
103,.114,.119,.105,-.501
202,135,600,8.77,9.25,7.68,137.6
103,.32,.335,.292,-.455
103,.639,.666,.579,-.023
103,1.222,1.266,1.097,.482
202,135,900,7.45,7.78,7.68,129.2
103,1.951,2.014,1.737,.688
103,3.029,3.109,2.667,.723
103,3.829,3.915,3.356,1.2
202,135,1200,7.3,8.1,9.09,128.8
103,5.109,5.173,4.415,2.345
103,4.848,4.913,4.201,1.83
103,6.114,6.156,5.225,3.243
202,135,1500,6.571,7.6,12.09,146.7
103,4.854,4.952,4.268,1.75
103,4.141,4.238,3.664,1.543
103,3.711,3.804,3.288,1.31
202,135,1800,3.977,5.803,12.56,134.6
103,3.701,3.74,3.171,1.928
103,2.568,2.635,2.251,1.201
103,2.598,2.598,2.154,-.833
202,135,2100,2.159,2.828,12.35,115.5
103,2.178,2.147,1.758,-2.348
103,1.506,1.474,1.202,-3.134
103,.803,.482,.644,-4.117
202,136,0,3.19,3.919,8.36,97.9
103,.25,.242,.222,-4.012
103,.065,.073,.065,-3.547
103,.026,.031,.027,-3.355
202,136,300,4.578,5.191,4.704,88.7
103,.026,.03,.026,-3.235
103,.062,.069,.059,-3.049
103,.176,.191,.165,-2.834
202,136,600,5.722,6.551,3.392,103.6
103,.714,.75,.63,-.698
103,1.115,1.167,.975,-.984
103,1.735,1.803,1.517,-.094
202,136,900,6.826,7.59,6.782,105.9
103,2.194,2.269,1.925,.805
103,3.144,3.224,2.729,1.462
103,3.875,3.973,3.371,1.604
202,136,1200,6.759,7.4,10.34,133.8
103,4.165,4.232,3.567,1.745
103,5.514,5.521,4.612,2.739
103,5.746,5.688,4.694,2.6
202,136,1500,6.073,6.678,12.15,133.9
103,6.067,6.009,4.929,3.223
103,5.065,5.068,4.178,2.547
103,5.894,5.825,4.725,3.276
202,136,1800,5.19,5.69,12.66,134.5
103,5.029,4.948,3.977,1.983
103,4.262,4.207,3.369,.725
103,3.107,3.081,2.478,-.975
202,136,2100,4.186,4.76,12.14,129
103,2.334,2.309,1.868,-1.782
103,1.608,1.578,1.27,-2.898
103,.923,.51,.717,-4.381
202,137,0,4.544,5.224,9.67,114.5
103,.243,.248,.217,-4.279
103,.095,.107,.094,-4.119
103,.037,.046,.039,-4.122
202,137,300,5.017,6.164,4.773,105.3
103,.039,.047,.039,-4.015
103,.086,.095,.085,-3.842
103,.235,.257,.239,-4.063
202,137,600,6.128,7.23,3.946,111.3
103,.691,.738,.623,-3.739
103,1.331,1.395,1.146,-2.5
103,2.15,2.252,1.875,-1.546
202,137,900,6.574,7.63,5.849,115.1
103,3.049,3.161,2.634,-.494
103,3.966,4.035,3.375,1.004
103,4.897,4.928,4.064,1.996
202,137,1200,6.276,6.986,9.27,128.8
103,5.634,5.61,4.636,2.614
103,6.154,6.079,4.992,3.314
103,6.498,6.405,5.204,3.917
202,137,1500,4.962,5.864,11.88,141.3
103,5.779,5.742,4.657,3.312
103,4.649,4.705,3.921,2.891
103,4.82,4.859,4.01,2.993
202,137,1800,4.028,4.51,11.74,160.3
103,4.013,4.024,3.296,2.087
103,2.93,2.966,2.456,1.312
103,1.69,1.74,1.466,.76
202,137,2100,4.162,4.432,11.26,163
103,1.066,1.102,.937,.305
103,.722,.751,.635,-.173
103,.382,.398,.336,-.214
202,138,0,3.999,4.124,10.68,178.6
103,.137,.144,.125,-.054
103,.061,.064,.055,-.08
103,.029,.03,.026,-.144
202,138,300,3.965,4.175,9.23,207.2
103,.026,.027,.025,-.189
103,.05,.053,.046,-.179
103,.138,.145,.125,-.038
202,138,600,3.427,4.08,7.57,203.5
103,.254,.267,.232,.057
103,.615,.64,.551,.28
103,1.192,1.234,1.057,.575
202,138,900,1.268,2.529,7.4,313
103,1.796,1.854,1.59,.769
103,2.632,2.706,2.308,1.055
103,3.191,3.282,2.789,1.266
202,138,1200,.852,2.219,8.36,350.7
103,4.25,4.38,3.71,1.16
103,4.561,4.685,4.002,1.015
103,4.665,4.786,4.094,.828
202,138,1500,1.511,2.818,6.735,364.7
103,4.639,4.753,4.057,.805
103,4.766,4.86,4.11,1.154
103,4.621,4.673,3.928,.202
202,138,1800,2.35,3.869,5.665,359.7
103,3.847,3.921,3.311,1.23
103,3.044,3.112,2.63,1.226
103,2.328,2.386,2.02,1.002
202,138,2100,4.03,6.398,4.563,352
103,1.438,1.482,1.261,.523
103,1.152,1.188,1.009,.495
103,.273,.286,.249,-.048
202,139,0,4.623,7.62,3.494,357.9
103,.155,.167,.146,-.306
103,.062,.07,.063,-.803
103,.051,.061,.054,-.725
202,139,300,2.941,6.822,2.354,364.6
103,.039,.044,.04,-.398
103,.075,.085,.076,-.181
103,.2,.223,.196,.028
202,139,600,2.05,3.744,1.801,360.9
103,.37,.403,.354,.116
103,.773,.825,.71,.326
103,1.269,1.327,1.13,.412
202,139,900,3.139,6.403,2.631,340.4
103,2.187,2.259,1.908,.998
103,2.914,2.998,2.54,1.101
103,3.356,3.45,2.96,.63
202,139,1200,2.581,3.74,3.528,333.3
103,4.292,4.403,3.758,1.093
103,4.997,5.11,4.338,1.546
103,4.933,5.059,4.327,.7
202,139,1500,1.413,2.077,5.872,306.2
103,4.696,4.824,4.144,.282
103,5.174,5.281,4.556,-.105
103,4.218,4.322,3.753,.156
202,139,1800,2.034,3.505,4.145,280.5
103,3.421,3.519,3.091,-.131
103,2.685,2.77,2.427,-.091
103,1.914,1.978,1.732,-.237
202,139,2100,1.436,2.791,5.149,304
103,1.056,1.095,.965,-.262
103,.84,.872,.763,-.149
103,.519,.541,.471,-.175
202,140,0,2.167,3.435,2.387,124.6
103,.231,.243,.211,-.932
103,.086,.093,.081,-1.904
103,.045,.049,.044,-1.989
202,140,300,6.222,6.943,-.866,127.2
103,.048,.052,.044,-1.789
103,.082,.087,.076,-1.155
103,.196,.206,.178,-.612
202,140,600,6.606,7.08,-.277,137.3
103,.469,.491,.42,-.218
103,1.004,1.041,.898,.281
103,1.542,1.593,1.395,.288
202,140,900,7.1,7.96,1.143,142.7
103,2.12,2.185,1.906,.227
103,2.758,2.837,2.448,.349
103,3.493,3.584,3.091,.505
202,140,1200,7.87,8.48,2.977,150.6
103,4.122,4.225,3.681,.43
103,4.693,4.804,4.197,.533
103,4.678,4.793,4.255,.013
202,140,1500,6.879,8.69,5.396,186.9
103,5.085,5.208,4.63,.045
103,4.906,5.018,4.428,.234
103,4.227,4.328,3.796,.393
202,140,1800,5.476,6.208,5.463,173.9
103,3.706,3.797,3.342,.35
103,2.99,3.062,2.701,.191
103,2.137,2.196,1.955,-.07
202,140,2100,4.666,5.732,5.361,216.8
103,1.632,1.672,1.498,-.339
103,.949,.979,.879,-.215
103,.393,.41,.37,-.158
202,141,0,2.065,3.198,2.699,258.7
103,.222,.233,.211,-.545
103,.071,.075,.069,-.377
103,.038,.039,.037,-.453
202,141,300,1.796,4.057,2.804,127.7
103,.039,.041,.037,-.906
103,.084,.089,.081,-.904
103,.217,.227,.204,-.381
202,141,600,4.35,5.374,4.535,160.3
103,.453,.473,.423,-.097
103,.82,.854,.761,-.072
103,1.393,1.449,1.279,.268
202,141,900,5.365,6.09,5.226,161.8
103,2.098,2.178,1.93,.256
103,2.642,2.732,2.428,.454
103,4.413,4.503,3.96,.528
202,141,1200,6.088,6.916,7.19,148.2
103,4.398,4.501,3.959,1.008
103,4.62,4.735,4.219,1.097
103,3.722,3.829,3.48,-.131
202,141,1500,7.4,8.11,9.2,154.8
103,3.504,3.608,3.296,-.27
103,3.425,3.524,3.218,-.106
103,3.43,3.497,3.187,.116
202,141,1800,7.58,8.6,9.16,174
103,2.644,2.686,2.475,.032
103,2.242,2.281,2.101,.086
103,2.325,2.373,2.178,.237
202,141,2100,5.783,7.42,9.13,199.7
103,1.12,1.151,1.065,.109
103,.958,.989,.917,.103
103,.463,.482,.448,.11
202,142,0,5.203,6.583,9.41,184.9
103,.27,.282,.262,.05
103,.126,.132,.123,-.099
103,.061,.064,.06,-.294
202,142,300,6.147,7.18,8.75,168.4
103,.077,.08,.075,-.18
103,.083,.088,.082,-.224
103,.194,.204,.189,-.292
202,142,600,6.147,6.658,8.16,171.6
103,.459,.479,.442,-.026
103,.814,.846,.784,.034
103,1.491,1.542,1.416,.148
202,142,900,6.696,8.16,8.23,177.3
103,2.263,2.333,2.14,.175
103,2.907,2.991,2.739,.063
103,4.717,4.811,4.335,-.133
202,142,1200,6.752,7.54,8.92,160.7
103,4.549,4.647,4.202,-.397
103,5.632,5.69,5.071,-1.019
103,6.446,6.417,5.664,-1.071
202,142,1500,7.05,8.37,10.37,154.6
103,7.04,7.01,6.159,.179
103,6.26,6.222,5.44,.311
103,5.76,5.704,4.959,.189
202,142,1800,7.9,8.51,11.53,159.5
103,4.941,4.888,4.249,-.858
103,4.152,4.1,3.556,-1.611
103,3.364,3.332,2.918,-1.939
202,142,2100,7.09,8.28,10.88,167.6
103,1.939,1.925,1.731,-2.115
103,1.344,1.341,1.227,-1.884
103,1.104,.982,.99,-2.702
202,143,0,5.738,6.692,8.71,142.2
103,.486,.477,.462,-4.013
103,.107,.119,.113,-3.86
103,.05,.06,.056,-3.805
202,143,300,5.654,6.27,3.909,130.4
103,.055,.064,.058,-3.552
103,.117,.129,.117,-3.215
103,.225,.243,.219,-3.172
202,143,600,6.858,7.29,2.943,122.2
103,.582,.615,.542,-3.108
103,1.276,1.338,1.17,-2.239
103,2.209,2.318,2.015,-1.457
202,143,900,6.731,7.81,2.32,103
103,3.151,3.277,2.836,-1.035
103,4.09,4.167,3.632,-.883
103,4.923,4.977,4.296,-.968
202,143,1200,6.71,7.91,6.262,113.4
103,5.601,5.611,4.861,-.646
103,6.293,6.26,5.412,.326
103,6.591,6.524,5.581,.56
202,143,1500,6.305,7.17,9.98,137.1
103,6.795,6.718,5.725,1.23
103,6.373,6.289,5.38,1.025
103,6.142,6.039,5.186,.391
202,143,1800,4.289,5.586,11.18,147.9
103,5.365,5.262,4.529,-.308
103,4.447,4.38,3.779,-1.274
103,3.491,3.446,3.001,-2.181
202,143,2100,2.762,3.541,8.48,132.4
103,2.554,2.515,2.208,-2.986
103,1.71,1.643,1.476,-3.535
103,1.017,.511,.87,-4.444
202,144,0,5,6.734,4.183,134.6
103,.457,.442,.437,-4.874
103,.153,.177,.192,-4.536
103,.072,.095,.1,-4.217
202,144,300,6.848,7.4,.415,122.3
103,.076,.093,.096,-4.157
103,.15,.163,.177,-4.335
103,.379,.407,.412,-4.463
202,144,600,7.92,8.61,-1.108,115.4
103,.887,.936,.834,-3.868
103,1.568,1.64,1.438,-2.807
103,2.374,2.484,2.162,-2.018
202,144,900,8.57,9.38,-.139,114.4
103,3.285,3.405,2.943,-1.282
103,4.212,4.291,3.714,-.742
103,5.152,5.189,4.455,-.558
202,144,1200,8.48,9.46,4.672,123.1
103,5.914,5.892,5.078,-.412
103,6.463,6.376,5.484,-.014
103,6.769,6.672,5.685,.435
202,144,1500,6.902,7.62,8.23,137.1
103,6.818,6.728,5.706,.981
103,6.611,6.508,5.528,1.419
103,6.146,6.033,5.145,.848
202,144,1800,7.2,8.48,9.63,137
103,5.444,5.341,4.568,-.096
103,4.569,4.503,3.861,-1.093
103,3.616,3.574,3.091,-2.13
202,144,2100,6.525,7.24,8.43,139.2
103,2.671,2.635,2.295,-3.073
103,1.796,1.726,1.538,-3.535
103,1.079,.533,.908,-4.37
202,145,0,7.16,8.28,5.704,124.7
103,.501,.487,.465,-4.898
103,.17,.203,.218,-4.604
103,.079,.111,.12,-4.216
202,145,300,9.05,9.93,2.596,129
103,.09,.114,.12,-4.043
103,.176,.192,.204,-4.219
103,.401,.433,.422,-4.168
202,145,600,10.4,11.26,.173,117.8
103,.898,.949,.826,-3.389
103,1.564,1.637,1.422,-2.363
103,2.36,2.471,2.136,-1.617
202,145,900,10.89,11.66,.519,123.4
103,3.286,3.405,2.928,-.987
103,4.222,4.291,3.721,-.462
103,5.174,5.206,4.477,-.295
202,145,1200,9.77,10.13,3.946,119.6
103,5.935,5.908,5.098,.009
103,6.49,6.397,5.506,.561
103,6.788,6.687,5.699,.947
202,145,1500,9.13,9.54,7.5,132.4
103,6.832,6.738,5.716,1.335
103,6.608,6.504,5.525,1.615
103,6.147,6.033,5.148,.978
202,145,1800,7.62,8.46,9.6,136.1
103,5.385,5.287,4.527,-.034
103,4.509,4.445,3.815,-.999
103,3.63,3.589,3.105,-2.084
202,145,2100,6.155,6.978,8.42,128.6
103,2.671,2.637,2.297,-3.045
103,1.801,1.729,1.543,-3.596
103,1.094,.559,.925,-4.373
202,146,0,6.257,6.927,4.045,122.8
103,.478,.472,.442,-4.767
103,.164,.201,.211,-4.524
103,.081,.115,.121,-4.04
202,146,300,6.369,7.05,-.935,97.8
103,.083,.108,.112,-3.904
103,.161,.177,.182,-4.097
103,.39,.421,.4,-4.023
202,146,600,7.3,8.1,-2.46,109.4
103,.916,.966,.829,-3.244
103,1.576,1.648,1.412,-2.143
103,2.394,2.503,2.136,-1.302
202,146,900,8.18,8.56,-.623,101.8
103,3.302,3.418,2.917,-.628
103,4.246,4.309,3.717,-.087
103,5.173,5.202,4.46,.045
202,146,1200,7.6,7.98,4.049,106.6
103,5.934,5.905,5.093,.331
103,6.504,6.407,5.521,1.133
103,6.806,6.702,5.719,1.587
202,146,1500,6.916,7.34,8.12,122.4
103,6.851,6.752,5.734,1.786
103,6.633,6.524,5.548,1.617
103,6.165,6.048,5.164,.787
202,146,1800,6.266,6.824,10.01,121.9
103,5.397,5.296,4.539,-.157
103,4.495,4.433,3.808,-1.183
103,3.536,3.499,3.03,-2.031
202,146,2100,5.042,5.665,7.38,111.2
103,2.536,2.504,2.188,-2.572
103,1.934,1.869,1.669,-2.651
103,1.106,.794,.976,-2.729
202,147,0,5.133,5.639,2.524,98.2
103,.541,.551,.507,-3.142
103,.276,.324,.313,-2.687
103,.132,.174,.174,-2.556
202,147,300,5.248,6.18,1.938,110.8
103,.117,.144,.145,-2.399
103,.163,.177,.165,-2.423
103,.345,.369,.326,-2.041
202,147,600,6.181,7.31,1.801,120.7
103,.642,.68,.596,-1.857
103,1.283,1.342,1.171,-1.134
103,1.391,1.453,1.268,-1.311
202,147,900,7.29,7.97,2.562,124
103,2.864,2.972,2.565,-.559
103,3.608,3.689,3.204,-.364
103,4.921,4.976,4.301,.44
202,147,1200,8.05,8.5,6.608,135.3
103,5.986,5.982,5.177,.493
103,6.487,6.418,5.546,.954
103,6.863,6.777,5.796,1.35
202,147,1500,7.27,7.83,9.95,128.8
103,6.871,6.782,5.769,1.58
103,6.595,6.494,5.527,1.736
103,6.105,5.996,5.115,1.054
202,147,1800,6.006,6.48,11.46,130.3
103,5.486,5.387,4.599,.268
103,4.591,4.527,3.862,-.775
103,3.646,3.608,3.098,-1.788
202,147,2100,5.808,6.451,10.25,133.3
103,2.705,2.674,2.307,-2.714
103,1.835,1.758,1.553,-3.224
103,1.117,.569,.933,-4.012
202,148,0,5.962,6.376,6.877,130.9
103,.544,.535,.492,-4.636
103,.193,.237,.244,-4.576
103,.087,.115,.11,-4.094
202,148,300,6.83,7.9,4.878,124.7
103,.101,.135,.139,-4.109
103,.252,.274,.268,-3.519
103,.435,.465,.423,-2.356
202,148,600,7.21,7.83,6.887,148.9
103,.472,.493,.442,.585
103,.553,.577,.522,.398
103,1.604,1.661,1.463,.471
202,148,900,5.501,6.314,8.47,134.6
103,2.578,2.661,2.32,.293
103,3.856,3.971,3.397,-.367
103,4.716,4.765,4.084,.491
202,148,1200,6.231,8.58,10.4,119.5
103,5.501,5.522,4.774,.829
103,6.335,6.259,5.404,.41
103,6.894,6.821,5.819,1.164
202,148,1500,9.26,10.36,12.05,131.8
103,5.864,5.88,5.05,1.308
103,6.282,6.25,5.212,3.123
103,5.874,5.813,4.775,3.269
202,148,1800,8.89,9.27,12.73,125.4
103,5.475,5.381,4.362,2.658
103,4.538,4.478,3.617,1.499
103,3.184,3.187,2.644,.738
202,148,2100,9.15,9.98,12.87,129.8
103,1.341,1.357,1.164,-1.427
103,.916,.922,.802,-1.524
103,.614,.597,.543,-2.092
202,149,0,8.98,9.5,12.64,137.4
103,.271,.285,.249,-1.679
103,.135,.147,.13,-2.289
103,.091,.108,.094,-3.489
202,149,300,7.33,7.92,11.02,142.8
103,.099,.119,.106,-4.06
103,.173,.189,.178,-3.966
103,.351,.375,.329,-3.588
202,149,600,5.426,6.63,9.41,146.1
103,.977,1.023,.845,-2.553
103,1.304,1.357,1.135,-1.125
103,1.561,1.622,1.382,.577
202,149,900,3.62,5.567,10.13,152.2
103,1.62,1.665,1.49,.462
103,2.481,2.547,2.4,.078
103,2.904,3.064,3.05,-.183
202,149,1200,3.02,3.778,10.44,203.7
103,3.634,4.008,3.802,-.599
103,4.923,5.098,4.737,-.692
103,5.489,5.799,5.278,-.593
202,149,1500,2.809,3.134,10.05,236.2
103,5.009,5.341,4.841,-.074
103,4.525,4.706,4.272,-.055
103,4.113,4.232,3.863,-.297
202,149,1800,2.939,3.561,9.09,221
103,3.651,3.748,3.426,-.273
103,3.28,3.379,3.041,-.058
103,2.68,2.768,2.494,-.101
202,149,2100,4.318,4.823,7.78,203.4
103,1.746,1.806,1.628,-.068
103,1.065,1.107,1.003,-.038
103,.547,.571,.519,-.06
202,150,0,4.748,5.998,5.949,217.4
103,.332,.349,.316,-.097
103,.162,.17,.154,-.132
103,.078,.082,.076,-.208
202,150,300,5.773,6.151,4.637,226.8
103,.077,.082,.075,-.207
103,.134,.14,.129,-.201
103,.177,.186,.172,-.178
202,150,600,7.09,8.44,1.212,238.4
103,.458,.478,.438,-.093
103,.786,.818,.748,-.105
103,1.216,1.262,1.155,-.104
202,150,900,6.296,7.3,1.87,209.5
103,1.664,1.723,1.584,-.202
103,2.375,2.462,2.264,-.29
103,2.939,3.05,2.797,-.196
202,150,1200,5.603,6.583,3.426,222.8
103,3.795,3.941,3.603,-.326
103,4.56,4.724,4.315,-.308
103,4.619,4.775,4.369,-.344
202,150,1500,6.724,7.63,3.668,235
103,4.885,5.035,4.616,-.387
103,4.482,4.619,4.251,-.46
103,4.589,4.72,4.33,-.139
202,150,1800,7.13,7.81,3.979,237.3
103,3.32,3.418,3.139,-.196
103,3.08,3.165,2.906,-.015
103,2.337,2.4,2.205,.054
202,150,2100,6.014,7.21,2.976,237.3
103,1.79,1.843,1.692,.103
103,.907,.939,.864,.1
103,.614,.637,.585,.115
202,151,0,3.901,5.926,2.354,196.8
103,.35,.365,.333,.019
103,.173,.181,.165,-.064
103,.134,.142,.13,-.265
202,151,300,2.236,3.36,2.493,147.1
103,.128,.135,.123,-.237
103,.234,.245,.222,-.008
103,.329,.342,.311,-.015
202,151,600,3.842,4.611,3.358,145.2
103,.463,.485,.441,.01
103,.812,.85,.77,.128
103,1.613,1.677,1.524,.231
202,151,900,4.653,5.22,4.223,152.4
103,2.387,2.478,2.249,.341
103,3.724,3.841,3.475,.527
103,4.124,4.213,3.794,.419
202,151,1200,5.297,5.88,5.329,161
103,5.561,5.629,5.011,.404
103,5.717,5.807,5.203,.38
103,6.313,6.33,5.538,-1.631
202,151,1500,6.259,6.737,6.086,148.8
103,7.3,7.24,6.339,-4.343
103,6.83,6.8,5.994,-2.303
103,6.132,6.078,5.335,-1.75
202,151,1800,6.139,6.54,7.01,132.2
103,5.278,5.223,4.587,-1.418
103,3.725,3.693,3.323,-.666
103,3.722,3.694,3.271,-1.399
202,151,2100,5.579,5.947,6.701,128.5
103,2.599,2.569,2.29,-2.88
103,1.5,1.434,1.345,-2.594
103,1.161,.8,.989,-2.713
202,152,0,5.975,6.591,2.525,112.8
103,.593,.577,.507,-3.545
103,.274,.315,.301,-3.55
103,.153,.231,.226,-3.439
202,152,300,6.958,7.56,-3.152,104.4
103,.171,.207,.198,-3.194
103,.331,.35,.332,-3.25
103,.492,.516,.458,-2.954
202,152,600,6.972,7.31,-4.99,112.3
103,1.005,1.044,.92,-2.56
103,1.57,1.636,1.488,-2.08
103,2.361,2.462,2.224,-1.841
202,152,900,7.84,8.27,-2.079,115.7
103,3.539,3.656,3.29,-1.387
103,4.657,4.752,4.286,-.689
103,4.937,4.982,4.439,-.811
202,152,1200,7.56,8.32,3.012,126.1
103,5.475,5.49,4.863,-.052
103,6.455,6.4,5.642,-.021
103,7.35,7.34,6.449,1.453
202,152,1500,5.995,6.663,7.81,140
103,5.736,5.76,5.082,.572
103,4.907,4.935,4.402,.832
202,152,1800,4.37,5.426,9.22,139.4
103,5.894,5.923,5.216,1.542
103,4.707,4.763,4.276,.787
103,3.67,3.716,3.351,.439
202,152,2100,2.869,4.262,9.81,141.6
103,3.283,3.282,2.934,-.14
103,2.782,2.753,2.425,-.957
103,2.023,1.999,1.774,-1.057
202,153,0,3.797,4.573,6.982,134.1
103,1.077,.942,.985,-1.276
103,.53,.55,.506,-.733
103,.308,.323,.294,.037
202,153,300,5.135,6.185,5.016,132.5
103,.126,.133,.123,-.608
103,.101,.106,.098,.099
103,.129,.138,.127,-1.118
202,153,600,7.12,7.94,2.215,124.7
103,.329,.349,.315,-.643
103,.53,.56,.506,-.86
103,1.107,1.159,1.046,.332
202,153,900,7.85,8.48,.381,122.5
103,1.959,2.034,1.831,.624
103,2.896,3,2.707,-1.456
103,4.164,4.249,3.8,-1.938
202,153,1200,8.03,8.92,1.938,124.3
103,4.732,4.789,4.29,-2.019
103,5.868,5.885,5.24,-1.584
103,6.609,6.567,5.816,-.904
202,153,1500,8.28,8.65,4.323,136.8
103,6.367,6.306,5.473,-.051
103,7.03,6.958,5.972,1.034
103,6.573,6.504,5.623,1.124
202,153,1800,7.36,8.14,6.048,139.4
103,5.683,5.613,4.846,.673
103,5.456,5.365,4.61,.345
103,4.554,4.486,3.837,-.534
202,153,2100,5.058,5.876,6.079,132.4
103,3.905,3.862,3.301,-1.181
103,3.052,3.017,2.587,-1.952
103,2.138,2.103,1.801,-2.563
202,154,0,4.254,4.698,.104,110.7
103,1.394,.715,1.158,-3.09
103,.795,.777,.657,-3.879
103,.332,.377,.354,-4.218
202,154,300,5.567,6.461,-3.913,123.1
103,.118,.212,.211,-4.084
103,.136,.182,.179,-1.22
103,.28,.298,.295,-2.042
202,154,600,6.173,7.1,-7.17,109.6
103,.474,.498,.483,-3.889
103,.968,1.007,.905,-3.179
103,1.603,1.662,1.507,-1.934
202,154,900,7.58,7.9,-4.609,117.7
103,2.417,2.505,2.26,-1.492
103,3.263,3.37,3.023,-1.634
103,4.246,4.325,3.891,-2.077
202,154,1200,7.64,8.02,-.935,113.9
103,5.176,5.208,4.63,-2.5
103,5.929,5.903,5.245,-3.165
103,6.522,6.431,5.687,-1.808
202,154,1500,7.29,7.86,3.01,131.3
103,6.869,6.767,5.906,-.119
103,6.959,6.87,5.918,1.202
103,6.792,6.694,5.733,1.75
202,154,1800,6.287,6.861,5.009,129.1
103,6.37,6.271,5.355,1.419
103,5.729,5.628,4.808,.392
103,4.889,4.845,4.095,.033
202,154,2100,4.366,5.259,5.008,135
103,3.986,3.922,3.339,-.929
103,3.04,2.981,2.558,-1.869
103,2.147,2.086,1.802,-2.599
202,155,0,3.2,3.856,-.173,95.4
103,1.396,.705,1.161,-3.152
103,.8,.757,.667,-3.943
103,.337,.363,.359,-4.005
202,155,300,4.473,5.259,-7.73,99.7
103,.121,.208,.22,-3.811
103,.132,.18,.19,-3.52
103,.253,.262,.273,-3.79
202,155,600,6.231,7.23,-8.36,108.9
103,.506,.524,.506,-3.763
103,1.003,1.038,.927,-3.084
103,1.64,1.702,1.533,-1.922
202,155,900,6.719,7.27,-5.754,106.7
103,2.428,2.531,2.261,-1.52
103,3.326,3.455,3.063,-1.861
103,4.231,4.342,3.857,-1.548
202,155,1200,6.957,7.77,-1.663,106
103,5.177,5.233,4.604,-3.021
103,5.951,5.956,5.248,-3.526
103,6.547,6.487,5.689,-1.326
202,155,1500,6.144,6.655,3.459,123.5
103,6.901,6.829,5.918,.801
103,6.992,6.922,5.933,2.002
103,6.812,6.751,5.726,2.576
202,155,1800,5.078,6.185,6.599,128.3
103,6.016,5.876,4.691,5.387
103,5.761,5.654,4.738,.939
103,4.947,4.855,4.06,.214
202,155,2100,2.982,4.074,5.176,99.1
103,4.014,3.945,3.307,-.688
103,3.063,3,2.529,-1.57
103,2.173,2.106,1.797,-2.362
202,156,0,3.235,3.779,-1.556,102.5
103,1.45,.776,1.202,-2.973
103,.819,.772,.678,-3.878
103,.36,.383,.376,-4.06
202,156,300,4.098,4.536,-8.11,96.6
103,.127,.22,.231,-3.79
103,.146,.185,.178,-2.481
103,.277,.287,.291,-3.622
202,156,600,6.236,7.35,-8.11,102.2
103,.529,.544,.522,-3.799
103,1.026,1.059,.944,-3.016
103,1.646,1.707,1.54,-1.928
202,156,900,8.62,9.63,-5.338,107.2
103,2.436,2.539,2.269,-1.51
103,3.33,3.464,3.067,-1.771
103,4.205,4.306,3.832,-1.232
202,156,1200,8.18,8.8,.208,121.1
103,5.165,5.233,4.586,-2.426
103,6,6.017,5.276,-2.73
103,6.553,6.503,5.674,-.614
202,156,1500,7.43,8.18,4.773,138.5
103,6.89,6.828,5.881,1.304
103,6.983,6.92,5.902,2.241
103,6.888,6.808,5.785,2.405
202,156,1800,5.689,6.406,6.737,138.6
103,6.406,6.327,5.378,1.521
103,5.344,5.256,4.484,.112
103,4.726,4.638,3.957,-.486
202,156,2100,3.39,4.723,5.663,122.4
103,3.994,3.923,3.363,-1.219
103,3.073,3.008,2.584,-2.03
103,2.181,2.114,1.829,-2.737
202,157,0,3.665,4.06,-.519,113.5
103,1.433,.717,1.195,-3.278
103,.852,.804,.707,-4.05
103,.372,.397,.391,-4.23
202,157,300,4.428,4.961,-5.75,106.7
103,.125,.228,.242,-3.926
103,.141,.201,.213,-3.619
103,.282,.289,.301,-3.781
202,157,600,5.504,6.725,-7.87,103.6
103,.542,.557,.537,-3.69
103,1.042,1.076,.959,-2.968
103,1.683,1.747,1.575,-1.931
202,157,900,6.185,7,-3.813,122.6
103,2.47,2.578,2.305,-1.433
103,3.369,3.507,3.108,-1.444
103,4.269,4.361,3.897,-.71
202,157,1200,6.967,7.34,.519,132.8
103,5.201,5.264,4.62,-1.604
103,5.974,5.982,5.253,-1.89
103,6.537,6.476,5.656,-.161
202,157,1500,6.597,7.24,4.151,129.4
103,6.914,6.842,5.897,1.422
103,7.03,6.95,5.922,2.2
103,6.873,6.779,5.757,2.185
202,157,1800,5.167,6.055,5.906,132.1
103,6.464,6.361,5.391,1.449
103,5.83,5.715,4.844,.478
103,5.021,4.922,4.167,-.243
202,157,2100,3.945,4.761,4.246,107.2
103,4.098,4.026,3.423,-1.288
103,3.142,3.077,2.632,-2.268
103,2.249,2.182,1.878,-2.995
202,158,0,2.831,3.867,-2.49,108.1
103,1.485,.74,1.231,-3.437
103,.883,.839,.724,-4.259
103,.386,.415,.4,-4.555
202,158,300,5.231,6.53,-3.913,115.6
103,.124,.239,.249,-4.503
103,.147,.217,.227,-4.232
103,.302,.31,.32,-4.451
202,158,600,6.888,7.58,-3.881,122.9
103,.577,.597,.57,-4.381
103,1.086,1.128,1.008,-3.735
103,1.717,1.79,1.62,-2.744
202,158,900,8.44,9.12,-1.178,131.6
103,2.512,2.628,2.349,-2.071
103,3.404,3.547,3.134,-1.793
103,4.299,4.41,3.914,-.735
202,158,1200,7.91,8.66,2.389,125.3
103,5.246,5.313,4.637,-1.203
103,6.015,6.024,5.265,-1.435
103,6.612,6.55,5.691,.284
202,158,1500,8.74,9.27,5.361,122.8
103,6.963,6.89,5.918,1.701
103,7.05,6.976,5.934,2.45
103,6.902,6.807,5.782,2.236
202,158,1800,7.92,8.92,7.77,125.8
103,6.491,6.391,5.409,1.637
103,5.849,5.739,4.863,.766
103,5.032,4.937,4.214,-.135
202,158,2100,7.66,8.28,7.25,135.2
103,4.099,4.031,3.463,-1.323
103,3.141,3.078,2.602,-1.645
103,2.252,2.187,1.845,-2.569
202,159,0,6.92,7.56,3.942,131
103,1.49,.736,1.225,-3.485
103,.912,.867,.734,-4.473
103,.42,.452,.42,-4.817
202,159,300,6.946,7.89,1.419,125.9
103,.127,.256,.257,-4.704
103,.116,.182,.182,-4.148
103,.322,.337,.324,-4.067
202,159,600,7.67,8.12,2.874,136.4
103,.516,.544,.494,-2.886
103,.716,.752,.667,-1.682
103,1.04,1.081,.967,.155
202,159,900,7.94,8.96,4.257,133.2
103,1.737,1.805,1.606,-.256
103,2.528,2.611,2.326,-.268
103,2.892,2.978,2.66,-.3
202,159,1200,8.41,8.93,5.639,137.9
103,3.923,4.031,3.59,-.058
103,4.466,4.592,4.076,.49
103,4.803,4.915,4.369,.787
202,159,1500,6.351,7.89,4.185,176.4
103,4.75,4.876,4.403,.29
103,5.396,5.525,4.986,.364
103,6.55,6.585,5.792,-.496
202,159,1800,5.662,6.411,7.26,165.5
103,5.836,5.809,5.036,-.245
103,5.189,5.108,4.377,.406
103,5.005,4.927,4.185,.348
103,3.32,3.313,2.886,-.506
202,159,2100,3.672,5.171,7.64,135.5
103,2.267,2.278,2.022,-1.13
103,1.785,1.739,1.5,-2.489
103,1.34,.695,1.102,-3.323
202,160,0,3.962,4.721,3.424,122.9
103,.864,.82,.699,-4.059
103,.396,.427,.4,-4.362
103,.125,.23,.229,-4.111
202,160,300,4.846,5.427,1.869,123.1
103,.153,.223,.228,-3.883
103,.313,.319,.323,-4.162
103,.587,.604,.565,-3.979
202,160,600,5.662,6.078,1.074,114.4
103,1.103,1.144,1.005,-3.272
103,1.704,1.78,1.586,-2.456
103,2.487,2.609,2.305,-1.671
202,160,900,6.562,7.28,2.216,109.1
103,3.374,3.525,3.093,-1.157
103,4.282,4.403,3.881,-.317
103,5.015,5.098,4.446,-.243
202,160,1200,8.67,9.48,4.913,115.9
103,5.837,5.884,5.145,.003
103,6.464,6.456,5.633,.672
103,6.754,6.726,5.807,1.46
202,160,1500,8.91,9.68,7.88,119.2
103,6.983,6.929,5.929,1.892
103,6.473,6.421,5.488,1.762
103,5.514,5.557,4.846,.887
202,160,1800,9.59,10.65,9.47,141
103,4.691,4.758,4.2,.596
103,4.54,4.574,4.021,.697
103,3.64,3.674,3.257,.224
202,160,2100,9.53,10.72,8.81,129.5
103,1.883,1.947,1.752,-.448
103,1.374,1.423,1.28,.043
103,.734,.758,.687,-.355
202,161,0,9.26,10.61,8.09,136.5
103,.511,.535,.483,-.627
103,.383,.402,.359,-.284
103,.192,.201,.181,-.182
202,161,300,8.48,9.31,6.987,146.7
103,.139,.146,.133,-.288
103,.133,.14,.128,-.243
103,.349,.367,.328,-.616
202,161,600,7.47,8.38,6.505,139.2
103,.976,1.015,.899,-.463
103,1.053,1.095,.971,-1.21
103,1.521,1.584,1.406,-1.684
202,161,900,7.85,8.69,6.021,144.4
103,2.552,2.658,2.335,-1.564
103,4.11,4.201,3.697,-.339
103,4.738,4.825,4.173,.024
202,161,1200,7.03,7.76,7.75,147.6
103,4.996,5.07,4.378,.859
103,5.083,5.203,4.627,1.512
103,5.435,5.545,4.904,1.431
202,161,1500,4.956,6.682,9.74,198.3
103,5.371,5.509,4.956,.566
103,5.339,5.473,4.913,.573
103,5.082,5.204,4.666,.562
202,161,1800,5.069,6.187,6.637,222.5
103,5.169,5.282,4.753,.428
103,4.821,4.921,4.427,.799
103,2.848,2.906,2.617,.315
202,161,2100,5.592,6.269,3.942,215
103,1.974,2.032,1.832,.21
103,1.448,1.496,1.347,.105
103,1.448,1.496,1.347,.105
202,162,0,9.26,10.61,8.09,136.5
103,.511,.535,.483,-.627
103,.383,.402,.359,-.284
103,.192,.201,.181,-.182
202,162,300,8.48,9.31,6.987,146.7
103,.139,.146,.133,-.288
103,.133,.14,.128,-.243
103,.349,.367,.328,-.616
202,162,600,7.47,8.38,6.505,139.2
103,.976,1.015,.899,-.463
103,1.053,1.095,.971,-1.21
103,1.521,1.584,1.406,-1.684
202,162,900,7.85,8.69,6.021,144.4
103,2.552,2.658,2.335,-1.564
103,4.11,4.201,3.697,-.339
103,4.738,4.825,4.173,.024
202,162,1200,7.03,7.76,7.75,147.6
103,4.996,5.07,4.378,.859
103,5.083,5.203,4.627,1.512
103,5.435,5.545,4.904,1.431
202,162,1500,4.956,6.682,9.74,198.3
103,5.371,5.509,4.956,.566
103,5.339,5.473,4.913,.573
103,5.082,5.204,4.666,.562
202,162,1800,4.127,4.127,7.18,157.7
103,5.894,5.805,5.028,-.176
103,4.916,4.832,4.178,-.915
103,3.168,3.137,2.78,-1.186
202,162,2100,3.225,4.272,5.975,160.7
103,2.593,2.559,2.291,-.79
103,2.055,2.027,1.831,-.764
103,1.015,1.017,.941,-1.103
202,163,0,3.272,3.649,3.112,132
103,.568,.59,.536,-1.284
103,.321,.349,.324,-3.553
103,.183,.239,.225,-3.09
202,163,300,3.585,3.913,-4.709,98.7
103,.192,.226,.211,-2.554
103,.377,.4,.366,-2.693
103,.581,.604,.554,-2.789
202,163,600,4.615,5.909,-6.168,104.9
103,.641,.673,.6,-1.288
103,1.29,1.343,1.206,-2.036
103,2.477,2.582,2.301,-1.5
202,163,900,4.85,6.304,-3.014,106.6
103,2.886,2.994,2.663,.141
103,3.476,3.575,3.188,1.5
103,4.277,4.389,3.906,1.506
202,163,1200,4.249,4.77,3.495,130.1
103,5.627,5.746,5.102,1.837
103,5.668,5.785,5.147,1.394
103,5.607,5.735,5.143,.569
202,163,1500,2.716,3.714,8.64,204.8
103,5.863,6.005,5.377,.672
103,5.599,5.73,5.127,.348
103,5.153,5.277,4.725,.043
202,163,1800,.764,1.311,10.14,233.2
103,3.905,4.013,3.608,-.27
103,3.987,4.051,3.637,.148
103,3,3.077,2.787,.206
202,163,2100,2.136,3.138,6.046,207.3
103,2.715,2.75,2.498,-.157
103,2.251,2.218,2.01,-1.305
103,1.7,1.532,1.54,-.978
202,164,0,1.746,2.288,3.389,149.7
103,.915,.929,.843,-1.176
103,.313,.334,.305,-1.383
103,.212,.236,.213,-1.54
202,164,300,2.137,2.557,.069,142.7
103,.151,.163,.148,-.878
103,.151,.163,.148,-.878
103,.151,.163,.148,-.878
