
103,167,1820,2.915,2.904,2.384,2.225,2.923,2.912,2.389,2.234
103,167,1830,2.792,2.789,2.282,2.135,2.739,2.726,2.223,2.131
103,167,1840,2.726,2.713,2.197,2.318,2.627,2.61,2.121,2.166
103,167,1850,2.883,2.858,2.309,2.408,3.066,3.042,2.447,2.612
103,167,1900,2.89,2.87,2.332,2.29,2.879,2.858,2.335,2.2
202,167,1900,6.466,6.581,12.48,158.8
103,167,1910,3.145,3.125,2.521,2.785,3.191,3.178,2.539,3.231
103,167,1920,2.611,2.604,2.099,2.487,2.277,2.271,1.846,1.994
103,167,1940,2.526,2.513,2.03,2.21
103,167,1950,2.292,2.282,1.869,1.725
103,167,2000,1.869,1.867,1.554,1.266
202,167,2000,5.977,6.359,11.55,186.2
103,1.82,1.81,1.507,1.191
103,1.804,1.799,1.482,1.299
103,1.295,1.295,1.082,.839
103,1.174,1.172,.987,.778
103,1.182,1.182,.991,.795
103,1.063,1.062,.899,.614
202,167,2100,5.06,5.547,11.31,148.9
103,1.014,1.012,.857,.591
103,1.13,1.12,.936,.804
103,1.062,1.055,.878,.773
103,.837,.835,.698,.683
103,.77,.766,.642,.646
103,.748,.746,.624,.617
202,167,2200,5.912,6.982,11.79,140.7
103,.69,.687,.577,.542
103,.627,.626,.526,.541
103,.626,.625,.52,.56
103,.711,.713,.582,.696
103,.669,.671,.547,.549
103,.643,.645,.522,.584
202,167,2300,6.676,7.27,12.14,127.4
103,.543,.547,.446,.413
103,.445,.447,.372,.365
103,.446,.448,.373,.548
103,.483,.485,.401,.54
103,.42,.423,.35,.495
103,.402,.403,.33,.47
202,168,0,7.11,7.34,12.34,133
103,.424,.427,.346,.506
103,.324,.327,.271,.353
103,.278,.28,.231,.308
103,.274,.276,.228,.242
103,.295,.296,.242,.259
103,.304,.307,.247,.324
202,168,100,6.005,7.1,11.42,180.7
103,.264,.266,.216,.245
103,.249,.251,.203,.242
103,.2,.202,.166,.181
103,.172,.172,.143,.132
103,.164,.162,.136,.153
103,.155,.153,.129,.157
202,168,200,5.727,6.056,10.87,156.2
103,.136,.134,.115,.138
103,.122,.12,.103,.108
103,.11,.107,.091,.112
103,.112,.109,.087,.093
103,.101,.099,.077,.082
103,.089,.086,.067,.008
202,168,300,5.923,6.658,11.11,140.6
103,.086,.085,.068,0
103,.09,.09,.07,.008
103,.093,.092,.072,.037
103,.099,.098,.077,.052
103,.086,.085,.068,.05
103,.078,.078,.061,.064
202,168,400,7.67,8.34,11.04,143
103,.078,.078,.062,.052
103,.088,.087,.071,.064
103,.106,.107,.084,.092
103,.138,.138,.105,.14
103,.162,.164,.121,.194
103,.153,.156,.111,.156
202,168,500,7.57,8.25,11.32,144
103,.121,.12,.091,.146
103,.134,.133,.101,.19
103,.149,.15,.113,.169
103,.144,.143,.109,.163
103,.224,.223,.164,.28
103,.329,.328,.241,.475
202,168,600,7.06,7.18,11.59,136.7
103,.388,.385,.281,.55
103,.62,.616,.439,.937
103,.499,.497,.363,.727
103,.354,.355,.262,.54
103,.439,.439,.318,.635
103,.373,.374,.271,.569
202,168,700,5.933,6.853,11.35,142.2
103,.537,.536,.381,.747
103,.478,.476,.334,.624
103,.442,.444,.319,.567
103,.454,.459,.333,.511
103,.583,.585,.497,.556
103,.398,.396,-.097,.349
202,168,800,5.698,5.962,11.11,159
103,.443,.426,.634,.375
103,.654,.615,.58,.566
103,.768,.735,.698,.589
103,.8,.777,.747,.618
103,1.02,.984,.908,.819
103,.949,.914,.801,.796
202,168,900,6.106,6.437,10.97,163
103,1.083,1.068,.875,.894
103,1.182,1.171,.993,1.017
103,1.179,1.172,.971,1.104
103,1.047,1.042,.872,1.079
103,1.082,1.073,.881,.999
103,1.53,1.49,1.265,1.453
202,168,1000,6.839,7.23,10.94,153.8
103,1.353,1.285,1.062,1.127
103,1.351,1.27,1.039,1.078
103,1.686,1.576,1.326,1.55
103,1.919,1.856,1.473,1.515
103,2.034,1.98,1.634,1.521
103,2.397,2.344,1.958,1.871
202,168,1100,7.19,7.63,11.18,161.7
103,2.288,2.242,1.921,1.773
103,2.203,2.251,1.845,1.64
103,2.041,2.109,1.658,1.447
103,2.329,2.477,1.881,1.787
103,2.547,2.718,2.094,1.879
103,2.161,2.303,1.788,1.423
202,168,1200,6.512,6.818,10.94,164.7
103,2.405,2.566,1.971,1.775
103,2.979,3.16,2.43,2.323
103,2.454,2.612,2.102,1.703
103,2.447,2.61,2.056,1.667
103,2.241,2.385,1.852,1.427
103,2.707,2.89,2.259,2.045
202,168,1300,6.159,6.827,10.97,168.5
103,2.955,3.172,2.523,2.341
103,2.822,3.073,2.464,1.837
103,2.572,2.694,2.201,1.204
103,2.515,2.522,2.087,.934
103,2.582,2.673,2.194,.884
103,2.655,2.746,2.268,.789
202,168,1400,5.733,6.061,11,179.5
103,2.763,2.963,2.382,.629
103,3.006,3.228,2.655,.611
103,3.303,3.54,3.003,.606
103,3.263,3.527,2.966,.672
103,2.831,3.019,2.652,.309
103,2.618,2.702,2.393,.035
202,168,1500,5.768,6.224,10.87,186.9
103,2.816,2.965,2.507,-.07
103,3.333,3.443,2.702,-.154
103,3.809,3.738,3.021,-.118
103,4.016,3.909,3.224,.086
103,4.24,4.109,3.417,.193
103,4.332,4.184,3.453,.333
202,168,1600,6.283,6.754,10.42,207.1
103,4.215,4.042,3.403,.126
103,4.397,4.192,3.59,.066
103,4.001,3.801,3.259,-.139
103,3.495,3.291,3.161,-.222
103,3.277,3.066,3.11,-.166
103,3.508,3.284,3.291,-.117
202,168,1700,5.104,6.499,8.46,225.3
103,4.254,3.956,3.751,.509
103,3.848,3.793,3.48,-.441
103,3.546,3.519,3.208,-.467
103,3.793,3.768,3.446,-.489
103,3.844,3.819,3.512,-.427
103,3.652,3.632,3.342,-.422
202,168,1800,5.478,5.84,8.53,202
103,3.475,3.453,3.184,-.37
103,3.415,3.388,3.121,-.277
103,3.306,3.277,3.019,-.286
103,3.234,3.2,2.948,-.237
103,3.291,3.253,2.995,-.17
103,3.165,3.123,2.885,-.197
202,168,1900,7.16,7.55,7.33,215.8
103,3.264,3.219,2.964,-.007
103,3.184,3.141,2.886,.046
103,3.045,3.003,2.763,-.049
103,3.101,3.057,2.808,.062
103,3.072,3.028,2.785,.066
103,3.097,3.049,2.81,.044
202,168,2000,5.996,6.503,8.02,206.4
103,2.913,2.869,2.652,.008
103,2.607,2.567,2.386,-.133
103,2.587,2.546,2.371,-.067
103,2.546,2.503,2.334,-.077
103,2.456,2.411,2.25,-.124
103,2.357,2.311,2.156,-.073
202,168,2100,5.151,5.591,7.47,208.1
103,2.209,2.164,2.021,-.08
103,2.3,2.251,2.106,-.109
103,2.563,2.506,2.335,-.009
103,3.047,2.985,2.764,.131
103,2.718,2.663,2.47,.093
103,2.088,2.047,1.907,-.005
202,168,2200,3.308,4.012,7.64,188.5
103,2.03,1.989,1.856,.043
103,1.449,1.424,1.333,-.08
103,1.168,1.146,1.079,-.081
103,1.289,1.267,1.189,-.016
103,1.366,1.339,1.252,.121
103,1.499,1.469,1.372,.327
202,168,2300,3.432,3.946,7.85,150.2
103,1.225,1.204,1.127,.179
103,.957,.941,.885,-.014
103,1.037,1.013,.95,.082
103,.938,.917,.86,.044
103,.811,.798,.75,-.034
103,.682,.668,.629,-.173
202,169,0,3.111,3.928,6.401,240.3
103,.625,.612,.575,-.005
103,.551,.54,.509,-.022
103,.504,.494,.466,.009
103,.455,.446,.42,.029
103,.391,.383,.362,-.028
103,.436,.427,.402,-.011
202,169,100,1.758,2.266,6.436,166.3
103,.451,.441,.413,.055
103,.346,.34,.32,-.082
103,.309,.304,.285,-.158
103,.29,.286,.269,-.142
103,.303,.298,.281,-.083
103,.312,.306,.287,-.152
202,169,200,2.805,3.234,7.26,183.6
103,.28,.276,.259,-.11
103,.212,.21,.197,-.202
103,.204,.202,.19,-.141
103,.291,.287,.268,-.059
103,.201,.2,.188,-.112
103,.183,.182,.171,-.139
202,169,300,4.437,5.706,7.47,201.1
103,.199,.197,.186,-.156
103,.172,.171,.162,-.135
103,.156,.155,.147,-.133
103,.16,.159,.149,-.184
103,.16,.159,.15,-.075
103,.168,.165,.156,-.163
202,169,400,5.961,6.707,6.987,217.8
103,.181,.179,.168,-.129
103,.202,.201,.188,-.209
103,.215,.212,.198,-.273
103,.236,.232,.218,-.095
103,.277,.273,.254,-.023
103,.326,.321,.3,-.098
202,169,500,7.13,7.62,6.265,211.1
103,.351,.347,.324,-.118
103,.414,.407,.381,-.028
103,.365,.36,.336,-.098
103,.36,.353,.331,-.131
103,.521,.51,.473,-.193
103,.554,.543,.504,-.096
202,169,600,6.73,7.46,5.887,212.6
103,.756,.737,.685,.075
103,.882,.86,.802,.109
103,.623,.612,.571,-.459
103,.581,.574,.535,-.625
103,.562,.548,.516,-.037
103,.593,.577,.545,-.022
202,169,700,7.08,7.69,5.577,231.6
103,.625,.609,.575,-.015
103,.675,.657,.622,-.042
103,.853,.831,.783,-.071
103,.97,.944,.89,-.09
103,1.123,1.089,1.023,-.06
103,1.253,1.214,1.144,.088
202,169,800,5.2,6.112,5.887,222.2
103,1.273,1.234,1.158,-.05
103,1.607,1.557,1.459,.012
103,2.036,1.963,1.84,.131
103,1.601,1.55,1.457,-.036
103,1.367,1.329,1.25,-.023
103,1.892,1.838,1.721,.292
202,169,900,5.045,5.361,6.334,214.1
103,2.375,2.299,2.153,.244
103,2.609,2.526,2.363,.42
103,2.545,2.462,2.308,.223
103,2.576,2.49,2.335,.221
103,2.502,2.42,2.267,.263
103,2.853,2.759,2.584,.409
202,169,1000,4.314,4.872,6.436,181.8
103,2.639,2.562,2.399,.17
103,2.423,2.346,2.188,.188
103,3.204,3.101,2.878,.511
103,4.056,3.9,3.577,.835
103,3.426,3.302,3.032,-.676
103,5.162,4.949,4.509,-.15
202,169,1100,3.574,3.758,6.711,130.9
103,5.367,5.13,4.644,-.473
103,5.471,5.217,4.739,-.35
103,5.582,5.315,4.826,-.172
103,5.727,5.441,4.939,-.099
103,5.871,5.571,5.059,.015
103,6.001,5.685,5.167,.094
202,169,1200,4.001,4.365,6.571,138.6
103,6.134,5.8,5.279,.142
103,6.26,5.915,5.384,.216
103,6.383,6.029,5.487,.323
103,6.493,6.139,5.575,.376
103,6.6,6.23,5.659,.386
103,6.709,6.323,5.743,.44
202,169,1300,4.16,4.621,7.4,138.5
103,6.815,6.412,5.82,.514
103,6.905,6.482,5.885,.585
103,7,6.563,5.953,.638
103,7.08,6.63,6.007,.691
103,7.15,6.694,6.06,.727
103,7.22,6.759,6.112,.739
202,169,1400,4.954,5.274,7.64,145.2
103,7.27,6.82,6.154,.718
103,7.32,6.874,6.185,.67
103,7.36,6.915,6.211,.651
103,7.41,6.954,6.227,.63
103,7.45,6.989,6.237,.652
103,7.46,7.01,6.248,.654
202,169,1500,5.189,5.501,7.63,138.1
103,7.47,7.02,6.253,.655
103,7.48,7.02,6.252,.693
103,7.22,6.962,5.426,4.479
103,7.45,7.09,5.71,2.318
103,7.44,7.01,6.188,1.066
103,7.42,6.983,6.181,.984
202,169,1600,5.454,5.906,7.74,127.7
103,7.39,6.958,6.163,.935
103,7.35,6.926,6.135,.914
103,7.3,6.88,6.094,.866
103,7.24,6.83,6.047,.836
103,7.18,6.785,5.997,.754
103,7.12,6.726,5.944,.707
202,169,1700,6.048,6.63,7.87,118.2
103,7.05,6.662,5.885,.653
103,6.971,6.586,5.821,.545
103,6.885,6.504,5.749,.448
103,6.803,6.422,5.677,.327
103,6.622,6.247,5.528,.05
103,6.588,6.206,5.503,-.035
202,169,1800,6.679,6.858,7.87,123.5
103,6.471,6.091,5.403,-.197
103,6.252,5.886,5.232,-.498
103,6.23,5.86,5.217,-.641
103,5.924,5.567,4.892,-.457
103,5.485,5.155,4.596,-1.315
103,5.673,5.33,4.771,-1.134
202,169,1900,6.639,6.874,7.46,111.3
103,5.692,5.343,4.795,-1.307
103,5.562,5.22,4.684,-1.589
103,5.455,5.114,4.573,-1.646
103,5.171,4.849,4.338,-1.799
103,5.031,4.719,4.229,-1.85
103,4.893,4.593,4.13,-2.038
202,169,2000,7.48,7.84,7.18,109.3
103,4.74,4.445,4.016,-2.192
103,4.57,4.284,3.902,-2.363
103,4.484,4.206,3.851,-2.541
103,4.388,4.115,3.743,-2.659
103,4.185,3.92,3.541,-2.707
103,3.992,3.733,3.382,-2.882
202,169,2100,7.84,8.05,6.702,108.4
103,3.828,3.571,3.26,-3.113
103,3.66,3.409,3.135,-3.335
103,3.498,3.249,3.007,-3.55
103,3.296,3.053,2.851,-3.785
103,3.201,2.958,2.787,-3.894
103,3.104,2.864,2.713,-3.949
202,169,2200,8.39,8.86,6.121,106.3
103,2.995,2.755,2.6,-3.89
103,2.707,2.484,2.332,-3.932
103,2.12,1.933,1.818,-4.34
103,1.996,1.81,1.701,-4.331
103,2.172,1.965,1.853,-4.115
103,2.128,1.925,1.809,-4.082
202,169,2300,9.7,10.47,5.608,113.4
103,1.991,1.479,1.694,-4.267
103,1.838,.693,1.567,-4.339
103,1.731,.716,1.477,-4.241
103,1.607,.766,1.384,-4.091
103,1.474,1.129,1.281,-4.216
103,1.4,1.262,1.221,-4.29
202,170,0,10.66,11.52,4.715,105.5
103,1.129,1.034,.998,-4.269
103,1.052,.976,.931,-3.956
103,.916,.86,.826,-3.598
103,.744,.716,.686,-3.487
103,.674,.654,.627,-3.387
103,.667,.65,.618,-3.173
202,170,100,11.91,12.24,4.957,105.9
103,.634,.622,.593,-2.9
103,.539,.535,.508,-2.955
103,.492,.489,.464,-2.92
103,.472,.468,.443,-2.666
103,.462,.465,.443,-2.316
103,.377,.384,.367,-2.25
202,170,200,12.47,13.07,5.199,115.4
103,.323,.329,.313,-2.263
103,.32,.323,.304,-2.09
103,.294,.298,.28,-1.99
103,.244,.248,.235,-2.26
103,.223,.23,.217,-2.447
103,.188,.198,.188,-2.756
202,170,300,13.26,13.36,4.821,121.4
103,.184,.2,.193,-2.605
103,.191,.201,.192,-2.205
103,.179,.183,.174,-2.665
103,.187,.196,.187,-3.351
103,.243,.249,.238,-3.21
103,.265,.271,.253,-3.086
202,170,400,12.78,13.48,4.65,120.5
103,.273,.275,.257,-2.922
103,.274,.275,.258,-2.674
103,.283,.284,.267,-2.437
103,.315,.313,.294,-1.946
103,.341,.338,.317,-1.896
103,.396,.391,.365,-1.591
202,170,500,11.65,12.1,5.269,126.4
103,.462,.454,.422,-1.256
103,.476,.468,.436,-.856
103,.478,.466,.432,-1.045
103,.587,.573,.529,-1.365
103,.597,.59,.547,-1.579
103,.529,.521,.485,-1.219
202,170,600,11.11,11.45,5.647,122
103,.586,.574,.532,-.784
103,.633,.617,.57,-.992
103,.773,.752,.691,-1.052
103,.962,.937,.857,-1.01
103,1.193,1.156,1.059,-.843
103,1.401,1.355,1.243,-.57
202,170,700,10.36,10.7,5.992,120.3
103,1.259,1.223,1.122,-.584
103,1.102,1.078,.987,-.569
103,1.118,1.089,.998,-.418
103,1.065,1.038,.955,-.288
103,1.126,1.093,1.004,-.217
103,1.283,1.244,1.144,.151
202,170,800,10.14,10.77,6.336,118.4
103,1.289,1.256,1.154,.305
103,1.254,1.222,1.126,.325
103,1.365,1.333,1.226,.362
103,1.307,1.276,1.18,.269
103,1.394,1.362,1.258,.291
103,1.612,1.57,1.458,.325
202,170,900,10.27,10.79,8.09,124.5
103,1.889,1.841,1.692,-.097
103,2.384,2.338,2.141,.295
103,1.867,1.839,1.707,.195
103,1.676,1.648,1.526,.334
103,2.096,2.05,1.878,.344
103,2.429,2.38,2.174,.557
202,170,1000,10.53,11.2,9.08,134.3
103,2.833,2.779,2.553,.936
103,3.098,3.039,2.802,.914
103,3.116,3.055,2.818,.833
103,4.326,4.229,3.879,1.457
103,4.363,4.281,3.926,1.478
103,3.99,3.917,3.565,1.252
202,170,1100,11.05,11.27,9.87,139.2
103,4.006,3.926,3.542,1
103,4.625,4.51,4.045,1.347
103,4.833,4.707,4.216,1.318
103,5.677,5.523,4.952,1.429
103,5.884,5.769,5.244,1.286
103,5.546,5.46,4.996,.919
202,170,1200,9.77,10.89,10.94,143
103,5.867,5.772,5.272,1.401
103,5.984,5.905,5.425,1.075
103,5.014,4.955,4.536,.936
103,5,4.95,4.505,1.183
103,4.447,4.424,4.047,.866
103,6.193,6.142,5.577,1.812
202,170,1300,8.78,9.11,11.28,152.5
103,6.982,6.876,6.159,2.609
103,5.514,5.453,4.918,2.094
103,3.702,3.674,3.358,.41
103,4.758,4.714,4.285,1.28
103,4.597,4.555,4.129,1.499
103,5.592,5.525,4.963,2.419
202,170,1400,6.869,8.1,11.45,175.3
103,6.486,6.43,5.769,2.654
103,6.647,6.558,5.793,3.769
103,6.783,6.72,5.917,4.123
103,7.26,7.17,6.253,4.89
103,7.88,7.79,6.676,5.845
103,8,7.9,6.732,6.058
202,170,1500,4.87,5.108,11.86,159.6
103,9.11,8.95,7.53,8.13
103,7.4,7.18,5.9,5.147
103,7.79,7.53,6.151,5.99
103,7.85,7.59,6.244,6.486
103,6.17,6.077,5.204,4.002
103,6.53,6.427,5.522,4.22
202,170,1600,4.251,4.732,12.09,145.9
103,5.86,5.739,4.851,3.838
103,5.058,4.988,4.293,2.404
103,4.567,4.541,3.97,1.786
103,4.997,4.973,4.368,1.917
103,5.985,5.927,5.127,3.405
103,5.932,5.871,5.049,3.83
202,170,1700,3.548,4.244,12.74,132
103,4.574,4.545,3.958,2.135
103,3.91,3.906,3.438,1.43
103,4.27,4.254,3.76,1.348
103,4.168,4.16,3.67,1.415
103,3.952,3.936,3.491,.91
103,4.474,4.437,3.971,1.075
202,170,1800,3.409,3.891,11.64,129.5
103,4.101,4.053,3.638,1.03
103,3.578,3.538,3.167,1.167
103,4.043,3.983,3.537,1.755
103,3.961,3.897,3.433,1.828
103,3.318,3.269,2.886,1.242
103,2.656,2.626,2.33,.83
202,170,1900,6.859,7.23,11,158.4
103,2.622,2.589,2.289,.814
103,3.283,3.237,2.82,.982
103,2.668,2.638,2.294,.778
103,2.624,2.591,2.25,.975
103,2.566,2.536,2.208,.742
103,2.57,2.543,2.184,.629
202,170,2000,6.243,7.37,10.93,163.6
103,2.422,2.398,2.062,.849
103,2.309,2.292,1.974,.789
103,1.6,1.592,1.383,.358
103,1.926,1.913,1.65,.538
103,1.88,1.871,1.612,.481
103,1.57,1.565,1.36,.318
202,170,2100,5.207,5.784,10.59,175
103,1.526,1.521,1.311,.392
103,1.991,1.982,1.684,.701
103,2.405,2.395,1.995,1.066
103,2.017,2.015,1.676,.762
103,1.769,1.773,1.478,.524
103,1.694,1.697,1.413,.485
202,170,2200,6.072,6.371,10.52,171.6
103,1.985,1.986,1.596,.669
103,2.033,2.035,1.585,.883
103,1.716,1.72,1.309,.76
103,1.444,1.447,1.089,.594
103,1.188,1.189,.893,.562
103,1.076,1.075,.814,.498
202,170,2300,7.27,7.59,10.66,172.5
103,1.112,1.108,.834,.535
103,1.047,1.041,.772,.445
103,.837,.839,.616,.367
103,.666,.669,.508,.297
103,.583,.586,.449,.241
103,.579,.581,.438,.277
202,171,0,6.734,7.45,10.21,178.8
103,.437,.439,.338,.2
103,.387,.389,.301,.194
103,.341,.344,.267,.169
103,.384,.386,.302,.211
103,.338,.34,.266,.169
103,.24,.242,.191,.058
202,171,100,7.01,7.44,9.49,176.7
103,.209,.211,.167,.061
103,.212,.214,.17,.068
103,.248,.25,.197,.081
103,.218,.22,.174,0
103,.166,.168,.133,-.051
103,.168,.17,.134,.011
202,171,200,5.78,6.146,9.66,171.2
103,.17,.172,.136,.03
103,.152,.154,.122,.009
103,.146,.148,.117,-.026
103,.144,.146,.116,-.095
103,.152,.154,.122,-.191
103,.134,.137,.108,-.109
202,171,300,4.827,5.601,9.53,175.7
103,.149,.15,.119,-.083
103,.145,.147,.116,-.122
103,.129,.13,.103,-.219
103,.158,.159,.126,-.183
103,.153,.155,.123,-.071
103,.133,.134,.107,-.057
202,171,400,5.227,7.02,9.19,182.6
103,.139,.14,.113,-.05
103,.132,.132,.107,-.077
103,.146,.147,.118,-.058
103,.161,.162,.13,-.059
103,.203,.204,.163,-.042
103,.234,.234,.187,-.042
202,171,500,6.599,7.12,8.5,196.9
103,.261,.261,.209,-.004
103,.334,.335,.266,.026
103,.428,.426,.339,.066
103,.491,.489,.389,.076
103,.547,.543,.434,.081
103,.725,.72,.572,.136
202,171,600,5.21,5.925,8.47,187.6
103,.62,.617,.493,.106
103,.624,.62,.498,.096
103,.705,.702,.563,.083
103,.761,.757,.605,.175
103,.834,.828,.661,.22
103,.838,.833,.667,.146
202,171,700,5.793,6.482,8.29,177
103,.894,.889,.711,.127
103,1.226,1.217,.969,.25
103,1.637,1.629,1.292,.479
103,1.804,1.788,1.422,.496
103,2.004,1.988,1.582,.457
103,1.973,1.956,1.562,.492
202,171,800,4.752,5.641,8.5,208.5
103,1.836,1.819,1.457,.394
103,2.174,2.152,1.722,.564
103,2.246,2.225,1.783,.541
103,2.513,2.482,1.993,.459
103,2.742,2.711,2.178,.53
103,2.698,2.67,2.146,.55
202,171,900,2.795,3.761,9.46,199.1
103,2.439,2.416,1.945,.467
103,2.288,2.267,1.831,.375
103,2.335,2.313,1.873,.345
103,2.422,2.4,1.947,.309
103,2.581,2.551,2.072,.313
103,2.53,2.504,2.034,.401
202,171,1000,2.086,2.265,7.98,227.8
103,2.486,2.464,1.999,.466
103,2.282,2.268,1.842,.368
103,2.456,2.438,1.975,.462
103,2.535,2.522,2.038,.385
103,2.632,2.612,2.11,.44
103,3.123,3.087,2.492,.725
202,171,1100,1.482,1.777,8.32,225.1
103,4.117,4.028,3.244,.084
103,4.357,4.25,3.476,.714
103,4.795,4.752,3.926,1.342
103,4.495,4.435,3.683,.776
103,4.862,4.845,4.07,1.263
103,4.781,4.764,4.037,1.11
202,171,1200,1.218,1.707,11.72,186.2
103,5.431,5.408,4.593,1.49
103,4.746,4.74,4.045,.989
103,4.5,4.493,3.849,.775
103,4.515,4.515,3.89,.73
103,4.751,4.749,4.097,.903
103,5.275,5.261,4.531,1.216
202,171,1300,1.538,1.88,9.45,282.8
103,4.756,4.755,4.122,.736
103,4.861,4.868,4.207,.834
103,5.199,5.205,4.486,1.224
103,5.24,5.292,4.592,1.731
103,5.444,5.493,4.776,1.682
103,5.469,5.498,4.762,1.818
202,171,1400,.708,1.011,11.09,285
103,5.924,5.944,5.107,2.214
103,5.666,5.665,4.862,1.68
103,5.885,5.876,5.038,2.089
103,6.279,6.251,5.319,2.134
103,6.913,6.842,5.753,2.553
103,7.33,7.22,5.98,2.671
202,171,1500,1.034,1.449,12.05,140.4
103,5.901,5.792,4.808,1.067
103,7.57,7.4,6.075,2.979
103,7.26,7.11,5.894,3.369
103,6.537,6.496,5.487,3.329
103,6.308,6.293,5.338,3.375
103,6.326,6.25,5.274,3.491
202,171,1600,1.821,2.029,10.88,214.7
103,6.354,6.276,5.31,3.665
103,6.133,6.102,5.188,3.401
103,6.134,6.088,5.146,3.395
103,6.685,6.601,5.503,4.259
103,6.422,6.315,5.274,3.798
103,6.297,6.192,5.185,3.804
202,171,1700,1.872,2.106,12.67,207.5
103,6.337,6.247,5.235,3.932
103,6.134,6.075,5.121,3.662
103,6.126,6.052,5.083,3.657
103,6.209,6.109,5.083,3.862
103,5.737,5.652,4.723,3.307
103,5.307,5.224,4.384,2.878
202,171,1800,1.699,1.967,11.02,179
103,4.943,4.839,4.061,2.242
103,4.98,4.894,4.107,2.621
103,5.21,5.124,4.306,3.157
103,5.225,5.125,4.309,3.187
103,4.48,4.41,3.734,2.254
103,4.522,4.451,3.779,2.423
202,171,1900,1.548,1.706,10.47,155.6
103,4.795,4.73,4.005,2.839
103,4.606,4.558,3.864,2.751
103,4.138,4.135,3.522,2.097
103,4.25,4.254,3.638,1.988
103,4.036,4.062,3.475,1.497
103,4.177,4.182,3.562,2.028
202,171,2000,1.744,1.895,10.78,191.2
103,3.903,3.893,3.314,1.806
103,3.56,3.527,3.009,1.492
103,3.816,3.754,3.194,1.806
103,4.635,4.515,3.816,2.617
103,3.717,3.631,3.073,.69
103,2.816,2.753,2.354,-.873
202,171,2100,1.845,2.004,9.72,172.3
103,2.494,2.4,2.075,-1.305
103,3.049,2.94,2.526,.046
103,2.811,2.726,2.348,-.116
103,2.043,1.985,1.735,-1.01
103,1.739,1.705,1.49,-.952
103,1.486,1.471,1.281,-.771
202,171,2200,1.698,1.962,9.31,167.7
103,1.527,1.505,1.31,-.389
103,1.526,1.503,1.308,-.31
103,1.479,1.467,1.278,-.263
103,1.524,1.507,1.312,-.096
103,1.463,1.437,1.258,-.396
103,1.37,1.312,1.175,-1.007
202,171,2300,1.688,1.923,9.35,145.2
103,1.387,1.279,1.188,-1.355
103,.894,.862,.79,-2.314
103,.626,.627,.561,-2.074
103,.615,.613,.544,-1.572
103,.701,.684,.611,-1.449
103,.876,.836,.755,-1.539
202,172,0,1.629,1.872,8.77,171.5
103,.722,.714,.64,-2.215
103,.696,.693,.619,-2.678
103,.692,.695,.618,-2.65
103,.693,.69,.616,-2.143
103,.667,.667,.591,-1.66
103,.626,.615,.55,-1.599
202,172,100,1.49,1.915,8.43,127.5
103,.451,.45,.398,-1.289
103,.358,.364,.317,-1.053
103,.311,.315,.275,-1.133
103,.29,.293,.255,-1.097
103,.274,.277,.24,-.996
103,.248,.251,.219,-1.012
202,172,200,2.202,2.529,8.6,126.9
103,.203,.208,.172,-1.677
103,.202,.21,.173,-1.794
103,.202,.208,.179,-1.328
202,172,300,1.715,1.804,8.57,-444.9
103,.188,.191,.165,-1.003
103,.172,.178,.154,-1.002
103,.172,.177,.154,-1.089
103,.18,.184,.16,-.983
103,.177,.179,.156,-.955
103,.181,.184,.159,-1.016
202,172,400,2.215,2.738,8.78,-476
103,.194,.198,.172,-1.374
103,.224,.229,.198,-1.862
103,.24,.246,.212,-1.72
103,.25,.254,.22,-1.762
103,.272,.278,.239,-1.797
103,.302,.307,.264,-1.352
202,172,500,3.407,3.679,8.26,-469.5
103,.293,.298,.257,-1.125
103,.297,.3,.26,-1.312
103,.33,.333,.288,-1.114
103,.364,.368,.316,-1.286
103,.412,.416,.358,-1.458
103,.486,.492,.422,-1.494
202,172,600,3.778,4.288,8.3,-443.1
103,.53,.537,.461,-1.089
103,.516,.525,.452,-1.707
103,.666,.671,.573,-1.784
103,.717,.721,.615,-1.362
103,.854,.86,.734,-1.372
103,.952,.962,.821,-.871
202,172,700,4.65,5.622,8.4,-449.3
103,.963,.968,.828,-.732
103,.973,.977,.835,-.784
103,.956,.962,.823,-1.052
103,.928,.935,.804,-1.608
103,1.149,1.147,.98,-1.177
103,1.234,1.231,1.056,-.528
202,172,800,5.92,6.295,7.64,-441.2
103,1.617,1.614,1.38,-.605
103,.929,.935,.802,-2.269
103,1.252,1.244,1.069,-1.869
103,2.233,2.198,1.891,-.973
103,2.142,2.111,1.812,1.038
103,1.579,1.563,1.355,.621
202,172,900,6.635,7.08,7.06,-444.9
103,1.636,1.62,1.418,.578
103,2.001,1.977,1.724,.741
103,2.505,2.477,2.152,.459
103,3.752,3.722,3.224,1.374
103,3.954,3.926,3.393,1.442
103,4.167,4.126,3.577,1.237
202,172,1000,6.107,6.857,8.47,-448.5
103,5.65,5.581,4.846,2.614
103,4.825,4.756,4.143,.151
103,4.382,4.495,3.897,-.538
103,4.674,4.365,3.947,-.287
103,4.832,4.719,4.051,-.008
103,5.032,4.906,4.192,.271
202,172,1100,5.621,5.909,8.13,-443
103,4.914,4.782,4.079,.182
103,5.283,5.13,4.33,1.216
103,5.154,5.011,4.233,1.408
103,4.564,4.439,3.748,.399
103,2.602,2.538,2.152,-2.02
103,4.674,4.565,3.839,2.601
202,172,1200,6.435,6.88,9.3,-409.7
103,5.956,5.813,4.911,3.503
103,6.183,5.998,5.06,2.46
103,4.897,4.769,4.008,.795
103,6.088,5.905,4.957,2.563
103,6.386,6.162,5.152,2.63
103,6.565,6.326,5.279,2.912
202,172,1300,5.572,5.824,9.47,-441.6
103,6.639,6.39,5.324,3
103,6.721,6.456,5.371,3.11
103,6.81,6.526,5.426,3.208
103,6.901,6.603,5.48,3.344
103,6.971,6.665,5.517,3.497
103,7.03,6.723,5.547,3.639
202,172,1400,5.732,6.696,9.3,-453.1
103,7.09,6.79,5.581,3.725
103,7.14,6.841,5.593,3.8
103,7.18,6.887,5.606,3.87
103,7.22,6.924,5.609,3.937
103,7.26,6.965,5.621,3.929
103,7.29,6.995,5.639,3.937
202,172,1500,7.16,7.78,8.74,-460.1
103,7.31,7.01,5.641,3.969
103,7.31,7.01,5.634,4
103,7.31,7.01,5.623,4.037
103,7.3,6.993,5.603,4.143
103,7.27,6.967,5.577,4.181
103,7.22,6.924,5.538,4.142
202,172,1600,7.74,7.96,9.54,-467.9
103,7.21,6.906,5.529,4.048
103,7.03,6.871,5.338,4.895
103,5.251,4.706,4.196,18.01
103,6.916,6.623,5.023,8.67
103,7.01,6.725,5.074,7.11
103,6.988,6.708,5.048,7.02
202,172,1700,7.32,7.86,10.09,-443.1
103,7.04,6.762,5.101,7.02
103,5.732,5.491,4.689,10.68
103,6.537,6.276,5.088,6.232
103,6.652,6.393,5.221,2.424
103,6.539,6.28,5.133,2.177
103,6.431,6.17,5.048,1.981
202,172,1800,6.777,7.77,10.16,-443.9
103,6.318,6.052,4.954,1.822
103,6.141,5.876,4.82,1.514
103,6.17,5.908,4.847,1.432
103,5.408,5.175,4.259,.409
103,6.008,5.745,4.715,1.359
103,5.695,5.444,4.478,.903
202,172,1900,8.58,8.95,9.71,-449.7
103,5.621,5.385,4.429,.733
103,5.301,5.071,4.172,.263
103,5.249,5.019,4.13,.287
103,4.519,4.327,3.581,-.59
103,4.724,4.532,3.497,1.415
103,4.759,4.567,3.789,-.159
202,172,2000,7.67,8.3,10.02,154.7
103,4.608,4.42,3.67,-.452
103,4.315,4.135,3.446,-.848
103,4.354,4.175,3.486,-.803
103,4.105,3.94,3.302,-1.205
103,3.89,3.733,3.135,-1.488
103,3.762,3.607,3.032,-1.539
202,172,2100,7.5,7.84,9.88,152.1
103,3.594,3.439,2.902,-1.8
103,3.325,3.181,2.702,-2.113
103,2.787,2.661,2.278,-2.619
103,2.099,1.993,1.736,-3.038
103,2.339,2.225,1.957,-2.259
103,2.217,2.123,1.872,-2.011
202,172,2200,7.04,7.27,9.71,143
103,1.959,1.886,1.676,-1.951
103,1.688,1.628,1.454,-2.174
103,1.975,1.893,1.688,-1.65
103,2.143,2.049,1.831,-1.64
103,1.708,1.614,1.458,-2.591
103,1.722,1.618,1.465,-2.752
202,172,2300,7.21,7.65,10.02,136.1
103,1.735,1.558,1.47,-2.959
103,1.534,.822,1.303,-2.932
103,1.158,.804,1.01,-2.839
103,.822,.774,.731,-2.737
103,.805,.793,.722,-1.498
103,.616,.605,.556,-2.108
202,173,0,8.11,9.41,9.58,139.7
103,.541,.519,.488,-3.253
103,.598,.587,.546,-2.729
103,.528,.525,.488,-3.187
103,.45,.456,.421,-3.562
103,.414,.424,.387,-3.47
103,.414,.419,.382,-3.024
202,173,100,9.23,9.64,8.78,142.2
103,.346,.362,.326,-2.654
103,.303,.31,.279,-1.931
103,.273,.28,.255,-2.561
103,.306,.318,.287,-2.728
103,.268,.283,.255,-3.015
103,.261,.275,.245,-1.86
202,173,200,9,9.26,9.1,134.9
103,.245,.258,.231,-2.205
103,.221,.234,.208,-3.002
103,.216,.222,.197,-1.676
103,.176,.18,.16,-1.329
103,.169,.173,.155,-1.293
103,.195,.199,.176,-1.681
202,173,300,8.89,9.65,8.33,131.9
103,.184,.188,.166,-1.438
103,.149,.151,.135,-.597
103,.133,.135,.121,-.267
103,.128,.129,.117,-.24
103,.136,.137,.123,-.255
103,.138,.14,.126,-.155
202,173,400,9.9,10.25,9.27,137.7
103,.151,.153,.137,-.047
103,.155,.156,.14,-.062
103,.174,.176,.158,-.043
103,.179,.181,.163,-.072
103,.201,.203,.182,-.062
103,.207,.21,.188,-.051
202,173,500,9.11,9.35,9.27,138.8
103,.196,.198,.178,-.084
103,.246,.249,.221,-.233
103,.24,.244,.218,-.359
103,.224,.227,.204,-.393
103,.257,.26,.233,-.352
103,.308,.311,.278,-.431
202,173,600,9.8,10.49,9.44,136.5
103,.378,.383,.339,-.608
103,.448,.453,.4,-.221
103,.383,.387,.346,-.241
103,.394,.397,.355,-.247
103,.522,.526,.467,-.15
103,.592,.598,.528,-.387
202,173,700,10.24,10.94,8.96,125.6
103,.674,.681,.603,-1.282
103,.945,.956,.857,-2.099
103,.844,.854,.762,-3.06
103,1.529,1.521,1.365,-2.016
103,1.148,1.159,1.032,-2.497
103,1.11,1.121,1.014,-3.382
202,173,800,9.62,10.66,8.68,124.6
103,1.942,1.942,1.772,-2.51
103,2.176,2.175,1.976,-2.388
103,2.289,2.287,2.067,-2.326
103,2.371,2.37,2.136,-2.316
103,2.651,2.654,2.376,-1.963
103,2.822,2.825,2.517,-1.771
202,173,900,9.59,10.59,9.44,134.1
103,3.009,3.012,2.677,-1.62
103,3.193,3.193,2.831,-1.913
103,3.356,3.35,2.965,-1.779
103,3.523,3.515,3.098,-1.101
103,3.686,3.672,3.226,-.945
103,3.857,3.832,3.36,-.755
202,173,1000,9.66,10.13,9.86,132.2
103,4,3.966,3.468,-.521
103,4.155,4.118,3.589,-.297
103,4.097,4.278,3.714,-.086
103,4.49,4.222,3.836,.165
103,4.67,4.605,3.97,.424
103,4.838,4.766,4.095,.622
202,173,1100,10.56,10.96,11.2,125.6
103,4.974,4.899,4.199,.75
103,5.129,5.035,4.304,.933
103,5.328,5.226,4.451,1.193
103,5.488,5.371,4.559,1.422
103,5.568,5.443,4.609,1.602
103,5.666,5.535,4.678,1.874
202,173,1200,10.11,10.67,11.17,120.9
103,5.75,5.613,4.742,2.087
103,5.858,5.715,4.821,2.339
103,5.984,5.836,4.909,2.615
103,6.066,5.919,4.964,2.803
103,6.24,6.077,5.088,3.018
103,6.335,6.157,5.146,3.154
202,173,1300,9.2,9.69,11.55,123.8
103,6.448,6.256,5.219,3.303
103,6.543,6.337,5.268,3.534
103,6.649,6.425,5.331,3.747
103,6.736,6.501,5.371,3.981
103,6.81,6.567,5.401,4.184
103,6.923,6.679,5.466,4.498
202,173,1400,9.48,9.66,12.06,115.8
103,6.954,6.718,5.455,4.739
103,6.959,6.735,5.421,4.993
103,7.03,6.809,5.435,5.292
103,7.14,6.919,5.483,5.589
103,7.16,6.935,5.449,5.796
103,7.16,6.942,5.424,6.013
202,173,1500,9.45,9.93,12.75,126.8
103,7.16,6.938,5.394,6.192
103,7.18,6.959,5.387,6.384
103,7.2,6.97,5.374,6.569
103,7.22,6.993,5.372,6.799
103,7.19,6.963,5.33,6.909
103,7.16,6.923,5.28,6.983
202,173,1600,10.44,10.73,13.16,123.7
103,7.12,6.886,5.236,7.07
103,7.08,6.847,5.191,7.17
103,7.04,6.801,5.143,7.22
103,6.971,6.74,5.081,7.24
103,6.898,6.675,5.019,7.28
103,6.822,6.607,4.958,7.27
202,173,1700,9.42,10.11,13.67,136.2
103,6.718,6.508,4.873,7.21
103,6.641,6.437,4.809,7.18
103,6.561,6.355,4.741,7.05
103,6.469,6.265,4.667,6.909
103,6.367,6.162,4.588,6.718
103,6.282,6.077,4.522,6.602
202,173,1800,8.5,8.95,13.39,135.3
103,6.29,6.078,4.526,6.68
103,6.178,5.982,4.463,6.728
103,5.501,5.341,4.015,5.605
103,5.366,5.215,3.939,5.51
103,5.524,5.364,4.046,5.8
103,5.705,5.549,4.183,6.42
202,173,1900,8.84,9.28,13.26,134.6
103,5.642,5.512,4.198,6.822
103,6.123,6.019,4.61,8
103,4.983,4.941,3.875,5.613
103,3.788,3.782,3.038,3.474
103,4.644,4.603,3.605,5.479
103,3.677,3.647,2.872,3.907
202,173,2000,7.98,8.27,13.43,135.3
103,3.139,3.112,2.452,2.631
103,2.137,2.107,1.704,-.08
103,2.375,2.323,1.858,.17
103,2.352,2.312,1.861,-.203
103,4.033,3.901,3.001,3.131
103,3.898,3.789,2.912,2.629
202,173,2100,6.357,7.06,13.02,153.5
103,2.359,2.295,1.821,.33
103,2.318,2.231,1.815,1.386
103,2.69,2.604,2.093,2.345
103,2.854,2.766,2.216,2.544
103,1.699,1.643,1.353,-.899
103,1.147,1.112,.922,-2.557
202,173,2200,6.518,6.693,12.85,140.3
103,2.091,2.008,1.614,-.77
103,2.026,1.938,1.564,-.77
103,1.766,1.694,1.379,-1.168
103,1.353,1.308,1.088,-1.222
103,1.212,1.169,.978,-1.826
103,1.282,1.22,1.027,-2.223
202,173,2300,6.083,6.45,12.26,149.2
103,1.186,1.053,.951,-2.321
103,.745,.661,.622,-3.098
103,.62,.593,.523,-2.801
103,.547,.54,.471,-2.697
103,.462,.458,.397,-2.971
103,.56,.555,.474,-1.877
202,174,0,6.103,6.262,12.23,142.4
103,.542,.554,.46,-.718
103,.486,.496,.407,-.219
103,.467,.478,.391,.073
103,.405,.414,.341,.233
103,.358,.367,.301,.232
103,.331,.338,.278,.254
202,174,100,5.183,5.728,12.65,149.2
103,.315,.323,.265,.259
103,.29,.298,.245,.044
103,.245,.252,.208,-.164
103,.216,.223,.186,.219
103,.212,.218,.18,.226
103,.224,.232,.19,.223
202,174,200,5.816,6.062,12.61,146.1
103,.212,.219,.18,-.175
103,.196,.207,.171,-2.139
103,.223,.242,.197,-2.36
103,.253,.275,.223,-1.617
103,.243,.266,.216,-.796
103,.215,.233,.19,-.613
202,174,300,5.914,6.296,12.41,135.5
103,.196,.21,.172,-.727
103,.187,.224,.193,-2.762
103,.346,.369,.309,-2.972
103,.425,.44,.371,-3.342
202,174,600,6.795,7.22,12.72,129.1
103,1.065,1.077,.914,-2.912
103,1.416,1.434,1.209,-2.081
103,2.258,2.285,1.892,-.628
202,174,900,7.82,8.73,12.96,121
103,3.194,3.219,2.594,1.416
103,4.521,4.519,3.618,3.987
103,4.168,4.132,3.253,3.149
202,174,1200,8.71,9.87,13.16,136.4
103,4.785,4.73,3.726,4.599
103,3.913,3.929,3.166,3.489
103,4.68,4.693,3.791,4.302
202,174,1500,7.77,8.88,13.33,143
103,6.408,6.31,4.829,8.24
103,7.09,6.887,5.071,9.59
103,6.129,5.962,4.371,7.77
202,174,1800,6.504,7.13,13.32,143.4
103,4.687,4.601,3.529,6.078
103,5.461,5.307,3.912,7
103,2.346,2.265,1.736,.251
202,174,2100,6.204,6.979,13.26,139.2
103,1.689,1.664,1.339,.95
103,1.074,1.034,.861,-.562
103,.741,.75,.61,.728
202,175,0,5.266,5.619,12.99,128.9
103,.411,.423,.343,-.293