102,170,0,2.956,6.387,1.172,-6999
102,170,300,7.4,9.02,-5.57,-6999
102,170,600,8.08,9.19,-3.931,-6999
102,170,900,9.27,10.66,-4.804,-6999
102,170,1200,9.91,10.69,-1.746,-6999
102,170,1500,7.6,9.18,2.549,-6999
102,170,1800,6.39,7.4,3.118,-6999
102,170,2100,4.612,6.194,.838,-6999
102,171,0,1.578,2.617,-.939,138.1
102,171,300,3.203,4.566,-6.85,108.2
102,171,600,4.912,5.721,-15.57,88.4
102,171,900,5.916,6.555,-6.792,102.3
102,171,1200,6.497,7.4,-2.049,111.2
102,171,1500,6.797,7.73,.738,134.2
102,171,1800,6.187,7.22,1.741,129.1
102,171,2100,4.969,5.908,.335,100.6
102,172,0,5.155,5.639,-6.24,95.6
102,172,300,4.922,5.473,-8.91,115.3
102,172,600,6.169,7.09,-9.18,113.6
102,172,900,7.09,8.32,-6.419,113.5
102,172,1200,8.12,8.91,-.571,110.8
102,172,1500,7.48,7.85,4.626,146.6
102,172,1800,5.133,6.829,8.8,187.5
102,172,2100,1.831,2.919,5.017,221.4
102,173,0,2.407,3.249,-1.944,129.1
102,173,300,3.941,5.207,-5.641,99.2
102,173,600,6.453,7.33,-4.973,102.5
102,173,900,7.93,8.96,-3.024,107.1
102,173,1200,9.52,10.53,.302,106.3
102,173,1500,6.393,9.12,5.831,288.8
102,173,1800,3.82,4.331,3.718,247.6
102,173,2100,3.212,3.788,3.318,220.6
102,174,0,2.591,3.221,1.744,133.3
102,174,300,.995,1.483,1.544,255.5
102,174,600,1.151,2.402,1.242,425.7
102,174,900,2.198,3.03,1.845,381.1
102,174,1200,2.737,3.278,3.755,7.87
102,174,1500,2.815,3.581,4.086,416.7
102,174,1800,2.275,3.162,3.482,442.8
102,174,2100,1.73,2.418,3.182,367.8
102,175,0,1.401,2.119,2.078,41.03
102,175,300,2.166,3.656,-.302,79.6
102,175,600,4.257,7.4,-3.458,119.9
102,175,900,6.613,9.23,.672,122.5
102,175,1200,8.49,9.17,5.534,111.7
102,175,1500,6.337,8.12,10.11,209.8
102,175,1800,5.202,5.734,11.03,126.1
102,175,2100,4.305,5.337,9.36,99.8
102,176,0,5.156,7.28,4.721,97.9
102,176,300,7.47,8.66,-.604,97.8
102,176,600,7.48,8.62,-2.283,101.5
102,176,900,8.76,9.36,-.504,112.8
102,176,1200,9.47,10.53,2.148,106.2
102,176,1500,8.69,9.16,6.603,129.5
102,176,1800,8.54,9.01,7.9,131.9
102,176,2100,8.94,9.25,7.4,130.4
102,177,0,8.74,9.11,5.295,119.4
102,177,300,8.91,9.31,2.885,122.1
102,177,600,9.38,9.89,.302,113
102,177,900,9.52,9.98,1.779,121.1
102,177,1200,9.78,10.7,5.534,130.8
102,177,1500,8.64,8.97,8.64,129.8
102,177,1800,8.28,8.99,10.27,123.5
102,177,2100,7.02,7.37,9.64,120.4
102,178,0,6.891,8.01,6.666,109.9
102,178,300,8.15,8.92,2.347,102.1
102,178,600,8.36,9.02,.772,108.2
102,178,900,8.59,9.15,1.846,102.2
102,178,1200,8.97,9.3,5.266,108.8
102,178,1500,7.71,8.15,9.01,120.6
102,178,1800,6.842,7.7,11.24,122.9
102,178,2100,5.144,5.979,10.03,101.5
102,179,0,4.785,5.629,5.659,110.4
102,179,300,6.243,6.767,1.845,103.7
102,179,600,7.54,7.94,.503,107.3
102,179,900,8.08,8.43,1.645,105.6
102,179,1200,8.12,8.59,5.534,122.6
102,179,1500,7.72,8.12,8.68,120.7
102,179,1800,6.66,7.34,10.54,126.8
102,179,2100,5.032,5.843,10.07,125.5
102,180,0,4.035,5.646,5.86,101.6
102,180,300,5.758,7.07,1.945,102.3
102,180,600,7.3,8.39,.436,102.7
102,180,900,8.47,9.38,2.685,104.4
102,180,1200,9.03,9.74,5.634,106
102,180,1500,8.12,8.88,9.85,115.4
102,180,1800,6.798,7.35,11.71,126.2
102,180,2100,5.749,6.593,11.3,119.9
102,181,0,5.852,7.11,7.9,113.5
102,181,300,7.31,8.27,3.588,104.7
102,181,600,8.86,9.35,1.443,106.2
102,181,900,8.59,9.51,2.349,105.7
102,181,1200,7.95,8.5,6.471,118.1
102,181,1500,6.686,7.51,9.75,142.6
102,181,1800,4.961,5.962,10.58,158.5
102,181,2100,3.03,3.965,10.4,153
102,182,0,2.272,3.12,5.76,135.5
102,182,300,3.089,3.931,-1.342,98.2
102,182,600,4.731,5.936,2.45,121.2
102,182,900,6.889,7.5,2.919,122
102,182,1200,6.74,7.43,5.03,132.7
102,182,1500,7.25,7.9,7.44,140.4
102,182,1800,5.139,6.896,9.61,135.9
102,182,2100,3.007,3.929,11.07,124.6
102,183,0,2.726,4.261,6.495,124.6
102,183,300,5.455,6.177,2.683,122
102,183,600,6.352,6.833,.067,107.2
102,183,900,7.43,8.42,2.081,123.6
102,183,1200,7.06,8.24,5.231,128.6
102,183,1500,5.995,6.557,8.41,145
102,183,1800,5.471,6.266,9.61,158.5
102,183,2100,5.26,5.635,9.64,160.6
102,184,0,3.999,5.139,7.97,143.6
102,184,300,2.274,3.137,6.27,161.8
102,184,600,1.957,3.284,7.28,122.4
102,184,900,2.451,4.088,8.28,158
102,184,1200,3.352,4.847,9.38,171.4
102,184,1500,5.872,6.27,10.75,159.2
102,184,1800,5.393,5.938,11.28,153.4
102,184,2100,4.407,5.456,11.21,144.6
102,185,0,2.692,3.183,8.3,136.2
102,185,300,3.698,4.057,5.766,136.6
102,185,600,4.935,6.112,4.528,128.5
102,185,900,5.686,6.214,7.78,135.7
102,185,1200,5.021,5.542,11.19,148.6
102,185,1500,4.488,5.105,11.15,152.4
102,185,1800,4.435,5.005,11.65,144.3
102,185,2100,3.196,4.04,11.65,141.3
102,186,0,2.835,3.607,11.22,142.6
102,186,300,3.281,3.771,10.45,147.9
102,186,600,3.66,4.282,10.18,156.6
102,186,900,3.761,4.134,10.05,137.8
102,186,1200,5.068,6.147,10.72,138.5
102,186,1500,5.877,6.754,10.91,129.8
102,186,1800,6.105,6.469,11.47,123.2
102,186,2100,5.269,6.184,11.2,120.3
102,187,0,5.339,5.76,9.51,122
102,187,300,7.1,8.22,6.367,124
102,187,600,8.93,9.95,3.924,124.1
102,187,900,10,10.52,3.958,127
102,187,1200,9.94,10.21,7.41,122.7
102,187,1500,8.97,9.91,10.78,125.9
102,187,1800,7.17,8.42,12.21,127.7
102,187,2100,6.265,6.853,12.24,125.5
102,188,0,6.531,6.99,10.61,120.4
102,188,300,7.46,8.45,8.48,130
102,188,600,8.38,9.08,7.44,136.3
102,188,900,8,8.85,9.08,146.5
102,188,1200,6.524,7.01,11.89,147.5
102,188,1500,5.814,6.62,12.65,137.5
102,188,1800,3.567,5.424,12.87,133.9
102,188,2100,3.028,3.576,12.23,141.8
102,189,0,2.183,2.669,9.3,140.7
102,189,300,2.065,2.368,9.12,160.1
102,189,600,1.666,2.333,10.09,105.1
102,189,900,2.968,3.767,10.52,141.4
102,189,1200,4.11,4.52,11.32,156
102,189,1500,4.875,5.445,11.91,136.2
102,189,1800,4.308,4.99,12.24,138.2
102,189,2100,3.866,4.261,11.54,154.7
102,190,0,3.328,4.62,10.92,137.9
102,190,300,5.136,5.851,9.92,162.5
102,190,600,5.325,5.915,9.75,169.5
102,190,900,4.16,5.169,9.82,171.2
102,190,1200,3.554,4.318,10.35,153.8
102,190,1500,4.334,4.692,10.04,178.6
102,190,1800,3.961,4.56,10.28,177
102,190,2100,3.01,3.426,9.04,175.8
102,191,0,0,0,8.28,176.6
102,191,300,0,0,8.95,174.1
102,191,600,0,0,8.55,173.8
102,191,900,0,0,9.45,173.4
102,191,1200,.889,2.418,13.23,175
102,191,1500,2.764,3.858,8.91,215.2
102,191,1800,2.489,3.263,9.97,184
102,191,2100,2.484,3.045,8.84,182.9
102,192,0,2.743,3.097,8.51,189.6
102,192,300,2.063,2.886,7.81,146.3
102,192,600,1.727,1.909,8.18,135.6
102,192,900,2.407,2.952,9.58,132.1
102,192,1200,2.543,2.813,12.15,140.1
102,192,1500,1.827,2.453,12.57,153.8
102,192,1800,2.771,3.431,11.27,163.9
102,192,2100,3.625,4.408,10.88,141.7
102,193,0,3.849,4.823,10.38,144.9
102,193,300,3.798,4.16,10.65,155.1
102,193,600,4.648,5.183,10.42,141.4
102,193,900,4.86,5.452,11.19,141.8
102,193,1200,3.683,5.069,11.86,148.2
102,193,1500,4.639,5.361,11.62,167.3
102,193,1800,4.861,5.821,11.35,162.7
102,193,2100,4.573,5.366,11.45,143.7
102,194,0,2.627,4.074,11.22,112.3
102,194,300,3.811,4.734,11.26,115.6
102,194,600,5.434,6.355,11.96,149.8
102,194,900,4.993,5.4,12.32,131.1
102,194,1200,5.783,6.339,12.95,143.3
102,194,1500,5.786,6.328,12.82,145.3
102,194,1800,4.397,5.251,12.61,135.3
102,194,2100,4.02,4.445,12.04,121.6
102,195,0,4.855,5.274,12.05,130.4
102,195,300,5.1,5.534,12.26,121.7
102,195,600,5.997,6.483,12.06,125
102,195,900,6.389,7.08,11.65,119.3
102,195,1200,7.11,7.69,12.79,121.6
102,195,1500,5.684,6.31,13.45,132.1
102,195,1800,4.175,4.517,13.13,116.9
102,195,2100,4.076,5.092,12.66,107.2
102,196,0,4.915,5.428,12.11,108.4
102,196,300,5.516,5.848,11.59,98.3
102,196,600,5.892,6.906,10.79,113.6
102,196,900,7.46,8.09,11.69,125.3
102,196,1200,7.66,8.26,12.82,129.5
102,196,1500,6.67,7.11,13.21,121.6
102,196,1800,5.577,6.411,13.98,126.4
102,196,2100,5.558,6.843,13.03,121
102,197,0,4.657,5.438,12.28,133.2
102,197,300,5.028,5.395,11.82,129.4
102,197,600,4.711,5.533,10.99,99.1
102,197,900,4.764,5.321,12.12,110.7
102,197,1200,6.021,6.449,12.55,140.8
102,197,1500,5.07,6.372,12.71,131.1
102,197,1800,4.155,5.691,12.96,131.9
102,197,2100,2.979,4.228,12.09,114
102,198,0,4.046,4.933,11.84,122.5
102,198,300,5.265,6.279,10.58,106.5
102,198,600,7.58,8.87,9.42,109.8
102,198,900,9.55,10.59,9.18,104.2
102,198,1200,9.96,10.76,11.35,108.5
102,198,1500,8.85,9.54,13.15,135.6
102,198,1800,7.09,8.69,13.34,137.5
102,198,2100,6.314,6.687,13.04,131.6
102,199,0,6.497,6.82,11.82,129.4
102,199,300,6.202,6.77,10.68,129.1
102,199,600,6.481,6.902,9.88,126.1
102,199,900,7.45,8.54,10.02,122.9
102,199,1200,7.39,7.7,11.92,131.7
102,199,1500,6.467,7.22,12.85,129.7
102,199,1800,5.531,6.299,13.17,138.1
102,199,2100,5.094,5.509,12.83,130
102,200,0,4.184,5.308,11.54,124.2
102,200,300,4.714,5.37,9.72,100.3
102,200,600,5.225,5.764,9.72,121.7
102,200,900,6.696,7.39,9.55,124.2
102,200,1200,6.584,7.14,11.59,124.9
102,200,1500,5.416,6.288,12.58,132.9
102,200,1800,3.917,4.806,13.03,134.2
102,200,2100,3.168,3.675,12.19,136.6
102,201,0,2.251,2.885,9.03,99.3
102,201,300,2.71,3.054,6.4,95.9
102,201,600,3.44,4.012,6.17,95
102,201,900,4.967,5.433,7.81,100.7
102,201,1200,5.758,5.997,10.15,102
102,201,1500,4.814,5.549,11.71,99.9
102,201,1800,3.266,3.953,12.02,98.1
102,201,2100,2.81,3.167,11.42,93.5
102,202,0,3.033,3.721,9.43,93.6
102,202,300,4.306,5.671,8.28,95.8
102,202,600,6.376,6.996,6.069,95.1
102,202,900,7.12,8.07,7.54,105.2
102,202,1200,8.07,8.48,9.88,111.7
102,202,1500,6.856,7.55,11.91,126.8
102,202,1800,5.786,6.335,12.33,131
102,202,2100,4.821,5.208,12.27,142.7
102,203,0,4.252,4.525,10.21,125.6
102,203,300,4.528,5.038,8.08,111.7
102,203,600,4.73,5.958,6.94,105.2
102,203,900,7.41,8.36,7.24,110.3
102,203,1200,7.49,8.12,9.78,110.1
102,203,1500,6.202,7.08,11.95,110
102,203,1800,5.23,5.867,12.14,108.5
102,203,2100,5.07,5.493,12.27,93.3
102,204,0,4.933,5.752,11.58,101.8
102,204,300,6.411,6.963,10.08,98.6
102,204,600,8.18,8.81,9.18,106.5
102,204,900,8.15,9,9.92,110.4
102,204,1200,7.72,8.33,11.39,114.5
102,204,1500,7.06,7.85,12.71,117.6
102,204,1800,5.348,7.22,12.9,118.3
102,204,2100,6.035,7.02,13.03,109.6
102,205,0,6.115,7.26,12.58,97.2
102,205,300,7.89,9.43,11.25,107.1
102,205,600,9.13,9.67,10.59,101
102,205,900,9.87,10.64,9.92,106.7
102,205,1200,10.92,12.06,10.95,103.2
102,205,1500,10.39,11.44,12.62,97
102,205,1800,8.73,11.3,13.07,108.9
102,205,2100,7.06,8,13,94.9
102,206,0,6.337,7.02,11.68,100.6
102,206,300,5.928,6.717,9.61,112.6
102,206,600,6.336,6.924,8.14,120.8
102,206,900,6.528,7.37,7.94,127.8
102,206,1200,6.345,7.01,10.62,169.5
102,206,1500,5.55,6.488,10.21,182.5
102,206,1800,5.45,6.321,10.55,184.5
102,206,2100,4.847,5.533,10.85,164
102,207,0,5.746,6.543,10.42,174
102,207,300,6.211,6.999,8.31,181.8
102,207,600,5.329,6.65,9.22,170.1
102,207,900,4.364,4.854,9.72,170.1
102,207,1200,4.476,5.635,10.62,155.9
102,207,1500,5.132,5.842,11.15,174.2
102,207,1800,4.575,5.418,11.52,167.6
102,207,2100,6.583,7.29,10.38,169.8
102,208,0,7.92,8.78,8.61,201.6
102,208,300,6.462,7.04,8.68,156.7
102,208,600,5.962,6.896,7.78,115.3
102,208,900,4.707,5.725,7.54,127.8
102,208,1200,6.949,8.55,7.14,120.8
102,208,1500,7.35,8.36,10.11,130.3
102,208,1800,6.63,7.4,11.07,134.9
102,208,2100,5.509,6.476,9.9,125.2
102,209,0,5.85,7.01,8.21,125.3
102,209,300,7.52,9.06,4.225,109.8
102,209,600,9.4,10.95,5.636,124
102,209,900,11.65,12.75,5.802,127.8
102,209,1200,12.17,12.89,8.18,137.3
102,209,1500,9.73,11.36,10.75,146.2
102,209,1800,7.56,8.17,11.98,134.3
102,209,2100,6.359,7.37,11.44,129.5
102,210,0,5.636,6.068,10.48,128.5
102,210,300,6.806,7.58,9.08,124.3
102,210,600,5.59,6.28,6.101,108.4
102,210,900,5.453,5.997,5.5,109.4
102,210,1200,4.389,5.194,8.08,123.6
102,210,1500,3.503,3.988,11.08,137.6
102,210,1800,1.52,2.458,12.29,363
102,210,2100,1.037,1.573,9.59,272.7
102,211,0,1.594,2.355,8.14,283.2
102,211,300,2.137,2.513,8.24,291.4
102,211,600,1.183,1.446,8.14,321.5
102,211,900,1.458,1.998,8.51,10.95
102,211,1200,1.987,2.623,9.78,348.1
102,211,1500,2.826,3.992,9.94,334.5
102,211,1800,4.032,5.297,9.5,339.6
102,211,2100,4.959,5.704,8.54,358.2
102,212,0,2.469,5.369,7.84,5.065
102,212,300,2.752,5.266,5.632,34.95
102,212,600,5.683,8.65,-1.846,99.8
102,212,900,9.47,10.89,-4.77,107.3
102,212,1200,10.42,10.8,.369,119.3
102,212,1500,9.96,10.58,4.392,118.2
102,212,1800,8,9.85,7.77,142.3
102,212,2100,4.627,7.35,7.66,127.8
102,213,0,3.339,6.072,5.963,114.3
102,213,300,6.903,8.63,3.723,113.3
102,213,600,8.35,9.21,1.074,104
102,213,900,9.43,10.48,.973,105.4
102,213,1200,10.11,10.9,3.389,115.7
102,213,1500,8.31,9.55,7.44,125.8
102,213,1800,6.734,7.82,9.21,137.5
102,213,2100,4.418,6.746,8.97,138.1
102,214,0,4.17,4.859,5.092,112.9
102,214,300,5.641,6.975,2.348,109.7
102,214,600,7.36,7.95,.503,106.6
102,214,900,9.25,9.79,1.511,112.4
102,214,1200,8.6,9.75,6.138,113
102,214,1500,5.966,6.544,10.75,124.9
102,214,1800,4.971,5.691,12.07,131
102,214,2100,3.782,4.212,11.63,137.5
102,215,0,4.217,4.811,8.74,127.5
102,215,300,5.161,6.191,6.402,121.7
102,215,600,6.872,7.35,5.4,122.8
102,215,900,7.16,7.52,5.467,123.3
102,215,1200,6.698,7.47,8.35,134.2
102,215,1500,6.204,7.16,10.65,154.6
102,215,1800,4.701,5.408,11.31,150.4
102,215,2100,4.216,4.466,10.95,148
102,216,0,4.557,5.289,10.15,143.1
102,216,300,5.061,5.428,9.95,121.1
102,216,600,4.562,5.23,10.22,147.3
102,216,900,5.666,6.2,10.62,160.6
102,216,1200,5.389,5.632,10.79,174.7
102,216,1500,5.505,5.912,10.82,170
102,216,1800,4.74,5.209,11.15,288
102,216,2100,3.685,4.04,10.68,184.4
102,217,0,1.907,3.879,10.18,194.2
102,217,300,0,0,9.38,193.7
102,217,600,0,0,9.38,193.5
102,217,900,0,0,10.32,193.8
102,217,1200,2.365,4.23,10.85,188.3
102,217,1500,4.97,6.168,10.05,194
102,217,1800,5.681,6.166,9.55,203.3
102,217,2100,4.759,5.668,8.95,187.7
102,218,0,5.988,6.706,7.01,174.6
102,218,300,5.686,6.055,8.38,208.7
102,218,600,4.428,6.549,7.51,247.7
102,218,900,3.714,5.226,7.14,200.5
102,218,1200,4.502,5.146,8.01,233.9
102,218,1500,4.805,5.148,9.08,207.3
102,218,1800,3.529,4.146,9.61,198.6
102,218,2100,3.425,3.97,9.01,201.3
102,219,0,2.626,3.046,7.84,202.6
102,219,300,2.07,3.02,6.839,202.5
102,219,600,1.658,2.068,6.237,202.5
102,219,900,1.385,1.92,8.12,202.7
102,219,1200,2.851,3.867,9.42,155
102,219,1500,3.884,4.615,10.48,172.4
102,219,1800,4.533,5.208,9.25,193.5
102,219,2100,3.995,5.068,8.54,151.8
102,220,0,3.1,3.78,9.79,143.1
102,220,300,2.699,2.948,9.85,189.7
102,220,600,2.952,3.48,9.72,158.9
102,220,900,3.478,4.2,9.88,170.9
102,220,1200,3.14,3.428,10.79,160.8
102,220,1500,3.723,4.425,11.22,176
102,220,1800,3.717,4.334,11.32,152.7
102,220,2100,3.944,4.785,11.45,148
102,221,0,3.324,4.205,11.86,125.5
102,221,300,4.165,4.972,10.99,99.9
102,221,600,5.398,7.52,12.56,124.8
102,221,900,8.11,9.88,10.65,125.5
102,221,1200,8.34,9.17,12.66,141.1
102,221,1500,6.649,7.89,12.15,154.1
102,221,1800,4.655,5.712,12.67,141.4
102,221,2100,3.877,4.895,10.24,159.3
102,222,0,2.963,4.177,9.55,155
102,222,300,0,0,9.35,135.6
102,222,600,0,0,9.92,141.4
102,222,900,1.886,5.336,10.86,141.8
102,222,1200,6.155,6.859,12.19,133.1
102,222,1500,6.419,7.26,12.75,126.1
102,222,1800,5.014,5.713,13.07,113.4
102,222,2100,4.839,5.361,13,102
102,223,0,5.966,8.65,11.41,99.8
102,223,300,10.06,11.54,6.601,104.2
102,223,600,11.12,11.82,5.5,100.4
102,223,900,12.06,12.35,4.763,115.6
102,223,1200,12.04,12.79,8.31,112.4
102,223,1500,11.08,12.48,11.75,142.1
102,223,1800,9.17,9.81,12.98,127.2
102,223,2100,8.45,9.06,13.61,117
102,224,0,10.11,11.34,12.08,128.8
102,224,300,10.7,11.3,9.72,159.2
102,224,600,9.17,9.9,7.81,131.5
102,224,900,8.9,9.71,8.25,144.6
102,224,1200,9.19,9.62,10.42,122.7
102,224,1500,8.23,9.28,12.35,138.9
102,224,1800,6.408,7.09,12.64,130.6
102,224,2100,5.814,6.685,12.21,134.2
102,225,0,5.254,6.165,10.78,122
102,225,300,6.766,7.24,8.01,115.6
102,225,600,7.36,9.1,4.561,102.6
102,225,900,8.54,9.03,4.763,99.7
102,225,1200,7.72,8.11,7.31,104.9
102,225,1500,6.944,8.12,11.35,106.8
102,225,1800,5.016,5.549,12.15,117.5
102,225,2100,4.556,5.343,12.15,115.7
102,226,0,5.172,6.707,9.91,101.3
102,226,300,7.21,7.62,6.067,91.9
102,226,600,7.5,8.07,5.601,106.5
102,226,900,9.12,10.27,3.891,107
102,226,1200,9.67,10.76,7.81,123.9
102,226,1500,9.11,10.46,11.39,149.1
102,226,1800,6.624,7.98,12.15,145.9
102,226,2100,5.108,5.689,12.11,138.8
102,227,0,4.539,5.308,10.05,143.9
102,227,300,3.136,3.709,7.84,143.3
102,227,600,.9,2.235,7.48,320.5
102,227,900,.928,1.816,7.44,211.3
102,227,1200,1.042,1.503,9.01,121.9
102,227,1500,1.14,1.414,11.01,172.9
102,227,1800,.871,1.269,9.86,282.4
102,227,2100,1.259,1.816,9.07,360.4
102,228,0,1.398,3.021,8.38,344.2
102,228,300,2.302,3.806,7.41,357.6
102,228,600,1.244,2.841,7.21,350.5
102,228,900,1.932,3.672,7.54,353.6
102,228,1200,2.902,4.455,8.14,359.1
102,228,1500,4.457,5.309,8.51,333.7
102,228,1800,4.47,4.692,8.71,300.4
102,228,2100,4.042,4.84,8.21,268.8
102,229,0,2.631,3.653,7.61,263
102,229,300,.516,2.019,6.873,262.9
102,229,600,0,0,2.281,89.4
102,229,900,.15,2.707,-1.309,81.5
102,229,1200,6.594,7.6,.805,94.9
102,229,1500,5.273,7.12,6.534,105.5
102,229,1800,3.055,4.173,9.34,149.1
102,229,2100,1.382,2.155,4.886,147.5
102,230,0,2.598,3.052,-.168,113.2
102,230,300,4.185,5.114,-2.787,99.6
102,230,600,5.769,6.155,-3.729,95.2
102,230,900,5.827,6.821,-.302,117.1
102,230,1200,6.544,7.04,3.993,121
102,230,1500,6.837,8.13,7.27,127.2
102,230,1800,6.287,8.27,8.37,143.4
102,230,2100,4.92,5.979,6.428,139.2
102,231,0,4.59,5.555,2.515,122.6
102,231,300,5.665,6.424,-.101,112.5
102,231,600,5.892,7.21,.034,101.4
102,231,900,6.686,7.2,1.813,109.9
102,231,1200,6.837,7.68,4.562,115.9
102,231,1500,6.987,7.79,8.17,124.5
102,231,1800,6.71,7.44,9.47,124.8
102,231,2100,5.51,5.89,8.1,124.6
102,232,0,5.749,6.418,5.362,112.3
102,232,300,6.486,7.38,2.952,103.1
102,232,600,8.12,8.83,4.06,110.7
102,232,900,7.44,8.29,3.825,127.3
102,232,1200,7.32,8.44,5.835,120.4
102,232,1500,7.28,8.07,8.68,143.4
102,232,1800,6.501,7.37,9.48,152.1
102,232,2100,3.45,5.016,7.77,101
102,233,0,4.34,6.055,2.849,105.6
102,233,300,7.3,8.65,.604,105.3
102,233,600,9.08,9.82,-1.511,105.7
102,233,900,10.2,10.62,-.772,112.1
102,233,1200,10.07,10.86,3.223,112.8
102,233,1500,8.55,9.45,7.01,113.9
102,233,1800,6.464,7.3,8.2,122
102,233,2100,4.9,5.33,6.158,120.4
102,234,0,5.084,6.269,2.179,112.4
102,234,300,7.3,8.79,1.409,124.9
102,234,600,8.33,9.17,.571,128
102,234,900,9.04,9.77,2.182,129.6
102,234,1200,9.39,9.89,5.367,122.5
102,234,1500,8.19,8.9,8.51,142.6
102,234,1800,7.27,7.58,9.24,140.2
102,234,2100,6.826,7.32,7.73,134.6
102,235,0,7.22,7.95,4.693,116.8
102,235,300,8.53,9.95,3.389,124.1
102,235,600,9.37,9.84,2.719,112.7
102,235,900,9.83,10.44,4.228,117.6
102,235,1200,9.2,10.06,7.31,128.6
102,235,1500,8.53,9.01,9.55,135.6
102,235,1800,8.82,9.39,10.38,128.8
102,235,2100,8.57,9.01,9.78,133.6
102,236,0,8.14,8.98,9.28,134.4
102,236,300,9.38,10.3,8.48,127.2
102,236,600,9.86,10.24,8.72,130.5
102,236,900,8.89,9.91,9.22,141
102,236,1200,6.882,7.37,10.76,148.3
102,236,1500,5.72,6.47,11.05,153.4
102,236,1800,6.097,7.04,10.92,171.1
102,236,2100,5.165,5.627,10.42,160.1
102,237,0,4.968,5.62,10.85,141.5
102,237,300,4.929,6.045,11.12,130.4
102,237,600,8.5,9.47,6.268,100.6
102,237,900,10.22,11.74,5.298,131.4
102,237,1200,8.23,10.63,7.75,138.8
102,237,1500,7.51,8.26,8.85,124.2
102,237,1800,7.37,8.11,8.21,121.1
102,237,2100,7.76,8.15,6.97,120.5
102,238,0,7.52,8.43,4.829,127.6
102,238,300,8.81,9.94,2.013,120.4
102,238,600,9.94,10.25,.974,126.3
102,238,900,9.4,10.07,2.384,127
102,238,1200,9.4,10.12,5.501,121.2
102,238,1500,9.14,9.86,8.51,138.6
102,238,1800,8.55,9.4,9.61,129.1
102,238,2100,7.23,7.9,8.03,130.3
102,239,0,6.521,6.961,3.62,112.7
102,239,300,6.945,8.33,.201,109.9
102,239,600,8.48,9.01,-1.007,103.5
102,239,900,9.36,10.41,-1.545,106.1
102,239,1200,9.99,10.59,.134,108.8
102,239,1500,9.36,10.03,4.561,112.1
102,239,1800,7.69,8.45,6.564,108.4
102,239,2100,6.498,7.1,4.723,115.5
102,240,0,6.689,7.03,-.201,100.8
102,240,300,8.47,9.51,-3.123,98.6
102,240,600,9.76,10.04,-3.998,116.3
102,240,900,8.9,9.26,1.545,122.5
102,240,1200,7.35,8.56,5.57,140.4
102,240,1500,5.435,6.183,7.74,146.9
102,240,1800,5.199,5.77,7.64,144.7
102,240,2100,4.949,5.594,7.61,145.7
102,241,0,2.042,3.03,6.806,155.6
102,241,300,2,2.386,6.506,166.2
102,241,600,2.373,2.702,5.266,152.7
102,241,900,3.769,4.456,6.105,141
102,241,1200,5.057,5.733,2.717,121.1
102,241,1500,5.922,6.517,5.395,121.9
102,241,1800,6.025,6.367,5.925,125.6
102,241,2100,5.67,6.417,4.891,132.4
102,242,0,5.413,6.433,2.516,121.8
102,242,300,5.916,6.779,-.101,116.7
102,242,600,6.158,6.537,-2.519,101.2
102,242,900,5.979,6.252,-3.259,100.8
102,242,1200,5.258,5.859,-1.176,109.3
102,242,1500,4.457,5.094,2.28,114.3
102,242,1800,3.699,4.437,2.009,106.4
102,242,2100,3.16,3.948,-1.875,101.6
102,243,0,3.75,4.232,-4.968,101.2
102,243,300,5.061,6.513,-10.35,95.6
102,243,600,7.18,7.45,-13.86,89.6
102,243,900,8,8.92,-16.46,93.8
102,243,1200,9.43,10.3,-14.63,99.7
102,243,1500,10.06,11.18,-7.63,104.8
102,243,1800,7.05,8.73,-4.562,112.4
102,243,2100,5.865,7.31,-6.341,109.1
102,244,0,6.127,6.606,-11.7,99.3
102,244,300,7.04,7.38,-11.77,106.4
102,244,600,7.76,8.01,-12.14,101.6
102,244,900,7.99,8.71,-9.92,116
102,244,1200,8.18,8.57,-4.808,122.5
102,244,1500,8.08,8.66,.638,134.1
102,244,1800,6.668,7.53,3.152,153.4
102,244,2100,5.322,5.853,-.101,141
102,245,0,7.11,7.78,-2.922,136.9
102,245,300,6.192,6.902,-2.015,143.4
102,245,600,4.612,5.252,-.437,141.7
102,245,900,4.817,6.172,2.25,128.6
102,245,1200,6.19,7.03,3.154,140.5
102,245,1500,5.09,5.957,4.831,162.5
102,245,1800,4.86,5.899,5.366,186.6
102,245,2100,5.454,6.146,4.058,165.4
102,246,0,5.653,6.378,2.55,149.9
102,246,300,6.621,6.777,2.819,142.8
102,246,600,6.011,6.608,3.927,162.1
102,246,900,5.268,5.864,3.624,152.6
102,246,1200,5.582,6.044,3.254,152.1
102,246,1500,5.723,6.197,5.065,180.5
102,246,1800,4.767,5.564,5.396,195.3
102,246,2100,4.945,6.083,2.482,147.2
102,247,0,4.444,5.165,3.053,149.9
102,247,300,5.691,6.208,1.376,140.2
102,247,600,6.643,7.43,-.604,122.1
102,247,900,7.8,8.29,-3.897,128.5
102,247,1200,7.41,8.1,-3.326,111.1
102,247,1500,7.56,8.23,-1.242,125.6
102,247,1800,6.638,7.18,1.476,133.3
102,247,2100,6.198,6.723,-1.677,118.1
102,248,0,5.141,5.756,-4.267,111.9
102,248,300,7.51,8.69,-5.142,113.1
102,248,600,8.44,10.4,-5.782,109.4
102,248,900,10.14,10.66,-6.959,105.1
102,248,1200,9.88,10.83,-6.755,99.1
102,248,1500,10.24,10.82,-6.382,105.7
102,248,1800,9.15,9.91,-4.328,94.1
102,248,2100,8.95,9.38,-6.343,105.1
102,249,0,9.56,10.19,-9.21,104.9
102,249,300,10.44,11.05,-10.12,114.7
102,249,600,9.9,10.5,-10.93,112.8
102,249,900,11.23,11.93,-10.46,113
102,249,1200,12.07,13.15,-4.673,120.9
102,249,1500,13.14,13.97,-2.116,114.7
102,249,1800,11.52,12.62,.94,129.9
102,249,2100,9.86,11.46,4.899,134.4
102,250,0,8.08,8.62,5.804,133.7
102,250,300,7.17,7.78,7.51,143.3
102,250,600,6.26,7.36,7.44,147.6
102,250,900,4.324,4.945,7.44,176.3
102,250,1200,4.444,5.574,7.88,177.9
102,250,1500,5.521,5.856,7.47,154.3
102,250,1800,5.728,6.451,8.51,135.3
102,250,2100,7.79,9.89,5.26,118.2
102,251,0,9.47,10.32,7.51,142.1
102,251,300,9.17,9.73,6.809,133
102,251,600,10.36,12.57,2.818,123
102,251,900,13.36,13.84,.537,110.4
102,251,1200,15.04,16.14,2.719,122.5
102,251,1500,13.67,15.44,6.607,158.2
102,251,1800,10.93,12.41,5.768,158.9
102,251,2100,9.7,10.74,6.272,164.9
102,252,0,6.487,8.11,5.601,162.4
102,252,300,5.306,6.257,3.858,182
102,252,600,4.906,5.422,3.557,178.9
102,252,900,3.304,4.162,3.758,136.2
102,252,1200,2.898,3.127,3.993,129.2
102,252,1500,2.719,3.083,3.887,104.5
102,252,1800,2.543,3.188,-1.239,92.8
102,252,2100,3.532,4.121,-7.65,88.7
102,253,0,4.662,5.707,-13.51,88.8
102,253,300,6.319,7.16,-16.79,88.8
102,253,600,8.3,9.74,-20.16,99.2
102,253,900,9.61,10.26,-21.45,104
102,253,1200,9.28,10.07,-17.37,105.2
102,253,1500,8.58,9.17,-12.17,97.1
102,253,1800,8.16,9.11,-8.3,119.5
102,253,2100,6.905,7.85,-7.22,115.3
102,254,0,6.324,7.07,-12.98,114.7
102,254,300,8.05,8.62,-15.95,115.9
102,254,600,8.45,9.46,-14.54,106
102,254,900,9.55,10.42,-12.75,111
102,254,1200,10.43,11.4,-8.48,108.5
102,254,1500,9.17,10.07,-2.989,110.8
102,254,1800,7.67,8.13,-.671,112.7
102,254,2100,8.29,8.82,-2.047,116
102,255,0,9.07,9.86,-4.3,121.9
102,255,300,8.21,9.45,-6.723,100.7
102,255,600,8.76,9.48,-7.03,114.4
102,255,900,8.49,9.43,-7.46,119.5
102,255,1200,8.28,8.84,-4.773,123.4
102,255,1500,8.87,9.68,-1.41,132.8
102,255,1800,8.28,8.92,1.107,129.9
102,255,2100,8.34,8.95,1.242,123.8
102,256,0,8.36,9.64,.436,122.2
102,256,300,10.03,10.8,.134,131.1
102,256,600,11.06,12.11,1.511,133.8
102,256,900,11.64,12.12,3.122,130.8
102,256,1200,11.54,12.35,3.893,143.3
102,256,1500,11.77,12.31,4.597,145.3
102,256,1800,8.68,11.16,2.952,181.8
102,256,2100,6.259,7.05,2.886,168.5
102,257,0,5.03,6.088,1.98,157.2
102,257,300,4.492,5.589,2.987,151.8
102,257,600,4.666,5.1,3.524,148.8
102,257,900,4.691,5.244,3.758,146.5
102,257,1200,3.715,4.013,4.127,126.8
102,257,1500,4.219,4.889,5.366,122.7
102,257,1800,2.86,3.369,6.603,148.6
102,257,2100,1.724,2.267,6.034,167.9
102,258,0,.656,1.027,5.065,66.48
102,258,300,1.354,3.05,3.858,128.5
102,258,600,1.235,2.292,3.423,78.5
102,258,900,4.408,5.913,-1.712,99
102,258,1200,5.447,6.007,-1.813,104.4
102,258,1500,3.931,5.378,1.342,118.5
102,258,1800,1.514,2.439,3.455,133.4
102,258,2100,.336,.663,1.576,152.8
102,259,0,1.246,2.075,-1.343,151.4
102,259,300,4.286,7.19,-5.979,123.8
102,259,600,7.75,8.4,-9.24,102.6
102,259,900,7.19,8.2,-11.27,107.5
102,259,1200,6.856,7.46,-6.725,119.5
102,259,1500,6.214,6.777,-2.72,113.7
102,259,1800,6.179,7.57,-3.119,142.1
102,259,2100,4.872,5.649,-8.49,91.4
102,260,0,5.884,6.851,-4.604,119.8
102,260,300,7.39,8.69,-4.504,133
102,260,600,8.66,9.71,-3.092,133.7
102,260,900,9.89,10.88,-.672,130.4
102,260,1200,8.8,9.72,2.485,148.8
102,260,1500,8.53,8.87,5.636,144.7
102,260,1800,8.71,9.78,5.329,138.2
102,260,2100,9.4,10.04,3.488,131
102,261,0,10.73,11.62,1.51,140.4
102,261,300,10.82,11.81,-.672,154
102,261,600,9.35,10.48,-2.654,145.2
102,261,900,8.13,8.68,-3.562,147
102,261,1200,7.14,7.64,-.537,135
102,261,1500,7.3,7.8,1.912,134.4
102,261,1800,6.766,7.87,2.448,140.4
102,261,2100,6.645,7.15,-.268,125.9
102,262,0,8.68,9.67,-4.668,117.7
102,262,300,9.82,11.38,-8,107
102,262,600,10.17,11.3,-8.27,105.7
102,262,900,10.53,11.49,-7.16,99.1
102,262,1200,8.75,9.37,-1.916,120.2
102,262,1500,7.92,8.67,1.275,122
102,262,1800,8.38,9.25,1.04,137.6
102,262,2100,7.11,8.03,-.57,124
102,263,0,8.54,9.48,-1.075,129.6
102,263,300,8.4,9.23,-1.445,117.6
102,263,600,9.34,10.3,-.974,125
102,263,900,9.2,9.79,-1.646,116.7
102,263,1200,9.42,10.66,-.739,123.1
102,263,1500,8.72,9.51,2.919,125.2
102,263,1800,7.84,8.9,3.05,125.8
102,263,2100,7.71,8.87,1.107,126
102,264,0,9.54,10.58,.738,123
102,264,300,11.27,12.22,.168,112.5
102,264,600,12.12,13.39,-1.646,106
102,264,900,13.48,14.58,-.638,106.4
102,264,1200,13.55,14.86,2.351,124.3
102,264,1500,14.91,17.27,9.22,144.3
102,264,1800,15.94,17.87,10.16,167.5
102,264,2100,14.39,16.27,9.69,151.7
102,265,0,13,13.79,8.88,150.8
102,265,300,13.09,14,8.65,142.7
102,265,600,11.63,13,8.11,149.5
102,265,900,10.09,10.6,7.31,147.8
102,265,1200,8.5,9.21,6.339,142.1
102,265,1500,8.58,9.43,6.908,146.6
102,265,1800,7.43,7.86,6.337,142.3
102,265,2100,7.01,8.42,4.327,148.5
102,266,0,9.08,10.4,3.154,138.1
102,266,300,9.63,10.57,1.645,137.2
102,266,600,10.01,11.1,.134,130.9
102,266,900,9.48,9.9,.369,126.3
102,266,1200,8.89,9.8,1.075,140.7
102,266,1500,8.43,8.99,3.121,149.1
102,266,1800,7.4,8.6,2.65,144.1
102,266,2100,6.64,7.47,1.275,125.2
102,267,0,6.901,7.68,-2.788,128
102,267,300,7.23,7.72,-.706,135.6
102,267,600,7.21,8,1.007,126.6
102,267,900,8,9.7,.067,130.9
102,267,1200,11.72,12.78,.235,139.5
102,267,1500,12.12,13.2,1.712,128.3
102,267,1800,11.24,12.22,5.133,122
102,267,2100,11.16,11.94,7.38,130.5
102,268,0,12.19,13.34,8.99,128.9
102,268,300,12.86,15.58,9.05,137.6
102,268,600,16.23,16.79,9.35,142
102,268,900,15.56,16.93,8.75,150.4
102,268,1200,14.09,15.52,9.28,153.6
102,268,1500,12.69,14.13,10.72,160.6
102,268,1800,7.49,12.1,8.01,206
102,268,2100,9.17,10.65,4.829,204.7
102,269,0,9.48,10.79,4.261,162
102,269,300,8.33,10.02,2.819,161
102,269,600,7.79,8.27,3.457,163
102,269,900,6.853,7.64,1.813,167.3
102,269,1200,5.907,6.547,.067,135
102,269,1500,5.817,6.356,-.369,136.6
102,269,1800,5.473,5.858,-1.476,127
102,269,2100,5.872,6.28,-6.514,127.3
102,270,0,6.971,7.54,-4.604,139.4
102,270,300,6.111,7.12,-1.344,144.9
102,270,600,6.617,8.1,-3.393,225.8
102,270,900,6.38,7.93,-4.301,226.3
102,270,1200,4.651,6.307,-3.999,171.4
102,270,1500,2.977,3.462,-3.192,157.6
102,270,1800,2.51,3.166,-3.661,141.8
102,270,2100,1.976,2.347,-5.812,113.8
102,271,0,2.504,4.343,-19.97,79.8
102,271,300,5.705,7.41,-21.68,75.3
102,271,600,9.26,13.59,-17.51,90
102,271,900,12.02,13.79,-18.25,103.9
102,271,1200,12.45,13.24,-13.33,89.9
102,271,1500,12.18,12.95,-10.22,83.9
102,271,1800,11.27,12.22,-9.31,82.3
102,271,2100,11.29,11.63,-11.6,96.1
102,272,0,12.71,13.23,-15.41,94.7
102,272,300,12.97,13.46,-16.9,96
102,272,600,13.45,14.12,-16.63,87.7
102,272,900,14.85,15.98,-16.16,96.1
102,272,1200,14.63,15.17,-14.14,102.1
102,272,1500,14.91,15.46,-9.65,101.6
102,272,1800,13.82,14.36,-7.9,102.4
102,272,2100,13.83,14.87,-10.49,105.5
102,273,0,13.69,14.31,-10.56,113.2
102,273,300,12.64,13.39,-5.584,111.9
102,273,600,13.26,14,-1.613,122.9
102,273,900,13.49,14.07,.034,115.3
102,273,1200,14.24,15.58,.974,114.5
102,273,1500,14.78,15.64,5.703,119.5
102,273,1800,13.93,15.63,8.24,130.1
102,273,2100,11.68,12.41,8.85,130.5
102,274,0,12.29,13.15,9.52,131.7
102,274,300,12.14,12.71,10.29,131.1
102,274,600,10.36,11.85,11.43,145.9
102,274,900,11.17,12.98,11.6,127.4
102,274,1200,11.74,13.37,12.3,127.6
102,274,1500,10.85,11.99,13.46,143.7
102,274,1800,9.05,10.89,13.89,146.3
102,274,2100,9.68,10.85,12.09,140.1
102,275,0,9,10.31,10.92,146.9
102,275,300,7.04,8.48,8.35,115.2
102,275,600,6.406,7.27,7.58,101
102,275,900,7.33,9.52,10.83,108.5
102,275,1200,9.23,10.91,10.25,137.9
102,275,1500,9.36,10.29,10.95,135.9
102,275,1800,7.71,8.81,9.61,116.1
102,275,2100,7.67,8.7,8.17,138.1
102,276,0,6.853,7.63,6.707,118.8
102,276,300,5.597,9.29,8.32,113.6
102,276,600,8.01,9.61,9.76,123.6
102,276,900,8.69,10.44,9.02,127.1
102,276,1200,9.1,10.86,10.05,133.9
102,276,1500,10.24,10.97,10.65,146.9
102,276,1800,10.41,11.51,8.61,134
102,276,2100,9.84,11.44,8.58,131
102,277,0,8.13,8.9,11.03,146.2
102,277,300,9.58,11.04,10.52,130.7
102,277,600,11.86,12.89,10.72,132
102,277,900,12.22,14.16,11.63,137.2
102,277,1200,11.97,14.04,12.93,115.9
102,277,1500,14.87,16.24,12.86,127.9
102,277,1800,13.13,14.76,11.79,135.2
102,277,2100,11.75,13.65,12.16,137.8
102,278,0,13.07,15.46,12.02,138.6
102,278,300,12.75,15.04,9.48,141.7
102,278,600,12.37,14.1,7.24,154.3
102,278,900,9.96,10.6,6.975,156.9
102,278,1200,10.13,11.4,6.841,157.3
102,278,1500,10.87,11.84,6.908,163
102,278,1800,9.29,11,6.372,159.9
102,278,2100,8.12,8.82,5.4,153.4
102,279,0,8.06,9.24,4.428,154.3
102,279,300,6.559,8,4.497,147
102,279,600,6.32,6.746,5.2,146.6
102,279,900,5.569,6.727,3.993,136.2
102,279,1200,5.89,6.542,1.946,131.2
102,279,1500,5.6,6.216,1.611,131.2
102,279,1800,4.865,5.369,-.704,112.6
102,279,2100,5.824,7.02,-1.309,106.2
102,280,0,6.197,7.4,3.291,113.4
102,280,300,6.647,7.92,3.189,120.2
102,280,600,6.051,7.52,6.711,146.6
102,280,900,4.05,4.948,4.763,159.8
102,280,1200,3.654,4.299,2.148,150.7
102,280,1500,3.843,4.695,3.12,144.7
102,280,1800,4.904,5.708,4.965,168.1
102,280,2100,3.764,4.478,3.254,170.7
102,281,0,2.552,2.945,3.289,162.4
102,281,300,2.016,2.237,3.221,175.9
102,281,600,1.135,1.831,4.094,162.4
102,281,900,1.504,1.75,4.295,142.6
102,281,1200,1.434,1.7,5.469,174.9
102,281,1500,1.569,1.748,4.965,152.7
102,281,1800,1.838,2.136,1.711,131.8
102,281,2100,2.537,2.771,-.235,116.2
102,282,0,4.322,5.631,-.94,116
102,282,300,7.73,9.54,-3.393,116.3
102,282,600,8.15,9.11,-1.008,124.1
102,282,900,9.35,11.16,.672,127.9
102,282,1200,9.75,11.61,2.183,151.1
102,282,1500,6.858,8.61,3.155,145.2
102,282,1800,5.776,6.384,3.758,153.6
102,282,2100,4.189,5.365,2.651,154.1
102,283,0,2.397,2.986,1.712,168.7
102,283,300,1.482,2.361,1.746,185.6
102,283,600,.992,1.312,.504,73.1
102,283,900,.729,1.132,0,160
102,283,1200,1.34,2.224,-2.619,55.21
102,283,1500,3.131,4.691,-6.751,86.3
102,283,1800,4.866,5.679,-.638,97
102,283,2100,4.993,6.647,2.116,120.9
102,284,0,5.868,6.304,-1.511,138.6
102,284,300,5.684,6.659,1.075,137.9
102,284,600,4.74,5.497,2.518,140.8
102,284,900,4.415,4.986,1.141,149.7
102,284,1200,4.155,5.169,2.585,142.1
102,284,1500,4.478,5.98,2.584,160.1
102,284,1800,4.774,5.632,-1.746,180.8
102,284,2100,3.469,4.239,-1.075,205.8
102,285,0,2.746,3.336,-1.243,185.8
102,285,300,1.833,2.441,-1.142,170
102,285,600,0,0,-3.897,179.8
102,285,900,0,0,-5.109,179.4
102,285,1200,0,0,-3.697,179.6
102,285,1500,0,0,-2.352,179
102,285,1800,0,0,-2.083,180.4
102,285,2100,0,0,-2.688,180.4
102,286,0,0,0,-2.721,179.6
102,286,300,0,0,-3.629,179.3
102,286,600,0,0,-11.97,178.1
102,286,900,0,0,-17.9,98.5
102,286,1200,1.328,5.588,-14.34,102.3
102,286,1500,6.296,7.19,-14.43,108.2
102,286,1800,7.69,8.44,-11.2,116.8
102,286,2100,8.33,8.78,-7.4,117.4
102,287,0,7.69,8.54,-3.833,123.7
102,287,300,6.525,7.06,2.016,129.8
102,287,600,4.61,5.959,3.861,134.1
102,287,900,4.528,5.244,3.457,123.8
102,287,1200,5.433,6.248,-1.612,98.6
102,287,1500,6.368,7.2,1.577,108.5
102,287,1800,8.23,8.69,4.295,115.3
102,287,2100,7.69,8.71,7.48,133.9
102,288,0,8.24,8.8,11.53,141.4
102,288,300,8.74,9.47,11.39,152.1
102,288,600,7.34,8.04,11.09,166
102,288,900,6.325,7.14,11.16,163.8
102,288,1200,7.17,8.8,11.02,172.5
102,288,1500,6.594,7.12,11.69,156.3
102,288,1800,6.942,7.79,11.79,149.5
102,288,2100,6.047,7.62,11.86,143.4
102,289,0,6.153,8.55,12.06,141.4
102,289,300,7.95,9.25,11.93,182.8
102,289,600,6.124,7.36,11.86,166.1
102,289,900,7.07,7.82,11.59,157.9
102,289,1200,6.779,8.1,11.22,160.5
102,289,1500,4.623,6.611,11.22,146.3
102,289,1800,4.739,5.586,12.13,101.2
102,289,2100,5.779,6.714,11.59,146.3
102,290,0,6.834,7.61,8.58,154
102,290,300,5.558,6.708,9.75,137.5
102,290,600,6.808,7.43,7.91,124.3
102,290,900,6.625,7.22,7.28,132.8
102,290,1200,6.324,6.758,7.04,124.4
102,290,1500,6.49,6.932,5.364,110.5
102,290,1800,5.757,6.478,6.099,125.6
102,290,2100,6.848,7.44,5.132,118.1
102,291,0,8.36,9.19,5.066,121.4
102,291,300,8.63,9.35,5.066,117.5
102,291,600,8.81,9.33,5.268,128.1
102,291,900,8.62,9.43,5.2,110.4
102,291,1200,7.69,8.66,6.038,112.1
102,291,1500,8.82,9.65,6.739,110.5
102,291,1800,8.88,9.5,6.034,110.3
102,291,2100,9.17,9.99,4.495,107.2
102,292,0,9.88,10.54,3.624,114.9
102,292,300,10.96,11.26,3.39,119.2
102,292,600,10.84,11.42,3.054,121.7
102,292,900,9.82,10.6,3.793,116
102,292,1200,10.43,12.15,4.665,121.1
102,292,1500,11.82,12.36,6.473,116
102,292,1800,11.3,12.61,6.168,112.6
102,292,2100,10.36,11.8,5.199,121
102,293,0,10.83,11.58,2.685,116
102,293,300,11.18,12.36,3.758,117.5
102,293,600,12.7,13.92,2.987,121.1
102,293,900,11.32,12.37,4.867,123.8
102,293,1200,10.64,12.32,7.72,144
102,293,1500,9.28,10.92,8.82,190.5
102,293,1800,8.14,9.97,2.952,236.2
102,293,2100,3.485,6.502,1.946,232.1
102,294,0,.917,2.674,-3.223,165.9
102,294,300,4.209,4.837,-7.26,123.4
102,294,600,4.795,5.363,-9.48,123.7
102,294,900,4.331,5.201,-4.304,130.1
102,294,1200,4.026,4.309,-3.058,131.4
102,294,1500,4.927,5.868,-4.637,135.9
102,294,1800,6.691,7.59,-6.822,128.5
102,294,2100,7.87,9.08,-6.185,128.3
102,295,0,9.51,10.27,-8.94,122.8
102,295,300,9.71,12.04,-12.92,99.5
102,295,600,13.18,14.07,-15.82,99.2
102,295,900,14.47,14.92,-14.68,102
102,295,1200,13.48,14.88,-6.729,116.1
102,295,1500,11.42,12.42,2.016,136.3
102,295,1800,13.17,14.51,2.283,157.5
102,295,2100,11.19,14.46,-4.77,164
102,296,0,7.46,9.06,-.773,203.8
102,296,300,8.06,9.03,-.571,227.7
102,296,600,8.76,9.84,-.873,245.4
102,296,900,8.23,8.91,-1.612,248.2
102,296,1200,5.99,6.918,-1.781,243
102,296,1500,4.14,5.231,-2.015,245.7
102,296,1800,3.125,4.757,-2.049,345
102,296,2100,.323,2.128,-7.26,331.3
102,297,0,0,0,-2.453,310.2
102,297,300,1.783,3.703,-5.411,9.58
102,297,600,.625,3.015,-8.3,79.8
102,297,900,0,0,-8.81,137.2
102,297,1200,0,0,-12.61,93.4
102,297,1500,.738,4.444,-11.97,104.5
102,297,1800,3.824,4.137,-14.33,103.3
102,297,2100,5.329,5.791,-26.87,94
102,298,0,5.829,7.12,-25.2,106.3
102,298,300,5.945,6.867,-19.81,111.5
102,298,600,6.647,8.55,-10.07,113.9
102,298,900,8.77,9.43,-12.05,106.8
102,298,1200,8.74,9.56,-11.2,98.5
102,298,1500,8.49,9.1,-5.48,117.6
102,298,1800,8.2,9.48,-9.08,119.3
102,298,2100,7.09,8.37,-8.68,99.8
102,299,0,7.38,8.67,-10.23,108.8
102,299,300,7.38,8.43,-12.21,99.5
102,299,600,7.16,8.07,-12.65,109.8
102,299,900,7.14,7.55,-11.64,122.6
102,299,1200,7.68,8.87,-17.6,112.9
102,299,1500,7.29,8.35,-16.46,130
102,299,1800,7.53,8.2,-17.83,129.5
102,299,2100,6.765,7.17,-21.65,119.3
102,300,0,7.39,7.78,-21.49,122.9
102,300,300,8.19,8.71,-14.81,121.5
102,300,600,7.9,8.68,-12.35,133.7
102,300,900,8.13,8.88,-12.52,139.6
102,300,1200,8.16,8.86,-10.63,144
102,300,1500,8.57,9.3,-8.98,145
102,300,1800,7.84,9.1,-6.827,153.9
102,300,2100,7.7,8.19,-6.792,152.6
102,301,0,7.25,8.1,-6.725,141.4
102,301,300,5.835,6.812,-5.178,141.5
102,301,600,5.055,5.639,-5.244,138
102,301,900,5.571,6.522,-5.413,163.7
102,301,1200,5.598,6.788,-5.614,161.4
102,301,1500,6.769,7.36,-5.176,149.4
102,301,1800,5.276,5.966,-4.773,154
102,301,2100,5.037,6.395,-4.303,163.7
102,302,0,4.946,5.718,-2.219,153.7
102,302,300,5.598,6.296,-1.479,161.6
102,302,600,5.973,6.436,-.101,151.5
102,302,900,5.493,6.143,1.41,172.9
102,302,1200,6.015,6.456,1.578,156.6
102,302,1500,5.972,7.02,1.578,152.7
102,302,1800,7.01,8.04,2.551,177.4
102,302,2100,7.15,7.57,2.954,189.7
102,303,0,7.01,7.26,3.188,204.9
102,303,300,7.65,8.26,3.658,214.3
102,303,600,7.62,8.26,3.054,227.7
102,303,900,6.228,7.07,1.343,231.7
102,303,1200,2.456,5.202,-.403,247.6
102,303,1500,.329,1.237,-.873,130.1
102,303,1800,1.011,1.312,-2.855,152.9
102,303,2100,1.135,1.958,-2.654,131.2
102,304,0,2.662,4.258,-10.09,95.9
102,304,300,4.892,5.778,-18.27,79.9
102,304,600,5.615,6.215,-19.06,82.5
102,304,900,4.404,5.323,-15.45,81.6
102,304,1200,3.857,4.47,-30.25,76.9
102,304,1500,4.222,4.694,-31.38,80.2
102,304,1800,4.432,4.824,-36.74,86.6
102,304,2100,3.996,4.243,-35.25,138.8
102,305,0,3.858,4.22,-23.09,152
102,305,300,4.016,4.491,-19.17,97.7
102,305,600,3.939,4.507,-17.81,121
102,305,900,4.58,5.465,-19.77,102.2
102,305,1200,4.582,5.68,-17.88,103.4
102,305,1500,4.088,4.644,-17.17,107.1
102,305,1800,3.956,4.295,-16.6,105.9
102,305,2100,3.591,4.315,-15.89,123.6
102,306,0,4.901,5.367,-20.67,127.6
102,306,300,5.923,6.361,-25.43,117.7
102,306,600,5.589,6.147,-27.53,168.9
102,306,900,6.453,7.25,-48.68,149.7
102,306,1200,6.253,6.97,-51.09,127.8
102,306,1500,6.777,7.48,-48.91,154.4
102,306,1800,7.49,8.54,-49.9,158.4
102,306,2100,6.923,7.4,-50.36,150.9
102,307,0,6.703,7.15,-50.16,153.5
102,307,300,6.362,6.716,-51.89,149.3
102,307,600,6.242,6.698,-46.65,161.4
102,307,900,6.34,6.841,-43.48,145.6
102,307,1200,5.787,6.292,-45.33,140.9
102,307,1500,5.528,6.36,-49.33,148.1
102,307,1800,5.812,6.412,-43.38,146.8
102,307,2100,6.58,6.816,-43.28,146.5
102,308,0,6.887,7.39,-47.85,129.4
102,308,300,6.813,7.47,-49.85,161.2
102,308,600,7.27,7.71,-38.96,178
102,308,900,7.92,8.81,-43.15,160.2
102,308,1200,8.1,8.6,-42.03,171.4
102,308,1500,8.72,9.46,-40.7,173.2
102,308,1800,8.35,8.81,-40.66,163
102,308,2100,7.94,8.48,-42.39,190.7
102,309,0,7.87,8.25,-40.57,170.4
102,309,300,8.21,8.8,-41.76,166
102,309,600,8.33,8.98,-46.52,152.3
102,309,900,8.11,8.51,-43.8,161.4
102,309,1200,8.17,8.55,-40.78,168.4
102,309,1500,8.02,8.61,-36.92,158.1
102,309,1800,7.42,7.94,-32.58,198.1
102,309,2100,6.452,7.46,-30.15,192.5
102,310,0,6.247,6.638,-25.11,221.9
102,310,300,6.353,6.825,-24.74,225.5
102,310,600,6.411,6.917,-25.17,225.4
102,310,900,7.19,8.15,-23.22,235.6
102,310,1200,7.38,8.03,-22.27,241.2
102,310,1500,8.5,9.24,-23.69,227
102,310,1800,8.61,10.29,-18.39,194.2
102,310,2100,9.26,10.37,-13.4,145.3
102,311,0,8.84,9.52,-12.59,152
102,311,300,8.78,9.76,-14.64,122.6
102,311,600,8.28,9.18,-13.8,122
102,311,900,7.01,8.12,-9.83,145.3
102,311,1200,7.14,7.55,-6.525,148.2
102,311,1500,7.24,7.63,-2.252,155.3
102,311,1800,8.3,10.19,.504,162.4
102,311,2100,10.96,11.98,.638,161.1
102,312,0,11.63,12.62,1.108,158.5
102,312,300,11.45,12.6,1.343,160.7
102,312,600,10.74,12.41,2.317,150.2
102,312,900,9.5,10.15,2.551,151.1
102,312,1200,10.09,11.01,1.242,143.7
102,312,1500,10.23,11.39,.873,160.2
102,312,1800,8.82,10.58,-1.646,143
102,312,2100,8.57,9.14,-2.856,151.3
102,313,0,8.22,8.89,-4.639,129.8
102,313,300,8.43,8.93,-4.942,101
102,313,600,10.01,11.99,-8.81,96.5
102,313,900,10.27,12.27,-8.61,104.6
102,313,1200,8.65,9.1,-8.61,97.5
102,313,1500,7.43,8.34,-5.783,112.5
102,313,1800,4.989,6.277,-12.41,97.1
102,313,2100,4.017,4.806,-14.91,94.3
102,314,0,2.427,3.249,-16.44,43.62
102,314,300,1.425,3.09,-11.62,12.2
102,314,600,.908,2.09,-11.95,11.83
102,314,900,2.156,3.361,-10.97,78.3
102,314,1200,2.144,3.213,-12.65,139.3
102,314,1500,4.262,5.614,-11.04,134.8
102,314,1800,3.915,5.072,-11.54,189.6
102,314,2100,5.597,6.843,-12.38,191.7
102,315,0,4.989,5.459,-17.5,153
102,315,300,4.869,5.311,-25.02,128.4
102,315,600,6.034,6.943,-26.11,118.7
102,315,900,7.54,8.34,-27.26,119.8
102,315,1200,8.68,10.36,-28.18,128.3
102,315,1500,9.78,10.63,-23.53,128.6
102,315,1800,9.76,10.7,-18.29,134.5
102,315,2100,9.43,10.31,-15.56,141.1
102,316,0,8.87,10.06,-17.34,137.2
102,316,300,10.32,11.67,-17.74,143.1
102,316,600,11.24,12.08,-19,127.6
102,316,900,11.04,13.83,-18.49,142.8
102,316,1200,8.21,9.02,-20.17,154.2
102,316,1500,7.01,7.78,-22.07,138.9
102,316,1800,6.54,7.54,-27.94,137.4
102,316,2100,5.762,6.46,-31.32,209.4
102,317,0,5.524,6.694,-28.62,202.1
102,317,300,5.503,5.995,-34.09,206.3
102,317,600,5.714,6.288,-42.42,111.4
102,317,900,6.926,8.01,-45.4,164.4
102,317,1200,8.36,9.18,-43.28,182.9
102,317,1500,9.77,10.54,-45.78,157.4
102,317,1800,9.22,10.62,-52.01,151.3
102,317,2100,5.467,7.52,-53.72,158.2
102,318,0,5.163,6.533,-38.57,236
102,318,300,6.802,8.21,-32.74,240.1
102,318,600,7.85,8.27,-31.67,122.4
102,318,900,7.26,7.75,-40.39,165.6
102,318,1200,8.4,9.23,-41.49,194.9
102,318,1500,9.7,10.28,-44.77,184.7
102,318,1800,9.7,10.08,-46.52,170
102,318,2100,9.39,10.09,-48.97,169.2
102,319,0,9.61,10.68,-50.84,172.8
102,319,300,10.82,11.73,-49.15,158.6
102,319,600,11.48,12.27,-51.01,165.7
102,319,900,12.54,13.44,-49.73,158.7
102,319,1200,12.12,13.2,-46.11,170.3
102,319,1500,13.32,15.04,-43.05,174.3,0,2048,2048,-3328,216,223,1165,0,-5740,-686.9,0,1028,1165,6147,1.3,0.-90188,292,256,512,-60,1165,836,38,22.24,-1556,114,0.-55797,64.03,-63.4,-3328,216,-12.47,1165,0,-63.4,-3328,216,-12.47,1165,0,-63.4,-3328,216,-12.47,1165,0,-63.4,-3328,216,-12.47,1165,0,-63.4,-3328,216,-12.47,1165,0,-63.4,516,9.2,1163,832,432,332,236,0,768,0,0,2662,102,94,360,19.72,0,43.06,-1.536,2162,378,43.06,-512,216,-12.47,1165,0,-63.4,-3328,216,-12.47,1165,0,-63.4,-3328,216,-12.47,1165,0,-63.4,-3328,216,-12.47,1165,0,-63.4,-3328,216,-12.47,1165,0,-63.4,-3328,216,-12.47,1165,0,-63.4,-3328,216,-12.47,1165,0,-63.4,-3328,216,-12.45,3.528,768,-5.645,-5.548,-55.69,384,-.007,-.047,-6.329,1165,-12.18,-12.18,0,301,-8.88,1062,0,512,53.2,1046,0,0,0,0,0,0,0,0,0,552,0,0,0,0,0,1046,-6.42,576,2,0,0,0,0,0,0,0,0,-57.99,512,768,905,2118,592,1161,-43.13,2136,590,1161,-43.13,-0,768,0,0,2660,102,94,614,3.84,0,24.64,-0,2160,632,24.54,0,626,137,2170,642,1161,-43.13,2188,640,1161,-43.13,0,0,0,0,0,0,0,0,0,0,0,0,0,0,0,0,0,0,0,0,0,0,0,0,0,0,0,0,0,0,0,0,0,0,0,0,0,0,0,0,0,0,0,0,0,0,0,0,0,0,-10.24,1792,228,-.996,-2.58,-12.55,-12.55,4355,-.998,-.971,-3.08,-1.255,3,-24.97,3588,-5.008,-5.458,534,532,-18,491.2,286.5,363.7,491.8,3.2,0,0,0,0,0,0,0,-17.04,-36,22.24,-1556,16.8,.588,0,0,0,0,0,0,0,0,0,0,0,0,0,0,0,0,0,0,0,0,0,0,0,0,0,0,0,0,0,0,0,0,0,0,0,0,0,0,0,0,0,0,0,0,0,0,0,0,0,0,-0,-0,4095,32,15,3855,-0,3855,0,0,0,0,0,0,0,0,0,0,0,0,0,0,0,0,0,0,0,0,0,0,0,0,0,0,0,0,0,0,0,0,0,2112,-0,832,2112,2368,-5824,28,64,1167,0,6000,0,0,1171,27.1,0,0,0,783,257,512,823,-786,3.328,0,92,2832,1.544,0,0,-513,33.32,110,17.99,2116,256,841,2056,30.73,0,859,1652,-3338,5121,1025,256,531,-2048,321,-0,200,-20.48,4,5121,1026,512,2067,-2048,578,-2621,4.298,-512,70,1282,1,.003,1152,0,0,0,0,0,0,0,0,0,0,0,0,0,0,0,0,0,0,0,0,0,0,0,0,0,0,0,0,0,0,0,0,0,0,0,0,0,0,0,0,0,0,0,0,0,0,0,0,0,0,0,0,0,0,0,0,0,0,0,0,0,0,0,0,0,0,0,0,0,0,0,0,0,0,0,0,0,0,0,0,0,0,0,0,0,0,0,0,0,0,0,0,0,0,0,0,0,0,0,0,0,0,0,0,0,0,0,0,0,0,0,0,0,0,0,0,0,0,0,0,0,0,0,0,0,0,0,0,0,0,0,0,0,0,0,0,0,0,0,0,0,0,0,0,0,0,0,0,0,0,0,0,0,0,0,0,0,0,0,0,0,0,0,0,0,0,0,0,0,0,0,0,0,0,0,0,0,0,0,0,0,0,0,0,0,0,0,0,0,0,0,0,0,0,0,0,0,0,0,0,0,0,0,0,0,0,0,0,0,0,0,0,0,0,0,0,0,0,0,0,0,0,0,0,0,0,0,0,0,0,0,0,0,0,0,0,0,0,0,0,0,0,0,0,0,0,0,0,0,0,0,0,0,0,0,0,0,0,0,0,0,0,0,0,0,0,0,0,0,0,0,0,0,0,0,0,0,0,0,0,0,0,0,0,0,0,0,0,0,0,0,0,0,0,0,0,0,0,0,0,0,0,0,0,0,0,0,0,0,0,0,0,0,0,0,0,0,0,0,0,0,0,0,0,0,0,0,0,0,0,0,0,0,0,0,0,0,0,0,0,0,0,0,0,0,0,0,0,0,0,0,0,0,0,0,0,0,0,0,0,0,0,0,0,0,0,0,0,0,0,0,0,0,0,0,0,0,0,0,0,0,0,0,0,0,0,0,0,0,0,0,0,0,0,0,0,0,0,0,0,0,0,0,0,0,0,0,0,0,0,0,0,0,0,0,0,0,0,0,0,0,0,0,0,0,0,0,0,0,0,0,0,0,0,0,0,0,0,0,0,0,0,2573,2.69,465.8,491.9,18.05,519,3377,542.8,15.49,12.93,3590,2570,3584,3377,645,15.49,12.93,2571,2830,14,1294,1546,2570,3584,3589,3590,2570,2571,2830,14,1546,2570,38,900,0,0,0,0,70,-4194,30.72,0,0,0,0,0,0,0,0,0,0,0,0,0,0,0,0,0,0,0,0,0,0,0,0,0,0,0,0,0,0,0,0,0,0,0,0,0,0,0,0,0,0,0,0,0,0,0,0,0,0,0,0,0,0,0,0,0,0,0,0,0,0,0,0,0,0,0,0,0,0,0,0,0,0,0,0,0,0,0,0,0,0,0,0,0,0,0,0,0,0,0,0,0,0,0,0,0,0,0,0,0,0,0,0,0,0,0,0,0,0,0,0,0,0,0,0,0,0,0,38,1500,7.93,36.1,-42.2,176.5
102,38,1800,36.1,36.1,-36.35,107.4
102,38,2100,36.1,36.1,-29.76,112.1
102,39,0,36.1,36.1,-24.99,113
102,39,300,36.1,36.1,-12.9,120.4
102,39,600,36.1,36.1,-8.51,146.9
102,39,900,36.1,36.1,-18.48,172.1
102,39,1200,36.1,36.1,-18.21,146
102,39,1500,36.1,36.1,-18.05,146.6
102,39,1800,36.1,36.1,-22.3,128.1
102,39,2100,36.1,36.1,-17.92,141.7
102,40,0,36.1,36.1,-16.6,147.2
102,40,300,36.1,36.1,-16.7,154.6
102,40,600,36.1,36.1,-15.59,197.7
102,40,900,36.1,36.1,-18.72,159.6
102,40,1200,36.1,36.1,-19.57,120.6
102,40,1500,36.1,36.1,-35.97,171.8
102,40,1800,36.1,36.1,-39.74,159.2
102,40,2100,36.1,36.1,-41.31,171.3
102,41,0,36.1,36.1,-42.4,159.6
102,41,300,36.1,36.1,-44.77,150.9
102,41,600,36.1,36.1,-44.63,159.2
102,41,900,36.1,36.1,-45.35,170.5
102,41,1200,36.1,36.1,-44.5,161.4
102,41,1500,36.1,36.1,-44.5,170.3
102,41,1800,36.1,36.1,-43.48,158.7
102,41,2100,36.1,36.1,-40.45,181.6
102,42,0,36.1,36.1,-45.06,146.3
102,42,300,36.1,36.1,-37.5,176.8
102,42,600,36.1,36.1,-35.98,183.9
102,42,900,36.1,36.1,-35.06,186.1
102,42,1200,36.1,36.1,-37.56,192.7
102,42,1500,36.1,36.1,-37.42,185.4
102,42,1800,36.1,36.1,-35.26,176.9
102,42,2100,36.1,36.1,-33.78,187.6
102,43,0,36.1,36.1,-32.79,168.5
102,43,300,36.1,36.1,-34.89,157.6
102,43,600,36.1,36.1,-34.92,150.8
102,43,900,36.1,36.1,-33.81,161.9
102,43,1200,36.1,36.1,-32.82,162.7
102,43,1500,36.1,36.1,-29.65,181.3
102,43,1800,36.1,36.1,-31.61,104.4
102,43,2100,36.1,36.1,-30.46,121.7
102,44,0,36.1,36.1,-33.7,107.6
102,44,300,36.1,36.1,-30.26,204.2
102,44,600,36.1,36.1,-31.2,200.5
102,44,900,36.1,36.1,-28.29,210.1
102,44,1200,36.1,36.1,-26.9,107.4
102,44,1500,36.1,36.1,-26.26,107.3
102,44,1800,36.1,36.1,-22.24,115.6
102,44,2100,36.1,36.1,-24.84,116.8
102,45,0,36.1,36.1,-25.82,104.7
102,45,300,36.1,36.1,-26.69,108
102,45,600,36.1,36.1,-26.22,175.7
102,45,900,36.1,36.1,-23.39,105.6
102,45,1200,36.1,36.1,-24.43,101.6
102,45,1500,36.1,36.1,-20.01,105.1
102,45,1800,36.1,36.1,-14.69,127.1
102,45,2100,36.1,36.1,-14.91,136.9
102,46,0,36.1,36.1,-16.43,123.1
102,46,300,36.1,36.1,-18.08,115.9
102,46,600,36.1,36.1,-23.95,107.2
102,46,900,36.1,36.1,-22.98,115.5
102,46,1200,36.1,36.1,-24.46,91.9
102,46,1500,36.1,36.1,-24.43,113.1
102,46,1800,36.1,36.1,-23.08,108.9
102,46,2100,36.1,36.1,-25.88,104
102,47,0,36.1,36.1,-25.82,92.6
102,47,300,36.1,36.1,-25.55,101.9
102,47,600,36.1,36.1,-24.81,112.1
102,47,900,36.1,36.1,-22.21,115.8
102,47,1200,36.1,36.1,-24.5,101
102,47,1500,36.1,36.1,-26.76,106.9
102,47,1800,36.1,36.1,-26.56,112.4
102,47,2100,36.1,36.1,-26.8,113
102,48,0,36.1,36.1,-29.02,104.7
102,48,300,36.1,36.1,-30.32,107.9
102,48,600,36.1,36.1,-30.99,108.5
102,48,900,36.1,36.1,-31.23,105.7
102,48,1200,36.1,36.1,-40.82,164.4
102,48,1500,36.1,36.1,-35.26,173.3
102,48,1800,36.1,36.1,-33.67,104.2
102,48,2100,36.1,36.1,-34.99,107.3
102,49,0,36.1,36.1,-33.91,117.6
102,49,300,36.1,36.1,-35.29,111.1
102,49,600,36.1,36.1,-37.72,114
102,49,900,36.1,36.1,-39.15,239.2
102,49,1200,36.1,36.1,-45.94,216.8
102,49,1500,36.1,36.1,-45.28,224.2
102,49,1800,36.1,36.1,-44.27,221.2
102,49,2100,36.1,36.1,-43.82,209.8
102,50,0,36.1,36.1,-41.93,203.1
102,50,300,36.1,36.1,-40.72,180.6
102,50,600,36.1,36.1,-35.64,218.5
102,50,900,36.1,36.1,-28.61,126.5
102,50,1200,36.1,36.1,-27.96,112.4
102,50,1500,36.1,36.1,-26.61,117.3
102,50,1800,36.1,36.1,-26.13,117.5
102,50,2100,36.1,36.1,-22.11,132.9
102,51,0,36.1,36.1,-19.81,117.2
102,51,300,36.1,36.1,-15.56,115.6
102,51,600,36.1,36.1,-9.02,124.4
102,51,900,36.1,36.1,-7.4,121
102,51,1200,36.1,36.1,-10.4,115.4
102,51,1500,36.1,36.1,-7.94,114.8
102,51,1800,36.1,36.1,-9.39,109.1
102,51,2100,36.1,36.1,-12.72,97.5
102,52,0,36.1,36.1,-11.21,116.5
102,52,300,36.1,36.1,-14.77,101.7
102,52,600,36.1,36.1,-13.87,99.9
102,52,900,36.1,36.1,-13.67,103.9
102,52,1200,36.1,36.1,-8.85,107.9
102,52,1500,36.1,36.1,-11.31,121.9
102,52,1800,36.1,36.1,-11.54,113.5
102,52,2100,36.1,36.1,-8.04,116.5
102,53,0,36.1,36.1,-12.79,107.1
102,53,300,36.1,36.1,-12.62,102.4
102,53,600,36.1,36.1,-10.87,106.9
102,53,900,36.1,36.1,-7.54,116.1
102,53,1200,36.1,36.1,-3.8,120.6
102,53,1500,36.1,36.1,-2.387,121.9
102,53,1800,36.1,36.1,-2.42,110.6
102,53,2100,36.1,36.1,-3.227,110.6
102,54,0,36.1,36.1,-4.437,109
102,54,300,36.1,36.1,-3.697,116.1
102,54,600,36.1,36.1,-3.832,107
102,54,900,36.1,36.1,-8.61,101.6
102,54,1200,36.1,36.1,-9.49,100.8
102,54,1500,36.1,36.1,-12.72,107.5
102,54,1800,36.1,36.1,-4.071,187.2
102,54,2100,36.1,36.1,-5.482,124.2
102,55,0,36.1,36.1,-9.01,125.8
102,55,300,36.1,36.1,-11.4,112.3
102,55,600,36.1,36.1,-15.38,103.3
102,55,900,36.1,36.1,-16.73,79
102,55,1200,36.1,36.1,-22.39,98.5
102,55,1500,36.1,36.1,-23.52,93.5
102,55,1800,36.1,36.1,-26.25,98.3
102,55,2100,36.1,36.1,-26.42,95.2
102,56,0,36.1,36.1,-27.77,95.5
102,56,300,36.1,36.1,-27.14,112
102,56,600,36.1,36.1,-27.41,108.2
102,56,900,36.1,36.1,-26.93,111.2
102,56,1200,36.1,36.1,-29.16,116.6
102,56,1500,36.1,36.1,-28.63,122.2
102,56,1800,36.1,36.1,-28.22,125.5
102,56,2100,36.1,36.1,-26.6,130.6
102,57,0,36.1,36.1,-26.15,122.7
102,57,300,36.1,36.1,-23.22,122
102,57,600,36.1,36.1,-20.15,126.2
102,57,900,36.1,36.1,-18.93,136.6
102,57,1200,36.1,36.1,-19.94,143.6
102,57,1500,36.1,36.1,-19.13,137
102,57,1800,36.1,36.1,-21.15,134.1
102,57,2100,36.1,36.1,-25.34,125.8
102,58,0,36.1,36.1,-27.94,120.8
102,58,300,36.1,36.1,-28.24,100.9
102,58,600,36.1,36.1,-28.22,103.1
102,58,900,36.1,36.1,-36.01,169.6
102,58,1200,36.1,36.1,-42.62,170.2
102,58,1500,36.1,36.1,-41.71,172.6
102,58,1800,36.1,36.1,-39.8,164.7
102,58,2100,36.1,36.1,-37.33,169.8
102,59,0,36.1,36.1,-37.19,178.7
102,59,300,36.1,36.1,-37.02,167.8
102,59,600,36.1,36.1,-34.52,175.3
102,59,900,36.1,36.1,-34.68,168.6
102,59,1200,36.1,36.1,-35.73,183.6
102,59,1500,36.1,36.1,-38.77,176.4
102,59,1800,36.1,36.1,-35.94,190.1
102,59,2100,36.1,36.1,-35.94,210
102,60,0,36.1,36.1,-35.6,231.4
102,60,300,36.1,36.1,-34.86,201
102,60,600,36.1,36.1,-33.97,182.5
102,60,900,36.1,36.1,-36.77,164.8
102,60,1200,36.1,36.1,-39.65,172.1
102,60,1500,36.1,36.1,-34.86,161.6
102,60,1800,36.1,36.1,-34.95,174.2
102,60,2100,36.1,36.1,-37.29,159.7
102,61,0,36.1,36.1,-36.65,176.7
102,61,300,36.1,36.1,-35.49,174.3
102,61,600,36.1,36.1,-34.52,177.2
102,61,900,36.1,36.1,-31.28,188.9
102,61,1200,36.1,36.1,-28.84,186.3
102,61,1500,36.1,36.1,-22.93,118.7
102,61,1800,36.1,36.1,-18.06,129.9
102,61,2100,36.1,36.1,-12.43,128
102,62,0,36.1,36.1,-7.13,129
102,62,300,36.1,36.1,-7.47,134.1
102,62,600,36.1,36.1,-5.28,138.9
102,62,900,36.1,36.1,-6.356,137.8
102,62,1200,36.1,36.1,-6.289,134.4
102,62,1500,36.1,36.1,-8.51,145.3
102,62,1800,36.1,36.1,-9.08,145.5
102,62,2100,36.1,36.1,-10.8,138.8
102,63,0,36.1,36.1,-11.37,142.3
102,63,300,36.1,36.1,-11.78,154.3
102,63,600,36.1,36.1,-11.51,195.9
102,63,900,36.1,36.1,-15.11,203.3
102,63,1200,36.1,36.1,-19.49,158.7
102,63,1500,36.1,36.1,-21.62,147.6
102,63,1800,36.1,36.1,-24.53,139.3
102,63,2100,36.1,36.1,-24.46,135.3
102,64,0,36.1,36.1,-19.57,177.5
102,64,300,36.1,36.1,-20.82,202.1
102,64,600,36.1,36.1,-23.14,175.6
102,64,900,36.1,36.1,-28.92,139
102,64,1200,36.1,36.1,-34.86,201.8
102,64,1500,36.1,36.1,-34.4,207.2
102,64,1800,36.1,36.1,-32.15,208.4
102,64,2100,36.1,36.1,-26.03,224.4
102,65,0,36.1,36.1,-24,229.8
102,65,300,36.1,36.1,-21.4,148.7
102,65,600,36.1,36.1,-18.87,149.1
102,65,900,36.1,36.1,-18.52,136.7
102,65,1200,36.1,36.1,-20.99,106.2
102,65,1500,36.1,36.1,-23.18,246.8
102,65,1800,36.1,36.1,-28.58,222.8
102,65,2100,36.1,36.1,-31.18,160.2
102,66,0,36.1,36.1,-35.64,240.6
102,66,300,36.1,36.1,-41.13,224.2
102,66,600,36.1,36.1,-49.9,158.6
102,66,900,36.1,36.1,-52.93,159
102,66,1200,36.1,36.1,-43.4,169.5
102,66,1500,36.1,36.1,-41.73,204.2
102,66,1800,36.1,36.1,-45.37,196.8
102,66,2100,36.1,36.1,-53.67,185.1
102,67,0,36.1,36.1,-54.84,188.1
102,67,300,36.1,36.1,-54.03,186.6
102,67,600,36.1,36.1,-58.67,160.5
102,67,900,36.1,36.1,-74.8,156.9
102,67,1200,36.1,36.1,-78.7,156.7
102,67,1500,36.1,36.1,-72.6,157.2
102,67,1800,36.1,36.1,-65.27,179.7
102,67,2100,36.1,36.1,-58.37,160.7
102,68,0,36.1,36.1,-51.59,164.6
102,68,300,36.1,36.1,-46.77,135.1
102,68,600,36.1,36.1,-46.44,165.7
102,68,900,36.1,36.1,-48.61,109.9
102,68,1200,36.1,36.1,-47.46,158
102,68,1500,36.1,36.1,-46.78,166.8
102,68,1800,36.1,36.1,-50.81,159.8
102,68,2100,36.1,36.1,-47.66,172.5
102,69,0,36.1,36.1,-47.8,115.5
102,69,300,36.1,36.1,-49.89,164
102,69,600,36.1,36.1,-50.43,167.4
102,69,900,36.1,36.1,-47.46,156.6
102,69,1200,36.1,36.1,-44.62,162.8
102,69,1500,36.1,36.1,-37.31,186.1
102,69,1800,36.1,36.1,-38.34,102.1
102,69,2100,36.1,36.1,-39.86,89
102,70,0,36.1,36.1,-38.45,111.8
102,70,300,36.1,36.1,-39.66,115.6
102,70,600,36.1,36.1,-41.69,102.6
102,70,900,36.1,36.1,-40.81,112.8
102,70,1200,36.1,36.1,-42.23,102.9
102,70,1500,36.1,36.1,-42,109.9
102,70,1800,36.1,36.1,-46.52,95.1
102,70,2100,36.1,36.1,-39.61,110.2
102,71,0,36.1,36.1,-36.89,178.9
102,71,300,36.1,36.1,-36.38,195.5
102,71,600,36.1,36.1,-34.65,187.1
102,71,900,36.1,36.1,-31.44,188
102,71,1200,36.1,36.1,-29.81,131.3
102,71,1500,36.1,36.1,-31.5,218.1
102,71,1800,36.1,36.1,-30.66,122.6
102,71,2100,36.1,36.1,-28.8,124.3
102,72,0,36.1,36.1,-28.8,120.5
102,72,300,36.1,36.1,-26.47,113.3
102,72,600,36.1,36.1,-24.01,123
102,72,900,36.1,36.1,-19.58,130.3
102,72,1200,36.1,36.1,-13.91,123.9
102,72,1500,36.1,36.1,-10.43,123.4
102,72,1800,36.1,36.1,-5.718,163.6
102,72,2100,36.1,36.1,-6.962,155.5
102,73,0,36.1,36.1,-9.28,156.8
102,73,300,36.1,36.1,-16.55,152.3
102,73,600,36.1,36.1,-19.56,146.2
102,73,900,36.1,36.1,-21.56,138.2
102,73,1200,36.1,36.1,-24.39,129.9
102,73,1500,36.1,36.1,-25.35,119.5
102,73,1800,36.1,36.1,-22.58,126.8
102,73,2100,36.1,36.1,-15.77,131.2
102,74,0,36.1,36.1,-7.67,121.6
102,74,300,36.1,36.1,-16.96,224.4
102,74,600,36.1,36.1,-19.39,176.4
102,74,900,36.1,36.1,-20.82,205.4
102,74,1200,36.1,36.1,-21.86,242.4
102,74,1500,36.1,36.1,-24.39,220.7
102,74,1800,36.1,36.1,-28.04,192
102,74,2100,36.1,36.1,-36.45,255
102,75,0,36.1,36.1,-37.72,233.1
102,75,300,36.1,36.1,-40.61,189.4
102,75,600,36.1,36.1,-49.29,180.8
102,75,900,36.1,36.1,-54.28,96.6
102,75,1200,36.1,36.1,-51.31,92.5
102,75,1500,36.1,36.1,-48.88,98.9
102,75,1800,36.1,36.1,-44.96,99.2
102,75,2100,36.1,36.1,-39.2,102.4
102,76,0,36.1,36.1,-29.32,113.1
102,76,300,36.1,36.1,-22.02,120.4
102,76,600,36.1,36.1,-14.96,114.9
102,76,900,36.1,36.1,-15.42,99.6
102,76,1200,36.1,36.1,-20.55,101.1
102,76,1500,36.1,36.1,-20.96,71.1
102,76,1800,36.1,36.1,-21.56,333.7
102,76,2100,36.1,36.1,-22.81,33.09
102,77,0,36.1,36.1,-21.7,164.2
102,77,300,36.1,36.1,-26.82,161.3
102,77,600,36.1,36.1,-27.85,203.3
102,77,900,36.1,36.1,-26.8,150
102,77,1200,36.1,36.1,-24.95,167.2
102,77,1500,36.1,36.1,-27.95,151.7
102,77,1800,36.1,36.1,-32.97,235.5
102,77,2100,36.1,36.1,-33.29,212
102,78,0,36.1,36.1,-33.5,200.2
102,78,300,36.1,36.1,-36.19,149.1
102,78,600,36.1,36.1,-43.23,132
102,78,900,36.1,36.1,-48.21,171.1
102,78,1200,36.1,36.1,-52.19,107.7
102,78,1500,36.1,36.1,-50.95,101.7
102,78,1800,36.1,36.1,-50.23,110
102,78,2100,36.1,36.1,-51.04,112.5
102,79,0,36.1,36.1,-56.24,102.3
102,79,300,36.1,36.1,-54.86,102.2
102,79,600,36.1,36.1,-50.04,98.5
102,79,900,36.1,36.1,-37.99,103.9
102,79,1200,36.1,36.1,-31.93,117.2
102,79,1500,36.1,36.1,-16.79,131
102,79,1800,36.1,36.1,-11.82,127.9
102,79,2100,36.1,36.1,-12.79,134
102,80,0,36.1,36.1,-7.81,123.1
102,80,300,36.1,36.1,-2.22,127.3
102,80,600,36.1,36.1,-2.622,126.7
102,80,900,36.1,36.1,-4.975,124
102,80,1200,36.1,36.1,-4.773,130.8
102,80,1500,36.1,36.1,-5.413,138.6
102,80,1800,36.1,36.1,-11.4,203.3
102,80,2100,36.1,36.1,-15.07,197.5
102,81,0,36.1,36.1,-19.02,193.2
102,81,300,36.1,36.1,-21.35,156.7
102,81,600,36.1,36.1,-23.95,152.4
102,81,900,36.1,36.1,-29.97,119.5
102,81,1200,36.1,36.1,-33.42,118.2
102,81,1500,36.1,36.1,-36.46,98.5
102,81,1800,36.1,36.1,-29.41,100.2
102,81,2100,36.1,36.1,-18.61,123.6
102,82,0,36.1,36.1,-10.37,130.3
102,82,300,36.1,36.1,-4.507,114.8
102,82,600,36.1,36.1,-2.992,110.3
102,82,900,36.1,36.1,-1.042,126.4
102,82,1200,36.1,36.1,-17.56,160
102,82,1500,36.1,36.1,-22.69,169.9
102,82,1800,36.1,36.1,-30.03,172.5
102,82,2100,36.1,36.1,-31.42,163.1
102,83,0,36.1,36.1,-37.71,185.5
102,83,300,36.1,36.1,-46.84,94.1
102,83,600,36.1,36.1,-40.18,92.7
102,83,900,36.1,36.1,-48.32,118.2
102,83,1200,36.1,36.1,-38.76,127.1
102,83,1500,36.1,36.1,-47.4,91.3
102,83,1800,36.1,36.1,-57.59,84.9
102,83,2100,36.1,36.1,-59.93,88.7
102,84,0,36.1,36.1,-52.6,70.3
102,84,300,36.1,36.1,-60.11,85.7
102,84,600,36.1,36.1,-57,89.2
102,84,900,36.1,36.1,-63.76,147.2
102,84,1200,36.1,36.1,-67,113.9
102,84,1500,36.1,36.1,-59.23,100.6
102,84,1800,36.1,36.1,-50.98,99.6
102,84,2100,36.1,36.1,-28.63,166.3
102,85,0,36.1,36.1,-20.6,101.2
102,85,300,36.1,36.1,-12.97,106.2
102,85,600,36.1,36.1,-16.26,114.2
102,85,900,36.1,36.1,-16.84,108.9
102,85,1200,36.1,36.1,-19.63,102.7
102,85,1500,36.1,36.1,-17.41,117.1
102,85,1800,36.1,36.1,-18.15,122.9
102,85,2100,36.1,36.1,-19.33,119.7
102,86,0,36.1,36.1,-18.79,117.5
102,86,300,36.1,36.1,-22.09,107.3
102,86,600,36.1,36.1,-22.21,113.7
102,86,900,36.1,36.1,-26.29,128.4
102,86,1200,36.1,36.1,-25.52,124.3
102,86,1500,36.1,36.1,-30.61,119.7
102,86,1800,36.1,36.1,-34.24,178.7
102,86,2100,36.1,36.1,-36.1,181.7
102,87,0,36.1,36.1,-38.43,101.4
102,87,300,36.1,36.1,-37.69,185.7
102,87,600,36.1,36.1,-41.17,107.7
102,87,900,36.1,36.1,-41.96,105.4
102,87,1200,36.1,36.1,-42.67,111.3
102,87,1500,36.1,36.1,-43.55,112.3
102,87,1800,36.1,36.1,-42.2,107.2
102,87,2100,36.1,36.1,-44.09,105.8
102,88,0,36.1,36.1,-43.75,106.4
102,88,300,36.1,36.1,-44.43,99.5
102,88,600,36.1,36.1,-44.54,94.7
102,88,900,36.1,36.1,-44.61,103.7
102,88,1200,36.1,36.1,-44.88,107.4
102,88,1500,36.1,36.1,-44.61,111
102,88,1800,36.1,36.1,-47.15,92.9
102,88,2100,36.1,36.1,-46.54,116
102,89,0,36.1,36.1,-47.08,114.1
102,89,300,36.1,36.1,-47.01,109.1
102,89,600,36.1,36.1,-45.53,102.7
102,89,900,36.1,36.1,-45.86,112.5
102,89,1200,36.1,36.1,-46.78,113.5
102,89,1500,36.1,36.1,-41.9,123.7
102,89,1800,36.1,36.1,-35.61,128.7
102,89,2100,36.1,36.1,-29.96,128.4
102,90,0,36.1,36.1,-26.81,132.5
102,90,300,36.1,36.1,-25.92,137.4
102,90,600,36.1,36.1,-28.22,133.5
102,90,900,36.1,36.1,-32.84,117.1
102,90,1200,36.1,36.1,-36.6,121
102,90,1500,36.1,36.1,-31.67,142.1
102,90,1800,36.1,36.1,-31.54,127.8
102,90,2100,36.1,36.1,-33.43,123.6
102,91,0,36.1,36.1,-37.31,126.1
102,91,300,36.1,36.1,-40.84,115.1
102,91,600,36.1,36.1,-42.57,123.4
102,91,900,36.1,36.1,-39.59,126.9
102,91,1200,36.1,36.1,-41.49,119.4
102,91,1500,36.1,36.1,-40.14,126.8
102,91,1800,36.1,36.1,-41.96,141.7
102,91,2100,36.1,36.1,-43.35,127.4
102,92,0,36.1,36.1,-41.73,141.8
102,92,300,36.1,36.1,-43.96,173.3
102,92,600,36.1,36.1,-42.54,163.8
102,92,900,36.1,36.1,-47.4,126.2
102,92,1200,36.1,36.1,-61.53,93.5
102,92,1500,36.1,36.1,-61.19,111.7
102,92,1800,36.1,36.1,-57.74,126.9
102,92,2100,36.1,36.1,-61.5,110.4
102,93,0,36.1,36.1,-63.58,106.8
102,93,300,36.1,36.1,-56.93,120.9
102,93,600,36.1,36.1,-53.8,137.3
102,93,900,36.1,36.1,-56.35,129
102,93,1200,36.1,36.1,-60.24,121.7
102,93,1500,36.1,36.1,-60.42,122.8
102,93,1800,36.1,36.1,-61.84,111.4
102,93,2100,36.1,36.1,-71.5,100.6
102,94,0,36.1,36.1,-67.43,89.3
102,94,300,36.1,36.1,-71.6,86.1
102,94,600,36.1,36.1,-63.94,88.2
102,94,900,36.1,36.1,-75.3,96.3
102,94,1200,36.1,36.1,-75.8,81.1
102,94,1500,36.1,36.1,-59.85,99.6
102,94,1800,36.1,36.1,-45.5,99.2
102,94,2100,36.1,36.1,-45.26,83.6
102,95,0,36.1,36.1,-44.8,113.5
102,95,300,36.1,36.1,-38.34,107.5
102,95,600,36.1,36.1,-43.73,83.9
102,95,900,36.1,36.1,-47.42,95.1
102,95,1200,36.1,36.1,-49.08,99.6
102,95,1500,36.1,36.1,-52.77,103.3
102,95,1800,36.1,36.1,-55.83,96.7
102,95,2100,36.1,36.1,-60.06,97.3
102,96,0,36.1,36.1,-58.49,94.2
102,96,300,36.1,36.1,-63.49,101.2
102,96,600,36.1,36.1,-61.3,94.5
102,96,900,36.1,36.1,-58.37,105.7
102,96,1200,36.1,36.1,-58.12,96.5
102,96,1500,36.1,36.1,-60.08,95.7
102,96,1800,36.1,36.1,-57.18,104.7
102,96,2100,36.1,36.1,-57.67,96.2
102,97,0,36.1,36.1,-59.48,98.7
102,97,300,36.1,36.1,-58.22,90.1
102,97,600,36.1,36.1,-48.3,113.5
102,97,900,36.1,36.1,-40.5,111.5
102,97,1200,36.1,36.1,-36.69,139.3
102,97,1500,36.1,36.1,-42.57,138.5
102,97,1800,36.1,36.1,-51,164.3
102,97,2100,36.1,36.1,-48.94,133.2
102,98,0,36.1,36.1,-45.66,145.8
102,98,300,36.1,36.1,-56.28,122.5
102,98,600,36.1,36.1,-59.36,96.5
102,98,900,36.1,36.1,-46.88,107.9
102,98,1200,36.1,36.1,-41.07,126.9
102,98,1500,36.1,36.1,-45.93,143.9
102,98,1800,36.1,36.1,-58.9,101.7
102,98,2100,36.1,36.1,-51.06,142.4
102,99,0,36.1,36.1,-53.89,125.5
102,99,300,36.1,36.1,-57.97,122
102,99,600,36.1,36.1,-48.14,128.1
102,99,900,36.1,36.1,-51.87,101.1
102,99,1200,36.1,36.1,-50.35,106
102,99,1500,36.1,36.1,-51.39,97.4
102,99,1800,36.1,36.1,-52.54,107.7
102,99,2100,36.1,36.1,-50.04,107.4
102,100,0,36.1,36.1,-49,103.3
102,100,300,36.1,36.1,-46.24,105.3
102,100,600,36.1,36.1,-42.53,107.5
102,100,900,36.1,36.1,-49.89,111.7
102,100,1200,36.1,36.1,-43.81,125.2
102,100,1500,36.1,36.1,-43.7,113.4
102,100,1800,36.1,36.1,-44.92,128
102,100,2100,36.1,36.1,-46.4,124.3
102,101,0,36.1,36.1,-51.11,129
102,101,300,36.1,36.1,-51.15,126.2
102,101,600,36.1,36.1,-50.38,132.3
102,101,900,36.1,36.1,-51.8,132.3
102,101,1200,36.1,36.1,-50.85,132.5
102,101,1500,36.1,36.1,-57.38,132.9
102,101,1800,36.1,36.1,-56.66,144
102,101,2100,36.1,36.1,-52.56,141.5
102,102,0,36.1,36.1,-56.62,115.8
102,102,300,36.1,36.1,-56.82,124.4
102,102,600,36.1,36.1,-59.36,129.1
102,102,900,36.1,36.1,-56.39,130.3
102,102,1200,36.1,36.1,-50.19,124.4
102,102,1500,36.1,36.1,-44.49,136.4
102,102,1800,36.1,36.1,-49.96,138.2
102,102,2100,36.1,36.1,-49.39,128.4
102,103,0,36.1,36.1,-51.69,141.1
102,103,300,36.1,36.1,-53.96,134.5
102,103,600,36.1,36.1,-56.01,132.8
102,103,900,36.1,36.1,-62.14,94.9
102,103,1200,36.1,36.1,-60.69,100.3
102,103,1500,36.1,36.1,-60.08,100.3
102,103,1800,36.1,36.1,-58.26,100.2
102,103,2100,36.1,36.1,-58.8,100.5
102,104,0,36.1,36.1,-57.99,102.5
102,104,300,36.1,36.1,-57.81,95.1
102,104,600,36.1,36.1,-55.44,106.8
102,104,900,36.1,36.1,-54.21,102.7
102,104,1200,36.1,36.1,-53.87,106.8
102,104,1500,36.1,36.1,-59.66,102.2
102,104,1800,36.1,36.1,-59.57,100.5
102,104,2100,36.1,36.1,-57.07,97.3
102,105,0,36.1,36.1,-53.03,100.1
102,105,300,36.1,36.1,-60.24,91.9
102,105,600,36.1,36.1,-62.05,91.3
102,105,900,36.1,36.1,-61.3,98
102,105,1200,36.1,36.1,-62.86,93.2
102,105,1500,36.1,36.1,-65.52,93
102,105,1800,36.1,36.1,-67.12,89.2
102,105,2100,36.1,36.1,-63.33,101.8
102,106,0,36.1,36.1,-66.85,100.9
