  160.000   1.63 152.50  -2.60
  160.250   3.94 130.10  -4.65
  160.500   3.54 196.60  -3.56
  160.875    .37 114.70   1.16
  161.125    .75  35.38  -5.55
  161.375    .34  70.00  -5.39
  161.625    .53   6.76  -1.89
  161.875    .36 188.60   1.36
  162.125   3.13  91.80 -10.65
  162.375   6.72 115.70 -10.52
  162.625   6.41 132.00  -5.71
  162.875   2.91 169.50  -3.47
  163.125   3.44 150.40  -6.34
  163.375   6.70 125.80  -6.02
  163.625   4.66 179.20  -2.78
  163.875   2.73 180.40    .27
  164.125   4.09 143.30  -2.60
  164.375   6.13 127.40  -5.47
  164.625   7.26 165.80  -4.74
  164.875   6.61 197.00  -1.98
  165.125   8.06 132.80  -6.10
  165.375   8.63 133.10  -8.29
  165.625   7.27 367.20  -3.30
  165.875   2.94 411.60   -.52
  166.125   4.82 136.70  -5.72
  166.375   7.20 132.80  -7.72
  166.625   6.58 365.00  -3.31
  166.875   4.46 420.10   -.69
  167.125   5.64 137.00  -5.38
  167.375   8.00 129.90  -7.00
  167.625   7.33 309.50  -1.90
  167.875   5.44 353.30    .89
  168.000   6.29 345.70    .25
  168.125   8.76 164.30  -1.42
  168.250   9.72 162.50  -2.40
  168.375   9.37 250.80  -1.49
  168.500   8.37 431.20  -1.45
  168.625   7.86 428.10   -.76
  168.750   5.76 470.40    .30
  168.875   4.13 409.10    .59
  169.000   3.75 390.50    .81
  169.125   1.32 444.20    .76
  169.250    .01 495.10    .23
  169.375    .00 478.30  -1.21
  169.500    .00 473.70  -1.44
  169.625    .00 412.30   -.61
  169.750    .00 459.30    .23
  169.875    .00 486.50   1.46
  170.000    .00 467.30    .42
  170.125    .00 470.50    .12
  170.250    .00*******   -.54
  170.375    .00 386.70  -4.29
  170.500    .05 297.30  -3.14
  170.625   1.85 330.50   1.15
  170.750    .00 347.40   2.82
  170.875    .00 298.00   2.98
  171.000    .00 317.50   2.86
  171.125    .00 300.20   2.59
  171.250    .00 153.70   2.46
  171.375    .00 164.10   2.60
  171.500    .00 174.70   1.98
  171.625    .00 161.00   1.70
  171.750    .00 185.30   1.40
  171.875    .00 179.80   -.59
  172.000    .00 191.00  -1.62
  172.125    .00 191.20  -2.05
  172.250    .00 189.70  -2.07
  172.375    .00 123.10  -3.67
  172.500    .00 113.10  -1.42
  172.625    .01 113.00    .61
  172.750    .00  88.60   1.75
  172.875   2.90  99.00   2.19
  173.000   5.56 151.20   1.21
  173.125   5.24 164.20   -.40
  173.250   4.03 140.30   -.48
  173.375   4.02 171.50   -.18
  173.500   3.42 164.30    .04
  173.625   3.43 170.30   -.03
  173.750   3.82 155.90    .30
  173.875   3.63 143.70    .41
  174.000   3.15 132.70   -.21
  174.125   3.87 110.30  -1.98
  174.250   5.80 105.80  -3.06
  174.375   7.14 113.10  -3.04
  174.500   7.08 116.70  -1.52
  174.625   6.15 109.30    .54
  174.750   5.06 104.40   1.38
  174.875   4.34  93.40   1.07
  175.000   5.08  78.20    .59
  175.125   5.82 108.50   -.87
  175.250   4.27 129.80  -4.05
  175.375   5.47 148.20  -1.96
  175.500   3.91 176.10  -2.45
  175.625   4.58 147.00  -2.15
  175.750   4.63 158.30    .92
  175.875   3.07 140.40   1.47
  176.000   3.79 147.60    .81
  176.125   4.42 124.60    .01
  176.250   5.62 128.50   -.54
  176.375   6.91 113.20   -.78
  176.500   5.77  94.30    .61
  176.625   5.01  85.30   1.60
  176.750   4.44  84.30   2.04
  176.875   4.47  95.90   2.07
  177.000   4.60 110.80   1.98
  177.125   4.55 154.90   1.01
  177.250   6.26 147.90    .45
  177.375   7.82 150.40    .98
  177.500   7.63 145.20   1.66
  177.625   7.63 149.70   1.70
  177.750   5.04 169.60    .87
  177.875   4.27 190.90   -.43
  178.000   2.24 180.70  -2.25
  178.125    .00 194.80  -3.35
  178.250    .00 155.50  -3.47
  178.375    .00 167.90  -2.32
  178.500   2.49 181.60   -.89
  178.625   2.56 145.90   -.28
  178.750   2.28 154.60    .44
  178.875   2.97 128.80    .44
  179.000   4.77 144.30   -.54
  179.125   5.78 138.00  -1.85
  179.250   5.94 141.80  -1.42
  179.375   5.82 148.80   -.41
  179.500   5.64 171.50    .00
  179.625   3.98 148.20    .74
  179.750   4.18 149.80   1.33
  179.875   3.15 132.40    .92
  180.000   2.82 141.90    .29
  180.125   3.64 139.70   -.56
  180.250   4.94 145.60   -.37
  180.375   4.35 131.30   -.06
  180.500   4.55 134.60    .75
  180.625   3.25 134.30   1.87
  180.750   5.11 127.20   1.90
  180.875   6.45 123.70   2.18
  181.000   8.43 131.90   2.25
  181.125   8.39 112.80   1.73
  181.250   9.07 126.70    .20
  181.375   9.89 120.30   -.62
  181.500   9.74 125.30   -.04
  181.625   8.52 110.90    .97
  181.750   7.04  97.50   1.26
  181.875   6.08 122.30   1.50
  182.000   5.03 128.80   1.02
  182.125   5.07 122.20   -.64
  182.250   5.45 119.40  -1.82
  182.375   6.23 124.00  -2.11
  182.500   6.11 120.40   -.74
  182.625   5.17 125.10    .85
  182.750   5.36 116.90   1.51
  182.875   4.98 113.00   1.60
  183.000   5.40 123.30   1.31
  183.125   6.62 135.20    .54
  183.250   8.38 126.70   -.50
  183.375   8.85 130.70  -1.58
  183.500   8.92 123.40   -.76
  183.625   7.87 124.80    .91
  183.750   6.54 127.20   1.67
  183.875   6.12 121.20   1.89
  184.000   4.47 124.80   1.32
  184.125   5.39 123.10   -.39
  184.250   5.99 124.60  -2.11
  184.375   6.53 118.60  -2.57
  184.500   6.63 134.60   -.67
  184.625   5.32 129.80    .89
  184.750   3.52 136.90   1.60
  184.875   2.42 127.90   1.80
  185.000   2.16  97.30   -.57
  185.125   2.98  95.30  -3.15
  185.250   3.86 104.70  -4.55
  185.375   5.48  98.10  -4.04
  185.500   6.07 105.30  -2.58
  185.625   5.56 129.80   -.36
  185.750   3.66 142.70   1.14
  185.875   2.06 132.40   1.51
  186.000   2.21 119.80   -.24
  186.125   2.85 103.50  -1.93
  186.250   4.39 126.40  -2.54
  186.375   5.88 131.20  -1.12
  186.500   6.37 134.40   -.16
  186.625   4.92 162.50    .91
  186.750   4.20 153.50    .82
  186.875   4.03 152.70    .30
  187.000   3.94 152.20   -.14
  187.125    .89 160.60   -.98
  187.250    .00 128.50  -1.28
  187.375    .00  92.20  -2.58
  187.500   4.82 135.90    .79
  187.625   5.39 144.00   1.36
  187.750   5.18 130.60   1.65
  187.875   3.60 102.60   1.42
  188.000   2.63 103.00    .70
  188.125   1.59  81.60    .60
  188.250   3.18 101.60  -1.89
  188.375   3.02  96.50  -1.13
  188.500   4.10 118.20   -.09
  188.625   4.00 140.60    .59
  188.750   1.21   6.73   1.20
  188.875   2.72  79.40    .01
  189.000   2.14 196.90  -1.69
  189.125   1.25 139.80  -5.08
  189.250   4.69 111.40  -5.64
  189.375   5.66 119.60  -4.09
  189.500   6.63 125.80  -2.67
  189.625   5.25 158.20  -1.09
  189.750   4.33 141.80   -.40
  189.875   4.58 153.10   -.36
  190.000   3.21 126.80  -1.78
  190.125   4.60 105.60  -3.60
  190.250   6.83 105.40  -5.80
  190.375   9.11 123.70  -6.69
  190.500   8.47 124.60  -4.09
  190.625   7.48 141.50  -1.37
  190.750   4.77 143.40    .67
  190.875   3.87 123.30   1.10
  191.000   3.63 120.00   -.15
  191.125   4.18 100.70  -3.28
  191.250   4.83 110.40  -5.70
  191.375   5.78 121.10  -5.41
  191.500   5.99 141.30  -3.60
  191.625   5.01 157.30  -1.38
  191.750   3.59 166.40   -.22
  191.875   2.18 162.50    .42
  192.000   1.66 150.00   -.16
  192.125   2.36 148.20  -1.13
  192.250   2.48 142.40  -1.22
  192.375   2.42 130.90   -.82
  192.500   2.25 156.70   -.06
  192.625   1.66 236.60   2.33
  192.750    .97 202.10   2.09
  192.875    .96 186.20    .58
  193.000   1.31 148.60  -1.05
  193.125   1.75 116.80  -3.08
  193.250   1.81  93.40  -3.49
  193.375   2.00 105.20  -4.24
  193.500   3.48 103.70  -2.30
  193.625   5.56 121.80  -1.73
  193.750   2.99 123.90    .31
  193.875   2.59 121.50    .58
  194.000   3.57 123.10   -.88
  194.125   4.90 119.80  -2.95
  194.250   5.90 109.00  -4.47
  194.375   6.06 124.00  -4.69
  194.500   7.14 118.90  -2.14
  194.625   6.53 133.70   -.68
  194.750   4.91 126.70    .57
  194.875   3.14 131.00    .91
  195.000   3.17 129.70   -.97
  195.125   4.38 122.20  -3.20
  195.250   4.78 106.60  -4.80
  195.375   5.12 114.70  -3.95
  195.500   5.76 124.40  -1.28
  195.625   5.34 121.80    .55
  195.750   3.92 126.40   1.48
  195.875   3.00 106.10   1.51
  196.000   3.60 132.10    .49
  196.125   3.84 114.30  -1.28
  196.250   4.67 107.20  -2.88
  196.375   5.35 127.30  -2.72
  196.500   6.41 122.50  -1.17
  196.625   6.46 106.30   -.47
  196.750   3.99 103.50    .81
  196.875   3.83  95.80   1.28
  197.000   3.23 104.20   -.14
  197.125   3.55 128.20  -1.91
  197.250   5.88 118.20  -2.76
  197.375   5.64 130.40  -2.25
  197.500   7.10 133.90   -.32
  197.625   7.40 136.50   1.57
  197.750   5.98 148.90   2.01
  197.875   6.43 139.20   1.62
  198.000   4.87 138.20   1.20
  198.125   3.49 144.60  -1.03
  198.250   4.10 132.70   -.37
  198.375   4.45 123.40   -.69
  198.500   4.91 132.10    .60
  198.625   5.43 138.90   2.22
  198.750   6.21 143.10   2.31
  198.875   7.32 150.00   1.93
  199.000   7.80 157.00   1.79
  199.125   7.66 152.70   2.59
  199.250   7.72 164.00   2.25
  199.375   8.84 152.80   1.84
  199.500   9.01 149.10   1.61
  199.625   7.98 139.70   1.87
  199.750   6.70 147.70   1.76
  199.875   5.38 147.40   1.23
  200.000   3.90 151.80    .70
  200.125   3.14 152.70    .23
  200.250   2.85 157.40    .15
  200.375   2.06 170.00    .18
  200.500   2.38 167.60    .25
  200.625   3.32 154.90    .01
  200.750   3.08 164.10    .57
  200.875   2.95 149.70    .04
  201.000   3.32 158.90   -.26
  201.125   2.59 168.60   -.45
  201.250   2.02 164.90   -.41
  201.375   2.14 133.40   -.09
  201.500   1.87 119.40   1.37
  201.625   2.42 146.80   1.86
  201.750   2.77 141.30   1.54
  201.875   2.37 135.80   1.59
  202.000   2.79 135.20    .03
  202.125   3.22 134.40  -2.26
  202.250   3.51  98.90  -3.15
  202.375   4.85 126.40  -2.55
  202.500   5.10 131.60   -.69
  202.625   4.44 141.30   1.11
  202.750   3.44 128.80   1.74
  202.875   3.57 133.90   1.74
  203.000   5.13 115.40    .70
  203.125   6.40 110.10   -.96
  203.250   7.75 109.50  -3.02
  203.375   9.19 109.80  -4.30
  203.500   8.84 109.20  -2.45
  203.625   7.44 109.10    .04
  203.750   6.24 112.60   1.17
  203.875   5.49 113.90   1.52
  204.000   4.05 110.30    .25
  204.125   4.90 100.70  -2.27
  204.250   6.83 113.10  -4.24
  204.375   7.52 114.30  -4.69
  204.500   7.15 126.50  -2.94
  204.625   6.58 129.80   -.47
  204.750   4.98 134.20   1.15
  204.875   3.69 141.60   1.36
  205.000   2.91 123.60    .10
  205.125   4.35 113.20   -.58
  205.250   5.54 122.00  -1.89
  205.375   6.07 113.10  -3.17
  205.500   6.26 128.20  -2.71
  205.625   5.26 138.00  -1.32
  205.750   3.71 147.00   -.13
  205.875   2.75 142.70    .15
  206.000   2.06 138.20   -.28
  206.125   1.41 121.90  -1.16
  206.250   2.01 124.00   -.96
  206.375   3.34 132.90  -1.31
  206.500   3.80 127.40  -1.02
  206.625   2.80 200.10    .63
  206.750   2.47 161.10    .19
  206.875   3.50 178.90   -.87
  207.000   4.55 173.40  -1.29
  207.125   3.78 181.20  -2.03
  207.250   3.27 199.40  -1.98
  207.375   3.20 178.80  -1.94
  207.500   3.60 177.70  -1.20
  207.625   3.19 184.70   -.31
  207.750   3.13 158.20    .61
  207.875   3.69 138.20   -.49
  208.000   3.99 147.70   -.51
  208.125   4.95 177.30   -.68
  208.250   6.74 165.50  -1.11
  208.375   5.20 230.50  -2.98
  208.500   1.02 118.90  -2.50
  208.625   6.50 214.20  -3.06
  208.750   7.87 216.90  -4.75
  208.875   4.80 189.10  -4.53
  209.000   2.52 112.80  -6.20
  209.125   2.05 100.60 -11.36
  209.250   2.29  82.30 -14.33
  209.375    .59 340.20 -10.38
  209.500   1.32 230.70  -6.54
  209.625   3.39 192.40  -5.32
  209.750   3.19 197.90  -4.98
  209.875   4.90 188.20  -5.97
  210.000   3.79 129.30  -9.48
  210.125   5.24  99.40 -13.50
  210.250   7.01 108.30 -14.22
  210.375   7.61 104.50 -13.74
  210.500   7.82 118.00 -11.74
  210.625   6.96 121.60  -8.98
  210.750   5.77 134.00  -6.51
  210.875   2.88 131.50  -4.75
  211.000   3.58 122.60  -7.78
  211.125   6.25 120.40 -10.71
  211.250   7.59 133.20 -10.91
  211.375   8.16 129.50 -10.51
  211.500   7.68 137.70  -8.88
  211.625   6.45 146.70  -5.74
  211.750   5.63 168.80  -3.93
  211.875   7.37 165.20  -3.98
  212.000   7.63 173.60  -3.99
  212.125   6.26 147.00  -3.87
  212.250   9.62 137.00  -4.02
  212.375  11.56 156.50  -2.50
  212.500   7.80 181.30  -1.08
  212.625   5.83 184.80   -.51
  212.750   7.25 179.50   -.12
  212.875   9.75 190.60  -1.31
  213.000   9.22 205.00  -3.22
  213.125   3.81 200.30  -4.11
  213.250    .96 232.50  -4.77
  213.375   2.20 227.90  -5.05
  213.500   2.03 213.90  -3.49
  213.625   3.18 170.70  -1.71
  213.750   3.83 155.30   -.77
  213.875   4.67 168.00   -.69
  214.000   4.33 195.10  -1.90
  214.125   2.71 132.80  -2.64
  214.250   2.58 138.00  -2.74
  214.375   2.64 148.30  -1.98
  214.500   2.02 206.10    .10
  214.625   1.99 197.70   1.62
  214.750   1.77 333.20    .20
  214.875   3.20 346.90  -2.30
  215.000   2.68 350.60  -3.21
  215.125    .60 326.60  -5.36
  215.250    .19 330.70  -5.98
  215.375    .61   5.13  -5.46
  215.500    .66 363.40  -4.85
  215.625   2.74 324.90  -2.84
  215.750   3.04 331.90  -2.85
  215.875   3.21 357.20  -3.12
  216.000   3.08 286.20  -4.27
  216.125   3.08 307.80  -4.91
  216.250   2.69 299.30  -5.68
  216.375   1.24 286.30  -5.60
  216.500    .66 224.10  -4.57
  216.625   1.29 157.90  -4.74
  216.750   3.92 171.50  -4.24
  216.875   3.81 136.70  -4.34
  217.000   5.33 135.60  -7.72
  217.125   6.69 122.00  -9.85
  217.250   7.90 120.40 -10.44
  217.375   8.55 127.10  -9.90
  217.500  10.17 115.40  -8.96
  217.625   9.58 115.00  -7.48
  217.750   8.27 120.60  -2.87
  217.875   8.89 123.40  -1.40
  218.000   8.59 128.30  -2.44
  218.125   8.50 131.10  -4.65
  218.250   5.69 141.00  -3.98
  218.375   4.02 141.80  -5.20
  218.500   3.68 151.00  -4.10
  218.625   3.99 154.70  -1.96
  218.750   3.54 159.80  -1.21
  218.875   2.41 181.60  -1.50
  219.000   2.29 237.30  -2.04
  219.125   1.31 203.00  -2.95
  219.250   1.60 342.00  -3.48
  219.375   2.88 359.70  -5.57
  219.500   1.09 362.30  -6.12
  219.625    .47  28.15  -3.21
  219.750   1.82 202.90  -2.99
  219.875   1.88 158.60  -4.55
  220.000   2.55 154.00  -6.33
  220.125   2.89 109.80  -7.24
  220.250   3.66 124.40  -9.55
  220.375   5.44 121.80 -10.75
  220.500   8.57 138.60  -8.87
  220.625   8.61 123.80  -7.04
  220.750   7.07 137.70  -4.98
  220.875   5.58 142.80  -4.77
  221.000   5.60 128.50  -7.08
  221.125   7.10 128.40 -10.27
  221.250   8.18 129.30 -11.98
  221.375   9.44 107.60 -11.74
  221.500   7.61 131.60  -9.04
  221.625   5.23 161.20  -5.11
  221.750   2.32 176.00  -3.66
  221.875   1.50 143.70  -4.25
  222.000   2.92  87.10  -9.18
  222.125   4.88  88.30 -14.11
  222.250   6.17  91.00 -15.37
  222.375   7.45 100.90 -14.75
  222.500   7.98 103.00 -11.60
  222.625   5.88 121.60  -6.70
  222.750   4.60 130.00  -3.57
  222.875   3.15 104.40  -3.96
  223.000   3.91  97.40  -8.40
  223.125   5.82 100.70 -11.87
  223.250   7.26 102.50 -12.98
  223.375   7.63 106.90 -12.95
  223.500   6.91 116.80 -10.56
  223.625   6.32 150.40  -7.12
  223.750   3.63 166.10  -5.24
  223.875   1.43 105.30  -4.81
  224.000   2.79  98.10 -10.34
  224.125   4.43  95.50 -14.55
  224.250   5.55  98.30 -15.49
  224.375   6.51 102.50 -15.05
  224.500   6.93 105.20 -12.19
  224.625   6.16 111.40  -8.32
  224.750   4.21 127.60  -4.94
  224.875   2.90 103.30  -4.66
  225.000   4.05  94.80  -9.31
  225.125   5.16  95.90 -13.06
  225.250   6.15 100.30 -13.91
  225.375   6.64  94.10 -13.43
  225.500   6.18  99.00 -10.33
  225.625   4.51 104.90  -5.62
  225.750   3.09 104.50  -2.46
  225.875   1.46  82.40  -2.48
  226.000   3.14  87.70  -6.89
  226.125   5.04  93.10 -11.66
  226.250   5.89  92.90 -12.36
  226.375   6.68 102.40 -11.99
  226.500   7.53 114.20  -8.29
  226.625   6.74 140.00  -4.25
  226.750   4.78 149.20  -1.98
  226.875   3.30 138.90  -1.80
  227.000   4.43 121.60  -4.90
  227.125   6.17 113.20  -7.46
  227.250   8.24 122.80  -7.91
  227.375   9.46 130.50  -8.21
  227.500   9.83 128.00  -6.62
  227.625   9.16 133.60  -3.39
  227.750   7.68 134.60   -.90
  227.875   7.20 124.00   -.53
  228.000   8.83 129.20  -2.45
  228.125   8.57 128.00  -3.85
  228.250   9.24 115.10  -5.12
  228.375   9.67 122.90  -6.25
  228.500   9.53 129.70  -4.94
  228.625   8.65 132.80  -2.43
  228.750   6.79 143.90   -.13
  228.875   5.02 141.80    .41
  229.000   4.73 146.10   -.97
  229.125   4.84 147.90  -1.92
  229.250   4.97 172.80  -2.09
  229.375   3.52 162.80  -1.40
  229.500   2.77 150.60   -.30
  229.625   3.58 154.00    .37
  229.750   2.96 156.80   1.21
  229.875   1.51 103.90   1.30
  230.000    .86 192.90    .20
  230.125    .98 146.70   -.48
  230.250   1.21 107.60  -1.26
  230.375   1.62 111.60  -1.45
  230.500   2.14 123.10   -.68
  230.625   3.81 152.20    .22
  230.750   4.71 155.50    .03
  230.875   3.72 147.60   -.38
  231.000   3.86 133.80  -1.90
  231.125   4.34 106.80  -3.04
  231.250   5.64 104.40  -3.10
  231.375   6.01 112.80  -3.36
  231.500   5.59 126.40  -3.28
  231.625   3.58 142.40   -.08
  231.750   1.29  12.43   2.58
  231.875   2.10  70.90    .45
  232.000   2.19  77.00  -1.03
  232.125   4.02  87.50  -4.41
  232.250   6.24 113.90  -7.10
  232.375   7.88 105.00  -7.90
  232.500  11.00 112.90  -7.61
  232.625  10.90  97.40  -5.58
  232.750   9.06 106.10  -2.85
  232.875   7.74 117.50  -2.75
  233.000   9.02 118.20  -4.26
  233.125  10.80 116.00  -6.34
  233.250  13.74 107.50  -8.25
  233.375  14.17 111.40  -8.12
  233.500  14.14 120.40  -7.00
  233.625  12.69 133.10  -3.76
  233.750  12.22 134.50  -1.58
  233.875  10.08 140.60  -1.10
  234.000   9.35 126.40  -3.09
  234.125  10.55 121.70  -5.97
  234.250  12.15 121.40  -7.82
  234.375  12.11 117.80  -8.85
  234.500  12.05 128.00  -7.77
  234.625  10.11 119.10  -4.57
  234.750   8.29 134.20  -1.57
  234.875   6.91 136.70   -.38
  235.000   6.83 130.60  -2.68
  235.125   7.66 115.40  -5.39
  235.250   7.68 120.50  -6.50
  235.375   7.48 111.10  -7.10
  235.500   8.08 117.10  -6.14
  235.625   7.46 117.70  -3.38
  235.750   6.52 116.60  -1.02
  235.875   6.17 110.50  -1.50
  236.000   6.85 102.80  -4.78
  236.125   8.21 110.50  -7.24
  236.250   8.98  99.10  -7.78
  236.375   9.18 113.30  -8.29
  236.500  10.30 123.50  -5.58
  236.625   8.42 154.60   -.46
  236.750   4.64 143.10   1.06
  236.875   4.66 137.40   1.41
  237.000   5.24 143.30   1.16
  237.125   5.26 145.20    .24
  237.250   4.57 142.70    .42
  237.375   5.20 144.70    .55
  237.500   4.97 148.00    .86
  237.625   5.22 149.40   1.10
  237.750   4.27 159.80    .93
  237.875   2.86 127.00    .42
  238.000   3.16  97.30    .46
  238.125   4.53 103.80   1.07
  238.250   5.65 110.60    .66
  238.375   6.88 131.20   1.02
  238.500   7.33 139.20   2.22
  238.625   6.00 148.90   1.79
  238.750   6.34 163.10    .93
  238.875   5.00 151.90    .41
  239.000   3.62 149.70    .21
  239.125   2.78 153.90   -.08
  239.250   1.18 149.20   -.42
  239.375    .44 121.50   -.20
  239.500   2.90 107.10    .76
  239.625   3.03 126.10   1.21
  239.750   3.36 171.40   1.17
  239.875   3.87 140.70    .63
  240.000   5.36 151.20    .09
  240.125   6.21 138.90   -.23
  240.250   6.00 137.90  -1.02
  240.375   7.12 125.30  -1.02
  240.500   8.26 143.00   -.47
  240.625  10.56 129.20    .70
  240.750  10.01 141.80    .73
  240.875   8.26 132.80   1.19
  241.000   8.71 130.00    .15
  241.125   6.82 142.50    .68
  241.250   5.26 153.60    .63
  241.375   4.62 185.10  -1.35
  241.500   4.92 193.70  -1.84
  241.625   4.53 195.20  -1.52
  241.750   3.73 202.40  -1.42
  241.875   3.12 209.70  -2.50
  242.000   2.32 174.50  -3.54
  242.125   2.12 195.60  -3.74
  242.250   1.29 175.70  -4.04
  242.375   1.61 129.60  -5.32
  242.500   1.19 151.30  -4.18
  242.625   2.25 148.00  -2.87
  242.750   3.10 143.70  -3.26
  242.875   2.85 140.40  -4.62
  243.000   2.81 142.20  -5.13
  243.125   3.35 156.90  -5.33
  243.250   5.34 124.10  -5.80
  243.375   5.73 119.80  -7.60
  243.500   7.32 120.40  -7.48
  243.625   7.11 132.60  -5.82
  243.750   6.42 131.50  -4.96
  243.875   6.53 117.10  -5.77
  244.000   7.43 116.60  -9.25
  244.125   7.50 101.90 -10.80
  244.250   7.49  99.40 -11.55
  244.375   7.85 100.40 -11.67
  244.500   7.83 101.80  -9.42
  244.625   7.07 122.00  -6.66
  244.750   6.18 140.10  -4.17
  244.875   5.34 119.20  -4.09
  245.000   6.32 115.90  -6.06
  245.125   6.93 118.00  -6.49
  245.250   7.89 121.30  -6.20
  245.375   7.41 125.60  -5.25
  245.500   7.96 131.30  -2.53
  245.625   6.61 138.80  -1.58
  245.750   4.64 140.40   -.27
  245.875   4.65 140.30    .29
  246.000   2.87 147.30   -.86
  246.125   2.46 200.00  -3.09
  246.250   2.30 169.40  -3.99
  246.375   2.47 151.80  -4.53
  246.500   2.73 151.30  -4.41
  246.625   3.41 155.60  -2.50
  246.750   2.95 129.20  -2.16
  246.875   4.57 144.90  -3.54
  247.000   5.41 130.20  -6.24
  247.125   7.23 127.40  -6.16
  247.250   7.90 123.40  -5.34
  247.375   7.59 125.90  -3.72
  247.500   8.78 129.40  -2.44
  247.625   8.43 127.00  -1.20
  247.750   7.75 137.30    .26
  247.875   7.51 142.50   -.34
  248.000   8.02 127.30  -2.41
  248.125   8.23 133.20  -3.48
  248.250   8.96 140.60  -1.44
  248.375   8.49 144.10   -.47
  248.500   8.19 136.70  -1.79
  248.625   8.99 151.60  -3.07
  248.750   9.66 160.00  -2.38
  248.875  10.38 148.60  -3.39
  249.000  10.75 145.20  -5.69
  249.125   8.38 142.40  -5.02
  249.250   7.52 154.90  -4.30
  249.375   7.07 166.00  -4.32
  249.500   6.91 163.90  -4.19
  249.625   6.80 174.20  -3.71
  249.750   4.84 196.00  -3.06
  249.875   4.34 236.20  -4.12
  250.000   5.81 231.50  -6.35
  250.125   7.06 230.20  -7.89
  250.250   4.73 191.00  -8.29
  250.375   3.31 169.10  -8.18
  250.500   2.81 158.10  -7.51
  250.625   2.80 101.70  -7.10
  250.750   4.49  90.00 -11.13
  250.875   6.69  99.60 -11.40
  251.000   7.96  95.10 -13.30
  251.125  10.88 101.60 -12.69
  251.250  13.67 112.20 -12.89
  251.375  11.46 128.70 -12.07
  251.500   9.60 113.30 -10.11
  251.625   7.50 121.90  -6.65
  251.750   4.31 172.00  -3.62
  251.875    .90 237.20  -5.18
  252.000   2.24 161.50  -9.89
  252.125   4.53 161.50  -8.19
  252.250   5.62 143.30  -7.37
  252.375   8.14 111.70  -9.91
  252.500   9.46 120.20  -9.81
  252.625   8.88 112.00  -6.38
  252.750   8.09 126.70  -4.06
  252.875   6.51 143.60  -2.84
  253.000   7.07 142.40  -2.73
  253.125   7.41 148.60  -1.49
  253.250   6.25 147.30   -.88
  253.375   5.27 153.10  -1.13
  253.500   5.34 142.70   -.26
  253.625   6.43 156.20   1.29
  253.750   6.01 167.00   1.32
  253.875   5.32 153.90    .79
  254.000   4.71 148.20   -.04
  254.125   4.30 143.40    .18
  254.250   4.85 149.50    .27
  254.375   4.52 141.60    .37
  254.500   5.06 134.60    .96
  254.625   4.10 136.70   1.63
  254.750   3.15 121.30   1.34
  254.875   2.37 136.50    .75
  255.000   2.29 130.30    .38
  255.125   2.65 120.40    .38
  255.250   2.93 129.70    .63
  255.375   3.21 120.30    .74
  255.500   3.80 107.90    .95
  255.625   3.84 103.90   1.70
  255.750   3.76  93.40   1.67
  255.875   4.05 138.80   1.65
  256.000   4.11 223.40    .62
  256.125   1.40 222.40  -2.34
  256.250    .74 222.90  -3.10
  256.375   1.43 224.70  -3.62
  256.500   2.07 222.70  -3.74
  256.625   2.56  75.10  -2.40
  256.750   3.68  34.13  -1.33
  256.875   3.50  47.40  -5.90
  257.000   4.34  71.40 -12.26
  257.125   4.91  77.30 -15.08
  257.250   4.86  88.40 -14.56
  257.375   5.21  88.70 -13.19
  257.500   6.37  98.90 -11.31
  257.625   6.86  95.10  -7.63
  257.750   6.92 103.40  -4.88
  257.875   8.24 101.00  -5.33
  258.000   8.82 111.30  -7.03
  258.125   9.05  97.30  -8.81
  258.250   7.43  98.10 -10.36
  258.375   4.19 113.80 -11.08
  258.500   3.28 133.10  -9.28
  258.625   3.42 141.60  -7.13
  258.750   1.25 121.80  -4.47
  258.875    .55  30.49  -6.40
  259.000   3.68  75.80 -10.20
  259.125   4.49  85.60 -11.92
  259.250   5.81  88.60 -14.34
  259.375   6.94  97.70 -15.13
  259.500   8.71  95.90 -14.89
  259.625   7.21 104.10 -11.86
  259.750   5.95 105.80  -9.64
  259.875   5.81  96.00 -11.40
  260.000   6.90  85.80 -14.80
  260.125   6.44  92.50 -16.31
  260.250   6.63  96.60 -18.00
  260.375   6.22 111.90 -16.76
  260.500   6.50 126.80 -15.01
  260.625   6.70 126.90 -12.56
  260.750   7.27 121.40 -11.23
  260.875   7.76 102.40 -12.64
  261.000   8.87 105.20 -14.38
  261.125  10.07 122.90 -12.96
  261.250   9.69 121.10  -9.79
  261.375  10.10 118.90  -8.46
  261.500  11.35 113.20  -7.50
  261.625  10.41 120.40  -5.59
  261.750   9.51 132.80  -3.92
  261.875   8.79 115.50  -4.34
  262.000  10.28 116.50  -5.86
  262.125  11.77 100.90  -7.25
  262.250  11.22  90.60  -7.86
  262.375   9.54 105.70  -6.44
  262.500  11.59 141.00  -5.72
  262.625  10.90 142.50  -4.20
  262.750  10.87 143.90  -3.85
  262.875   9.55 123.40  -3.58
  263.000  11.15 134.90  -4.76
  263.125  11.56 119.00  -5.64
  263.250  12.18 115.30  -6.97
  263.375  12.04 116.00  -7.14
  263.500  12.65 110.20  -6.14
  263.625  12.91 113.70  -2.98
  263.750  12.20 114.80   -.52
  263.875  10.79 117.00   -.28
  264.000  10.91 122.50   -.89
  264.125  11.21 114.60  -1.56
  264.250  10.05 121.00  -2.10
  264.375   8.35 132.90  -3.32
  264.500   7.16 103.80  -4.47
  264.625  10.13 108.30  -1.54
  264.750   9.98  93.90    .62
  264.875  11.94 108.00   2.87
  265.000  10.91 127.30   1.10
  265.125   7.35 137.10  -1.41
  265.250   5.95 125.60  -4.76
  265.375   7.64 110.90  -6.81
  265.500   5.65 103.00  -6.68
  265.625   4.12 127.40  -4.74
  265.750   2.88 163.70  -3.87
  265.875   1.86 122.10  -5.06
  266.000   3.90 118.70  -8.14
  266.125   4.11 100.00  -9.70
  266.250   8.36 104.30  -9.20
  266.375  10.81  89.20 -10.29
  266.500  11.04 101.30 -11.18
  266.625  11.20 112.30 -10.21
  266.750   9.18 114.30  -8.06
  266.875   7.25 109.00  -8.36
  267.000   6.72 103.10 -11.01
  267.125   8.15 107.80 -12.29
  267.250   8.89 105.50 -13.19
  267.375   9.37 104.00 -14.11
  267.500  10.85 108.40 -13.70
  267.625  11.78 100.00 -10.96
  267.750   9.47 109.20  -9.36
  267.875   6.97  94.20  -9.96
  268.000   9.60  95.60 -12.25
  268.125   9.62 102.50 -13.44
  268.250   9.45 114.90 -14.51
  268.375   8.84 106.50 -15.27
  268.500   9.92 114.00 -15.77
  268.625   8.73 119.90 -13.88
  268.750   7.92 117.10 -13.12
  268.875   6.93 130.20 -12.92
  269.000   7.38 118.10 -14.58
  269.125   8.42 132.60 -16.61
  269.250   8.65 118.80 -17.33
  269.375   8.53 116.60 -18.24
  269.500   7.99 118.70 -18.34
  269.625   7.09 118.50 -16.24
  269.750   5.18 128.70 -14.17
  269.875   4.44 130.50 -13.65
  270.000   3.98 128.00 -13.55
  270.125   3.43 131.60 -13.32
  270.250   3.16 118.80 -13.21
  270.375   2.09 114.30 -12.83
  270.500   1.47 105.80 -12.35
  270.625   1.75 151.80 -11.59
  270.750   1.46  91.50 -13.11
  270.875   1.32  84.50 -14.54
  271.000   2.96  86.30 -18.16
  271.125   3.70  97.10 -15.98
  271.250   3.43  93.50 -14.77
  271.375   3.76  98.60 -14.71
  271.500   4.26  95.60 -15.29
  271.625   4.89  92.00 -15.52
  271.750   4.14  56.10 -14.77
  271.875   4.82  73.30 -15.52
  272.000   4.79  81.50 -16.17
  272.125   4.89  84.50 -18.29
  272.250   4.53 104.70 -19.74
  272.375   5.12 106.20 -20.33
  272.500   3.75  78.60 -18.99
  272.625   5.60 140.30 -16.05
  272.750   6.58 153.90 -15.19
  272.875   4.71 144.60 -14.89
  273.000   6.72 131.60 -14.25
  273.125   7.78 127.20 -13.07
  273.250  10.06 133.50 -11.32
  273.375  10.68 130.50  -9.71
  273.500  12.36 143.40  -9.01
  273.625  11.35 132.50  -8.87
  273.750  10.54 138.80  -7.80
  273.875   9.35 128.40  -8.07
  274.000  11.48 130.10  -8.30
  274.125  11.61 133.80  -7.60
  274.250  10.95 138.50  -5.51
  274.375  12.71 152.40  -3.85
  274.500   9.10 152.50  -3.94
  274.625   7.56 164.80  -3.58
  274.750   6.47 201.80  -3.10
  274.875   6.96 218.90  -3.71
  275.000   5.64 181.40  -4.13
  275.125   6.38 176.70  -5.30
  275.250   6.14 144.30  -7.84
  275.375   6.09 133.70 -10.46
  275.500   5.90 118.70 -11.67
  275.625   7.53 112.60 -10.71
  275.750   8.63 109.80 -11.36
  275.875  10.57 109.70 -12.22
  276.000  10.40 110.60 -13.37
  276.125  10.16 113.80 -12.33
  276.250   7.91 134.40  -9.32
  276.375   6.93 166.10  -8.39
  276.500   4.30 148.90 -11.01
  276.625   3.95 144.00 -10.64
  276.750   3.84 171.20  -9.59
  276.875   3.36 127.70 -10.33
  277.000   4.46 135.30 -13.42
  277.125   4.73 146.70 -13.16
  277.250   4.69 146.80 -11.13
  277.375   6.89 136.80 -12.04
  277.500   9.08 132.00 -15.16
  277.625   7.62 128.60 -12.81
  277.750   7.21 147.90  -9.05
  277.875   5.52 140.00  -8.99
  278.000   6.47 147.70  -9.22
  278.125   8.11 127.40 -10.01
  278.250  12.13 120.20 -12.75
  278.375  11.50 112.00  -9.65
  278.500   9.41 197.60  -6.07
  278.625   6.05 230.30  -7.11
  278.750   5.84 214.30  -8.87
  278.875   8.82 236.90  -8.33
  279.000  11.30 225.70  -8.81
  279.125   7.89 214.00  -9.36
  279.250   7.95 210.90  -9.22
  279.375   7.47 201.20  -9.53
  279.500   5.73 216.40  -9.90
  279.625   5.44 187.40 -10.24
  279.750   3.74 127.70 -11.29
  279.875   4.56 115.50 -15.49
  280.000   5.22 110.10 -17.98
  280.125   6.50  99.80 -19.92
  280.250   7.88 106.20 -20.50
  280.375   9.17 113.50 -20.16
  280.500   9.86 109.60 -20.56
  280.625  10.24 107.10 -21.62
  280.750   9.53 110.10 -20.84
  280.875   8.72 107.40 -21.38
  281.000   8.90 118.00 -21.33
  281.125   9.35 113.70 -20.26
  281.250  12.71 110.40 -22.06
  281.375  13.75 119.40 -23.17
  281.500  14.03 115.30 -21.32
  281.625  12.78 126.50 -17.16
  281.750   7.84 143.60 -12.53
  281.875   3.94 144.60 -11.13
  282.000   3.49 138.80 -11.51
  282.125   2.73 208.20 -10.75
  282.250   1.72 197.50 -12.65
  282.375   2.95 184.60 -13.01
  282.500   6.81 198.80 -12.10
  282.625   8.57 219.10 -11.48
  282.750   7.26 191.30 -11.50
  282.875   6.69 123.20 -14.75
  283.000  12.13 122.60 -16.41
  283.125  12.38 127.20 -13.01
  283.250   9.64 178.70  -9.66
  283.375   8.80 195.50 -10.86
  283.500   7.45 128.40 -14.05
  283.625   8.18 140.70 -14.48
  283.750   4.37 176.80 -13.74
  283.875   2.98 195.40 -13.69
  284.000    .11 165.10 -13.87
  284.125   1.12 143.00 -13.70
  284.250   1.87 220.70 -13.66
  284.375   4.06 182.80 -13.06
  284.500   2.38 186.50 -13.66
  284.625   2.47 178.70 -13.39
  284.750   1.80 168.00 -13.18
  284.875   1.50 148.00 -14.37
  285.000   2.38 119.10 -16.21
  285.125   5.28 111.50 -18.82
  285.250   9.06 102.40 -24.31
  285.375   9.70 106.00 -24.91
  285.500  10.30 117.90 -22.67
  285.625  10.11 113.10 -21.61
  285.750   9.65 111.80 -20.43
  285.875   8.73 115.10 -19.07
  286.000   8.88 122.10 -16.86
  286.125  10.73 119.00 -15.34
  286.250  10.18 150.70 -12.60
  286.375   7.79 166.30  -8.36
  286.500   6.01 140.00  -9.56
  286.625   6.74 150.70  -9.41
  286.750   8.72 127.80 -10.20
  286.875   9.82 128.30 -12.05
  287.000   8.60 133.50 -12.61
  287.125   9.85 144.60 -12.01
  287.250  11.48 140.30 -10.87
  287.375  11.87 140.70  -9.97
  287.500  11.56 133.80  -9.23
  287.625  12.71 125.90  -8.93
  287.750  12.09 113.60 -10.99
  287.875  14.70 116.70 -12.69
  288.000  13.29 127.20 -13.32
  288.125  11.90 120.30 -12.80
  288.250  11.35 119.00 -13.66
  288.375  10.68 120.50 -14.21
  288.500  11.19 114.20 -14.67
  288.625  11.98 105.50 -15.09
  288.750  11.50 113.60 -15.14
  288.875  10.96 120.90 -15.56
  289.000  11.36 108.50 -16.19
  289.125   9.64 115.20 -17.35
  289.250   9.72 117.20 -17.42
  289.375   8.50 113.90 -17.94
  289.500   8.15 116.70 -18.55
  289.625   8.20 123.60 -17.03
  289.750   7.31 126.30 -17.07
  289.875   7.06 122.60 -17.76
  290.000   6.07 130.80 -17.83
  290.125   6.68 129.50 -17.41
  290.250   7.69 123.30 -17.04
  290.375   7.41 120.00 -17.02
  290.500   7.31 122.70 -14.19
  290.625   8.36 131.40  -9.68
  290.750   8.67 126.40  -6.30
  290.875   9.02 150.10  -7.62
  291.000   7.99 140.60 -10.67
  291.125   9.46 150.90 -10.40
  291.250   5.73 115.40  -8.97
  291.375   3.11 327.80  -8.08
  291.500   3.42 189.50 -12.78
  291.625   1.83 150.30 -13.97
  291.750   2.20 140.30 -14.45
  291.875   2.08 121.20 -14.97
  292.000   2.33  87.50 -17.06
  292.125   4.21 100.20 -18.31
  292.250   5.02  93.60 -19.37
  292.375   4.80 107.10 -21.67
  292.500   3.98  88.50 -21.06
  292.625   3.55  96.50 -18.17
  292.750   4.00 120.10 -12.96
  292.875   5.00  95.80 -14.31
  293.000   6.39  97.90 -15.07
  293.125   7.89 107.30 -15.09
  293.250   8.84  96.30 -15.49
  293.375   7.61  93.20 -16.48
  293.500   8.90 106.10 -16.63
  293.625   9.55 109.30 -15.40
  293.750   8.26  98.70 -14.67
  293.875   7.21 107.30 -16.96
  294.000   7.71  95.30 -19.06
  294.125   8.63  92.80 -20.11
  294.250   8.40  98.80 -20.72
  294.375   9.76  95.20 -21.61
  294.500  10.51 100.00 -22.01
  294.625  11.69 100.70 -21.00
  294.750  11.98 101.70 -19.97
  294.875  11.71 102.60 -18.70
  295.000  12.34 109.70 -18.80
  295.125  13.91 117.90 -18.62
  295.250  13.31 103.40 -17.81
  295.375  12.07 126.60 -17.01
  295.500  11.76 125.10 -17.33
  295.625  10.21 127.70 -17.51
  295.750   9.60 124.40 -17.65
  295.875   9.21 120.20 -18.21
  296.000   9.85 108.80 -18.11
  296.125   9.94 116.40 -18.78
  296.250   9.80 108.00 -19.15
  296.375   9.76 106.60 -20.29
  296.500  10.53 116.20 -20.00
  296.625   9.91 101.40 -20.42
  296.750   9.95 105.00 -21.12
  296.875   8.53 100.80 -22.11
  297.000   7.59  94.30 -23.03
  297.125   5.83  93.40 -22.80
  297.250   4.83  92.40 -22.16
  297.375   4.43  91.00 -19.97
  297.500   3.30  99.00 -18.27
  297.625   3.71  91.10 -20.30
  297.750   3.88  89.40 -22.81
  297.875   4.52  91.80 -25.02
  298.000   5.07  77.60 -26.27
  298.125   4.20  80.90 -24.84
  298.250   4.68  85.60 -24.33
  298.375   6.10  96.10 -24.98
  298.500   6.80  92.00 -25.67
  298.625   5.83  90.40 -26.01
  298.750   5.87  84.70 -23.68
  298.875   4.93  83.00 -23.25
  299.000   4.37  82.90 -27.13
  299.125   5.88  88.00 -27.58
  299.250   5.61  92.60 -27.68
  299.375   6.05  90.10 -26.89
  299.500   7.98 107.00 -26.13
  299.625   7.46 105.10 -23.36
  299.750   8.17 111.90 -20.54
  299.875   8.99 110.10 -19.29
  300.000   9.56 115.10 -17.72
  300.125   8.91 115.70 -16.40
  300.250   8.65 114.00 -15.75
  300.375   7.87 110.70 -13.75
  300.500   8.07 119.00 -11.91
  300.625   7.59 120.90 -10.91
  300.750   6.98 125.70 -10.49
  300.875   6.15 138.50 -10.42
  301.000   5.83 131.60 -10.20
  301.125   6.41 158.80 -10.24
  301.250   5.94 165.70  -9.48
  301.375   5.19 169.30  -9.42
  301.500   4.09 174.10  -9.61
  301.625   4.09 178.10  -9.56
  301.750   3.63 149.80  -9.44
  301.875   2.84 135.30  -9.78
  302.000   2.30 154.20 -10.07
  302.125   2.35 134.70 -10.95
  302.250   2.82 122.40 -11.26
  302.375   3.03 135.00 -11.02
  302.500   2.52 116.30 -12.78
  302.625   2.36 110.50 -12.95
  302.750   3.30 102.90 -18.65
  302.875   3.56  99.30 -18.71
  303.000   2.49 146.20 -15.50
  303.125   1.68 226.20 -12.65
  303.250    .21 263.10 -13.88
  303.375    .01  78.90 -16.43
  303.500    .00 238.40 -14.83
  303.625    .00 247.50 -13.28
  303.750    .01 152.80 -14.13
  303.875   1.25  82.70 -15.06
  304.000   1.47 139.70 -14.70
  304.125   2.74 130.20 -15.05
  304.250   5.88 102.80 -17.86
  304.375   9.98  99.60 -23.37
  304.500  15.01 108.30 -24.03
  304.625  14.76 102.70 -24.22
  304.750  14.36 105.90 -23.73
  304.875  13.82 103.80 -23.83
  305.000  14.11 105.60 -23.86
  305.125  14.03  97.00 -23.63
  305.250  14.21  99.30 -23.69
  305.375  14.74  98.40 -24.13
  305.500  16.37  94.60 -24.53
  305.625  16.20 105.60 -24.15
  305.750  14.82 107.10 -24.25
  305.875  14.69 103.50 -24.09
  306.000  14.45 109.30 -23.06
  306.125  14.34 100.90 -21.74
  306.250  13.79 101.40 -21.17
  306.375  13.34  98.20 -23.17
  306.500  13.51 102.90 -23.75
  306.625  13.40  96.30 -24.01
  306.750  13.81  97.60 -24.15
  306.875  14.90  91.30 -25.26
  307.000  15.14  95.80 -26.70
  307.125  15.36  91.40 -27.02
  307.250  14.92 101.50 -26.91
  307.375  14.72  96.80 -27.43
  307.500  12.69  99.50 -27.31
  307.625  12.46 101.50 -25.08
  307.750  11.96 107.40 -24.38
  307.875  10.54 102.90 -24.38
  308.000   9.54 110.10 -23.90
  308.125   9.87 106.00 -24.30
  308.250  10.09 113.40 -25.00
  308.375   9.94 109.90 -24.88
  308.500   9.85 110.50 -23.54
  308.625   9.46 120.30 -22.55
  308.750   9.54 120.00 -21.75
  308.875   9.36 117.00 -21.54
  309.000   9.24  94.50 -23.40
  309.125  10.04 108.70 -24.62
  309.250  10.65 103.00 -24.37
  309.375  12.15 108.10 -23.87
  309.500  11.95 109.20 -23.20
  309.625  11.70  90.30 -22.28
  309.750  12.20  96.30 -22.13
  309.875  13.33  95.80 -24.19
  310.000  14.05 100.00 -23.80
  310.125  12.71 105.70 -21.76
  310.250  12.66 105.40 -20.78
  310.375  11.72 102.30 -20.45
  310.500  11.92 102.00 -20.55
  310.625  10.86 107.10 -20.85
  310.750  10.36 111.10 -21.39
  310.875   8.39 124.00 -21.26
  311.000   7.81 120.30 -22.76
  311.125   8.07 120.10 -23.70
  311.250   8.84 120.90 -24.44
  311.375   8.54 118.50 -24.92
  311.500   8.80 116.50 -24.57
  311.625   8.24 117.40 -23.33
  311.750   8.59 125.50 -21.99
  311.875   8.68 120.30 -20.33
  312.000   7.88 123.90 -18.24
  312.125   6.92 131.00 -17.01
  312.250   6.09 142.50 -17.91
  312.375   6.51 140.60 -17.75
  312.500   7.03 126.00 -17.25
  312.625   6.96 133.80 -17.44
  312.750   7.74 127.50 -16.99
  312.875   8.25 127.70 -16.87
  313.000   7.35 130.20 -16.23
  313.125   8.03 125.70 -16.30
  313.250   8.23 117.60 -17.15
  313.375   8.89 120.60 -19.12
  313.500   9.30 123.90 -19.73
  313.625   9.47 128.00 -18.55
  313.750   9.10 126.90 -17.58
  313.875  10.96 123.30 -16.47
  314.000  11.78 131.10 -15.38
  314.125  10.80 147.30 -14.28
  314.250   9.77 146.20 -12.29
  314.375   8.91 158.10 -10.61
  314.500   5.52 163.30  -9.46
  314.625   3.86 155.70  -9.06
  314.750   3.88 212.50  -8.35
  314.875   4.56 283.00 -12.10
  315.000   5.87 345.40 -16.86
  315.125   2.20  21.45 -21.12
  315.250   1.96 118.00 -24.18
  315.375   2.93 141.00 -25.40
  315.500   3.93 129.70 -22.30
  315.625   6.20 117.60 -24.94
  315.750   9.73 121.90 -26.99
  315.875  14.44 121.90 -25.28
  316.000  14.54 119.80 -21.38
  316.125  13.97 144.60 -16.49
  316.250   9.45 167.80 -12.13
  316.375   6.38 171.90 -10.56
  316.500   5.92 174.50  -8.86
  316.625   7.54 182.60  -7.05
  316.750   6.64 194.10  -6.78
  316.875   5.79 206.70  -6.09
  317.000   4.60 199.60  -7.04
  317.125   2.63 112.70  -7.72
  317.250   2.58 143.00  -6.95
  317.375   3.77 114.50  -5.96
  317.500   5.07 148.00  -4.84
  317.625   4.97 164.90  -2.63
  317.750   5.47 162.70  -1.49
  317.875   8.15 199.70   -.59
  318.000  10.87 193.20   -.53
  318.125  12.57 202.70  -3.50
  318.250  10.81 180.50  -5.55
  318.375   5.34 169.70  -7.94
  318.500   2.25 324.90  -9.05
  318.625   4.29 245.50 -12.30
  318.750   8.61 223.40 -14.45
  318.875  10.18 214.30 -16.12
  319.000  10.10 211.30 -16.96
  319.125   9.65 207.60 -17.19
  319.250   9.83 222.10 -17.45
  319.375   8.05 211.90 -17.52
  319.500   6.18 145.30 -18.03
  319.625   6.86 139.50 -18.24
  319.750   5.92 173.40 -16.38
  319.875   5.46 173.10 -15.09
  320.000   6.33 180.90 -14.38
  320.125   7.60 184.00 -13.91
  320.250   7.93 190.30 -13.46
  320.375   7.24 169.20 -13.39
  320.500   6.98 171.00 -13.13
  320.625   8.57 190.40 -13.17
  320.750   8.23 171.40 -12.55
  320.875   6.82 143.30 -12.81
  321.000   6.01 134.30 -13.23
  321.125   8.99 143.30 -13.39
  321.250  11.80 140.90 -13.94
  321.375   9.00 165.30 -13.00
  321.500   4.52 166.30 -14.63
  321.625   3.67 182.10 -15.53
  321.750   5.19 166.60 -15.96
  321.875   4.88 135.50 -18.18
  322.000   6.57 118.50 -21.70
  322.125   7.58 119.70 -22.69
  322.250   7.92 119.70 -23.08
  322.375   9.34 116.80 -23.48
  322.500   9.32 106.80 -25.21
  322.625   8.76 118.60 -23.74
  322.750   8.65 123.60 -21.08
  322.875   9.13 101.70 -21.68
  323.000  10.00 104.70 -24.35
  323.125   9.86 102.10 -25.58
  323.250   9.90 101.20 -29.01
  323.375  10.24  96.90 -30.53
  323.500  10.32  92.60 -32.28
  323.625  10.68 101.30 -33.45
  323.750   9.82 112.10 -32.41
  323.875   9.27 117.70 -29.24
  324.000  10.29 112.00 -28.29
  324.125  11.71 123.40 -29.04
  324.250  10.33 110.80 -28.14
  324.375  10.16 104.80 -28.49
  324.500   9.55 110.50 -27.76
  324.625  10.46  94.10 -26.74
  324.750  10.30  96.10 -25.66
  324.875  10.29  93.90 -22.54
  325.000   7.41  96.00 -21.61
  325.125   6.64  97.80 -22.10
  325.250   5.59  93.70 -20.86
  325.375   4.70  77.00 -18.44
  325.500   4.15 100.30 -20.68
  325.625   5.43  95.20 -20.25
  325.750   7.60  93.60 -19.96
  325.875   8.15  99.30 -19.95
  326.000   8.03 109.80 -20.87
  326.125   5.54 114.10 -22.59
  326.250   3.47 140.40 -24.19
  326.375   2.29 114.60 -24.19
  326.500   2.35 142.50 -20.89
  326.625   4.01 152.50 -19.49
  326.750   3.99 140.20 -20.05
  326.875   4.64 127.00 -20.86
  327.000   5.73 133.50 -20.93
  327.125   6.10 106.50 -23.70
  327.250   6.52 136.30 -23.83
  327.375   5.56 121.20 -22.52
  327.500   5.31 133.60 -22.68
  327.625   6.08 134.50 -20.25
  327.750   5.53 126.90 -20.43
  327.875   4.67 118.60 -22.52
  328.000   5.15 126.10 -25.41
  328.125   6.11 131.10 -24.11
  328.250   7.67 133.00 -20.99
  328.375   8.26 137.80 -18.27
  328.500   8.43 122.10 -19.98
  328.625   5.42 140.40 -18.38
  328.750   4.79 165.90 -15.04
  328.875   4.76 156.30 -12.61
  329.000   5.76 166.00 -11.52
  329.125   4.64 154.20 -12.37
  329.250   4.52 163.80 -12.37
  329.375   4.22 143.40 -12.87
  329.500   4.72 151.60 -11.59
  329.625   5.08 162.70 -10.19
  329.750   8.94 182.60  -8.30
  329.875  12.94 156.70  -7.82
  330.000  14.87 164.20  -8.43
  330.125  14.99 150.60  -7.74
  330.250  14.51 146.20  -7.71
  330.375  14.27 126.30  -7.94
  330.500  15.11 135.30  -7.80
  330.625  15.96 132.80  -7.55
  330.750  13.31 142.50  -7.64
  330.875  11.97 130.50  -7.52
  331.000  13.98 135.50  -7.15
  331.125  13.34 125.70  -6.74
  331.250  11.65 111.50  -6.88
  331.375  10.94  96.80  -9.80
  331.500  12.39 111.10 -11.05
  331.625  11.40 112.80 -11.84
  331.750  11.89 115.40 -10.98
  331.875  10.62 110.00 -10.98
  332.000   9.37 120.50 -10.18
  332.125  10.09 126.90  -8.67
  332.250  10.76 119.80  -8.74
  332.375   9.17 122.30 -10.47
  332.500   9.35 118.50 -12.22
  332.625  11.40 119.00 -12.98
  332.750  11.11 124.50 -12.98
  332.875  10.10 129.50 -13.71
  333.000  10.08 124.20 -14.58
  333.125  10.43 130.10 -14.81
  333.250  10.30 134.40 -15.02
  333.375  11.13 118.40 -15.07
  333.500   9.85 120.50 -16.47
  333.625  10.62 135.30 -16.55
  333.750  10.84 127.10 -17.44
  333.875  10.31 126.50 -18.62
  334.000   9.39 128.10 -19.27
  334.125   8.86 129.90 -20.58
  334.250   9.09 127.30 -21.48
  334.375   9.21 128.70 -21.62
  334.500  10.83 124.00 -21.52
  334.625  10.86 118.30 -22.56
  334.750  10.09 119.20 -23.00
  334.875  10.16 120.60 -22.59
  335.000  10.43 121.30 -22.53
  335.125  10.80 114.30 -22.12
  335.250  10.99 102.10 -22.71
  335.375  12.28 100.00 -22.76
  335.500  13.06 104.10 -24.56
  335.625  12.81 105.80 -25.92
  335.750  10.29 124.80 -24.74
  335.875   9.27 117.10 -24.84
  336.000  10.20 125.70 -25.63
  336.125  10.07 116.50 -25.60
  336.250   9.32 103.90 -24.53
  336.375   9.97 110.80 -25.10
  336.500  10.95 117.00 -26.80
  336.625  10.26  96.40 -27.15
  336.750   8.85 100.40 -25.73
  336.875   7.76 110.50 -25.06
  337.000   5.50 113.40 -24.13
  337.125   6.38 127.90 -21.92
  337.250   6.93 128.20 -22.37
  337.375   6.92 125.70 -22.90
  337.500   7.06 137.70 -21.96
  337.625   7.13 124.50 -21.97
  337.750   8.03 126.90 -22.55
  337.875   7.41 114.90 -22.93
  338.000   8.13 116.70 -23.21
  338.125   8.74 115.00 -25.09
  338.250  10.61 104.60 -27.92
  338.375  13.99 107.20 -27.78
  338.500  13.28 117.60 -25.66
  338.625  13.07 116.20 -23.28
  338.750  12.92 127.20 -20.77
  338.875  13.38 121.30 -18.19
  339.000  13.59 128.30 -14.39
  339.125  13.02 139.40 -11.58
  339.250   9.22 146.40  -8.51
  339.375   9.20 175.90  -6.68
  339.500  13.55 159.40  -7.43
  339.625  16.01 152.10  -9.22
  339.750  15.32 168.10  -8.34
  339.875  11.59 185.40  -6.75
  340.000  11.09 183.40  -8.28
  340.125  11.32 162.40 -10.27
  340.250   9.73 149.10 -12.71
  340.375   7.03 157.30 -15.59
  340.500   7.51 160.60 -17.63
  340.625   7.36 151.30 -17.05
  340.750   3.93 147.90 -16.78
  340.875   3.38 129.30 -18.38
  341.000   5.08 118.40 -19.63
  341.125   5.95 100.60 -21.70
  341.250   5.87 106.00 -23.32
  341.375   4.07 126.00 -23.71
  341.500   3.47 135.90 -24.26
  341.625   3.78 139.30 -22.35
  341.750   4.90 138.90 -22.28
  341.875   5.05 130.90 -24.21
  342.000   6.12 101.30 -27.13
  342.125   5.79  88.80 -30.69
  342.250   5.42  88.40 -31.40
  342.375   7.27  98.40 -33.99
  342.500   8.78 101.60 -33.87
  342.625   8.87 106.10 -32.07
  342.750  11.15 113.80 -30.53
  342.875  11.49 123.40 -29.28
  343.000  11.17 116.00 -28.07
  343.125  10.23 113.20 -27.36
  343.250  10.16 127.20 -25.78
  343.375   9.42 114.10 -25.35
  343.500   9.75 122.50 -26.50
  343.625   9.66 123.90 -27.50
  343.750   9.07 124.90 -27.63
  343.875   8.51 128.50 -28.15
  344.000   8.11 136.80 -28.41
  344.125   7.94 128.50 -28.08
  344.250   8.02 134.20 -26.27
  344.375   7.56 135.00 -25.27
  344.500   7.13 131.50 -24.71
  344.625   7.98 121.50 -25.73
  344.750   8.82 112.60 -25.94
  344.875   9.38 106.90 -25.82
  345.000   9.73 102.80 -25.14
  345.125   9.52  99.40 -24.55
  345.250  10.06 124.90 -22.25
  345.375  10.70 126.90 -19.86
  345.500  11.66 116.20 -18.86
  345.625  12.36 119.30 -17.16
  345.750  11.43 112.70 -15.72
  345.875  11.35 127.70 -13.45
  346.000  10.85 140.30 -10.01
  346.125   7.65 178.70  -6.05
  346.250   6.37 169.00  -5.06
  346.375   9.43 168.70  -4.45
  346.500   9.45 173.50  -4.76
  346.625   6.48 186.00  -5.29
  346.750   5.59 157.30  -5.24
  346.875   6.87 178.50  -4.58
  347.000   5.23 168.10  -4.81
  347.125   4.29 181.50  -4.74
  347.250   4.76 181.50  -4.52
  347.375   6.94 179.70  -4.55
  347.500   8.44 189.30  -4.79
  347.625   8.98 191.10  -5.04
  347.750  11.46 225.70  -6.03
  347.875   9.14 227.00  -9.38
  348.000   6.05 206.10 -11.36
  348.125   1.38 163.30 -13.44
  348.250   1.38 158.40 -12.62
  348.375   1.11 128.90 -14.08
  348.500   1.05  85.00 -15.71
  348.625   1.49  75.60 -19.91
  348.750   2.76  87.70 -23.96
  348.875   3.17  73.50 -27.75
  349.000   3.08  78.90 -28.89
  349.125   4.12  85.10 -28.23
  349.250   5.60  90.70 -28.78
  349.375   5.92  99.40 -27.48
  349.500   7.65  99.20 -28.62
  349.625   7.49  95.90 -28.43
  349.750   6.94 102.50 -28.96
  349.875   7.77 105.40 -26.49
  350.000   9.12 102.50 -26.78
  350.125   9.00 105.50 -25.61
  350.250  10.38 118.20 -23.11
  350.375  11.26 111.00 -22.22
  350.500  11.74 110.80 -21.85
  350.625  12.59 124.60 -21.38
  350.750  12.56 112.20 -21.47
  350.875  12.25 112.00 -21.30
  351.000  11.86 117.10 -19.61
  351.125  10.89 118.90 -18.98
  351.250  10.73 133.50 -18.86
  351.375  11.00 117.20 -19.06
  351.500  10.98 111.30 -19.22
  351.625  10.65 117.00 -19.57
  351.750   9.86 131.40 -19.40
  351.875   9.89 128.10 -19.49
  352.000  10.21 123.90 -20.01
  352.125   9.44 125.80 -19.57
  352.250   8.85 121.30 -20.27
  352.375   9.37 126.00 -21.04
  352.500   8.57 114.40 -21.09
  352.625   8.66 103.80 -21.50
  352.750   8.74 118.50 -21.72
  352.875   9.49 128.10 -21.23
  353.000   9.35 126.60 -21.13
  353.125   8.58 128.10 -21.16
  353.250   8.51 121.50 -21.76
  353.375   8.78 108.10 -21.93
  353.500   8.22 118.50 -20.36
  353.625   7.71 133.20 -17.13
  353.750   6.96 134.00 -14.95
  353.875   6.96 150.00 -10.48
  354.000   6.74 163.00  -9.31
  354.125   4.91 198.90  -9.85
  354.250   1.20 209.90 -13.06
  354.375    .70 319.30 -15.04
  354.500   1.62 167.20 -16.30
  354.625   2.31 154.50 -16.63
  354.750   1.01  63.21 -17.30
  354.875    .68 155.40 -17.57
  355.000    .00 133.50 -13.56
  355.125    .00 100.50 -14.18
  355.250    .00 120.60 -16.86
  355.375    .00 148.90 -10.87
  355.500    .00 161.40  -8.36
  355.625   5.72 147.90  -8.43
  355.750   6.76 143.60  -8.60
  355.875   8.06 144.70  -9.10
  356.000  10.19 144.30  -6.31
  356.125   8.95 224.20  -5.48
  356.250  11.80 173.50  -6.44
  356.375  10.65 141.30  -7.03
  356.500  11.64 141.60  -7.72
  356.625  13.03 145.60  -5.96
  356.750  14.71 160.30  -4.38
  356.875  15.66 143.70  -4.16
  357.000  15.22 134.40  -4.08
  357.125  13.59 125.80  -4.71
  357.250   9.52 128.90  -4.56
  357.375   6.98 126.20  -4.48
  357.500   4.70 120.40  -4.94
  357.625   7.94 123.10  -5.22
  357.750   6.24 134.40  -6.17
  357.875   7.74 166.70  -8.22
  358.000   5.92 156.90 -11.37
  358.125   9.25 135.90 -13.29
  358.250   9.85 136.80 -14.10
  358.375  10.90 154.90 -13.10
  358.500   9.76 146.80 -12.83
  358.625   8.47 167.10 -13.57
  358.750   7.20 157.50 -14.05
  358.875   6.14 144.70 -14.81
  359.000   6.91 134.60 -17.12
  359.125   7.83 121.30 -20.26
  359.250   7.96 114.70 -19.89
  359.375   6.99 110.40 -19.47
  359.500   6.82 126.10 -20.70
  359.625   8.67 124.80 -20.04
  359.750   9.33 141.10 -20.31
  359.875   7.35 147.10 -19.98
  360.000   7.60 146.90 -20.05
  360.125   7.44 171.90 -20.09
  360.250   5.70 198.00 -19.20
  360.375   6.91 169.20 -19.32
  360.500   7.62 134.40 -23.63
  360.625   9.28 132.60 -25.86
  360.750   9.99 119.80 -26.34
  360.875  10.72 111.80 -26.68
  361.000  12.14 114.50 -27.73
  361.125  13.00 114.70 -27.10
  361.250  14.39 114.00 -23.70
  361.375  16.01 130.80 -19.56
  361.500  19.87 146.70 -13.89
  361.625  21.10 152.10 -10.83
  361.750  21.81 149.70 -10.58
  361.875  19.20 161.40 -11.07
  362.000  11.96 157.00 -12.04
  362.125  10.07 147.00 -14.20
  362.250  10.05 143.10 -15.03
  362.375  12.63 129.50 -16.27
  362.500  10.58 126.90 -15.43
  362.625   8.77 138.60 -12.32
  362.750   9.94 124.70  -8.91
  362.875   9.68 136.50  -7.88
  363.000   9.81 107.90  -6.26
  363.125   9.35  83.40  -5.44
  363.250   8.87 143.70  -1.54
  363.375  22.25 131.60  -3.98
  363.500  19.27 156.90  -5.60
  363.625  16.17 157.60 -10.41
  363.750  12.31 161.70 -14.63
  363.875   8.96 154.20 -16.62
  364.000   8.08 140.40 -17.86
  364.125   9.33 141.90 -18.48
  364.250   8.86 140.00 -19.41
  364.375   8.23 133.60 -20.67
  364.500   7.94 132.60 -22.92
  364.625   9.49 134.10 -24.06
  364.750   8.79 138.70 -24.31
  364.875  10.29 134.20 -24.48
  365.000  11.17 139.80 -24.63
  365.125   9.64 127.80 -24.29
  365.250   9.93 123.40 -22.86
  365.375   9.45 131.70 -21.75
  365.500   9.03 158.40 -18.48
  365.625   9.19 141.00 -15.88
  365.750  10.55 133.80 -15.20
  365.875  12.55 128.70 -13.22
  366.000  13.10 144.70  -9.71
  366.125  13.27 160.50  -7.35
  366.250  11.24 156.10  -6.23
  366.375   9.56 132.30  -4.62
  366.500   8.57 142.20  -4.28
  366.625   8.21 132.90  -3.67
  366.750  14.93 135.00  -7.07
  366.875  16.49 145.50  -7.32
    1.000  14.76 155.50  -6.88
    1.125  13.21 156.30  -5.27
    1.250  14.75 144.70  -4.95
    1.375  14.80 144.90  -5.14
    1.500  15.07 148.80  -5.01
    1.625  16.20 131.90  -5.74
    1.750  16.99 143.10  -5.71
    1.875  16.43 134.60  -4.01
    2.000  10.75 129.90  -2.58
    2.125  11.04 119.00  -3.28
    2.250  13.31 118.70  -3.22
    2.375  13.55 146.80  -3.34
    2.500  11.60 164.20  -5.10
    2.625   9.42 142.40  -7.42
    2.750  11.91 124.20  -7.65
    2.875  13.08 145.90  -5.01
    3.000  13.00 137.90  -3.58
    3.125  15.00 168.80  -2.64
    3.250  17.12 141.60  -2.86
    3.375  14.74 144.00  -3.78
    3.500  14.91 135.60  -4.84
    3.625  15.48 121.30  -4.88
    3.750  14.78 127.70  -3.85
    3.875  15.37 135.20  -4.43
    4.000  15.05 131.10  -4.15
    4.125  12.72 147.00  -4.26
    4.250  12.88 154.60  -5.29
    4.375  13.80 139.40  -6.27
    4.500   9.76 159.70  -7.61
    4.625   7.97 149.40  -8.42
    4.750   7.65 140.40  -7.15
    4.875   8.27 151.20  -6.33
    5.000   7.38 148.90  -6.85
    5.125   5.33 159.30  -8.38
    5.250   5.72 155.70 -10.13
    5.375   5.86 133.10 -13.82
    5.500   6.53 137.10 -13.37
    5.625   7.11 128.10 -12.25
    5.750   6.10 146.20 -10.24
    5.875   4.71 141.20  -9.39
    6.000   4.10 144.30  -8.42
    6.125   1.87 202.20  -7.75
    6.250    .06 290.50  -7.94
    6.375    .00 133.40  -9.02
    6.500    .00 134.60  -9.02
    6.625    .00 202.30  -7.12
    6.750    .00 165.10  -8.04
    6.875    .00 165.70  -8.03
    7.000    .00 158.40  -6.82
    7.125    .00 127.80  -6.66
    7.250    .00 122.90 -11.50
    7.375    .00 124.40 -13.46
    7.500    .00 131.40 -14.76
    7.625    .00 137.90 -12.79
    7.750    .00 137.00 -12.76
    7.875    .00 127.50 -14.53
    8.000    .00 140.10 -16.38
    8.125    .00  97.20 -15.99
    8.250    .00   5.07 -15.56
    8.375    .00  57.52 -15.77
    8.500    .00  91.30 -20.84
    8.625    .00  98.10 -24.64
    8.750    .00  96.10 -24.01
    8.875    .00  91.00 -23.31
    9.000    .00 100.20 -22.76
    9.125    .00  92.40 -22.27
    9.250    .00 106.20 -21.77
    9.375    .00 104.80 -19.68
    9.500    .00 107.20 -19.57
    9.625    .00  96.10 -19.62
    9.750    .00 104.50 -19.70
    9.875    .00 102.90 -20.47
   10.000    .00 104.10 -19.72
   10.125    .00 119.00 -17.80
   10.250    .00 107.90 -18.08
   10.375    .00 108.70 -19.48
   10.500    .00 125.10 -19.91
   10.625    .00 121.20 -19.60
   10.750    .00 108.60 -19.68
   10.875    .00 102.40 -20.14
   11.000    .00 101.50 -21.69
   11.125    .00 109.80 -22.57
   11.250    .00 101.10 -23.21
   11.375    .00 104.50 -23.63
   11.500    .00 109.20 -23.80
   11.625    .00 104.20 -23.95
   11.750    .00 110.40 -24.62
   11.875    .00 125.10 -25.20
   12.000    .00 128.80 -25.51
   12.125    .00 124.00 -25.27
   12.250    .00 126.00 -25.48
   12.375    .00 114.30 -24.49
   12.500    .00 102.40 -26.52
   12.625    .00  97.40 -29.77
   12.750    .00  98.40 -31.94
   12.875    .00  93.20 -31.54
   13.000    .00 103.60 -30.03
   13.125    .00 114.50 -28.95
   13.250    .00 108.50 -29.40
   13.375    .00 108.80 -29.86
   13.500    .00 119.90 -30.09
   13.625    .00  99.90 -30.46
   13.750    .00 110.50 -30.90
   13.875    .00 108.70 -31.23
   14.000    .00 110.90 -31.13
   14.125    .00 118.40 -30.53
   14.250    .00 119.60 -29.43
   14.375    .00 122.10 -28.96
   14.500    .00 120.10 -27.44
   14.625    .00 124.00 -27.66
   14.750    .00 117.30 -27.04
   14.875    .00 113.30 -26.28
   15.000    .00 118.00 -24.29
   15.125    .00 121.20 -23.84
   15.250    .00 117.00 -24.15
   15.375    .00 113.50 -25.01
   15.500    .00 118.90 -26.10
   15.625    .00 111.70 -25.30
   15.750    .00 121.20 -23.77
   15.875    .00 130.80 -20.43
   16.000    .00 128.20 -19.49
   16.125    .00 126.30 -19.45
   16.250    .00 117.60 -19.81
   16.375    .00 114.90 -19.67
   16.500    .00 115.60 -18.91
   16.625    .00 112.60 -19.47
   16.750    .00 123.00 -18.35
   16.875    .00 117.90 -20.75
   17.000    .00 116.50 -21.45
   17.125    .00 121.60 -20.86
   17.250    .00 126.70 -19.63
   17.375    .00 119.70 -19.46
   17.500    .00 124.80 -18.42
   17.625    .00 120.30 -15.44
   17.750    .00 124.20 -15.03
   17.875    .00 134.40 -15.44
   18.000    .00 133.20 -13.81
   18.125    .00 146.80 -12.35
   18.250    .00 136.10 -10.83
   18.375    .00 131.60  -8.51
   18.500    .00 147.40  -6.03
   18.625   1.06 167.50  -3.15
   18.750  12.89 160.30  -3.71
   18.875  17.00 142.70  -6.26
   19.000  17.57 143.30  -8.61
   19.125  15.54 159.60  -9.07
   19.250  13.03 192.10 -12.21
   19.375   8.62 160.90 -16.11
   19.500   9.75 143.40 -19.03
   19.625  11.69 161.20 -20.12
   19.750   8.34 164.20 -19.05
   19.875   9.20 166.20 -19.60
   20.000   9.11 167.80 -19.24
   20.125   9.64 162.10 -17.35
   20.250  10.60 162.30 -17.06
   20.375  12.79 145.00 -18.42
   20.500  13.07 135.00 -19.59
   20.625  11.47 149.70 -19.08
   20.750   9.76 157.60 -16.36
   20.875   6.24 195.90 -15.60
   21.000   3.57 174.90 -17.62
   21.125   3.94 175.30 -18.67
   21.250   3.70 155.20 -18.69
   21.375   3.80 161.70 -19.78
   21.500   5.28 145.90 -19.85
   21.625   6.80 146.40 -19.96
   21.750   8.82 131.50 -21.38
   21.875  11.09 122.10 -22.83
   22.000  12.59 137.50 -21.81
   22.125  10.35 214.30 -18.86
   22.250   5.99 170.20 -20.40
   22.375   3.76 147.80 -22.87
   22.500   4.05 134.10 -23.67
   22.625   3.72 140.70 -25.03
   22.750   5.91 117.90 -27.71
   22.875   7.78 113.00 -28.90
   23.000  10.17 110.30 -32.39
   23.125  10.32  99.30 -33.78
   23.250   8.59  99.20 -33.96
   23.375   2.84 238.30 -32.84
   23.500    .92 138.30 -30.94
   23.625   5.60 134.10 -30.18
   23.750   6.79 121.60 -30.10
   23.875   6.06  96.80 -32.22
   24.000   6.55  95.80 -35.30
   24.125   5.53 103.10 -36.46
   24.250   3.22 100.20 -35.54
   24.375   2.56 145.80 -34.26
   24.500    .99 178.70 -30.44
   24.625    .32 194.40 -28.40
   24.750   2.47 218.50 -27.79
   24.875   7.85 214.30 -25.92
   25.000   7.70 202.30 -26.20
   25.125   8.04 200.30 -26.86
   25.250  10.64 225.60 -27.20
   25.375   9.41 208.50 -28.53
   25.500   6.57 151.50 -29.86
   25.625   6.62 141.40 -33.50
   25.750   6.80 137.80 -34.10
   25.875   7.07 118.70 -35.08
   26.000   7.11 122.50 -36.98
   26.125   6.84 126.40 -36.35
   26.250   6.72 131.50 -35.09
   26.375   6.44 132.00 -33.56
   26.500   7.12 129.40 -32.59
   26.625   8.54 130.20 -33.70
   26.750   9.34 124.10 -34.31
   26.875   9.83 118.00 -35.43
   27.000  10.66 105.30 -34.98
   27.125  12.80  97.50 -34.07
   27.250  14.91 103.50 -30.49
   27.375  14.58 115.50 -24.20
   27.500  11.69 146.10 -16.16
   27.625   9.67 144.10 -11.97
   27.750  12.55 157.60  -9.88
   27.875  13.24 177.50  -7.78
   28.000  13.92 187.20  -8.18
   28.125  10.71 197.20 -16.96
   28.250   6.64 180.70 -20.22
   28.375   3.77 145.40 -21.75
   28.500   1.79 190.50 -21.71
   28.625    .30 197.40 -22.84
   28.750   1.49 135.30 -24.97
   28.875   3.08 165.60 -25.06
   29.000   1.41 153.30 -26.45
   29.125   3.34 137.70 -29.66
   29.250   4.97 129.30 -30.37
   29.375   6.23 124.30 -30.49
   29.500   6.43 112.00 -32.04
   29.625   7.99 112.10 -31.93
   29.750   8.93 109.70 -32.40
   29.875  10.50 117.80 -32.20
   30.000  12.35 104.90 -31.84
   30.125  14.17 112.00 -30.01
   30.250  13.80 120.60 -24.87
   30.375  12.05 129.10 -20.86
   30.500  12.56 148.20 -16.02
   30.625  15.32 149.70 -12.84
   30.750  16.72 148.00 -12.63
   30.875  14.75 132.20 -12.53
   31.000  11.95 111.40 -11.87
   31.125  10.75 156.10 -12.74
   31.250  13.70 178.20 -14.72
   31.375  11.79 157.00 -17.03
   31.500  10.12 129.10 -20.66
   31.625   9.79 128.50 -22.45
   31.750  10.08 140.40 -22.49
   31.875  11.52 143.40 -22.08
   32.000  10.30 129.70 -22.84
   32.125  10.72 125.80 -23.83
   32.250   7.31 129.90 -22.42
   32.375   5.64 137.70 -22.79
   32.500   4.65 132.40 -21.66
   32.625   4.44 145.70 -21.21
   32.750   3.60 137.70 -20.82
   32.875   3.03  98.80 -21.38
   33.000   4.73 118.00 -23.31
   33.125   4.93 141.00 -23.47
   33.250   4.07 133.50 -23.49
   33.375   5.20 129.00 -24.96
   33.500   6.41 122.40 -26.11
   33.625   5.36  95.90 -26.21
   33.750   5.22 101.60 -26.79
   33.875   5.86  97.10 -29.74
   34.000   5.28  97.10 -29.25
   34.125   4.86 110.90 -29.64
   34.250   4.45 122.70 -30.93
   34.375   5.20 114.40 -30.22
   34.500   5.20 101.70 -31.70
   34.625   6.80 105.80 -32.37
   34.750   7.81  94.70 -34.49
   34.875   8.27  95.20 -36.49
   35.000   8.83 105.90 -36.52
   35.125   8.24 103.50 -36.80
   35.250   8.08 101.80 -37.41
   35.375   8.25  96.70 -37.87
   35.500   8.97 100.30 -37.85
   35.625   9.16 104.50 -37.99
   35.750   8.62 104.90 -37.49
   35.875   8.92 106.40 -37.36
   36.000   8.05 115.40 -36.82
   36.125   8.69 118.60 -36.39
   36.250   9.42 123.40 -36.25
   36.375   9.99 126.50 -36.30
   36.500  10.09 120.50 -36.31
   36.625  10.58 119.30 -35.82
   36.750  10.22 123.70 -35.28
   36.875  10.43 118.30 -35.01
   37.000  10.72 120.40 -34.74
   37.125  10.52 117.10 -34.52
   37.250  10.25 101.30 -34.35
   37.375  11.02 102.00 -34.94
   37.500  11.37 108.20 -35.39
   37.625  11.20 103.50 -34.77
   37.750  10.72 113.20 -33.90
   37.875  11.18 107.40 -33.84
   38.000  11.72 106.80 -33.17
   38.125  11.54 101.40 -32.11
   38.250  10.88 109.10 -30.90
   38.375  10.87 119.80 -29.54
   38.500   9.88 124.50 -28.25
   38.625  10.67 123.00 -27.01
   38.750   9.74 133.60 -25.79
   38.875   7.85 127.00 -25.56
   39.000   7.08 130.90 -25.90
   39.125   6.53 125.10 -25.73
   39.250   6.22 125.20 -26.23
   39.375   6.38 127.60 -26.01
   39.500   6.16 124.80 -25.68
   39.625   5.37 127.50 -25.92
   39.750   5.17 126.10 -25.16
   39.875   6.47 125.80 -24.80
   40.000   7.81 115.30 -24.56
   40.125   8.15 116.10 -24.85
   40.250   7.04 111.40 -26.82
   40.375   6.89 110.90 -27.97
   40.500   7.24 101.80 -28.75
   40.625   6.74  99.20 -28.22
   40.750   5.96 118.60 -27.81
   40.875   7.40 126.00 -27.07
   41.000   7.89 113.30 -27.78
   41.125   7.41 113.50 -26.83
   41.250   9.88 127.30 -25.37
   41.375  10.22 121.20 -23.96
   41.500   9.75 119.20 -24.35
   41.625   9.94  98.80 -23.73
   41.750   9.64 116.80 -22.03
   41.875   9.12 128.70 -20.37
   42.000   7.63 120.30 -20.04
   42.125   8.70 132.60 -17.81
   42.250   9.67 119.30 -16.12
   42.375  11.96 116.30 -15.21
   42.500  12.09 108.00 -15.02
   42.625  13.48 121.10 -15.34
   42.750  13.41 112.40 -15.77
   42.875  11.54 109.40 -15.34
   43.000  12.49 116.00 -14.55
   43.125  13.79 121.80 -14.72
   43.250  13.88 111.30 -16.69
   43.375  13.99 119.00 -18.85
   43.500  12.86 123.00 -20.58
   43.625  11.08 145.50 -20.56
   43.750   8.05 154.30 -22.49
   43.875   8.31 157.70 -23.12
   44.000   7.74 148.50 -24.15
   44.125   7.64 138.30 -25.46
   44.250   7.64 131.10 -27.66
   44.375   9.83 119.80 -29.25
   44.500  10.98 131.50 -28.29
   44.625  10.63 129.60 -26.38
   44.750  10.91 120.30 -25.14
   44.875  10.65 123.00 -24.70
   45.000  11.87 132.40 -24.25
   45.125  11.68 132.40 -22.68
   45.250  10.50 126.60 -22.00
   45.375   8.05 133.90 -22.10
   45.500   7.10 128.70 -23.77
   45.625   7.79 120.10 -25.51
   45.750   7.53 121.20 -24.98
   45.875   8.47 126.40 -25.36
   46.000  10.75 134.10 -25.62
   46.125  10.63 132.60 -25.24
   46.250  11.34 127.60 -26.50
   46.375  11.97 129.30 -27.34
   46.500  12.41 131.50 -26.67
   46.625  11.29 144.20 -24.99
   46.750  11.19 138.60 -22.18
   46.875  10.05 142.60 -20.98
   47.000  10.25 147.50 -20.81
   47.125   9.45 136.80 -20.60
   47.250   8.37 146.00 -21.42
   47.375   9.01 140.10 -22.97
   47.500  11.73 127.00 -22.52
   47.625  11.86 151.70 -20.22
   47.750  12.14 159.90 -17.65
   47.875  12.19 155.20 -17.07
   48.000   5.92 134.10 -20.00
   48.125   7.10 151.80 -19.67
   48.250   3.65   8.01 -22.17
   48.375   1.25 274.00 -25.11
   48.500   3.19 263.00 -26.40
   48.625   4.49 251.00 -29.68
   48.750   3.40 258.50 -31.06
   48.875    .29 278.40 -31.72
   49.000    .09 307.40 -31.94
   49.125    .59 308.70 -31.84
   49.250    .00 320.90 -33.22
   49.375    .10 349.60 -32.46
   49.500    .04  18.51 -35.33
   49.625    .07 348.80 -34.44
   49.750   2.35 338.70 -33.94
   49.875   3.13 308.30 -34.87
   50.000    .73  27.84 -34.97
   50.125    .45 292.50 -33.44
   50.250   1.52 150.20 -33.22
   50.375   1.71 106.50 -33.52
   50.500    .01 128.80 -34.89
   50.625    .00 102.50 -33.33
   50.750    .00  54.26 -30.18
   50.875   1.25 144.50 -28.59
   51.000   2.20 266.90 -26.69
   51.125   2.28 126.40 -27.69
   51.250   2.75 150.00 -26.83
   51.375   6.44 102.40 -21.66
   51.500   7.24 100.10 -24.40
   51.625  10.65 101.00 -24.91
   51.750  11.56 106.20 -22.14
   51.875  11.47 114.60 -20.68
   52.000  12.63  96.90 -21.61
   52.125  13.63  98.80 -23.59
   52.250  13.23  95.20 -22.31
   52.375  12.11 102.00 -18.92
   52.500  11.70 111.00 -18.11
   52.625  11.78 128.70 -18.45
   52.750  13.14 130.50 -19.27
   52.875  10.62 123.30 -18.34
   53.000  10.68 105.80 -16.54
   53.125  10.80 108.60 -16.34
   53.250   9.80 122.40 -18.33
   53.375  10.62 126.90 -18.59
   53.500  10.67 123.60 -19.32
   53.625  11.46 131.90 -19.38
   53.750  10.65 104.90 -20.17
   53.875  10.59 119.50 -21.97
   54.000  10.18 106.20 -23.34
   54.125   9.50 112.90 -24.87
   54.250   9.47 123.40 -25.17
   54.375   7.74 124.80 -26.00
   54.500   7.35 130.20 -26.56
   54.625   6.55 125.80 -26.32
   54.750   6.20 129.00 -25.81
   54.875   6.70 122.40 -27.31
   55.000   8.14 119.80 -28.31
   55.125   7.46 104.90 -29.61
   55.250   8.49 121.70 -29.50
   55.375   8.52 109.40 -30.02
   55.500   9.28 123.00 -29.48
   55.625   8.67 114.30 -28.49
   55.750   8.56 132.70 -27.37
   55.875   8.21 129.30 -28.60
   56.000   8.09 124.30 -30.24
   56.125   8.22 123.10 -31.09
   56.250   7.92 125.80 -31.74
   56.375   8.42 122.90 -32.26
   56.500   9.02 122.30 -32.86
   56.625   9.17 128.20 -31.53
   56.750   8.32 126.60 -29.82
   56.875   8.25 132.10 -30.57
   57.000   9.42 131.10 -30.56
   57.125   8.27 134.20 -30.70
   57.250   8.24 127.30 -30.22
   57.375   8.69 130.30 -29.62
   57.500   8.14 128.50 -29.18
   57.625   8.14 131.50 -28.79
   57.750   7.86 121.20 -28.01
   57.875   8.06 123.10 -28.41
   58.000   7.95 123.30 -28.93
   58.125   8.55 121.70 -29.25
   58.250   8.82 109.90 -29.38
   58.375   9.72 120.20 -28.94
   58.500   9.34 112.10 -29.06
   58.625   9.67 122.80 -27.63
   58.750  10.31 117.80 -25.56
   58.875   9.76 123.60 -25.87
   59.000  10.26 129.40 -26.63
   59.125   9.74 119.40 -27.05
   59.250  10.27 122.50 -27.06
   59.375   9.60 116.00 -27.63
   59.500   9.52 121.80 -27.68
   59.625   9.13 132.30 -27.21
   59.750   7.20 119.40 -26.54
   59.875   6.19 126.00 -27.08
   60.000   6.94 135.10 -27.46
   60.125   7.14 135.30 -26.84
   60.250   6.30 158.30 -26.68
   60.375   5.51 153.80 -27.35
   60.500   5.72 153.00 -28.62
   60.625   6.27 139.80 -29.53
   60.750   5.90 142.60 -29.79
   60.875   4.76 142.00 -29.34
   61.000   3.57 132.30 -30.38
   61.125   4.27 116.30 -32.37
   61.250   4.68  94.50 -33.30
   61.375   3.69  92.50 -34.80
   61.500   3.22  97.70 -34.27
   61.625   2.78 128.40 -30.78
   61.750   1.69 201.00 -29.37
   61.875   1.18 225.90 -31.52
   62.000    .20 237.20 -32.17
   62.125   1.67 178.30 -33.24
   62.250    .35 101.30 -37.51
   62.375   5.35 134.50 -33.36
   62.500   8.18 129.10 -30.95
   62.625   6.37 132.70 -29.35
   62.750   4.83 157.50 -27.96
   62.875   1.37 280.30 -29.13
   63.000   2.59 205.20 -32.73
   63.125    .18 322.70 -33.73
   63.250   3.88 308.00 -33.92
   63.375   4.07 288.20 -35.17
   63.500   4.10 264.20 -35.80
   63.625   3.77 259.90 -35.72
   63.750   3.91 237.00 -36.09
   63.875   3.45 248.10 -36.78
   64.000    .98 271.60 -36.81
   64.125   1.69 259.30 -36.84
   64.250    .43 221.20 -36.96
   64.375    .08 150.80 -39.05
   64.500   2.80  94.10 -42.91
   64.625   4.54 111.30 -41.97
   64.750   4.46 130.90 -39.50
   64.875   4.57  99.40 -41.88
   65.000   5.69 117.30 -43.56
   65.125   7.03 124.10 -41.62
   65.250   5.93 117.60 -42.80
   65.375   6.89 125.00 -42.47
   65.500   6.52 130.00 -40.38
   65.625   5.45 139.20 -38.19
   65.750   4.48 144.30 -37.37
   65.875   3.74 131.00 -38.44
   66.000   4.28 127.00 -41.41
   66.125   5.26 125.30 -40.96
   66.250   5.47 127.00 -41.26
   66.375   4.69 136.30 -40.66
   66.500   4.85 131.60 -41.47
   66.625   5.74 141.30 -39.28
   66.750   5.15 137.40 -38.31
   66.875   4.60 144.60 -37.31
   67.000   5.74 134.80 -37.83
   67.125   8.50 127.00 -36.99
   67.250   9.00 117.20 -35.07
   67.375   9.60 118.30 -34.34
   67.500   9.31 120.20 -32.93
   67.625   7.10 189.40 -32.99
   67.750   4.73 142.60 -38.79
   67.875   4.84 133.50 -40.20
   68.000   5.67 126.40 -41.59
   68.125   5.04 132.10 -40.90
   68.250   4.79 133.50 -39.34
   68.375   6.37 132.20 -39.22
   68.500   6.83 133.50 -39.99
   68.625   6.73 131.20 -39.28
   68.750   6.67 122.50 -38.30
   68.875   6.42 114.20 -39.50
   69.000   6.43 109.30 -41.53
   69.125   7.28 102.60 -41.97
   69.250   6.82 101.50 -42.97
   69.375   7.33 122.90 -42.91
   69.500   7.85 109.20 -42.21
   69.625   7.88 127.40 -39.53
   69.750   6.80 122.70 -36.82
   69.875   6.90 117.40 -37.61
   70.000   5.54  98.20 -40.26
   70.125   7.52 118.70 -39.43
   70.250   7.25 109.20 -39.05
   70.375   7.47 118.50 -38.34
   70.500   8.38 122.00 -36.66
   70.625   8.00 118.60 -33.93
   70.750   7.22 120.30 -31.82
   70.875   7.65 112.40 -32.36
   71.000   8.47 100.80 -34.03
   71.125   9.00 101.90 -33.75
   71.250  10.05 104.90 -32.97
   71.375  10.64 101.90 -32.48
   71.500  11.55 102.20 -31.72
   71.625  11.03  95.30 -28.84
   71.750  10.80 108.10 -26.20
   71.875  10.26 106.50 -26.42
   72.000  11.51  93.70 -27.44
   72.125  11.75 103.70 -27.99
   72.250  12.71  94.00 -27.47
   72.375  13.57 101.00 -29.05
   72.500  14.02 100.30 -28.88
   72.625  13.42  95.20 -25.59
   72.750  12.48 100.20 -23.61
   72.875  11.82  96.10 -24.01
   73.000  11.12  96.70 -24.28
   73.125  11.09  97.20 -24.02
   73.250  10.33  95.20 -23.71
   73.375  10.17 103.60 -23.79
   73.500  10.04 100.50 -23.54
   73.625   9.32 101.40 -20.95
   73.750   8.02  98.00 -19.09
   73.875   8.16  96.70 -20.48
   74.000   8.74  97.80 -22.79
   74.125   9.04 105.00 -22.80
   74.250  10.07 104.40 -21.22
   74.375   9.92 100.50 -20.10
   74.500   9.94 114.60 -17.95
   74.625   9.09 131.70 -15.49
   74.750   8.34 143.10 -13.45
   74.875   7.31 128.40 -13.17
   75.000   6.28 136.40 -13.19
   75.125   7.70 137.70 -12.57
   75.250   7.97 118.40 -13.25
   75.375   8.76 130.40 -13.86
   75.500   8.87 129.20 -13.47
   75.625  10.22 121.80 -12.03
   75.750   9.34 124.00 -11.26
   75.875   9.26 122.20 -11.62
   76.000  10.00 113.90 -13.41
   76.125  12.83 110.30 -13.69
   76.250  14.07 122.90 -12.96
   76.375  14.38 112.80 -13.11
   76.500  15.11 103.70 -13.44
   76.625  14.97 121.40 -12.40
   76.750  14.32 121.40 -10.34
   76.875  13.04 111.40 -11.49
   77.000  14.42 113.00 -13.21
   77.125  14.87 117.00 -13.32
   77.250  15.69 115.80 -13.71
   77.375  16.83 121.70 -13.38
   77.500  16.67 125.30 -13.46
   77.625  16.54 124.50 -12.41
   77.750  16.04 132.90 -11.73
   77.875  14.54 122.40 -11.93
   78.000  13.90 129.80 -13.44
   78.125  13.56 132.80 -14.11
   78.250  13.77 129.00 -14.70
   78.375  13.26 127.40 -16.90
   78.500  12.43 134.40 -16.94
   78.625   9.75 126.00 -15.30
   78.750   8.73 123.10 -14.40
   78.875   9.33 123.60 -15.56
   79.000  10.13 130.70 -17.09
   79.125   9.82 132.50 -18.07
   79.250  11.20 121.90 -19.20
   79.375  13.28 117.40 -19.31
   79.500  13.33 108.50 -18.63
   79.625  12.95 105.20 -17.62
   79.750  12.24 104.80 -15.11
   79.875  12.33 121.30 -13.91
   80.000  11.49 112.70 -16.14
   80.125  11.66 104.40 -18.36
   80.250  12.32 103.20 -19.61
   80.375  13.11 126.00 -21.05
   80.500  14.41 128.20 -19.75
   80.625  13.76 127.10 -17.21
   80.750  11.98 133.50 -14.81
   80.875  12.53 132.00 -15.32
   81.000  12.28 138.20 -16.73
   81.125  11.37 136.70 -17.13
   81.250  11.46 137.70 -16.59
   81.375  12.44 137.70 -17.38
   81.500  13.25 132.50 -18.58
   81.625  12.24 135.20 -17.61
   81.750  10.15 135.00 -16.03
   81.875   7.52 129.50 -16.21
   82.000   8.82 123.30 -18.93
   82.125   9.52 120.10 -20.83
   82.250  10.58 118.60 -21.02
   82.375  11.25 123.70 -20.90
   82.500  11.30 106.80 -18.91
   82.625  11.93 121.40 -17.13
   82.750  11.21 124.40 -14.28
   82.875  11.22 123.20 -13.26
   83.000  13.93 130.50 -13.09
   83.125  14.67 132.50 -13.60
   83.250  12.96 131.60 -15.19
   83.375  11.38 134.60 -15.66
   83.500  11.11 122.90 -14.88
   83.625  10.54 125.30 -13.57
   83.750   9.97 128.40 -12.01
   83.875  10.08 134.30 -12.78
   84.000   9.10 123.00 -14.70
   84.125   9.00 116.00 -16.41
   84.250   9.12 120.00 -15.81
   84.375   7.49 128.90 -14.39
   84.500   7.50 143.70 -13.93
   84.625   6.13 164.10 -13.84
   84.750   5.01 174.20 -15.13
   84.875   3.08 168.30 -16.66
   85.000    .64 128.00 -17.61
   85.125   2.30 135.30 -19.09
   85.250   4.08 135.90 -20.39
   85.375   3.76 141.30 -19.19
   85.500   2.64 137.40 -18.90
   85.625   1.29 141.50 -17.36
   85.750    .00 145.00 -16.92
   85.875    .00 139.40 -20.06
   86.000    .00 128.60 -21.37
   86.125    .00 147.20 -20.40
   86.250    .00 145.70 -19.84
   86.375    .00 120.60 -19.79
   86.500    .00 132.70 -20.15
   86.625    .00 114.80 -17.37
   86.750    .00 112.30 -20.00
   86.875    .00 127.10 -21.05
   87.000    .00 135.30 -21.68
   87.125    .00 142.20 -17.00
   87.250    .00 152.40 -16.05
   87.375    .00 146.50 -14.77
   87.500    .00 153.00 -12.75
   87.625    .00 147.90 -11.34
   87.750    .00 174.20 -14.74
   87.875    .00 342.10 -18.90
   88.000    .00 353.50 -19.71
   88.125    .00 267.00 -19.38
   88.250    .00 233.50 -20.38
   88.375    .00 161.00 -21.44
   88.500    .00 132.90 -22.55
   88.625    .00 184.00 -20.51
   88.750    .00 140.60 -21.05
   88.875    .00 127.80 -20.91
   89.000    .00 118.30 -23.23
   89.125    .00 119.10 -24.28
   89.250    .00 121.60 -23.47
   89.375    .00 120.70 -23.03
   89.500    .00 115.00 -21.42
   89.625    .00 131.70 -18.82
   89.750    .00 162.00 -15.10
   89.875    .00 173.50 -18.60
   90.000    .00 190.70 -20.93
   90.125    .00 173.40 -22.82
   90.250    .00 141.40 -25.67
   90.375    .00 131.50 -26.40
   90.500    .00 133.80 -26.48
   90.625    .00 129.90 -24.38
   90.750    .00 153.90 -23.07
   90.875    .00 104.20 -23.94
   91.000    .00 112.00 -29.32
   91.125    .00 124.90 -29.35
   91.250    .00 121.60 -30.00
   91.375    .00 123.60 -30.96
   91.500    .00 116.60 -30.31
   91.625    .00 140.10 -26.95
   91.750    .00 144.30 -24.74
   91.875    .00 122.30 -25.34
   92.000    .00  92.80 -29.51
   92.125    .00 110.60 -30.62
   92.250    .00 101.90 -31.22
   92.375    .00 118.40 -31.64
   92.500    .00 124.20 -30.69
   92.625    .00 152.60 -27.76
   92.750    .00 153.00 -25.76
   92.875    .00 140.80 -26.37
   93.000    .00 124.50 -29.44
   93.125    .00 123.10 -30.74
   93.250    .00 114.70 -30.96
   93.375    .00 123.10 -30.96
   93.500    .00 122.40 -28.96
   93.625    .00 119.40 -24.83
   93.750    .00 135.60 -22.01
   93.875    .00 132.40 -22.16
   94.000    .00 145.50 -23.44
   94.125    .00 143.40 -23.45
   94.250    .00 128.50 -24.96
   94.375    .00 126.90 -25.48
   94.500    .00 142.90 -24.70
   94.625    .00 172.80 -22.43
   94.750    .00 174.50 -21.86
   94.875    .00 150.10 -23.23
   95.000    .00 134.40 -27.29
   95.125    .00 132.30 -29.34
   95.250    .00 128.40 -28.89
   95.375    .00 134.20 -27.98
   95.500    .00 137.70 -26.11
   95.625    .00 140.10 -22.97
   95.750    .00 172.30 -20.60
   95.875    .00 213.30 -21.39
   96.000    .00 159.00 -25.61
   96.125    .00  98.30 -28.83
   96.250    .00 107.50 -31.12
   96.375    .00  77.10 -31.68
   96.500    .00  29.39 -28.22
   96.625    .00  29.76 -25.62
   96.750    .00 360.90 -24.49
   96.875    .00  22.54 -27.00
   97.000    .00 127.60 -30.02
   97.125    .00 104.90 -34.50
   97.250    .00  95.80 -36.55
   97.375    .00 108.30 -37.51
   97.500    .00  98.00 -35.32
   97.625    .00 138.60 -28.79
   97.750    .00 150.90 -26.31
   97.875    .00 141.30 -27.04
   98.000    .00 137.40 -30.55
   98.125    .00 126.30 -31.62
   98.250    .00 123.90 -31.56
   98.375    .00 122.50 -32.08
   98.500    .00 130.90 -29.99
   98.625    .00 135.90 -27.02
   98.750    .00 130.20 -25.09
   98.875    .00 127.50 -24.76
   99.000    .00 124.60 -27.22
   99.125    .00 131.80 -28.99
   99.250    .00 122.40 -28.99
   99.375    .00 149.60 -28.07
   99.500    .00 190.90 -25.69
   99.625    .00 207.20 -26.84
   99.750    .00 218.80 -27.46
   99.875    .00  89.90 -27.88
  100.000    .00  91.50 -35.00
  100.125    .00 124.10 -35.49
  100.250    .00 130.90 -34.82
  100.375    .00 120.80 -34.00
  100.500    .00 121.80 -28.51
  100.625    .00 135.50 -20.81
  100.750    .00 145.20 -15.19
  100.875    .00 139.80 -12.61
  101.000    .00 149.70 -11.72
  101.125    .00 149.20 -12.02
  101.250    .00 150.90 -10.79
  101.375    .00 168.40  -7.37
  101.500    .00 163.40  -4.21
  101.625   8.92 177.50  -3.58
  101.750   7.79 180.30  -3.15
  101.875   6.35 167.20  -3.75
  102.000   8.77 210.80  -6.13
  102.125   7.99 211.90 -10.27
  102.250   7.80 187.30 -17.54
  102.375   5.27 163.30 -19.47
  102.500   4.39 137.90 -17.72
  102.625   5.46 128.10 -13.46
  102.750   5.41 127.30 -10.98
  102.875   5.35 113.10 -10.57
  103.000   6.09 102.40 -13.74
  103.125   7.31 118.40 -12.20
  103.250   7.82 122.30  -8.02
  103.375   6.64 190.40  -4.79
  103.500   6.37 178.50  -4.65
  103.625   6.41 160.60  -2.79
  103.750   5.97 171.30  -1.35
  103.875   6.92 183.40  -1.73
  104.000   8.30 182.00  -4.18
  104.125   5.75 228.80  -5.54
  104.250   3.55 177.20  -7.05
  104.375   5.05 191.60  -7.56
  104.500   4.14 170.80  -8.98
  104.625   4.56 267.20  -9.58
  104.750   1.86 234.30 -12.85
  104.875   2.71 157.60 -15.40
  105.000   1.67 143.40 -17.35
  105.125   2.00 128.70 -18.90
  105.250   2.65 180.30 -16.12
  105.375   1.26 257.90 -17.60
  105.500   1.87 133.70 -19.84
  105.625   3.02 145.20 -19.06
  105.750   4.62 151.00 -16.21
  105.875   5.10 130.10 -15.96
  106.000   6.38 117.30 -17.51
  106.125   7.35  93.80 -15.91
  106.250   8.66  91.60 -13.71
  106.375   9.62  97.70 -10.59
  106.500   6.86 142.20  -6.17
  106.625   5.24 164.00  -3.17
  106.750   5.10 166.30  -2.52
  106.875   5.84 169.90  -4.56
  107.000   3.92 130.70  -5.39
  107.125   5.12 136.20  -4.53
  107.250   5.17 132.90  -3.60
  107.375   6.25 129.20  -3.35
  107.500   6.35 151.80  -1.51
  107.625   6.45 143.70   -.30
  107.750   5.77 125.00    .30
  107.875   5.07 148.50   -.14
  108.000   3.63 129.20  -2.46
  108.125   5.33 117.20  -4.09
  108.250   6.10 125.90  -4.68
  108.375   6.60 132.60  -5.37
  108.500   6.76 140.00  -5.12
  108.625   7.57 147.00  -4.20
  108.750   5.63 230.10  -3.37
  108.875   2.28 170.60  -5.90
  109.000   2.29 175.90  -6.98
  109.125   1.51 139.80 -10.17
  109.250   2.59  97.00 -12.72
  109.375   3.38  96.50 -15.20
  109.500   4.78 100.40 -13.08
  109.625   4.34  98.80  -8.36
  109.750   3.99 105.30  -5.82
  109.875   6.99 109.50  -8.00
  110.000   7.75 102.10 -11.23
  110.125   8.30 128.60 -13.32
  110.250   7.82 102.40 -15.06
  110.375   8.38 108.90 -16.51
  110.500   8.54 108.20 -15.15
  110.625   7.05 102.70 -11.73
  110.750   4.76 127.10  -8.42
  110.875   3.83 104.60  -9.92
  111.000   6.49  93.10 -15.04
  111.125   8.59 100.20 -18.09
  111.250  10.60  94.80 -18.72
  111.375  11.04 101.10 -18.12
  111.500  11.24  98.90 -15.02
  111.625  10.82 105.10 -11.06
  111.750   9.87 109.80  -8.40
  111.875  10.38  97.40  -8.90
  112.000  10.98  99.10 -11.42
  112.125  11.58 100.60 -14.17
  112.250  11.30 113.40 -15.55
  112.375  11.07 112.70 -15.24
  112.500  10.25 104.90 -13.00
  112.625   9.08 141.50  -9.25
  112.750   6.34 149.80  -6.49
  112.875   3.86 142.20  -7.00
  113.000   2.52 169.90  -8.58
  113.125   1.94 157.20  -8.45
  113.250   2.06 165.10  -8.96
  113.375    .47 221.40  -9.62
  113.500    .24 250.50  -9.00
  113.625    .00 277.30  -8.05
  113.750   1.22 287.00  -9.24
  113.875   1.69 251.30 -10.85
  114.000   1.60 207.00 -12.67
  114.125   1.81 167.40 -13.96
  114.250   1.74 160.00 -14.83
  114.375   1.22  94.70 -15.63
  114.500   2.37  88.70 -17.78
  114.625   1.61 170.80 -15.66
  114.750    .02 127.10 -10.83
  114.875   1.33  45.00 -16.73
  115.000   3.61 114.40 -22.63
  115.125   3.42 100.80 -23.60
  115.250   3.74  91.20 -26.40
  115.375   5.01  97.80 -26.22
  115.500   4.11  96.30 -23.17
  115.625   3.22 123.30 -17.77
  115.750   1.24 185.70 -14.33
  115.875    .21 174.30 -16.29
  116.000   2.26  88.10 -23.91
  116.125   4.80  96.00 -27.04
  116.250   5.42 101.40 -26.46
  116.375   5.96 103.80 -24.75
  116.500   7.13 104.20 -21.19
  116.625   6.25 137.70 -16.85
  116.750   4.71 150.90 -14.42
  116.875   1.93 110.80 -14.43
  117.000   3.54  97.90 -21.19
  117.125   5.66 106.30 -24.66
  117.250   6.69 100.50 -24.77
  117.375   6.76 128.10 -24.28
  117.500   7.32 132.90 -20.78
  117.625   6.49 138.50 -16.75
  117.750   4.55 165.10 -14.20
  117.875   2.63 145.20 -14.57
  118.000   3.08 135.90 -19.41
  118.125   6.18 147.90 -21.14
  118.250   8.05 141.90 -19.35
  118.375   8.64 131.00 -19.11
  118.500   8.22 147.30 -18.33
  118.625   7.42 154.80 -15.58
  118.750   6.01 199.20 -15.11
  118.875   5.86 185.00 -17.13
  119.000   4.26 129.60 -20.47
  119.125   5.86 123.10 -21.32
  119.250   7.09  96.00 -21.90
  119.375   7.02 111.90 -23.88
  119.500   7.83 127.20 -20.71
  119.625   7.16 122.40 -18.18
  119.750   5.95 153.40 -15.73
  119.875   3.62 136.70 -15.22
  120.000   4.55 115.80 -18.94
  120.125   6.39 112.50 -21.95
  120.250   8.22 115.60 -22.92
  120.375   8.99 121.30 -22.78
  120.500   8.46 129.80 -19.88
  120.625   7.28 141.00 -16.34
  120.750   5.30 160.80 -13.47
  120.875   4.05 135.50 -12.96
  121.000   5.43 127.10 -15.40
  121.125   1.61 128.60 -18.06
  121.250    .02 122.40 -19.07
  121.375    .00 122.70 -19.12
  121.500    .00 131.10 -16.57
  121.625    .00 149.50 -13.21
  121.750    .00 168.70 -11.29
  121.875    .00 128.60 -11.49
  122.000    .00 119.60 -14.23
  122.125   2.78 125.30 -16.05
  122.250   7.06 123.30 -16.38
  122.375   7.52 123.00 -16.57
  122.500   9.35 122.70 -13.60
  122.625   9.77 128.00 -11.12
  122.750   7.19 133.20  -8.49
  122.875   4.57 144.30  -7.53
  123.000   3.70 146.40 -10.45
  123.125   3.14 131.40 -14.15
  123.250   3.34 121.50 -15.92
  123.375   3.54 123.30 -14.67
  123.500   5.13 132.60 -10.44
  123.625   5.85 145.20  -7.34
  123.750   5.39 129.40  -5.67
  123.875   6.02 124.30  -6.48
  124.000   8.22 114.80  -9.51
  124.125  10.19 120.20 -11.28
  124.250   9.79 117.50 -10.83
  124.375   7.75 129.00  -6.90
  124.500   5.02 161.60  -3.53
  124.625   4.20 151.30  -2.07
  124.750   4.53 200.60   -.94
  124.875   4.34 251.10  -3.12
  125.000   2.67 253.90  -6.43
  125.125    .00 253.80  -6.79
  125.250    .00 253.00  -8.48
  125.375    .00 252.90  -7.28
  125.500    .00 132.90  -7.94
  125.625   2.34 144.70  -3.87
  125.750   3.95 148.50  -2.02
  125.875   3.63 124.70   -.94
  126.000   5.09 137.10  -1.14
  126.125   6.26 138.50   -.36
  126.250   6.24 177.80   -.18
  126.375    .82 168.50   -.18
  126.500   2.38 160.00   -.01
  126.625   5.68 177.90    .21
  126.750   7.22 172.50   -.21
  126.875   7.35 179.00  -1.32
  127.000   3.38 307.10  -5.35
  127.125    .03 343.60  -7.85
  127.250    .74 306.50  -9.38
  127.375    .21 348.50 -10.23
  127.500   1.17 156.90  -9.25
  127.625   4.87 149.80  -7.78
  127.750   6.51 167.90  -7.12
  127.875   6.16 152.80  -7.14
  128.000   7.01 137.70  -8.82
  128.125   6.81 163.90  -8.22
  128.250   4.82 177.70  -7.20
  128.375   5.27 156.10  -6.94
  128.500   5.74 173.30  -6.63
  128.625   6.05 175.70  -5.72
  128.750   5.41 198.10  -4.50
  128.875   5.15 173.60  -5.58
  129.000   3.33 163.00  -6.44
  129.125   4.11 180.30  -6.67
  129.250   1.30 215.50  -6.71
  129.375    .00 193.80  -7.38
  129.500    .07 127.50  -6.81
  129.625    .17 166.00  -5.38
  129.750    .49 146.80  -4.24
  129.875    .00 141.90  -4.88
  130.000    .04 134.90  -6.92
  130.125    .11 146.40  -6.92
  130.250    .00 160.90  -6.90
  130.375    .00 179.90  -7.90
  130.500    .00 261.30  -7.59
  130.625    .00 306.60  -7.02
  130.750    .00 252.30  -5.66
  130.875    .00  88.10  -6.33
  131.000    .00  93.80 -14.17
  131.125    .00  99.10 -16.49
  131.250   6.44 114.20 -14.28
  131.375   9.07 110.80 -14.12
  131.500   8.86 126.80 -11.43
  131.625   8.72 122.50  -8.22
  131.750   7.43 133.70  -5.71
  131.875   4.88 131.90  -4.93
  132.000   5.65 124.90  -7.62
  132.125   6.62 123.20 -10.01
  132.250   7.09 122.00  -8.35
  132.375   7.10 122.80  -6.82
  132.500   6.78 124.60  -5.10
  132.625   6.39 129.80  -2.95
  132.750   5.63 124.90   -.82
  132.875   5.54 101.40  -1.17
  133.000   6.41 100.60  -3.97
  133.125   7.86  92.40  -6.82
  133.250  10.21 101.50  -8.36
  133.375  11.37 109.90  -9.27
  133.500  11.46 109.70  -7.24
  133.625  11.08 123.40  -4.59
  133.750  10.94 116.80  -2.73
  133.875   9.61 124.10  -2.91
  134.000   9.22 117.50  -5.03
  134.125   8.61 120.50  -8.35
  134.250   8.26 115.40 -11.18
  134.375   8.55 109.00 -12.56
  134.500   8.78 109.90 -11.17
  134.625   6.78 124.80  -7.78
  134.750   5.32 119.50  -4.97
  134.875   4.22 108.60  -5.00
  135.000   6.20  99.70  -8.46
  135.125   8.09  99.30 -11.20
  135.250  10.10 110.30 -13.89
  135.375  11.35  99.80 -14.21
  135.500  11.18 108.20 -13.30
  135.625  10.59 116.30 -10.46
  135.750  10.07 123.40  -7.50
  135.875   9.24 122.50  -6.72
  136.000   8.97 114.50  -8.48
  136.125  10.00 117.10 -11.49
  136.250  11.25 118.90 -13.72
  136.375  11.59 116.20 -14.03
  136.500  10.80 115.10 -12.08
  136.625  10.50 126.30  -9.27
  136.750   9.21 129.30  -6.76
  136.875   8.24 127.10  -6.16
