4,128,600,2.417,2.103,-.929,-13.35,-13.07,60.45,61.75,3.903,4.088,126.5,308.9,0,0,-26.38
139,-26.38,-10.31,-10.25,129.2,0,.252,.537
4,128,700,2.271,2.082,-1.788,-13.59,-13.22,75.7,76.7,4.946,5.207,156.1,386.2,2.491,2.334,-26.45
139,-26.27,-13.04,-12.88,162.6,13.95,.403,1.619
4,128,800,1.88,1.767,-2.338,-13.83,-13.37,77.2,77.3,5.579,5.739,159.4,386.2,2.496,2.334,-26.5
139,-26.26,-13.33,-12.92,166.6,13.69,.452,.679
4,128,900,1.705,1.603,-1.818,-14.17,-13.69,79,78.5,6.575,6.414,156.5,385.8,2.5,2.339,-26.5
139,-26.27,-13.81,-13.33,163.4,14.49,.218,.515
4,128,1000,1.27,1.197,-2.145,-14.94,-14.47,78.9,78.3,5.564,5.362,153.5,385.9,2.494,2.337,-26.48
139,-26.26,-14.54,-14.1,160.3,13.77,.275,.494
4,128,1100,.794,.765,-2.538,-16.69,-16.25,76.4,77.2,3.848,3.707,135.6,386,2.499,2.342,-26.46
139,-26.25,-16.17,-15.98,143.4,13.6,.213,.428
4,128,1200,.434,.429,-3.365,-18.42,-17.89,77.5,77.9,3.872,4.015,137.9,385.7,2.506,2.349,-26.47
139,-26.26,-18.1,-17.74,144.7,13.65,.165,.264
4,128,1300,.299,.302,-2.548,-18.72,-18.51,75.7,77.2,4.725,4.96,138.5,385.5,2.505,2.348,-26.51
139,-26.3,-18.46,-18.4,143.5,13.67,.051,.427
4,128,1400,.195,.216,-3.205,-19.81,-19.66,74.5,74.8,5.621,5.917,131.5,385.3,2.511,2.353,-26.52
139,-26.31,-19.5,-19.5,138,13.64,.034,.396
4,128,1500,.113,.132,-3.645,-21.11,-20.96,77.1,78.7,5.149,5.482,122.9,385.2,2.516,2.359,-26.51
139,-26.31,-20.81,-20.86,128.3,13.59,.01,.126
4,128,1600,.111,.156,-2.899,-21.09,-21.02,78.2,82,5.303,5.616,118.6,384.9,2.519,2.36,-26.56
139,-26.35,-20.83,-20.96,124.3,13.54,.008,.537
4,128,1700,.133,.245,-1.21,-21.17,-21.23,76.9,80.6,5.515,5.782,115.8,384.6,2.521,2.36,-26.58
139,-26.37,-20.85,-21.14,121.7,13.51,.035,.485
4,128,1800,.311,.302,-1.995,-20.8,-20.87,77.3,80.6,5.365,5.603,108.6,384.3,2.519,2.358,-26.58
139,-26.37,-20.45,-20.77,114.8,13.49,.09,.432
4,128,1900,.426,.412,-2.311,-20.37,-20.35,77.4,80.6,5.258,5.49,106.1,384.3,2.506,2.354,-26.58
139,-26.37,-20.01,-20.28,111.6,13.5,.113,.639
4,128,2000,.762,.652,-4.212,-20.63,-20.48,75.9,79.5,5.881,6.138,106.3,383.9,2.511,2.357,-26.56
139,-26.34,-20.19,-20.38,112,13.54,.071,.529
4,128,2100,.828,.858,-6.171,-20.69,-20.41,75.8,78.3,6.215,6.757,106.4,383.4,2.508,2.358,-26.55
139,-26.33,-20.27,-20.28,111.8,13.62,.033,.524
4,128,2200,1.043,1.168,-9.89,-19.96,-19.59,76,78.1,6.065,6.58,102.5,382.9,2.501,2.344,-26.54
139,-26.33,-19.52,-19.47,107.7,13.85,.101,1.19
4,128,2300,1.539,1.51,-14.16,-18.9,-18.54,76.4,78.6,6.312,6.841,102.3,382.4,2.493,2.351,-26.53
139,-26.33,-18.45,-18.41,107.8,14.54,.131,1.097
4,129,0,1.939,1.831,-17.22,-17.26,-16.88,76.7,79,6.279,6.802,102.4,381.7,2.489,2.341,-26.54
139,-26.35,-16.85,-16.75,109,13.83,.115,.639
4,129,100,2.267,2.086,-14.79,-15.08,-14.85,76.8,78.6,6.799,7.36,109.7,381,2.481,2.332,-26.56
139,-26.36,-14.65,-14.66,115.3,13.61,.229,1.369
4,129,200,2.56,2.342,-8.86,-14.73,-14.29,75.7,75.8,6.693,7.24,107.6,380.1,2.481,2.331,-26.51
139,-26.32,-14.3,-14.07,113.4,13.82,.051,2.307
