11,154,1400,10.45,11.29,.481,243.7,-1.912,-2.058,.926,9.54,.002,.061,2.388,2.462,2.357,2.527,66.29,68.17,5.08,5.487,113.7,106,231.8,1.033,.909,-2.292,-2.323,-2.339,-2.409,-2.488,-2.576,-2.636,-2.581,-2.182,-1.277,-1.192,-.551,.001,.452,5.986
11,154,1500,11.44,12.06,.154,244.4,-1.947,-2.11,.929,9.8,.002,.097,2.403,2.432,2.69,2.814,75,77.4,5.278,5.706,124.6,116.8,489.1,1.964,1.721,-8.29,-8.41,-8.47,-8.72,-9,-9.32,-9.54,-9.34,-7.9,-4.623,-4.315,-1.993,0,1.652,12.93
11,154,1600,12.41,12.75,-.491,245.1,-1.994,-2.149,.931,9.87,.003,.046,2.517,2.547,2.806,2.944,75,77.4,5.123,5.553,125.2,115.9,487.8,1.967,1.726,-8.3,-8.42,-8.46,-8.71,-9.02,-9.32,-9.54,-9.34,-7.89,-4.629,-4.33,-1.993,-.024,1.839,14.61
11,154,1700,12.24,12.55,-.624,244.4,-1.996,-2.109,.935,9.58,.004,.139,2.517,2.639,2.808,3.008,75.3,77.5,6.015,6.505,131.5,123.3,487.5,1.974,1.73,-8.32,-8.45,-8.45,-8.7,-9.01,-9.32,-9.53,-9.32,-7.88,-4.633,-4.342,-2.007,-.053,1.916,14.63
11,154,1800,10.72,11.02,-.305,243.4,-1.84,-2.009,.934,8.88,.005,.244,2.513,2.644,2.802,2.971,76.2,78.6,4.235,4.602,139.9,132.2,487.2,1.974,1.731,-8.3,-8.42,-8.44,-8.69,-8.98,-9.3,-9.5,-9.3,-7.84,-4.587,-4.298,-1.993,-.024,1.941,14.65
11,154,1900,8.03,8.69,.446,240.9,-1.674,-1.832,.923,7.82,.003,.266,2.233,2.343,2.476,2.617,76,78.5,3.786,4.127,135.4,127.7,85.6,1.927,1.695,-.851,-.864,-.861,-.889,-.92,-.951,-.973,-.952,-.803,-.467,-.439,-.204,-.004,.198,2.558
11,154,2000,5.331,6.491,1.293,237.8,-1.483,-1.618,.915,6.707,.003,.365,2.045,2.133,2.316,2.426,79.2,82,3.59,3.908,138.3,131.3,487.5,1.978,1.734,-8.31,-8.42,-8.41,-8.68,-8.98,-9.29,-9.5,-9.3,-7.84,-4.565,-4.289,-1.993,-.038,1.892,14.51
11,154,2100,2.549,3.97,1.917,233.2,-1.228,-1.36,.892,5.394,.153,.372,1.773,1.754,1.948,2.008,81,84.2,2.915,3.186,141.3,134.3,487.5,1.982,1.735,-8.26,-8.35,-8.48,-8.75,-9.04,-9.35,-9.55,-9.34,-7.85,-4.593,-4.302,-1.991,-.02,1.409,14.17
11,154,2200,.337,2.087,2.43,228.1,-.998,-1.044,.883,4.141,.136,.35,1.237,1.287,1.325,1.512,83.4,86,4.297,4.661,135.3,127.4,487.5,1.987,1.739,-8.27,-8.34,-8.47,-8.75,-9.06,-9.36,-9.56,-9.34,-7.87,-4.597,-4.3,-2.005,-.027,.616,14.07
11,154,2300,-1.349,.614,2.519,223.3,-.722,-.733,.878,3.01,.114,.298,.975,1.023,.999,1.189,83.9,86.6,5.197,5.612,139.9,133.2,487.5,1.989,1.742,-8.25,-8.31,-8.32,-8.63,-8.96,-9.3,-9.52,-9.32,-7.84,-4.578,-4.304,-2.016,-.037,.753,13.97
11,155,0,-2.739,-.474,2.222,218.8,-.449,-.469,.869,2.108,.096,.217,.432,.46,.455,.605,84.5,87.4,4.609,5.002,135.7,127.8,487.5,1.992,1.745,-8.25,-8.3,-8.51,-8.77,-9.08,-9.38,-9.57,-9.34,-7.83,-4.574,-4.291,-1.996,-.009,.512,13.89
11,155,100,-5.008,-2.65,3.234,214.5,-.224,-.184,.86,1.503,.078,.136,-.463,-.452,-.445,-.29,85.6,88.7,3.621,3.976,127.6,120.2,488,1.995,1.748,-8.26,-8.31,-8.52,-8.8,-9.09,-9.4,-9.57,-9.35,-7.85,-4.583,-4.292,-1.997,-.01,.158,13.81
11,155,200,-5.945,-2.628,2.626,212.1,-.085,-.059,.863,1.14,.063,.074,-1.024,-.98,-1.142,-.915,85.6,88.4,3.803,4.184,126.8,118.3,488.2,1.998,1.75,-8.25,-8.33,-8.53,-8.79,-9.09,-9.39,-9.58,-9.34,-7.85,-4.569,-4.278,-1.974,.01,-.3,13.71
11,155,300,-6.017,-2.75,2.562,210.5,-.006,.02,.865,.976,.056,.031,-1.607,-1.508,-1.782,-1.454,87.4,89.7,4.026,4.427,129.9,122.6,488.4,2,1.753,-8.26,-8.34,-8.54,-8.81,-9.1,-9.4,-9.59,-9.34,-7.85,-4.581,-4.281,-1.979,-.017,-.581,13.61
11,155,400,-4.672,-2.052,1.896,210.2,.008,.022,.921,.944,.095,.024,-1.615,-1.549,-1.817,-1.533,89.6,92.3,4.372,4.779,130.6,123,488.6,1.999,1.755,-8.29,-8.36,-8.56,-8.81,-9.11,-9.42,-9.59,-9.35,-7.85,-4.572,-4.272,-1.985,-.016,-.797,13.52
11,155,500,-5.298,-2.385,2.448,210,.009,.04,.88,1.041,.059,.05,-1.762,-1.692,-1.912,-1.647,91.2,94.6,3.983,4.379,132.9,125.1,488.7,1.999,1.756,-8.29,-8.4,-8.58,-8.81,-9.11,-9.4,-9.59,-9.34,-7.84,-4.571,-4.264,-1.979,-.015,-.736,13.43
11,155,600,-4.091,-1.578,2.24,212,-.127,-.096,.907,1.283,.075,.102,-1.948,-1.924,-2.043,-1.871,91.3,95.1,3.943,4.315,138.2,130.9,489.1,2,1.756,-8.29,-8.37,-8.59,-8.83,-9.12,-9.42,-9.59,-9.34,-7.85,-4.566,-4.267,-1.997,-.005,-.888,13.37
11,155,700,-.765,.419,1.091,213.7,-.178,-.163,1.085,1.685,.124,.141,-.657,-.658,-.833,-.674,94.2,98.1,3.62,3.943,145.2,137.2,489.5,1.996,1.752,-8.3,-8.4,-8.62,-8.84,-9.12,-9.42,-9.6,-9.35,-7.84,-4.571,-4.271,-2.002,-.043,-.692,13.35
11,155,800,-.553,1.044,1.454,216.9,-.353,-.334,1.047,2.368,.099,.246,.342,.294,.217,.346,94.8,99,4.079,4.402,152.7,145.9,490,1.992,1.749,-8.34,-8.46,-8.66,-8.86,-9.13,-9.43,-9.62,-9.36,-7.84,-4.58,-4.272,-2.011,-.074,-.046,13.4
11,155,900,2.432,3.114,.683,221,-.596,-.605,1.16,3.235,.118,.307,.621,.529,.496,.585,96,100.5,3.834,4.13,152.5,146,490.3,1.99,1.749,-8.31,-8.41,-8.61,-8.82,-9.12,-9.41,-9.58,-9.33,-7.81,-4.54,-4.241,-1.973,-.029,.232,13.56
11,155,1000,4.402,5.198,.723,224.9,-.835,-.879,1.159,4.415,.154,.502,.653,.526,.549,.574,97,101.8,4.218,4.512,164,157.1,490.9,1.99,1.747,-8.3,-8.42,-8.6,-8.81,-9.1,-9.39,-9.58,-9.31,-7.79,-4.524,-4.226,-1.973,-.028,.58,13.93
11,155,1100,4.064,6.668,1.413,231.8,-1.23,-1.374,.922,6.128,.138,.391,.599,.446,.622,.6,91.5,96.4,4.401,4.695,166.2,158.8,491.1,1.993,1.754,-8.28,-8.38,-8.57,-8.8,-9.1,-9.37,-9.56,-9.29,-7.77,-4.503,-4.211,-1.95,-.006,.787,14.54
11,155,1200,6.735,7.15,.393,232.1,-1.31,-1.391,1.186,6.782,.186,.239,.242,.185,.351,.324,91.8,96.5,4.224,4.362,181.5,175.3,491.5,1.993,1.754,-8.26,-8.36,-8.57,-8.79,-9.08,-9.36,-9.54,-9.27,-7.76,-4.492,-4.192,-1.934,.01,1.075,14.57
11,155,1300,6.575,9.03,1.749,237.8,-1.524,-1.754,.983,8.4,.18,.618,.645,.457,.735,.706,89.1,93.8,3.248,3.465,152.5,145.8,492.2,1.994,1.75,-8.28,-8.37,-8.54,-8.79,-9.08,-9.36,-9.54,-9.28,-7.75,-4.492,-4.183,-1.948,-.013,1.498,14.65
11,155,1400,7.16,9.31,1.283,242.2,-1.715,-2.022,.951,9.41,.191,.492,1.083,.954,1.267,1.325,86.8,91,2.889,3.119,137.8,130.6,492.6,1.995,1.751,-8.3,-8.42,-8.56,-8.78,-9.08,-9.35,-9.54,-9.33,-7.76,-4.492,-4.169,-1.935,-.004,1.71,14.61
11,155,1500,10.48,11.65,.676,246.1,-1.776,-2.188,1.072,9.94,.202,.749,2.004,1.842,2.272,2.229,80.5,84.7,2.121,2.331,139.8,132.8,492.9,1.995,1.755,-8.34,-8.49,-8.54,-8.75,-9.04,-9.34,-9.57,-9.78,-7.74,-4.496,-4.19,-1.964,-.086,2.456,14.56
11,155,1600,11.65,11.53,-.531,246.9,-1.907,-2.289,1.105,10,.232,.656,1.945,1.852,2.2,2.281,80.5,83.9,2.663,2.912,135.4,127.5,493.3,1.999,1.759,-8.37,-8.53,-8.51,-8.74,-9.01,-9.32,-9.96,-9.25,-7.72,-4.485,-4.203,-1.977,-.09,3.072,14.46
11,155,1700,10.84,11.55,-.226,244.9,-1.89,-2.189,.959,9.62,.208,.644,1.786,1.704,2.009,2.066,81.9,85.4,3.048,3.315,140.9,132.5,493.4,2,1.763,-8.31,-8.44,-8.41,-8.68,-8.98,-9.29,-9.47,-9.21,-7.67,-4.429,-4.146,-1.929,-.027,2.544,14.14
11,155,1800,9.31,10.18,.214,242.4,-1.822,-2.05,.922,8.95,.201,.237,1.568,1.521,1.725,1.782,83.4,87,3.673,3.977,142.9,135.4,493.5,2.003,1.765,-8.3,-8.41,-8.37,-8.63,-8.95,-9.25,-9.43,-9.17,-7.62,-4.384,-4.101,-1.891,.01,2.557,14.22
11,155,1900,7.05,8.44,1.09,239.4,-1.693,-1.867,.92,7.99,.187,.321,1.349,1.242,1.456,1.465,87,91.4,3.999,4.299,152.3,144.9,494,2.007,1.768,-8.29,-8.38,-8.37,-8.66,-8.95,-9.25,-9.44,-9.17,-7.62,-4.379,-4.096,-1.88,.015,2.228,14.29
11,155,2000,6.018,7.33,1.397,236.6,-1.516,-1.672,1.003,6.872,.201,.55,1.136,1.01,1.231,1.181,88.3,93.2,3.662,3.922,164,156.9,494,2.014,1.769,-8.28,-8.38,-8.43,-8.7,-9,-9.3,-9.48,-9.19,-7.63,-4.391,-4.099,-1.898,.013,2.098,14.46
11,155,2100,2.809,3.493,1.043,232.7,-1.285,-1.402,.974,5.382,.186,.77,.936,.79,.974,.948,90.7,95.6,3.752,4.017,153.1,146.8,494.3,2.016,1.766,-8.26,-8.34,-8.49,-8.74,-9.04,-9.32,-9.51,-9.22,-7.66,-4.409,-4.109,-1.9,.019,1.765,14.42
11,155,2200,2.917,4.146,1.65,226.4,-.925,-.965,1.08,4.075,.134,.281,.791,.672,.703,.753,93.8,98.4,4.165,4.45,158.3,152,494.3,2.019,1.766,-8.23,-8.3,-8.44,-8.72,-9.03,-9.31,-9.48,-9.19,-7.63,-4.38,-4.081,-1.873,.045,.656,14.11
11,155,2300,.83,1.325,.658,221.5,-.643,-.65,1.073,2.863,.175,.342,.609,.496,.47,.536,95.3,99.8,3.97,4.252,158.4,152.9,494.5,2.022,1.766,-8.27,-8.37,-8.55,-8.79,-9.08,-9.37,-9.54,-9.25,-7.67,-4.435,-4.144,-1.943,-.031,1.138,14.12
11,156,0,.335,.763,.401,216,-.293,-.285,1.164,1.912,.116,.14,.475,.381,.263,.374,96.1,100.2,4.277,4.578,155.2,148.3,494.8,2.021,1.767,-8.23,-8.3,-8.44,-8.72,-9.01,-9.31,-9.47,-9.18,-7.61,-4.359,-4.061,-1.86,.065,.517,13.95
11,156,100,-1.475,-.242,1.077,214.6,-.217,-.202,1.051,1.472,.107,.136,.134,.066,-.016,.092,94.8,98.9,4.517,4.842,152.1,145.8,494.9,2.022,1.768,-8.26,-8.35,-8.5,-8.76,-9.04,-9.33,-9.5,-9.2,-7.63,-4.368,-4.077,-1.878,.032,.239,13.84
11,156,200,-4.283,-1.916,2.027,212.8,-.111,-.084,.933,1.146,.084,.068,-.295,-.327,-.453,-.311,93.5,97.4,4.568,4.925,152.9,146.1,494.9,2.023,1.77,-8.27,-8.35,-8.52,-8.78,-9.06,-9.35,-9.51,-9.22,-7.65,-4.376,-4.084,-1.89,.019,.048,13.74
11,156,300,-6.325,-2.964,2.72,210.4,-.008,.024,.849,.985,.055,.03,-1.554,-1.505,-1.724,-1.456,93.3,96.5,4.013,4.36,143.7,135.9,494.9,2.028,1.774,-8.27,-8.34,-8.53,-8.79,-9.07,-9.37,-9.53,-9.22,-7.65,-4.398,-4.099,-1.884,.011,-.309,13.64
11,156,400,-6.057,-2.649,2.49,209.5,.017,.036,.85,.953,.053,.021,-2.229,-2.171,-2.433,-2.137,92.4,95.5,4.229,4.578,141.5,133.4,494.8,2.03,1.775,-8.29,-8.35,-8.54,-8.81,-9.09,-9.39,-9.54,-9.23,-7.66,-4.402,-4.102,-1.91,0,-.763,13.53
11,156,500,-5.672,-2.41,2.605,210.2,-.025,.004,.865,1.045,.057,.053,-2.322,-2.301,-2.489,-2.271,92.3,95.8,4.442,4.805,142.8,136.4,494.5,2.03,1.776,-8.29,-8.37,-8.59,-8.83,-9.11,-9.4,-9.56,-9.24,-7.66,-4.407,-4.107,-1.916,-.007,-1.038,13.45
11,156,600,-5.014,-1.909,2.814,211.7,-.137,-.098,.854,1.296,.057,.106,-2.532,-2.526,-2.58,-2.429,91,95,4.378,4.748,138,131.3,494.4,2.031,1.777,-8.29,-8.39,-8.61,-8.85,-9.13,-9.4,-9.56,-9.24,-7.66,-4.407,-4.1,-1.926,-.022,-1.111,13.39
11,156,700,-3.481,-.667,2.738,214.5,-.324,-.279,.86,1.775,.068,.18,-2.337,-2.339,-2.341,-2.176,88.7,92.4,4.214,4.584,132.9,125.2,494.3,2.031,1.778,-8.3,-8.4,-8.62,-8.86,-9.13,-9.41,-9.57,-9.24,-7.66,-4.41,-4.111,-1.944,-.026,-1.143,13.37
11,156,800,-1.554,1.039,2.461,218.1,-.553,-.515,.867,2.538,.081,.27,-2.053,-2.141,-2.007,-1.941,86.8,90.9,4.53,4.918,129.3,121.5,494.2,2.03,1.777,-8.31,-8.4,-8.63,-8.85,-9.13,-9.41,-9.56,-9.23,-7.65,-4.398,-4.105,-1.94,-.03,-1.107,13.41
11,156,900,.357,3.022,2.077,222.5,-.795,-.805,.89,3.59,.103,.342,-1.504,-1.536,-1.437,-1.369,87,90.9,4.767,5.137,133.1,124.7,494,2.029,1.776,-8.31,-8.41,-8.64,-8.85,-9.14,-9.42,-9.56,-9.24,-7.63,-4.4,-4.084,-1.932,-.033,-.973,13.56
11,156,1000,1.646,4.73,1.968,227,-1.04,-1.1,.885,4.843,.118,.383,-.811,-.842,-.72,-.577,86,89.4,4.674,5.022,132.2,124.6,493.8,2.026,1.773,-8.31,-8.42,-8.65,-8.87,-9.14,-9.41,-9.57,-9.24,-7.64,-4.409,-4.093,-1.919,-.043,-.501,14
11,156,1100,2.492,6.065,2.09,231.3,-1.269,-1.369,.896,6.176,.138,.383,.02,-.008,.108,.266,85.2,88.4,5.074,5.431,136.6,129.1,493.7,2.024,1.771,-8.3,-8.41,-8.65,-8.85,-9.13,-9.4,-9.55,-9.21,-7.61,-4.384,-4.069,-1.902,-.034,-.108,14.5
11,156,1200,3.569,7.23,2.353,235.5,-1.474,-1.622,.915,7.47,.156,.363,.64,.601,.717,.846,84.4,87.7,4.673,5.013,139.3,132.1,493.6,2.022,1.769,-8.3,-8.41,-8.63,-8.83,-9.11,-9.38,-9.53,-9.19,-7.61,-4.365,-4.066,-1.9,-.024,.354,14.39
11,156,1300,4.944,8.14,2.244,239.2,-1.642,-1.844,.923,8.53,.172,.272,1.18,1.087,1.316,1.389,83.9,87.6,4.141,4.435,143.6,135.8,493.3,2.021,1.769,-8.3,-8.42,-8.62,-8.82,-9.09,-9.38,-9.51,-9.18,-7.58,-4.347,-4.047,-1.881,-.013,1.162,14.32
11,156,1400,6.895,9.47,1.884,241.3,-1.8,-1.998,.922,9.36,.184,.197,1.279,1.22,1.49,1.622,82.2,85.4,4.504,4.842,132.4,124.9,493.2,2.022,1.767,-8.3,-8.43,-8.58,-8.79,-9.07,-9.35,-9.49,-9.16,-7.56,-4.347,-4.032,-1.875,-.002,1.527,14.26
11,156,1500,8.87,10.72,1.189,243,-1.89,-2.106,.923,9.82,.193,.101,1.519,1.442,1.749,1.866,81.1,84.3,4.261,4.597,129.1,121.4,492.9,2.023,1.767,-8.31,-8.45,-8.52,-8.74,-9.02,-9.33,-9.47,-9.13,-7.55,-4.314,-4.015,-1.867,-.024,1.759,14.2
11,156,1600,10.44,11.65,.32,244,-1.929,-2.159,.921,9.9,.199,.058,1.746,1.618,2.025,2.067,80.7,84.1,3.932,4.241,123.7,116.4,492.6,2.024,1.769,-8.33,-8.46,-8.49,-8.72,-9.01,-9.31,-9.46,-9.11,-7.52,-4.301,-4.002,-1.863,-.014,2.037,14.24
11,156,1700,10.83,11.65,-.121,243.8,-1.912,-2.132,.918,9.59,.199,.141,1.784,1.706,2.074,2.154,80.4,83.7,3.821,4.13,127,118.8,492.1,2.023,1.773,-8.34,-8.48,-8.46,-8.7,-9,-9.29,-9.45,-9.12,-7.52,-4.293,-4.003,-1.88,-.045,2.323,14.19
11,156,1800,9.85,10.41,.053,215.6,-1.799,-2.028,.914,8.91,.195,.241,1.867,1.748,2.212,2.175,79.8,83.4,3.375,3.679,121.6,113.4,492,2.024,1.781,-8.33,-8.48,-8.44,-8.7,-8.98,-9.27,-9.43,-9.11,-7.48,-4.274,-3.994,-1.872,-.031,2.437,13.92