11,98,1800,-1.608,1.742,4.354,283,-1.18,-1.442,-.222,4.662,0,0,-6999,-6999,0,0,0,0,0,0,0,0,0,0,0,0,0,0,0,0,0,0,0,0,0,0,0,0,0,0
11,98,1900,-2.832,.929,4.56,279.7,-1.168,-1.336,-.22,4.133,.008,.309,-24.15,-24.06,-23.51,-23.33,68.01,70.9,2.02,2.332,100.9,96.5,0,1.853,1.984,-.736,-.754,-.77,-.829,-.903,-.993,-1.097,-1.209,-1.3,-1.34,-1.365,-1.369,-1.427,-1.614,0
11,98,2000,-3.377,-.014,3.975,272.6,-.947,-1.021,-.201,2.978,.004,.357,-25.62,-25.24,-25.3,-24.86,68.88,71.5,2.134,2.569,97.3,93.7,471.4,2.219,2.373,-8.38,-8.58,-8.77,-9.44,-10.29,-11.31,-12.49,-13.76,-14.81,-15.26,-15.54,-15.59,-16.24,-18.56,12.35
11,98,2100,-3.781,-.86,3.307,263.8,-.671,-.658,-.183,1.801,.008,.321,-6999,-6999,-27.19,-26.3,69.73,70.7,2.58,3.076,86.9,83.2,471.6,2.228,2.379,-8.34,-8.54,-8.87,-9.52,-10.37,-11.37,-12.56,-13.8,-14.86,-15.3,-15.57,-15.62,-16.29,-20.72,12.29
11,98,2200,-4.262,-2.015,2.623,253.7,-.341,-.306,-.157,.835,.01,.237,-29.57,-29,-29.59,-28.8,71.6,73.3,3.3,3.858,83.9,79.9,473.6,2.238,2.388,-8.29,-8.47,-8.95,-9.58,-10.42,-11.43,-12.61,-13.84,-14.91,-15.33,-15.6,-15.63,-16.33,-23.06,12.29
11,98,2300,-3.562,-2.123,1.533,244.3,-.047,-.021,-.123,.213,.012,.12,-31.76,-31.41,-31.84,-31.32,73.1,75.5,3.852,4.444,82.1,79.6,472.9,2.245,2.396,-8.27,-8.4,-8.94,-9.6,-10.43,-11.43,-12.61,-13.86,-14.92,-15.33,-15.6,-15.62,-16.38,-24.67,12.28
11,99,0,-3.274,-1.795,1.208,240.3,.073,.095,-.096,.011,.009,.012,-33.21,-32.89,-33.34,-32.86,73.8,76.3,4.176,4.85,82.2,77.9,473.2,2.257,2.405,-8.34,-8.49,-8.93,-9.57,-10.41,-11.4,-12.58,-13.83,-14.88,-15.3,-15.59,-15.63,-16.44,-26.63,12.29
11,99,100,-3.054,-1.632,1.14,240,.079,.1,-.07,-.003,.009,.001,-33.59,-33.26,-33.69,-33.2,73.7,76,4.192,4.869,82.4,78.7,474.6,2.258,2.405,-8.4,-8.58,-9.02,-9.64,-10.47,-11.46,-12.65,-13.89,-14.95,-15.36,-15.64,-15.66,-16.56,-27.51,12.3
11,99,200,-2.815,-1.491,1.025,239.8,.068,.089,-.044,-.003,.007,.001,-33.73,-33.46,-33.81,-33.4,73.1,75.3,4.342,4.983,82.6,79.3,476,2.256,2.406,-8.44,-8.64,-9.08,-9.68,-10.51,-11.5,-12.68,-13.92,-14.98,-15.38,-15.66,-15.69,-16.66,-28.06,12.31
11,99,300,-2.487,-1.27,.919,240,.062,.081,-.014,-.003,.013,0,-33.5,-33.31,-33.56,-33.24,72.5,74.7,4.476,5.076,82.4,79,475.1,2.256,2.405,-8.46,-8.65,-9.11,-9.71,-10.54,-11.53,-12.7,-13.95,-15,-15.41,-15.67,-15.72,-16.73,-28.31,12.31
11,99,400,-2.171,-1.138,.76,240.4,.044,.062,.006,-.003,.024,.001,-33.27,-33.15,-33.29,-33.04,71.8,74.1,4.682,5.26,82.6,80,475.5,2.257,2.404,-8.48,-8.69,-9.14,-9.73,-10.55,-11.54,-12.71,-13.95,-15.01,-15.42,-15.69,-15.73,-16.77,-28.24,12.31
11,99,500,-2.538,-1.292,.921,239.4,.058,.079,-.014,-.003,.003,.001,-34.05,-33.88,-34.12,-33.82,69.54,72.2,4.894,5.54,82.5,79.7,478.3,2.26,2.408,-8.46,-8.64,-9.1,-9.71,-10.53,-11.53,-12.71,-13.93,-14.98,-15.4,-15.68,-15.71,-16.8,-28.56,12.32
11,99,600,-2.764,-1.399,1.047,240.1,.072,.092,-.028,-.003,.008,.001,-33.03,-32.88,-33.09,-32.83,66.2,69.56,5.602,6.268,83.8,79.6,479.1,2.254,2.404,-8.47,-8.68,-9.11,-9.71,-10.54,-11.53,-12.71,-13.95,-14.98,-15.41,-15.68,-15.72,-16.84,-28.67,12.33
11,99,700,-2.962,-1.557,1.103,241,.071,.093,-.063,-.001,.013,.003,-32.07,-31.9,-32.09,-31.81,62.68,65.15,5.465,6.159,77.4,73.7,479.6,2.25,2.397,-8.49,-8.71,-9.16,-9.76,-10.57,-11.57,-12.72,-13.96,-15,-15.43,-15.68,-15.73,-16.89,-28.39,12.33
11,99,800,-3.08,-1.532,1.272,241.5,.074,.096,-.073,.05,.005,.045,-31.5,-31.37,-31.6,-31.33,60.56,62.17,6.432,7.18,72.1,69.59,478.8,2.25,2.396,-8.47,-8.67,-9.14,-9.73,-10.55,-11.54,-12.71,-13.94,-14.99,-15.4,-15.66,-15.73,-16.91,-28.24,12.33
11,99,900,-2.846,-.633,1.681,246.3,-.073,-.052,-.07,.436,.005,.182,-30.3,-30.12,-30.27,-30.04,58.93,60.6,6.003,6.715,70.3,68.42,478.3,2.242,2.39,-8.49,-8.7,-9.16,-9.75,-10.57,-11.56,-12.72,-13.94,-14.99,-15.41,-15.66,-15.73,-16.94,-27.66,12.34
11,99,1000,-1.611,1.139,1.903,254.6,-.42,-.38,-.067,1.279,.006,.303,-29,-28.74,-28.94,-28.58,60.35,61.38,6.661,7.4,74,72.1,480.1,2.237,2.385,-8.47,-8.68,-9.17,-9.77,-10.58,-11.56,-12.72,-13.95,-14.98,-15.4,-15.66,-15.73,-16.99,-26.96,12.39
11,99,1100,-1.032,2.462,2.482,262.3,-.738,-.75,-.073,2.454,.001,.367,-6999,-6999,-28.06,-27.66,63.83,64.69,7.9,8.71,78.4,74.7,478.7,2.236,2.381,-8.45,-8.67,-9.17,-9.75,-10.58,-11.55,-12.71,-13.93,-14.97,-15.4,-15.66,-15.74,-16.99,-25.84,12.53
11,99,1200,-2.093,2.974,3.784,269.5,-.976,-1.045,-.085,3.776,.017,.38,-6999,-6999,-26.62,-26.18,67.88,69.32,8.8,9.65,81.2,78.1,477.9,2.244,2.373,-8.45,-8.66,-9.15,-9.73,-10.55,-11.53,-12.68,-13.93,-14.96,-15.39,-15.65,-15.73,-16.97,-24.74,12.69
11,99,1300,-2.798,3.092,4.886,276,-1.197,-1.281,-.117,5.007,.011,.34,-6999,-6999,-24.85,-24.33,67.08,68.05,8.51,9.29,83.8,79.1,480.6,2.238,2.371,-8.47,-8.69,-9.16,-9.72,-10.54,-11.51,-12.69,-13.93,-14.95,-15.38,-15.65,-15.75,-17,-23.58,12.82
11,99,1400,-3.582,3.37,5.72,281.2,-1.385,-1.49,-.109,6.032,.008,.234,-6999,-6999,-23.41,-22.85,66.29,66.37,8.01,8.75,84.1,80.8,478.3,2.224,2.339,-8.46,-8.69,-9.12,-9.69,-10.51,-11.49,-12.67,-13.9,-14.93,-15.37,-15.62,-15.72,-17.03,-22.42,12.92
11,99,1500,-4.178,3.36,6.189,285.2,-1.519,-1.611,-.134,6.616,.005,.108,-21.86,-21.43,-21.65,-21.07,64.88,64.55,7.66,8.38,84.5,80.4,480.5,2.227,2.346,-8.47,-8.72,-9.1,-9.69,-10.5,-11.49,-12.66,-13.89,-14.91,-15.37,-15.62,-15.73,-17.09,-21.08,12.98
11,99,1600,-4.025,3.221,6.29,287.5,-1.579,-1.652,-.151,6.738,.003,.038,-6999,-6999,-20.06,-19.48,63.5,62.98,7.26,7.95,87.3,83.3,482,2.224,2.342,-8.48,-8.75,-9.06,-9.65,-10.46,-11.46,-12.64,-13.86,-14.89,-15.35,-15.6,-15.72,-17.1,-19.89,13
11,99,1700,-3.477,2.948,6.008,288,-1.554,-1.607,-.162,6.371,.005,.17,-6999,-6999,-18.78,-18.3,61.74,61.54,6.766,7.41,90.5,87.2,481,2.217,2.345,-8.47,-8.73,-9,-9.6,-10.42,-11.42,-12.6,-13.84,-14.85,-15.32,-15.57,-15.71,-17.09,-18.86,12.98
11,99,1800,-3.047,2.471,5.521,285.7,-1.456,-1.491,-.162,5.608,.003,.272,-6999,-6999,-18.7,-18.36,62.41,62.8,7.52,8.23,94.6,89.4,479.8,2.217,2.348,-8.46,-8.73,-8.95,-9.56,-10.38,-11.39,-12.56,-13.81,-14.83,-15.3,-15.55,-15.71,-17.08,-18.12,12.93
11,99,1900,-2.886,1.736,4.902,281.7,-1.259,-1.271,-.158,4.506,.001,.356,-18.95,-18.73,-18.76,-18.44,62.85,63.45,7.38,8.07,93.6,88.9,482.5,2.218,2.347,-8.42,-8.65,-8.92,-9.54,-10.37,-11.38,-12.55,-13.79,-14.79,-15.27,-15.52,-15.69,-17.04,-18.16,12.83
11,99,2000,-3.244,.594,4.217,276.2,-.996,-.976,-.157,3.21,.002,.38,-19.15,-18.93,-18.99,-18.65,62.2,62.77,6.88,7.54,93.5,87.6,482.5,2.219,2.325,-8.4,-8.65,-8.92,-9.54,-10.37,-11.37,-12.55,-13.78,-14.77,-15.27,-15.54,-15.69,-17.05,-18.27,12.7
