11,137,2200,.962,2.37,-.711,-10.42,-.402,1.139,.008,.12,-8.05,-7.53,-7.96,-7.38,83.5,87.2,2.281,2.55,115.8,123.2,0,2.615,2.642,-8.72,-8.95,-9.24,-10.15,-10.88,-11.53,-12,-12.14,-11.88,-11.97,-9.98,-9.9,-7.98,-7.74,-6.254,0
11,137,2300,.8,1.996,-.666,-11.6,-.384,.783,.007,.123,-9.43,-8.85,-9.35,-8.64,83.8,87.6,2.991,3.365,105.2,109.9,475.1,3.083,3.112,-8.85,-9.18,-9.75,-10.52,-11.2,-11.82,-12.27,-12.4,-12.18,-12.26,-10.3,-10.2,-10.22,-9.36,-7.34,14.34
11,138,0,.391,.925,-.524,-13.38,-.32,.427,.026,.082,-11.22,-10.83,-11.22,-10.72,84.4,88.3,2.873,3.261,92.1,93.4,477.1,3.086,3.121,-8.94,-9.28,-9.88,-10.62,-11.3,-11.92,-12.37,-12.49,-12.28,-12.35,-10.43,-10.33,-12.35,-11.63,-10.07,13.1
11,138,100,.182,.397,-.511,-14.62,-.284,.201,.013,.048,-12.34,-11.96,-12.36,-11.84,85.6,89.4,3.397,3.785,90.8,92.3,478.5,3.087,3.128,-9.06,-9.43,-10.02,-10.72,-11.39,-12,-12.45,-12.57,-12.37,-12.44,-10.58,-10.47,-13.84,-13.17,-11.69,12.89
11,138,200,.071,.144,-.402,-15.03,-.206,.084,.041,.022,-13.08,-12.86,-13.14,-12.76,85.5,89.3,3.993,4.328,86.4,87.5,475.5,3.093,3.133,-9.15,-9.54,-10.1,-10.79,-11.46,-12.06,-12.51,-12.63,-12.43,-12.5,-10.69,-10.59,-14.34,-13.79,-12.86,12.83
11,138,300,.022,.048,-.462,-14.67,-.219,.038,.044,.007,-12.67,-12.52,-12.63,-12.34,85.4,89.4,4.253,4.561,87.7,89.7,477.7,3.086,3.128,-9.2,-9.61,-10.18,-10.84,-11.5,-12.1,-12.55,-12.67,-12.47,-12.54,-10.77,-10.68,-13.95,-13.31,-12.56,12.76
11,138,400,.022,.047,-.515,-15.8,-.233,.032,.024,.003,-13.54,-13.37,-13.57,-13.27,84.8,88.8,4.457,4.766,100.6,102.3,475.1,3.089,3.134,-9.2,-9.6,-10.18,-10.85,-11.51,-12.12,-12.56,-12.68,-12.48,-12.55,-10.83,-10.74,-15.02,-14.32,-13.51,12.7
11,138,500,.043,.087,-.522,-15.57,-.244,.057,.013,.013,-13.51,-13.39,-13.48,-13.21,83.1,87.2,6.212,6.536,90.5,91.1,478.2,3.092,3.136,-9.23,-9.64,-10.21,-10.87,-11.53,-12.13,-12.57,-12.69,-12.49,-12.56,-10.88,-10.81,-14.76,-14.07,-13.43,12.67
11,138,600,.141,.262,-.433,-15.44,-.198,.138,.031,.034,-13.81,-13.73,-13.76,-13.56,82.6,86.6,7.12,7.43,91.7,93.7,478.8,3.093,3.138,-9.23,-9.65,-10.21,-10.87,-11.53,-12.13,-12.57,-12.69,-12.49,-12.56,-10.93,-10.86,-14.76,-14.1,-13.72,12.64
11,138,700,.328,.649,-.496,-14.54,-.144,.314,.057,.072,-13.28,-13.22,-13.19,-13.01,81.3,85.2,8.45,8.76,102,103.8,479,3.085,3.138,-9.24,-9.67,-10.21,-10.87,-11.53,-12.12,-12.56,-12.68,-12.49,-12.55,-10.96,-10.9,-13.97,-13.36,-13.09,12.63
11,138,800,.431,.831,-.293,-14.73,-.22,.587,.057,.101,-13.39,-13.34,-13.3,-13.11,80.9,84.9,8.85,9.15,99.2,99.3,477.9,3.087,3.14,-9.21,-9.63,-10.19,-10.85,-11.51,-12.11,-12.55,-12.66,-12.47,-12.53,-10.98,-10.92,-13.93,-13.31,-13.1,12.7
11,138,900,1.207,2.156,-.026,-14.71,-.281,1.078,.01,.17,-13.21,-13.15,-12.96,-12.74,77.7,81.5,8.81,9.11,102.2,104.8,475.4,3.085,3.14,-9.21,-9.63,-10.22,-10.86,-11.52,-12.12,-12.55,-12.67,-12.47,-12.54,-11.01,-10.96,-12.94,-12.12,-12.41,12.76
11,138,1000,2.087,3.983,.485,-13.29,-.24,1.785,.063,.237,-12.42,-12.39,-12.05,-11.86,75.7,79.6,9.74,10.03,102.1,104.4,476.2,3.082,3.137,-9.21,-9.65,-10.24,-10.85,-11.51,-12.09,-12.52,-12.63,-12.44,-12.5,-11.01,-10.96,-10.87,-10.51,-11.28,12.96
11,138,1100,1.692,3.58,.5,-11.58,-.072,2.17,.011,.181,-11.34,-11.33,-11.13,-10.99,78.1,82.1,9.41,9.68,102.2,105.3,478.3,3.076,3.13,-9.19,-9.63,-10.14,-10.77,-11.42,-12.02,-12.46,-12.57,-12.37,-12.44,-10.95,-10.91,-10.28,-10.19,-10.49,13.72
11,138,1200,2.436,5.097,.734,-10.38,-.147,2.886,.052,.266,-10.21,-10.21,-9.86,-9.7,78.3,82.3,9.01,9.27,102.5,104.8,476.9,3.071,3.122,-9.16,-9.6,-10.09,-10.73,-11.38,-11.98,-12.42,-12.53,-12.33,-12.41,-10.9,-10.87,-8.47,-8.3,-8.98,14.19
11,138,1300,3.379,7.11,1.034,-9.36,-.244,3.677,.059,.156,-9.41,-9.43,-8.93,-8.75,77.9,81.9,8.59,8.84,106.1,109.7,478,3.067,3.118,-9.13,-9.58,-10.03,-10.66,-11.33,-11.93,-12.37,-12.48,-12.28,-12.37,-10.85,-10.81,-6.277,-6.557,-7.79,14.61
11,138,1400,3.522,7.58,.929,-8.53,-.339,4.038,.011,.069,-8.59,-8.62,-8.12,-7.93,79.2,83.3,7.54,7.76,111.8,115.1,478.2,3.063,3.112,-9.08,-9.53,-9.95,-10.6,-11.27,-11.87,-12.31,-12.43,-12.23,-12.32,-10.77,-10.73,-5.463,-5.761,-6.642,14.53
11,138,1500,3.497,7.72,.775,-7.54,-.34,4.183,.022,.098,-7.75,-7.76,-7.25,-7.09,79.2,83.6,6.496,6.704,117.1,121.2,477.4,3.058,3.105,-9.05,-9.5,-9.92,-10.57,-11.24,-11.84,-12.28,-12.39,-12.19,-12.28,-10.71,-10.67,-4.408,-5.049,-5.364,14.59
11,138,1600,3.07,6.93,.599,-6.736,-.285,3.99,.052,.274,-6.979,-6.965,-6.427,-6.27,80,84.7,5.013,5.163,116.8,120.1,477.5,3.053,3.099,-9.03,-9.47,-9.91,-10.57,-11.23,-11.83,-12.26,-12.38,-12.17,-12.26,-10.66,-10.62,-2.939,-4.503,-4.219,13.48
11,138,1700,3.218,7.46,.548,-6.19,-.378,3.95,.014,.177,-6.384,-6.382,-5.711,-5.561,78.2,82.8,4.582,4.703,110.2,114.3,477,3.05,3.096,-9.02,-9.48,-9.86,-10.51,-11.18,-11.78,-12.21,-12.32,-12.12,-12.21,-10.58,-10.54,-1.585,-3.858,-3.366,14.39
11,138,1800,3.092,7.29,.466,-5.699,-.353,3.639,.013,.135,-5.951,-5.944,-5.244,-5.096,76.2,81,4.108,4.208,108.5,111.5,474.2,3.049,3.09,-9.01,-9.47,-9.84,-10.5,-11.17,-11.77,-12.2,-12.31,-12.11,-12.19,-10.53,-10.48,-1.92,-3.949,-2.856,13.3
11,138,1900,2.62,6.332,.078,-5.894,-.39,3.088,.009,.196,-5.751,-5.71,-5.029,-4.893,76.5,81.3,3.319,3.409,108.6,111.8,475.4,3.05,2.97,-8.97,-9.41,-9.79,-10.48,-11.15,-11.76,-12.19,-12.3,-12.09,-12.18,-10.48,-10.42,-1.943,-3.829,-2.519,13.28
11,138,2000,2.159,5.368,-.32,-6.499,-.414,2.477,.007,.165,-5.875,-5.81,-5.153,-5.026,77.5,82.5,2.597,2.703,108.5,112.6,474.5,3.051,2.829,-8.96,-9.38,-9.8,-10.5,-11.17,-11.78,-12.2,-12.31,-12.1,-12.19,-10.46,-10.39,-2.354,-3.897,-2.522,13.46
11,138,2100,1.632,4.093,-.475,-7.71,-.394,1.863,.023,.198,-6.597,-6.517,-6.104,-5.942,80.5,85.5,2.627,2.8,109.3,112.4,472.3,3.056,2.346,-8.91,-9.3,-9.78,-10.49,-11.16,-11.77,-12.2,-12.3,-12.09,-12.17,-10.42,-10.34,-4.48,-5.023,-4.256,14.35
11,138,2200,1.02,2.49,-.439,-9.44,-.326,1.243,.017,.154,-7.99,-7.9,-7.84,-7.64,83.7,88.1,3.454,3.701,107.2,110.3,473.3,3.064,3.103,-8.89,-9.24,-9.8,-10.53,-11.2,-11.81,-12.24,-12.35,-12.14,-12.21,-10.46,-10.37,-7.43,-7.35,-6.819,14.43
11,138,2300,.66,1.507,-.218,-10.05,-.206,.779,.088,.118,-8.71,-8.62,-8.71,-8.48,84.7,88.8,3.851,4.1,104.7,106.6,473.4,3.069,3.109,-8.97,-9.34,-9.89,-10.6,-11.27,-11.87,-12.3,-12.41,-12.2,-12.27,-10.54,-10.45,-8.76,-8.46,-7.86,13.91
11,139,0,.431,.946,-.235,-10.03,-.167,.434,.084,.077,-8.6,-8.47,-8.63,-8.41,90.7,95,3.556,3.826,117.9,122,474.8,3.067,3.109,-9.02,-9.42,-9.98,-10.65,-11.32,-11.91,-12.34,-12.45,-12.25,-12.32,-10.6,-10.51,-9.01,-8.65,-8.05,13.45
11,139,100,.223,.481,-.442,-11.04,-.248,.213,.039,.049,-9.32,-9.16,-9.28,-9.01,89.4,93.5,3.729,4.03,122.5,125.8,472.2,3.072,3.114,-9.03,-9.42,-10,-10.68,-11.34,-11.93,-12.36,-12.47,-12.27,-12.34,-10.65,-10.55,-10.3,-9.73,-8.84,13.21
11,139,200,.088,.181,-.419,-11.69,-.204,.091,.053,.024,-9.99,-9.88,-10.08,-9.87,85.4,89.2,5.229,5.523,108.9,111,473.6,3.077,3.12,-9.09,-9.48,-10.03,-10.71,-11.37,-11.96,-12.39,-12.5,-12.3,-12.36,-10.7,-10.6,-11.06,-10.48,-9.88,13.1
11,139,300,.022,.05,-.625,-13.23,-.285,.043,.027,.007,-11.21,-11.07,-11.26,-11.01,84.7,88.6,5.617,5.94,106,109.6,470.5,3.084,3.128,-9.11,-9.5,-10.08,-10.75,-11.41,-12,-12.43,-12.53,-12.33,-12.4,-10.77,-10.67,-12.58,-11.87,-11.12,12.99
11,139,400,.021,.045,-.718,-14.01,-.322,.038,.014,.003,-11.68,-11.56,-11.73,-11.5,84.3,88.3,7.05,7.37,105.2,106.7,471.2,3.084,3.13,-9.16,-9.56,-10.13,-10.8,-11.46,-12.04,-12.46,-12.56,-12.37,-12.43,-10.84,-10.74,-13.2,-12.36,-11.66,12.92
11,139,500,.038,.081,-.718,-14.66,-.332,.065,.005,.015,-12.55,-12.46,-12.56,-12.34,86.3,90.3,9,9.33,107.3,111.1,469.7,3.08,3.131,-9.18,-9.59,-10.16,-10.82,-11.48,-12.07,-12.5,-12.59,-12.4,-12.47,-10.9,-10.8,-13.9,-13.15,-12.51,12.86
11,139,600,.262,.336,-.676,-14.74,-.324,.155,.004,.039,-12.87,-12.79,-12.78,-12.56,86.3,90.6,10.1,10.47,109.8,113,469.2,3.087,3.141,-9.21,-9.63,-10.19,-10.85,-11.5,-12.09,-12.51,-12.61,-12.42,-12.48,-10.95,-10.86,-14.06,-13.1,-12.59,12.83
11,139,700,.663,.938,-.39,-14.41,-.313,.349,.01,.076,-12.76,-12.67,-12.54,-12.34,84.7,89,10.2,10.56,103.5,106.6,467,3.085,3.14,-9.22,-9.64,-10.22,-10.86,-11.51,-12.09,-12.52,-12.61,-12.42,-12.48,-10.98,-10.9,-13.59,-12.41,-12.17,12.84
11,139,800,1.176,2.021,-.042,-13.57,-.263,.716,.042,.145,-12.25,-12.18,-12.01,-11.8,83.2,87.4,10.12,10.46,103,105.8,467.3,3.082,3.137,-9.21,-9.64,-10.23,-10.85,-11.5,-12.09,-12.5,-12.6,-12.41,-12.47,-10.99,-10.91,-12.29,-11.4,-11.47,12.92
11,139,900,1.058,2.163,.108,-11.6,-.118,1.08,.031,.099,-10.87,-10.81,-10.76,-10.57,83.9,87.9,12.31,12.68,104.2,106,464.1,3.073,3.132,-9.22,-9.66,-10.2,-10.83,-11.48,-12.05,-12.47,-12.56,-12.37,-12.44,-10.97,-10.9,-10.94,-10.63,-10.4,13.16
11,139,1000,1.474,3.036,.238,-10.28,-.134,1.617,.054,.232,-9.56,-9.5,-9.39,-9.2,82.3,86.3,12.21,12.59,105.8,108.2,466.5,3.066,3.124,-9.18,-9.62,-10.15,-10.77,-11.43,-12.01,-12.43,-12.52,-12.33,-12.4,-10.92,-10.86,-9.32,-9.04,-8.91,13.44
11,139,1100,2.04,4.155,.374,-9.65,-.191,2.232,.097,.076,-9.06,-9.02,-8.83,-8.64,83.8,88,13.71,14.16,106.2,109.1,464.2,3.063,3.121,-9.12,-9.56,-10.12,-10.74,-11.39,-11.97,-12.39,-12.48,-12.29,-12.36,-10.87,-10.81,-8.22,-8,-8.16,14.05
11,139,1200,1.463,3.25,.264,-8.89,-.006,2.424,.007,.127,-8.59,-8.57,-8.52,-8.41,91.8,96.5,15.91,16.55,113.9,116.8,460,3.037,3.119,-9.09,-9.61,-10.15,-10.7,-11.38,-11.94,-12.37,-12.46,-12.3,-12.33,-10.81,-10.8,-8.03,-8.18,-8.03,14.56
11,139,1300,1.779,4.017,.206,-7.29,-.001,2.937,.007,.233,-6.971,-6.952,-6.891,-6.777,93.2,98.7,13.58,14.06,126.1,130,460.1,3.05,3.1,-9.09,-9.62,-10.16,-10.7,-11.35,-11.93,-12.36,-12.45,-12.28,-12.32,-10.8,-10.78,-6.475,-6.3,-6.26,14.56
11,139,1400,2.196,5.011,.04,-5.401,-.024,3.43,.011,.123,-5.269,-5.258,-5.114,-4.992,93.8,100.2,9.79,9.87,150,154.1,459,3.015,3.024,-9.06,-9.54,-10.06,-10.66,-11.31,-11.89,-12.3,-12.4,-12.2,-12.27,-10.76,-10.71,-5.087,-4.025,-4.269,14.11
11,139,1500,2.274,5.205,.015,-4.932,-.051,3.67,.009,.061,-4.705,-4.702,-4.477,-4.397,91.7,99.1,8.41,8.3,153.7,157.5,458.3,3.009,3.011,-9,-9.45,-9.97,-10.6,-11.25,-11.83,-12.25,-12.35,-12.14,-12.22,-10.68,-10.63,-4.188,-3.107,-3.437,14.68
11,139,1600,2.576,5.843,.057,-4.812,-.044,3.828,.011,.094,-4.695,-4.698,-4.539,-4.42,92.6,99.1,10.45,10.34,154.9,157.9,456.9,3.023,3.024,-8.97,-9.4,-9.92,-10.57,-11.22,-11.81,-12.22,-12.32,-12.11,-12.19,-10.63,-10.58,-3.867,-3.253,-3.512,14.33
11,139,1700,2.43,5.456,-.054,-5.012,-.049,3.569,.008,.212,-4.856,-4.861,-4.74,-4.614,92.9,99.1,11.48,11.21,155.7,158.9,458.8,3.043,3.057,-8.96,-9.38,-9.91,-10.56,-11.21,-11.8,-12.21,-12.31,-12.11,-12.18,-10.61,-10.55,-3.812,-3.593,-3.81,14.4
11,139,1800,2.707,6.126,.031,-5.103,-.067,3.51,.044,.382,-5.116,-5.125,-4.955,-4.832,92.6,98.4,11.65,11.33,160.6,163,457,3.053,3.081,-8.97,-9.4,-9.92,-10.56,-11.22,-11.81,-12.22,-12.32,-12.12,-12.19,-10.6,-10.54,-3.691,-3.75,-4.024,14.26
11,139,1900,2.475,5.693,-.097,-5.451,-.153,3,.07,.386,-5.499,-5.512,-5.31,-5.209,92.2,97.8,11.36,11.04,156.7,160.2,457.9,3.06,3.092,-8.96,-9.39,-9.9,-10.56,-11.22,-11.8,-12.22,-12.32,-12.12,-12.19,-10.58,-10.52,-4.043,-4.306,-4.525,14.5
11,139,2000,1.971,4.347,-.009,-6.194,-.052,2.438,.015,.13,-6.281,-6.303,-6.221,-6.095,92.7,97.8,12.04,11.74,163.9,166.1,460,3.063,3.086,-8.95,-9.36,-9.92,-10.57,-11.23,-11.81,-12.24,-12.33,-12.13,-12.2,-10.57,-10.5,-5.288,-5.324,-5.507,14.56
11,139,2100,1.694,3.772,-.093,-7.19,-.049,1.924,.032,.246,-7.25,-7.28,-7.22,-7.09,93,97.5,13.05,12.8,171.6,173.4,459.1,3.07,3.071,-8.98,-9.42,-9.97,-10.6,-11.27,-11.84,-12.27,-12.36,-12.17,-12.22,-10.58,-10.55,-6.384,-6.504,-6.655,14.57
11,139,2200,.812,1.801,-.058,-8.46,-.015,1.158,.007,.188,-8.53,-8.55,-8.57,-8.48,94.4,98.6,11.95,12.25,179.8,179.1,463,3.043,3.101,-9,-9.49,-10.03,-10.62,-11.32,-11.87,-12.3,-12.39,-12.22,-12.25,-10.6,-10.59,-8.08,-8.21,-8.25,14.13
11,139,2300,.344,.767,-.046,-9.03,-.012,.679,.005,.061,-9.01,-9.03,-9.07,-8.97,94.9,99.1,9.56,10.34,184.7,183,462.2,3.044,3.106,-9.05,-9.55,-10.1,-10.67,-11.32,-11.9,-12.34,-12.42,-12.24,-12.29,-10.65,-10.62,-8.84,-8.91,-8.88,13.65
11,140,0,.389,.849,-.042,-9.25,-.02,.444,.01,.096,-9.36,-9.38,-9.4,-9.29,94.7,98.9,10.33,10.28,176.6,174.9,465.4,3.044,3.107,-9.07,-9.54,-10.09,-10.69,-11.33,-11.92,-12.34,-12.43,-12.24,-12.3,-10.67,-10.61,-9.14,-9.2,-9.21,13.52
11,140,100,.09,.204,-.073,-9.85,-.032,.211,.013,.047,-9.88,-9.89,-9.97,-9.85,94.8,98.9,8.97,8.92,178.5,177.6,464.3,3.041,3.106,-9.09,-9.53,-10.08,-10.7,-11.35,-11.93,-12.35,-12.44,-12.25,-12.31,-10.69,-10.6,-9.84,-9.86,-9.83,13.29
11,140,200,.036,.086,-.092,-10.68,-.044,.094,.026,.02,-10.7,-10.71,-10.76,-10.67,94.2,98.5,5.179,6.656,193.7,197.6,467.8,3.047,3.115,-9.12,-9.54,-10.08,-10.71,-11.36,-11.94,-12.36,-12.45,-12.26,-12.32,-10.7,-10.6,-10.72,-10.7,-10.66,13.16
11,140,300,.022,.052,-.045,-11.03,-.019,.047,.012,.007,-10.98,-10.99,-11.06,-10.95,94.3,98.6,5.072,6.378,190.7,193.5,467.6,3.035,3.107,-9.16,-9.58,-10.12,-10.75,-11.39,-11.97,-12.39,-12.47,-12.29,-12.35,-10.74,-10.64,-10.98,-10.98,-10.99,13.06
11,140,400,.022,.049,-.048,-11.73,-.024,.039,.007,.003,-11.77,-11.78,-11.79,-11.67,93.6,97.8,8.19,8.15,155.4,158.1,470.2,3.024,3.105,-9.16,-9.58,-10.13,-10.76,-11.4,-11.98,-12.39,-12.48,-12.3,-12.35,-10.76,-10.66,-11.62,-11.74,-11.73,12.98
11,140,500,.044,.097,-.199,-13.21,-.097,.07,.064,.016,-12.97,-12.97,-12.98,-12.85,92.6,97.1,7.91,8.18,143.2,146,469.3,3.036,3.129,-9.17,-9.58,-10.12,-10.78,-11.43,-12,-12.41,-12.49,-12.31,-12.37,-10.79,-10.68,-13.01,-13.03,-12.93,12.92
11,140,600,.146,.236,-.611,-16.93,-.31,.163,.019,.041,-15.3,-15.21,-15.24,-15.02,90.6,95.5,7.02,7.34,124.1,128,471.8,3.07,3.148,-9.18,-9.57,-10.13,-10.8,-11.46,-12.04,-12.46,-12.55,-12.36,-12.42,-10.85,-10.73,-16.11,-15.67,-15.11,12.87
11,140,700,.271,.53,-.064,-15.28,-.048,.335,.076,.062,-14.97,-14.95,-14.91,-14.75,90.2,95.5,6.28,6.509,115.7,119.7,472.1,3.068,3.147,-9.27,-9.7,-10.23,-10.87,-11.52,-12.1,-12.51,-12.6,-12.42,-12.47,-10.94,-10.83,-14.89,-14.83,-14.76,12.87
11,140,800,.561,1.233,.083,-14.02,-.02,.662,.008,.133,-14.17,-14.18,-14.02,-13.9,89.5,95.2,6.367,6.563,113.7,117.6,469.5,3.062,3.141,-9.28,-9.72,-10.24,-10.87,-11.52,-12.09,-12.5,-12.58,-12.41,-12.46,-10.96,-10.86,-13.59,-13.73,-13.76,12.91
11,140,900,.974,2.112,.174,-13.54,-.047,1.111,.01,.114,-13.8,-13.81,-13.58,-13.47,87.5,93.9,6.682,6.913,118.5,122.3,471.3,3.061,3.141,-9.26,-9.69,-10.21,-10.85,-11.5,-12.07,-12.47,-12.56,-12.38,-12.44,-10.95,-10.85,-12.82,-13,-13.04,13.15
11,140,1000,1.641,3.529,.375,-13.46,-.073,1.778,.013,.267,-13.99,-14,-13.65,-13.52,83.7,91.1,6.557,6.784,117.4,120.7,471.8,3.062,3.144,-9.23,-9.66,-10.2,-10.83,-11.48,-12.05,-12.45,-12.54,-12.36,-12.42,-10.93,-10.84,-12.15,-12.51,-12.68,13.49
11,140,1100,2.384,5.016,.408,-13.92,-.236,2.529,.073,.166,-14.23,-14.23,-13.6,-13.4,79.7,86.6,4.952,5.137,116,119.4,471.5,3.066,3.145,-9.21,-9.64,-10.2,-10.83,-11.48,-12.03,-12.43,-12.52,-12.34,-12.39,-10.93,-10.84,-11.32,-11.46,-11.76,14.67
11,140,1200,2.508,5.359,.452,-14.36,-.287,3.018,.024,.253,-14.26,-14.25,-13.63,-13.37,78.1,83.7,4.559,4.741,109.7,113.2,471.1,3.067,3.145,-9.21,-9.65,-10.18,-10.81,-11.44,-12,-12.41,-12.5,-12.32,-12.38,-10.93,-10.84,-10.98,-11.26,-11.67,14.65
11,140,1300,3.124,6.862,.781,-12.92,-.279,3.717,.031,.115,-13.27,-13.29,-12.53,-12.3,77,81.7,4.555,4.69,104.1,106.2,473.4,3.062,3.141,-9.23,-9.68,-10.13,-10.74,-11.39,-11.96,-12.37,-12.46,-12.29,-12.35,-10.88,-10.81,-8.8,-9.55,-10.6,14.52
11,140,1400,3.485,7.85,.842,-11.76,-.347,4.174,.025,.105,-12.44,-12.45,-11.47,-11.28,74.2,78.6,3.521,3.624,97.7,100,472.2,3.057,3.134,-9.21,-9.68,-10.04,-10.67,-11.32,-11.9,-12.31,-12.4,-12.22,-12.29,-10.82,-10.75,-5.697,-7.83,-9.02,14.59
11,140,1500,3.737,8.58,.548,-10.06,-.406,4.352,.038,.068,-11.24,-11.22,-9.77,-9.53,65.65,69.97,1.957,1.975,100.4,103,471.4,3.055,2.37,-9.19,-9.68,-9.98,-10.61,-11.26,-11.83,-12.24,-12.33,-12.15,-12.23,-10.73,-10.68,-1.951,-5.166,-5.376,13.48
11,140,1600,3.6,8.41,-.058,-8.71,-.559,4.115,.04,.064,-9.77,-9.65,-7.82,-7.45,59.07,62.18,.885,.965,192.6,198.1,471.8,3.053,2.625,-9.11,-9.58,-9.91,-10.54,-11.2,-11.78,-12.19,-12.29,-12.11,-12.19,-10.67,-10.62,.498,-1.302,-1.571,13.31
11,140,1700,3.336,7.97,-.306,-9.61,-.51,4.007,.051,.083,-10.76,-10.81,-9.34,-9.14,68.85,71.9,2.136,2.227,284.6,288.3,471.6,3.052,3.127,-9.03,-9.48,-9.82,-10.49,-11.16,-11.74,-12.16,-12.25,-12.07,-12.14,-10.59,-10.52,-1.642,-4.028,-4.809,14.14
11,140,1800,3.157,7.62,-.367,-10.26,-.375,3.804,.027,.165,-10.8,-10.88,-10.03,-9.89,75.3,78.7,3.891,4.058,295.6,299.3,473.1,3.05,3.126,-9.04,-9.47,-9.82,-10.51,-11.18,-11.77,-12.18,-12.27,-12.1,-12.17,-10.6,-10.53,-4.803,-7.26,-7.61,13.33
11,140,1900,2.474,5.812,-.024,-9.76,-.184,3.116,.073,.26,-10.62,-10.7,-10.1,-9.98,80.6,84.3,3.959,4.153,301.4,304.7,471.3,3.048,3.125,-9.05,-9.47,-9.89,-10.58,-11.24,-11.83,-12.23,-12.32,-12.14,-12.21,-10.64,-10.56,-6.065,-7.23,-8.15,13.5
11,140,2000,1.854,4.199,-.082,-9.7,-.1,2.41,.019,.195,-10.66,-10.71,-10.23,-10.08,85.8,89.7,3.979,4.137,285.3,287.9,474.1,3.047,3.123,-9.05,-9.45,-9.93,-10.61,-11.27,-11.85,-12.25,-12.34,-12.15,-12.22,-10.65,-10.56,-7.1,-7.9,-8.65,14.47
11,140,2100,1.652,3.727,-.366,-9.98,-.099,1.931,.025,.194,-10.94,-10.99,-10.54,-10.4,88.7,92.9,3.459,3.617,247.1,249.8,472,3.049,3.125,-9.05,-9.45,-10.01,-10.67,-11.32,-11.9,-12.29,-12.38,-12.19,-12.25,-10.68,-10.58,-7.65,-8.1,-9,14.7
11,140,2200,.937,2.084,-.244,-10.66,-.066,1.241,.026,.144,-11.14,-11.18,-11,-10.89,91.9,96.1,3.575,3.711,240.6,244.8,473.4,3.05,3.126,-9.06,-9.46,-10.03,-10.69,-11.34,-11.91,-12.31,-12.39,-12.21,-12.26,-10.7,-10.61,-9.09,-9.52,-10.06,13.74
11,140,2300,.602,1.337,-.155,-10.79,-.046,.78,.008,.122,-10.87,-10.89,-10.81,-10.72,93.8,97.9,4.958,5.202,247.2,251.5,472.6,3.045,3.116,-9.12,-9.51,-10.05,-10.71,-11.36,-11.92,-12.32,-12.4,-12.22,-12.28,-10.73,-10.64,-9.9,-10.07,-10.34,13.78
11,141,0,.333,.734,-.118,-11.47,-.056,.442,.008,.078,-11.35,-11.35,-11.31,-11.21,94,97.9,4.6,4.898,261,263.7,472.9,3.04,3.119,-9.13,-9.54,-10.07,-10.72,-11.37,-11.94,-12.33,-12.41,-12.24,-12.29,-10.76,-10.67,-10.92,-11.01,-11.1,13.67
11,141,100,.153,.34,-.098,-11.9,-.045,.22,.009,.048,-11.73,-11.73,-11.77,-11.63,93.7,97.8,3.722,3.935,255.1,257.7,475.8,3.048,3.126,-9.15,-9.56,-10.1,-10.75,-11.38,-11.95,-12.35,-12.43,-12.26,-12.31,-10.81,-10.72,-11.49,-11.57,-11.6,13.43
11,141,200,.067,.152,-.073,-12.01,-.038,.1,.009,.023,-11.75,-11.75,-11.79,-11.66,94,98,3.572,3.754,252.2,255.5,475.7,3.05,3.122,-9.18,-9.59,-10.12,-10.78,-11.41,-11.97,-12.37,-12.45,-12.27,-12.33,-10.85,-10.75,-11.62,-11.77,-11.73,13.33
11,141,300,.028,.067,-.028,-11.78,-.016,.05,.005,.007,-11.6,-11.6,-11.64,-11.52,94.3,98.3,3.646,3.76,239.8,245.2,476.1,3.042,3.127,-9.2,-9.61,-10.14,-10.79,-11.42,-11.98,-12.37,-12.45,-12.28,-12.33,-10.87,-10.78,-11.53,-11.66,-11.62,13.2
11,141,400,.02,.048,-.033,-11.6,-.013,.042,.006,.003,-11.37,-11.37,-11.38,-11.27,94.3,98.3,3.53,3.638,228.6,235.8,475.8,3.035,3.115,-9.2,-9.62,-10.14,-10.79,-11.42,-11.98,-12.37,-12.45,-12.27,-12.33,-10.88,-10.79,-11.39,-11.43,-11.37,13.12
11,141,500,.03,.073,-.046,-11.68,-.01,.068,.004,.014,-11.41,-11.4,-11.47,-11.32,94.3,98.3,3.267,3.684,220.2,229.2,476.2,3.036,3.111,-9.19,-9.61,-10.14,-10.78,-11.42,-11.97,-12.37,-12.44,-12.27,-12.32,-10.88,-10.8,-11.46,-11.47,-11.42,13.03
11,141,600,.072,.165,-.05,-11.4,-.009,.149,.002,.034,-11.22,-11.21,-11.23,-11.12,94.3,98.3,4.223,5.455,215.3,224.5,474.3,3.033,3.108,-9.19,-9.61,-10.14,-10.78,-11.41,-11.97,-12.36,-12.44,-12.27,-12.32,-10.89,-10.8,-11.15,-11.2,-11.2,12.97
11,141,700,.17,.384,-.023,-11.64,-.006,.309,.002,.061,-11.62,-11.61,-11.61,-11.47,93.9,98,5.833,6.56,221.9,228.7,478.1,3.025,3.112,-9.19,-9.6,-10.13,-10.78,-11.41,-11.97,-12.36,-12.44,-12.26,-12.32,-10.89,-10.81,-11.24,-11.47,-11.54,12.92
11,141,800,.431,.958,-.016,-11.8,-.006,.585,.003,.098,-11.84,-11.81,-11.79,-11.62,93.6,97.7,6.052,7.19,218.3,227,478.5,3.034,3.11,-9.19,-9.61,-10.14,-10.78,-11.42,-11.97,-12.36,-12.44,-12.26,-12.32,-10.91,-10.82,-11.02,-11.5,-11.66,12.91
11,141,900,.782,1.742,-.019,-12.07,-.018,.995,.01,.141,-12.17,-12.12,-12.06,-11.8,93.2,97.4,7.22,8.32,220.8,228.2,476.9,3.02,3.1,-9.19,-9.61,-10.14,-10.78,-11.42,-11.97,-12.36,-12.44,-12.27,-12.32,-10.91,-10.83,-10.67,-11.56,-11.86,12.98
11,141,1000,1.189,2.68,.009,-11.96,-.027,1.519,.009,.152,-12.16,-12.05,-11.99,-11.62,93,97.3,7.85,8.46,223.6,230.3,477.6,3.001,3.089,-9.2,-9.62,-10.15,-10.79,-11.42,-11.98,-12.36,-12.44,-12.27,-12.32,-10.92,-10.84,-10.16,-11.08,-11.65,13.08
11,141,1100,1.588,3.582,-.154,-11.5,-.044,2.079,.008,.166,-11.89,-11.68,-11.59,-11.13,93,97.3,6.921,7.38,223.5,230.5,480,2.979,3.08,-9.19,-9.62,-10.15,-10.78,-11.41,-11.97,-12.36,-12.44,-12.26,-12.32,-10.91,-10.83,-9.25,-10.18,-10.96,13.19
11,141,1200,2.267,5.111,-.349,-10.73,-.078,2.816,.022,.214,-11.43,-11.18,-10.99,-10.41,92.8,96.9,4.45,6.26,213.6,221.8,481,2.98,3.059,-9.18,-9.61,-10.14,-10.76,-11.4,-11.96,-12.34,-12.42,-12.24,-12.3,-10.87,-10.79,-8.11,-8.91,-9.9,13.28
11,141,1300,2.53,5.745,-.464,-10.46,-.074,3.325,.02,.131,-11.26,-10.99,-10.76,-10.16,92.6,96.5,3.681,5.886,208.4,217.6,477.8,2.986,3.07,-9.14,-9.56,-10.09,-10.73,-11.36,-11.92,-12.31,-12.39,-12.21,-12.26,-10.83,-10.75,-7.24,-8.53,-9.46,13.49
11,141,1400,2.703,6.163,-.6,-10.23,-.091,3.671,.015,.067,-11.1,-10.75,-10.5,-9.75,92.4,96.3,2.794,4.807,207.3,217.6,482.6,2.988,3.073,-9.12,-9.55,-10.08,-10.71,-11.35,-11.91,-12.29,-12.37,-12.19,-12.25,-10.8,-10.72,-6.59,-7.86,-8.92,14.63
11,141,1500,3.235,7.42,-.589,-9.6,-.126,4.071,.046,.443,-10.92,-10.71,-10.23,-9.65,92,95.6,2.458,4.127,201,207.4,481.6,2.989,3.071,-9.13,-9.57,-10.05,-10.69,-11.33,-11.89,-12.27,-12.35,-12.17,-12.24,-10.78,-10.7,-5.398,-7.33,-8.58,14.48
11,141,1600,3.765,8.75,-.672,-8.99,-.183,4.437,.052,.408,-10.73,-10.64,-9.91,-9.32,91.1,94.2,2.577,3.825,198.5,202.5,481.9,2.99,2.559,-9.13,-9.57,-10.01,-10.65,-11.29,-11.85,-12.25,-12.32,-12.15,-12.22,-10.74,-10.67,-3.95,-6.644,-8.02,13.5
11,141,1700,3.422,7.9,-.533,-9.15,-.128,4.217,.016,.156,-10.62,-10.59,-9.96,-9.38,91.3,94.6,3.172,3.754,190.5,192.2,482.8,2.99,3.075,-9.1,-9.52,-9.99,-10.64,-11.29,-11.85,-12.24,-12.32,-12.14,-12.2,-10.7,-10.62,-4.678,-7.08,-8.16,14.25
11,141,1800,3.132,7.25,-.528,-9.08,-.159,3.811,.025,.31,-10.51,-10.05,-9.76,-8.99,90.8,95.7,2.556,2.908,190.6,190.9,483.5,2.989,3.076,-9.11,-9.54,-10,-10.65,-11.29,-11.85,-12.24,-12.32,-12.14,-12.2,-10.68,-10.6,-4.575,-6.659,-7.68,14.31
11,141,1900,2.409,5.488,-.449,-9.56,-.108,3.128,.023,.105,-10.5,-10.09,-9.94,-9.37,91.1,96.5,2.73,3.002,195.7,199.3,480.7,2.992,3.08,-9.06,-9.47,-10,-10.65,-11.3,-11.86,-12.24,-12.32,-12.14,-12.2,-10.66,-10.56,-5.371,-7.11,-8.06,14.36
11,141,2000,2.048,4.659,-.434,-9.59,-.13,2.529,.013,.241,-10.44,-9.85,-9.78,-9.28,90.6,97.1,2.652,2.886,225.5,232.8,483.2,3.001,3.085,-9.05,-9.46,-10.06,-10.69,-11.33,-11.89,-12.27,-12.34,-12.15,-12.21,-10.65,-10.55,-5.601,-6.757,-7.94,14.58
11,141,2100,1.48,3.338,-.259,-10.51,-.113,1.871,.014,.18,-10.9,-10.49,-10.53,-10.12,91.1,97.3,2.153,2.41,220.7,228.5,483.8,3.008,3.077,-9.04,-9.43,-10.03,-10.68,-11.32,-11.88,-12.26,-12.34,-12.15,-12.21,-10.64,-10.54,-6.679,-8.15,-9.06,14.31
11,141,2200,1.006,2.249,-.126,-10.89,-.111,1.278,.006,.156,-10.81,-10.4,-10.53,-10.05,91.7,98.4,.785,1.195,203.7,212.6,482.9,3.004,3.075,-9.08,-9.48,-10.05,-10.7,-11.33,-11.89,-12.27,-12.35,-12.17,-12.22,-10.65,-10.55,-7.55,-8.73,-9.14,14.35
11,141,2300,.638,1.415,-.087,-11.27,-.099,.805,.008,.116,-10.73,-10.54,-10.56,-10.33,93,98.6,.772,.92,230.1,236.9,483.4,2.99,3.077,-9.11,-9.5,-10.05,-10.7,-11.34,-11.9,-12.28,-12.35,-12.17,-12.23,-10.66,-10.55,-8.44,-9.45,-9.64,13.8
11,142,0,.373,.822,-.069,-12,-.085,.463,.016,.082,-11.35,-11.27,-11.28,-11.18,93.5,98.4,.712,.784,194.9,198.9,484.7,2.989,3.089,-9.12,-9.52,-10.06,-10.71,-11.35,-11.9,-12.29,-12.36,-12.18,-12.23,-10.67,-10.56,-9.36,-10.85,-10.79,13.67
11,142,100,.189,.415,-.042,-12.34,-.058,.234,.014,.049,-12.11,-12.09,-12.06,-11.97,93.3,97.5,1.183,1.251,91.1,93.6,482.4,2.993,3.085,-9.15,-9.55,-10.07,-10.72,-11.36,-11.92,-12.3,-12.37,-12.2,-12.26,-10.71,-10.6,-10.21,-11.95,-11.7,13.45
11,142,200,.089,.196,-.073,-14.68,-.087,.111,.007,.024,-14.17,-13.94,-13.96,-13.66,91.5,95.9,2.038,2.208,79.3,81.7,482.3,3.009,3.101,-9.17,-9.56,-10.08,-10.75,-11.39,-11.94,-12.33,-12.4,-12.22,-12.28,-10.75,-10.63,-11.86,-14.43,-13.67,13.36
11,142,300,.043,.097,-.178,-18.74,-.094,.06,.034,.008,-18.22,-18.16,-18.11,-17.95,89.6,93.6,4.168,4.393,67.38,68.81,481.3,3.04,3.126,-9.21,-9.57,-10.06,-10.77,-11.42,-11.99,-12.38,-12.45,-12.27,-12.32,-10.8,-10.68,-15.79,-18.4,-18.15,13.25
11,142,400,.031,.072,-.336,-22.17,-.112,.051,.025,.002,-20.36,-20.09,-20.24,-19.85,87.8,92.5,3.476,3.757,67.35,69.18,481.1,3.057,3.142,-9.32,-9.69,-10.2,-10.89,-11.54,-12.1,-12.48,-12.56,-12.39,-12.43,-10.96,-10.84,-18.15,-21.13,-20.26,13.16
11,142,500,.052,.118,-.182,-20.62,-.036,.08,.014,.015,-18.96,-18.63,-18.84,-18.33,89.2,93.9,1.14,1.251,164.9,137.4,483.6,3.056,3.133,-9.42,-9.84,-10.37,-11.01,-11.64,-12.2,-12.58,-12.65,-12.49,-12.53,-11.11,-10.99,-16.62,-19.79,-18.81,13.08
11,142,600,.153,.342,-.115,-17.39,-.016,.17,.014,.039,-16.04,-15.87,-15.89,-15.56,91.2,95.7,1.163,1.197,112.8,106.3,483.5,3.034,3.114,-9.44,-9.89,-10.4,-11.02,-11.65,-12.2,-12.56,-12.63,-12.47,-12.52,-11.12,-11.02,-14.62,-16.45,-15.88,13.02
11,142,700,.44,1.129,-.183,-17.62,-.055,.36,.039,.066,-14.61,-14.51,-14.18,-14.04,91,95.2,1.708,1.783,87.3,87.6,482.4,3.035,3.114,-9.35,-9.8,-10.34,-10.95,-11.58,-12.13,-12.49,-12.56,-12.4,-12.45,-11.06,-10.96,-13.66,-14.51,-14.01,12.99
11,142,800,.664,1.437,-.087,-16.84,-.033,.66,.02,.117,-16.4,-16.41,-16.23,-16.1,90,94.4,3.435,3.527,62.98,63.63,482.6,3.034,3.121,-9.31,-9.72,-10.24,-10.89,-11.52,-12.07,-12.45,-12.52,-12.35,-12.4,-11.02,-10.92,-14.48,-15.83,-15.98,13.05
11,142,900,1.395,2.978,-.548,-19.01,-.207,1.149,.041,.162,-16.25,-16.21,-16.03,-15.71,87.9,92.5,2.778,3.062,55.97,56.23,483.8,3.039,3.126,-9.28,-9.69,-10.27,-10.9,-11.52,-12.07,-12.45,-12.51,-12.35,-12.39,-11.02,-10.93,-13.7,-14.87,-15.48,13.18
11,142,1000,2.13,4.258,-.572,-17.97,-.268,1.749,.01,.188,-15.43,-15.59,-15.3,-15.02,87.7,91.3,3.062,3.42,44.93,46.43,480.1,3.034,3.121,-9.28,-9.72,-10.3,-10.9,-11.52,-12.06,-12.44,-12.5,-12.33,-12.38,-11.02,-10.92,-12.62,-13.18,-14.55,13.34
11,142,1100,2.701,5.459,.314,-16.28,-.27,2.42,.028,.206,-14.21,-14.41,-14.1,-13.77,87.4,90.9,2.541,2.764,70.4,47.35,481.8,3.025,3.123,-9.28,-9.73,-10.28,-10.86,-11.49,-12.03,-12.4,-12.46,-12.3,-12.35,-10.98,-10.9,-10.27,-10.32,-12.88,13.56
11,142,1200,3.045,6.444,.316,-13.18,-.34,3.012,.031,.23,-10.36,-12.25,-9.99,-11.55,87.5,91.5,3.959,4.264,332.9,339.9,481.9,3.014,3.105,-9.29,-9.76,-10.18,-10.76,-11.39,-11.93,-12.32,-12.38,-12.22,-12.28,-10.92,-10.84,-8.03,-7.11,-10.42,14.48
11,142,1300,3.388,7.36,.364,-12.91,-.375,3.545,.04,.108,-10.7,-12.56,-10.17,-11.71,83.8,88.4,2.298,2.518,223.2,213.8,482.5,3.013,2.991,-9.22,-9.7,-10.06,-10.66,-11.3,-11.85,-12.24,-12.3,-12.14,-12.21,-10.82,-10.74,-6.056,-5.755,-9.66,14.53
11,142,1400,3.227,7.24,.492,-10.82,-.181,3.865,.034,.216,-10.84,-12.12,-10.27,-11.19,83.1,88.1,3.047,3.282,285.7,281.7,480.2,3.011,3.095,-9.15,-9.6,-9.99,-10.63,-11.27,-11.83,-12.21,-12.28,-12.11,-12.18,-10.76,-10.68,-5.577,-6.1,-9,14.65
11,142,1500,3.184,7.23,.631,-10.99,-.172,4.172,.029,.238,-12.04,-12.3,-11.2,-11.27,85,89.5,3.997,4.194,319,323.9,482.2,3.024,3.095,-9.11,-9.54,-9.97,-10.62,-11.27,-11.82,-12.2,-12.27,-12.1,-12.16,-10.71,-10.63,-5.437,-7.16,-9.11,14.61
11,142,1600,3.667,8.57,.457,-10.85,-.273,4.512,.036,.29,-12.04,-12.16,-11.19,-11.07,85,89.1,5.201,5.539,308.5,311.8,479.7,3.017,3.098,-9.15,-9.6,-9.95,-10.6,-11.25,-11.8,-12.18,-12.25,-12.08,-12.15,-10.68,-10.61,-4.165,-6.965,-9,14.22
11,142,1700,3.601,8.4,.495,-10.11,-.125,4.42,.057,.497,-11.65,-11.74,-10.87,-10.71,85.8,89.8,5.648,6.022,304.8,307.8,482.7,3.004,3.092,-9.16,-9.61,-9.95,-10.6,-11.25,-11.8,-12.18,-12.24,-12.07,-12.14,-10.65,-10.58,-4.126,-7.09,-8.81,13.6
11,142,1800,3.477,7.98,.748,-9.59,-.09,4.12,.022,.349,-11.2,-11.35,-10.38,-10.28,85.2,89.4,4.307,4.531,312.8,317,481.4,3.007,3.088,-9.14,-9.58,-9.97,-10.62,-11.26,-11.81,-12.18,-12.25,-12.08,-12.14,-10.63,-10.55,-3.722,-6.338,-8.01,14.74
11,142,1900,2.938,6.806,.577,-9.7,-.116,3.467,.037,.338,-10.79,-11.01,-10.07,-10.15,84.7,89.3,3.738,3.927,315.2,321.3,481.4,3.014,3.084,-9.11,-9.54,-9.94,-10.61,-11.25,-11.8,-12.17,-12.24,-12.07,-12.13,-10.6,-10.51,-4.104,-6.535,-7.94,14.75
11,142,2000,2.288,5.33,.221,-9.91,-.161,2.693,.037,.192,-10.31,-10.67,-9.57,-9.97,84.2,89.3,2.966,3.19,322.2,327.6,484.1,3.012,3.086,-9.1,-9.51,-9.96,-10.62,-11.26,-11.81,-12.19,-12.26,-12.08,-12.15,-10.58,-10.49,-4.918,-6.853,-8.14,14.5
11,142,2100,1.49,3.709,-.421,-12.74,-.303,1.961,.051,.23,-11.42,-11.67,-10.77,-11.05,83.7,88.6,2.234,2.476,325.9,330,482.4,3.012,3.095,-9.09,-9.49,-9.97,-10.65,-11.29,-11.85,-12.22,-12.28,-12.11,-12.17,-10.59,-10.49,-6.995,-8.84,-9.73,14.19
11,142,2200,1.049,2.345,.025,-11.61,-.117,1.352,.028,.149,-11.25,-11.54,-11,-11.21,85.5,89.5,2.953,3.256,334.5,332,483.7,3.005,3.093,-9.1,-9.49,-9.98,-10.65,-11.29,-11.85,-12.22,-12.29,-12.12,-12.17,-10.59,-10.48,-8.32,-9.76,-10.36,13.77
11,142,2300,.76,1.683,.047,-11.34,-.086,.895,.006,.129,-11.23,-11.29,-11.08,-10.95,82.3,87.2,2.633,2.811,311.4,316.8,482.3,3,3.088,-9.16,-9.56,-10.05,-10.7,-11.33,-11.88,-12.25,-12.32,-12.15,-12.2,-10.62,-10.51,-8.68,-9.89,-10.2,13.91
11,143,0,.389,.854,-.022,-11.53,-.068,.495,.007,.09,-11.25,-11.3,-11.17,-11.08,85.6,89.4,2.252,2.438,323.4,328.9,484.1,3.002,3.085,-9.16,-9.57,-10.08,-10.72,-11.35,-11.9,-12.27,-12.33,-12.16,-12.22,-10.64,-10.53,-9.5,-10.58,-10.71,13.8
11,143,100,.18,.396,-.063,-11.76,-.057,.254,.005,.052,-11.48,-11.49,-11.46,-11.37,89.3,93.2,2.017,2.189,315,319.7,482.3,3.005,3.086,-9.17,-9.58,-10.11,-10.74,-11.37,-11.91,-12.28,-12.35,-12.18,-12.23,-10.66,-10.55,-10.04,-11.2,-11.19,13.56
11,143,200,.076,.17,-.076,-11.97,-.046,.122,.003,.026,-11.69,-11.68,-11.69,-11.58,92.2,96.1,1.44,1.597,307,310.2,484.7,3.007,3.091,-9.19,-9.6,-10.12,-10.77,-11.39,-11.93,-12.3,-12.36,-12.19,-12.24,-10.69,-10.57,-10.4,-11.62,-11.54,13.46
11,143,300,.035,.081,-.069,-12.57,-.038,.065,.008,.009,-12.43,-12.43,-12.42,-12.29,90.4,94.2,1.203,1.33,234.1,231.2,482.7,3.012,3.097,-9.2,-9.6,-10.14,-10.79,-11.41,-11.95,-12.31,-12.37,-12.21,-12.25,-10.7,-10.58,-10.87,-12.4,-12.3,13.35
11,143,400,.029,.07,-.055,-12.71,-.026,.058,.003,.003,-12.58,-12.57,-12.59,-12.45,91.5,95.5,.997,1.108,255.4,259.6,484.3,3.011,3.099,-9.22,-9.63,-10.15,-10.8,-11.43,-11.97,-12.33,-12.39,-12.22,-12.27,-10.72,-10.6,-11.08,-12.58,-12.52,13.26
11,143,500,.048,.11,-.06,-12.36,-.029,.089,.004,.017,-12.09,-12.07,-12.1,-11.97,90.9,94.6,1.829,2.057,283.2,292.9,483,3.009,3.098,-9.23,-9.65,-10.17,-10.81,-11.44,-11.98,-12.33,-12.4,-12.23,-12.28,-10.73,-10.61,-11,-12.1,-12.04,13.16
11,143,600,.116,.259,-.051,-12.27,-.03,.182,.005,.039,-12.05,-12.04,-12,-11.86,91.6,95.7,1.291,1.413,253.8,250.2,485.8,3.008,3.093,-9.23,-9.65,-10.18,-10.81,-11.44,-11.97,-12.32,-12.38,-12.22,-12.27,-10.73,-10.61,-10.78,-11.86,-11.82,13.1
11,143,700,.251,.555,-.038,-12.5,-.043,.372,.004,.07,-12.16,-12.12,-12.01,-11.84,89.3,92.4,.497,.554,74.5,73.8,482.7,3.004,3.093,-9.23,-9.65,-10.17,-10.81,-11.43,-11.96,-12.32,-12.38,-12.21,-12.26,-10.72,-10.61,-10.53,-11.64,-11.51,13.07
11,143,800,.479,1.056,.03,-12.21,-.047,.68,.004,.108,-12.18,-12.12,-11.87,-11.8,88.1,90.7,1.067,1.19,79.7,81,483.5,3.005,3.088,-9.23,-9.65,-10.16,-10.79,-11.41,-11.94,-12.3,-12.36,-12.19,-12.24,-10.71,-10.59,-10.06,-11.27,-11.18,13.13
11,143,900,.8,1.773,.104,-11.69,-.067,1.113,.01,.144,-11.84,-11.76,-11.28,-11.23,85.5,88.6,1.103,1.188,108.3,113.8,487,3.013,3.084,-9.22,-9.66,-10.15,-10.77,-11.38,-11.92,-12.28,-12.34,-12.17,-12.22,-10.67,-10.56,-9.03,-10.19,-10.01,13.3
11,143,1000,1.27,2.823,.25,-11.14,-.075,1.693,.013,.186,-11.57,-11.51,-10.86,-10.92,84,87.4,1.683,1.78,86.8,89.1,487.1,3.009,3.081,-9.2,-9.63,-10.1,-10.73,-11.35,-11.89,-12.24,-12.3,-12.13,-12.18,-10.61,-10.51,-8.02,-9.55,-9.38,13.62
11,143,1100,1.885,4.174,.697,-10.92,-.103,2.386,.005,.203,-11.64,-11.65,-10.96,-10.99,81.5,84.8,3.049,3.184,69.86,70.6,484.5,3.005,3.075,-9.15,-9.58,-10.04,-10.68,-11.3,-11.84,-12.2,-12.26,-12.09,-12.14,-10.55,-10.45,-6.814,-9.43,-9.38,14.47
11,143,1200,2.607,5.758,.976,-10.12,-.119,3.141,.019,.23,-11.01,-11.03,-10.33,-10.24,79.3,82.3,3.528,3.67,58.97,60.12,485.7,3.004,3.067,-9.15,-9.59,-10.03,-10.67,-11.3,-11.84,-12.19,-12.25,-12.08,-12.14,-10.53,-10.42,-5.191,-8.06,-8.44,14.1
11,143,1300,3.376,7.48,.745,-9.91,-.301,3.801,.084,.163,-10.43,-10.42,-9.6,-9.34,74.8,76.6,2.825,2.961,36.03,37.5,487.4,2.995,2.519,-9.15,-9.61,-10,-10.64,-11.27,-11.81,-12.18,-12.23,-12.07,-12.14,-10.5,-10.4,-2.647,-5.303,-7.11,14.46
11,143,1400,3.648,8.25,.621,-9.56,-.328,4.225,.029,.162,-10.38,-10.39,-9.7,-9.38,73.8,76,3.252,3.394,30.13,30.8,484.3,2.999,2.211,-9.13,-9.58,-9.93,-10.58,-11.22,-11.76,-12.13,-12.19,-12.04,-12.11,-10.44,-10.33,-2.318,-5.178,-7.16,13.67
11,143,1500,3.71,8.6,.511,-9.58,-.34,4.452,.029,.12,-10.4,-10.46,-9.77,-9.56,74,77.6,3.83,4.009,29.47,30.75,486.3,3.001,2.229,-9.1,-9.55,-9.89,-10.56,-11.2,-11.75,-12.12,-12.18,-12.02,-12.09,-10.38,-10.27,-3.812,-5.946,-7.52,13.45
11,143,1600,3.482,8.24,-.421,-9.79,-.371,4.332,.014,.065,-10.2,-9.8,-9.57,-8.9,74,75,3.917,4.157,16.75,17.58,483.8,2.997,3.071,-9.12,-9.56,-9.89,-10.56,-11.2,-11.75,-12.12,-12.18,-12.02,-12.09,-10.36,-10.25,-3.882,-6.215,-7.45,13.35
11,143,1700,3.462,8.32,-.746,-9.64,-.351,4.26,.005,.156,-9.97,-9.36,-9.3,-8.36,73,72.5,4.411,4.66,12.36,14.96,483.8,2.997,3.073,-9.14,-9.6,-9.91,-10.56,-11.2,-11.75,-12.12,-12.18,-12.01,-12.08,-10.33,-10.22,-4.043,-6.417,-7.43,14.25
11,143,1800,3.111,7.56,-.948,-9.75,-.343,3.817,.011,.158,-9.74,-9,-9.06,-7.97,72.6,71.3,3.967,4.159,15.5,11.35,486.6,2.996,3.076,-9.14,-9.59,-9.92,-10.58,-11.22,-11.76,-12.13,-12.19,-12.02,-12.09,-10.31,-10.19,-5.239,-7.23,-7.43,13.34
11,143,1900,2.317,5.537,-.799,-10.7,-.318,3.003,.026,.182,-10.14,-9.4,-9.55,-8.47,74,72.8,2.948,3.149,9.69,11.09,485,2.998,3.08,-9.1,-9.52,-9.93,-10.6,-11.23,-11.78,-12.14,-12.2,-12.04,-12.1,-10.3,-10.17,-6.191,-7.76,-7.87,13.38
11,143,2000,2.058,4.74,-.188,-11.22,-.278,2.558,.004,.181,-10.57,-10.16,-9.93,-9.3,75.3,76.6,1.816,2.013,30.17,31.84,484.9,3.002,3.084,-9.11,-9.52,-9.99,-10.65,-11.28,-11.82,-12.18,-12.24,-12.07,-12.13,-10.31,-10.17,-6.26,-7.79,-7.94,14.59
11,143,2100,1.611,3.686,.058,-12.37,-.268,1.962,.006,.112,-11.51,-11.4,-10.96,-10.76,76.9,80.6,1.944,2.181,55.14,51.44,484.9,3.006,3.086,-9.09,-9.48,-10.02,-10.69,-11.31,-11.85,-12.21,-12.26,-12.1,-12.15,-10.31,-10.16,-7.76,-9.36,-9.19,14.6
11,143,2200,1.23,2.898,-.159,-13.78,-.286,1.444,.017,.197,-12.49,-12.29,-12.08,-11.76,81.6,86,2.562,2.853,88.9,91.7,487,3.01,3.093,-9.11,-9.49,-10.04,-10.71,-11.34,-11.87,-12.23,-12.29,-12.11,-12.17,-10.32,-10.16,-10.02,-11.38,-10.66,13.99
11,143,2300,.727,1.787,-.437,-16.65,-.327,.896,.015,.141,-14.68,-14.16,-14.33,-13.72,84.3,88.9,2.944,3.353,84.3,86.4,485.8,3.021,3.105,-9.13,-9.5,-10.07,-10.76,-11.38,-11.92,-12.27,-12.33,-12.16,-12.21,-10.37,-10.21,-13.32,-14.58,-12.8,14.67
11,144,0,.364,.867,-.436,-19.48,-.274,.533,.019,.085,-17.94,-17.64,-17.8,-17.35,86.4,91.1,3.892,4.312,74.9,76.5,483.5,3.04,3.124,-9.17,-9.52,-10.07,-10.79,-11.42,-11.96,-12.32,-12.38,-12.21,-12.25,-10.44,-10.27,-17.04,-18.27,-17,13.8
11,144,100,.225,.519,-.423,-20.74,-.242,.287,.007,.059,-19,-18.69,-18.85,-18.43,85.1,89.6,3.712,4.115,76.6,77.8,486.9,3.046,3.131,-9.29,-9.66,-10.23,-10.91,-11.53,-12.07,-12.43,-12.49,-12.33,-12.37,-10.6,-10.44,-18.44,-19.57,-18.37,13.57
11,144,200,.102,.211,-.508,-19.36,-.252,.141,.008,.028,-16.98,-16.67,-16.84,-16.39,82.4,86.2,4.6,5.018,101.4,104.3,483.1,3.033,3.117,-9.38,-9.79,-10.35,-10.98,-11.6,-12.13,-12.48,-12.54,-12.38,-12.42,-10.7,-10.54,-17.63,-17.9,-16.75,13.49
11,144,300,.063,.13,-.563,-18.39,-.267,.078,.008,.009,-15.96,-15.71,-15.86,-15.5,81.9,85.7,5.27,5.664,110.7,114.1,483.3,3.026,3.112,-9.39,-9.81,-10.36,-10.98,-11.6,-12.13,-12.48,-12.53,-12.37,-12.42,-10.73,-10.58,-16.98,-16.83,-15.89,13.39
11,144,400,.053,.102,-.581,-17.67,-.278,.067,.008,.005,-15.38,-15.21,-15.26,-14.94,80.5,84.3,5.774,6.113,111.1,114.1,486.1,3.024,3.108,-9.36,-9.78,-10.34,-10.96,-11.57,-12.1,-12.45,-12.5,-12.35,-12.39,-10.72,-10.58,-16.41,-16.11,-15.27,13.29
11,144,500,.097,.177,-.595,-16.87,-.274,.104,.007,.019,-14.75,-14.63,-14.67,-14.41,78.9,82.7,7.2,7.52,109.4,112,485,3.022,3.106,-9.35,-9.77,-10.32,-10.94,-11.56,-12.09,-12.43,-12.49,-12.33,-12.37,-10.72,-10.58,-15.95,-15.29,-14.68,13.21
11,144,600,.231,.398,-.566,-16.03,-.289,.21,.003,.045,-14.1,-14,-13.96,-13.74,77.9,81.5,8.19,8.53,106.9,110.1,483,3.042,3.102,-9.31,-9.74,-10.3,-10.92,-11.53,-12.06,-12.4,-12.46,-12.3,-12.34,-10.7,-10.58,-15.41,-14.38,-13.9,13.14
11,144,700,.64,1.026,-.375,-15.69,-.296,.431,.004,.084,-13.88,-13.78,-13.67,-13.42,76.8,80.4,8.21,8.56,107,108.6,484.2,3.045,3.117,-9.29,-9.71,-10.29,-10.91,-11.51,-12.04,-12.39,-12.44,-12.28,-12.32,-10.69,-10.58,-14.81,-13.56,-13.31,13.13
11,144,800,1.168,1.999,-.124,-14.89,-.298,.819,.004,.144,-13.38,-13.3,-13.08,-12.84,75.2,78.7,8.83,9.17,105.5,108.7,486,3.064,3.113,-9.27,-9.7,-10.29,-10.9,-11.51,-12.03,-12.37,-12.42,-12.26,-12.3,-10.68,-10.57,-13.33,-12.41,-12.47,13.21
11,144,900,1.675,3.009,.093,-13.98,-.32,1.358,.007,.173,-12.8,-12.73,-12.45,-12.22,74.4,77.8,9.86,10.22,106.2,109,485.6,3.017,3.11,-9.25,-9.67,-10.29,-10.89,-11.5,-12.01,-12.36,-12.41,-12.24,-12.28,-10.66,-10.55,-11.93,-11.44,-11.7,13.39
11,144,1000,2.194,4.141,.342,-13,-.337,2.001,.004,.195,-11.83,-11.76,-11.48,-11.22,72.1,75.1,10.28,10.66,106.8,109.8,484.6,3.055,3.136,-9.23,-9.67,-10.28,-10.87,-11.47,-11.98,-12.32,-12.37,-12.2,-12.24,-10.62,-10.52,-10.64,-10.31,-10.61,13.62
11,144,1100,2.664,5.354,.562,-11.84,-.334,2.692,.005,.192,-10.89,-10.84,-10.5,-10.26,72.3,75.5,9.6,9.91,103.2,105,485.4,2.944,2.966,-9.21,-9.65,-10.23,-10.81,-11.41,-11.93,-12.27,-12.32,-12.15,-12.2,-10.56,-10.46,-11.2,-8.91,-9.45,13.84
11,144,1200,3.059,6.427,.665,-10.66,-.329,3.322,.002,.175,-10.01,-9.97,-9.56,-9.34,73.5,76.8,9.7,10.02,104.9,107.7,483,2.967,3.114,-9.19,-9.64,-10.14,-10.74,-11.35,-11.87,-12.22,-12.27,-12.1,-12.16,-10.51,-10.42,-8.04,-7.85,-8.52,14.06
11,144,1300,3.383,7.3,.729,-9.38,-.344,3.823,.009,.095,-8.88,-8.85,-8.45,-8.23,72.9,76.2,9.28,9.59,110,113.1,484.4,3.044,3.123,-9.16,-9.61,-10.07,-10.67,-11.29,-11.82,-12.17,-12.22,-12.05,-12.12,-10.44,-10.34,-6.579,-6.678,-7.35,14.45
11,144,1400,3.514,7.74,.756,-8.2,-.368,4.104,.008,.123,-7.7,-7.67,-7.28,-7.08,72.2,75.7,8.53,8.82,110.4,113.9,483,3.041,3.092,-9.12,-9.58,-9.99,-10.61,-11.23,-11.76,-12.11,-12.16,-11.99,-12.06,-10.36,-10.27,-6.511,-5.496,-6.026,14.58
11,144,1500,3.669,8.25,.617,-7.06,-.393,4.311,.005,.037,-6.731,-6.699,-6.289,-6.138,73.1,77.2,7.82,8.11,120.8,123.7,483.3,3.038,3.101,-9.08,-9.53,-9.95,-10.58,-11.2,-11.73,-12.08,-12.13,-11.96,-12.02,-10.3,-10.21,-3.808,-4.586,-4.733,13.59
11,144,1600,3.651,8.39,.409,-6.089,-.41,4.306,.007,.037,-5.714,-5.665,-5.187,-5.049,71.4,75.5,6.508,6.731,126,129,485,3.034,3.098,-9.06,-9.51,-9.94,-10.57,-11.19,-11.72,-12.07,-12.12,-11.95,-12.02,-10.25,-10.16,-2.534,-3.65,-3.457,13.52
11,144,1700,3.458,8.12,.263,-5.451,-.421,4.099,.005,.085,-5.055,-5.001,-4.53,-4.351,73.4,77.7,5.974,6.18,125.2,128,484.1,3.031,3.094,-9.04,-9.49,-9.91,-10.54,-11.15,-11.68,-12.02,-12.07,-11.9,-11.97,-10.16,-10.07,-2.373,-3.203,-2.577,14.46
11,144,1800,3.152,7.54,-.27,-5.482,-.415,3.738,.003,.129,-4.751,-4.738,-4.244,-4.161,75.8,80.7,6.649,6.895,140.3,142.9,482.4,3.03,3.092,-9.02,-9.45,-9.89,-10.54,-11.16,-11.69,-12.03,-12.08,-11.9,-11.97,-10.13,-10.03,-3.41,-3.717,-3.114,13.5
11,144,1900,2.75,6.714,-.554,-5.781,-.416,3.229,.002,.158,-4.815,-4.8,-4.325,-4.244,76.6,81.7,5.918,6.113,143.6,147.9,483.2,3.031,3.092,-9,-9.43,-9.89,-10.54,-11.16,-11.69,-12.03,-12.09,-11.9,-11.97,-10.11,-10.01,-3.831,-3.693,-3.187,13.4
11,144,2000,2.3,5.729,-.719,-6.417,-.411,2.646,.002,.177,-5.124,-5.084,-4.699,-4.625,77.7,83,5.314,5.511,140.9,144.5,481.1,3.033,3.094,-8.98,-9.39,-9.9,-10.55,-11.17,-11.71,-12.04,-12.09,-11.9,-11.97,-10.09,-9.98,-4.529,-4.033,-3.568,13.37
11,144,2100,1.816,4.609,-.698,-7.37,-.406,2.025,.003,.179,-5.684,-5.568,-5.379,-5.212,78.1,82.9,4.882,5.122,126.3,129.4,481.9,3.035,3.097,-8.97,-9.36,-9.88,-10.55,-11.17,-11.7,-12.03,-12.08,-11.89,-11.95,-10.04,-9.92,-5.61,-4.881,-4.289,14.58
11,144,2200,1.347,3.455,-.739,-8.74,-.4,1.432,.005,.162,-6.543,-6.401,-6.303,-6.087,78.1,82.8,4.272,4.527,111.3,114.8,481.1,3.04,3.103,-8.98,-9.36,-9.88,-10.56,-11.18,-11.71,-12.05,-12.1,-11.9,-11.97,-10.04,-9.91,-7.28,-6.016,-5.48,14.58
11,144,2300,.937,2.373,-.737,-9.71,-.385,.924,.007,.129,-7.35,-7.19,-7.25,-7,78.1,82.3,5.687,5.992,108.1,112.1,482.4,3.044,3.108,-8.99,-9.36,-9.9,-10.59,-11.21,-11.74,-12.08,-12.14,-11.94,-12,-10.06,-9.93,-8.54,-7.33,-5.962,14.51
11,145,0,.592,1.461,-.726,-10.93,-.368,.541,.005,.091,-8.44,-8.27,-8.39,-8.09,76.4,80.2,6.51,6.859,107.8,111.1,483.6,3.049,3.114,-9.01,-9.39,-9.96,-10.64,-11.26,-11.79,-12.13,-12.18,-11.99,-12.05,-10.11,-9.97,-10.02,-8.72,-7.34,13.8
11,145,100,.295,.708,-.689,-12.35,-.354,.286,.009,.056,-9.58,-9.4,-9.62,-9.3,76,79.6,6.386,6.708,100.2,101.9,480.1,3.056,3.121,-9.04,-9.41,-10.02,-10.69,-11.31,-11.84,-12.18,-12.23,-12.04,-12.1,-10.19,-10.04,-11.47,-10.18,-8.82,13.58
11,145,200,.139,.193,-.899,-13.38,-.344,.143,.007,.028,-10.58,-10.42,-10.54,-10.22,74.8,78.2,7.23,7.55,100.4,102.5,479.7,3.06,3.126,-9.11,-9.49,-10.07,-10.73,-11.35,-11.87,-12.21,-12.26,-12.08,-12.14,-10.26,-10.12,-12.65,-11.33,-10.12,13.52
11,145,300,.061,.102,-.894,-14.39,-.327,.08,.005,.01,-11.72,-11.56,-11.8,-11.46,75.9,79,7.84,8.19,100.4,102.9,479.3,3.065,3.135,-9.17,-9.56,-10.13,-10.78,-11.39,-11.91,-12.25,-12.3,-12.11,-12.17,-10.36,-10.22,-13.68,-12.42,-11.55,13.42
11,145,400,.041,.084,-.742,-14.87,-.322,.071,.005,.003,-12.4,-12.27,-12.43,-12.18,77.8,81.2,8.29,8.64,97.6,100,482.1,3.072,3.139,-9.21,-9.61,-10.17,-10.82,-11.43,-11.95,-12.29,-12.34,-12.16,-12.21,-10.43,-10.31,-14.25,-13.09,-12.32,13.33
11,145,500,.079,.154,-.74,-15.11,-.318,.107,.004,.019,-12.84,-12.73,-12.84,-12.58,79,82.6,8.99,9.35,98.1,100.6,479.2,3.072,3.144,-9.24,-9.65,-10.21,-10.85,-11.46,-11.98,-12.31,-12.36,-12.19,-12.24,-10.5,-10.39,-14.53,-13.41,-12.73,13.25
11,145,600,.389,.542,-.679,-15.14,-.317,.214,.003,.044,-13.11,-13.01,-12.96,-12.73,78.6,82.4,9.48,9.85,100.1,101.4,481.3,3.075,3.147,-9.26,-9.67,-10.24,-10.87,-11.47,-11.99,-12.32,-12.37,-12.2,-12.25,-10.56,-10.45,-14.56,-13.11,-12.67,13.18
11,145,700,.76,1.166,-.375,-14.97,-.315,.428,.003,.082,-13.28,-13.19,-13.04,-12.82,78,81.8,10.1,10.5,98.3,100.7,477.8,3.076,3.149,-9.26,-9.68,-10.26,-10.88,-11.48,-12,-12.33,-12.38,-12.2,-12.25,-10.59,-10.49,-14.13,-12.75,-12.6,13.19
11,145,800,1.197,2.038,-.169,-14.46,-.319,.792,.003,.13,-12.91,-12.82,-12.62,-12.39,76.8,80.5,10.48,10.87,103.2,105.9,481.1,3.076,3.148,-9.26,-9.69,-10.28,-10.89,-11.49,-12,-12.33,-12.38,-12.19,-12.25,-10.61,-10.51,-13.01,-11.92,-12.02,13.28
11,145,900,1.703,3.105,.067,-13.71,-.326,1.32,.003,.17,-12.32,-12.25,-11.97,-11.76,77.1,80.9,9.53,9.88,102.3,105.6,479.9,3.073,3.145,-9.24,-9.66,-10.29,-10.88,-11.48,-11.98,-12.31,-12.35,-12.17,-12.22,-10.61,-10.52,-11.67,-10.77,-11.19,13.45
11,145,1000,2.212,4.242,.294,-12.51,-.337,1.958,.003,.195,-11.37,-11.31,-11.02,-10.78,76.6,80.2,10.05,10.41,106.8,109.9,480.7,3.07,3.14,-9.22,-9.66,-10.28,-10.85,-11.44,-11.94,-12.27,-12.31,-12.13,-12.19,-10.59,-10.51,-10.28,-9.63,-10.1,13.68
11,145,1100,2.685,5.36,.165,-11.35,-.342,2.632,.003,.192,-10.57,-10.52,-10.21,-9.98,78,81.7,10.1,10.5,114.1,118.4,478.6,3.046,3.135,-9.2,-9.64,-10.21,-10.79,-11.39,-11.9,-12.23,-12.27,-12.09,-12.15,-10.55,-10.47,-8.96,-8.73,-9.08,13.89
11,145,1200,3.096,6.395,.217,-10.1,-.346,3.262,.002,.168,-9.44,-9.39,-9.07,-8.82,77,80.5,10.17,10.59,117.7,121.3,477.3,3.059,3.127,-9.19,-9.64,-10.15,-10.73,-11.34,-11.85,-12.18,-12.23,-12.05,-12.11,-10.51,-10.44,-8.18,-7.5,-7.87,14.08
11,145,1300,3.412,7.27,-1.485,-8.74,-.359,3.778,.004,.13,-8.19,-8.14,-7.82,-7.6,77,80.6,10.74,11.16,120.5,125,477.8,3.056,3.12,-9.15,-9.6,-10.08,-10.68,-11.29,-11.8,-12.13,-12.18,-12,-12.07,-10.46,-10.39,-6.045,-6.284,-6.749,14.37
11,145,1400,3.613,7.91,-1.567,-7.62,-.371,4.146,.004,.081,-7.23,-7.2,-6.88,-6.715,79.2,83.5,11.52,11.94,127,130.6,480.1,3.051,3.115,-9.11,-9.55,-10.02,-10.63,-11.24,-11.76,-12.1,-12.14,-11.96,-12.03,-10.41,-10.34,-4.485,-5.502,-5.957,14.61
11,145,1500,3.683,8.27,-1.738,-6.633,-.378,4.321,.002,.023,-6.267,-6.246,-5.904,-5.775,79.5,84.2,11.26,11.66,132.9,137.3,479.4,3.033,3.108,-9.09,-9.54,-9.99,-10.6,-11.21,-11.73,-12.07,-12.12,-11.93,-12,-10.36,-10.3,-3.422,-4.659,-5.024,13.64
11,145,1600,3.635,8.35,0,-5.826,-.383,4.306,.002,.032,-5.377,-5.357,-4.996,-4.878,78.5,83.2,10.47,10.85,138.5,142.4,480,3.044,3.102,-9.07,-9.52,-9.96,-10.58,-11.19,-11.71,-12.04,-12.09,-11.9,-11.98,-10.31,-10.26,-2.711,-3.886,-4.078,13.53
11,145,1700,3.513,8.19,.246,-4.807,-.384,4.133,.003,.069,-4.355,-4.303,-3.963,-3.818,80.2,84.8,9.22,9.55,126.6,130.5,477.6,3.034,3.097,-9.05,-9.5,-9.94,-10.56,-11.16,-11.68,-12,-12.04,-11.85,-11.92,-10.22,-10.16,-1.851,-2.968,-2.653,14.58
11,145,1800,3.241,7.69,.002,-4.558,-.382,3.789,.002,.127,-3.855,-3.784,-3.586,-3.422,79.6,84,10.94,11.34,127.6,130.2,478.3,2.999,3.097,-8.99,-9.42,-9.9,-10.53,-11.14,-11.66,-11.99,-12.03,-11.84,-11.91,-10.18,-10.11,-2.565,-3.293,-2.538,13.5
11,145,1900,2.859,6.924,-.228,-4.54,-.383,3.291,.002,.155,-3.58,-3.481,-3.322,-3.125,78.8,83.2,10.4,10.78,129.3,132.6,477.3,2.996,3.092,-8.98,-9.4,-9.9,-10.54,-11.15,-11.66,-11.99,-12.04,-11.84,-11.91,-10.15,-10.08,-2.59,-3.084,-2.348,13.47
11,145,2000,2.348,5.807,-.448,-4.842,-.387,2.671,.003,.195,-3.577,-3.468,-3.415,-3.212,78.5,82.7,10.17,10.54,128,131.6,477.3,2.992,3.077,-8.95,-9.35,-9.89,-10.54,-11.15,-11.67,-12,-12.04,-11.84,-11.91,-10.12,-10.03,-3.031,-3.226,-2.45,13.51
11,145,2100,1.837,4.615,-.619,-5.421,-.388,2.03,.002,.179,-3.885,-3.773,-3.781,-3.584,80.1,84.5,9.63,10,124.1,127.8,477.3,3.009,3.075,-8.94,-9.34,-9.88,-10.54,-11.15,-11.67,-11.99,-12.03,-11.82,-11.89,-10.08,-9.99,-3.887,-3.652,-3.024,14.43
11,145,2200,1.358,3.45,-.754,-6.216,-.381,1.435,.002,.161,-4.352,-4.236,-4.308,-4.108,80,84.4,9.15,9.5,123.4,127,478.1,3.01,3.08,-8.94,-9.32,-9.89,-10.55,-11.16,-11.68,-12,-12.05,-11.83,-11.9,-10.08,-9.98,-5.036,-4.293,-3.705,14.68
11,145,2300,.945,2.381,-.793,-7.19,-.377,.928,.003,.129,-5.136,-5.022,-5.136,-4.923,80,84.4,8.57,8.93,119.9,123.9,477.2,3.015,3.089,-8.95,-9.33,-9.9,-10.57,-11.18,-11.69,-12.02,-12.06,-11.85,-11.92,-10.08,-9.97,-6.407,-5.215,-4.05,14.54
11,146,0,.602,1.472,-.736,-8.33,-.367,.546,.003,.092,-6.131,-6.015,-6.172,-5.963,80.6,84.9,8.58,8.97,118.4,121.9,478.1,3.021,3.097,-8.97,-9.35,-9.93,-10.59,-11.2,-11.72,-12.05,-12.09,-11.89,-11.95,-10.09,-9.98,-7.77,-6.417,-5.238,13.82
11,146,100,.305,.714,-.67,-9.61,-.359,.291,.005,.056,-7.32,-7.2,-7.37,-7.18,81,85,8.4,8.78,117.9,121.4,479.9,3.028,3.104,-9,-9.38,-9.97,-10.63,-11.24,-11.76,-12.09,-12.13,-11.93,-12,-10.14,-10.02,-9.09,-7.77,-6.654,13.62
11,146,200,.137,.21,-.623,-10.79,-.345,.148,.004,.028,-8.29,-8.17,-8.34,-8.1,81.3,84.9,7.91,8.28,121.6,125.1,480.6,3.034,3.108,-9.06,-9.44,-10,-10.66,-11.27,-11.78,-12.11,-12.16,-11.96,-12.02,-10.18,-10.06,-10.25,-8.94,-7.92,13.54
11,146,300,.092,.137,-.635,-11.81,-.323,.086,.013,.009,-9.44,-9.31,-9.54,-9.2,82.7,85.9,7.78,8.15,119,122.1,482.4,3.04,3.115,-9.11,-9.5,-10.06,-10.71,-11.31,-11.82,-12.15,-12.2,-12,-12.06,-10.24,-10.12,-11.26,-9.97,-9.26,13.44
11,146,400,.1,.146,-.669,-12.54,-.321,.077,.003,.004,-10.21,-10.1,-10.28,-10.01,83.2,86.8,7.61,7.96,114.6,118.2,480.6,3.043,3.119,-9.16,-9.55,-10.11,-10.74,-11.35,-11.86,-12.18,-12.22,-12.03,-12.09,-10.29,-10.17,-11.99,-10.68,-9.97,13.35
11,146,500,.166,.268,-.71,-13.29,-.314,.114,.001,.019,-10.96,-10.85,-10.91,-10.7,83.1,87.1,7.09,7.43,113.2,116.1,483.3,3.048,3.124,-9.19,-9.59,-10.16,-10.79,-11.38,-11.88,-12.21,-12.25,-12.06,-12.12,-10.35,-10.23,-12.68,-11.32,-10.64,13.27
11,146,600,.428,.611,-.608,-13.76,-.31,.221,.002,.044,-11.56,-11.46,-11.43,-11.2,81.5,85.4,6.973,7.27,108.8,112.6,483.3,3.05,3.128,-9.21,-9.61,-10.19,-10.82,-11.41,-11.91,-12.23,-12.27,-12.07,-12.13,-10.39,-10.27,-12.99,-11.5,-11,13.22
11,146,700,.718,1.125,-.36,-13.51,-.303,.425,.005,.074,-11.53,-11.42,-11.32,-11.09,80.1,83.9,7.84,8.18,111.9,115.8,485.3,3.051,3.129,-9.23,-9.64,-10.22,-10.83,-11.43,-11.92,-12.24,-12.28,-12.09,-12.14,-10.42,-10.31,-12.55,-11.09,-10.76,13.24
11,146,800,1.111,1.908,-.175,-13.1,-.306,.766,.006,.123,-11.35,-11.26,-11.1,-10.87,79.4,83.2,7.85,8.18,113,115.6,484.8,3.05,3.128,-9.22,-9.64,-10.23,-10.84,-11.42,-11.91,-12.23,-12.27,-12.08,-12.13,-10.44,-10.33,-11.85,-10.43,-10.31,13.32
11,146,900,1.693,3.106,.096,-12.47,-.31,1.301,.002,.188,-11.01,-10.94,-10.66,-10.44,77.9,81.6,7.45,7.77,116.2,120.3,485.7,3.049,3.126,-9.2,-9.63,-10.24,-10.83,-11.41,-11.91,-12.22,-12.26,-12.07,-12.12,-10.44,-10.33,-10.9,-9.5,-9.57,13.47
11,146,1000,2.196,4.212,.334,-11.65,-.32,1.953,.005,.197,-10.55,-10.49,-10.17,-9.9,77.4,81,7.23,7.54,116.7,119,485.6,3.047,3.123,-9.19,-9.62,-10.21,-10.79,-11.38,-11.88,-12.2,-12.23,-12.04,-12.1,-10.4,-10.3,-9.86,-8.61,-8.83,13.71
11,146,1100,2.692,5.369,.554,-10.64,-.334,2.636,.006,.197,-9.81,-9.76,-9.39,-9.15,75.8,79.1,7.95,8.27,115.7,119.2,483.6,3.042,3.121,-9.16,-9.6,-10.17,-10.75,-11.35,-11.84,-12.16,-12.2,-12,-12.06,-10.37,-10.28,-8.67,-7.66,-7.97,13.91
11,146,1200,3.105,6.412,.644,-9.62,-.347,3.276,.002,.174,-8.99,-8.95,-8.48,-8.21,74,77.3,6.503,6.737,123.9,127.3,483.3,3.04,3.113,-9.16,-9.61,-10.12,-10.7,-11.3,-11.8,-12.12,-12.16,-11.97,-12.04,-10.34,-10.25,-7.2,-6.456,-6.818,14.03
11,146,1300,3.44,7.34,.744,-8.53,-.358,3.819,.002,.141,-8.22,-8.2,-7.73,-7.44,74.9,78.4,6.808,7.05,120.8,123.9,486.2,3.035,3.109,-9.12,-9.56,-10.04,-10.64,-11.24,-11.75,-12.07,-12.11,-11.92,-11.99,-10.28,-10.19,-5.805,-5.533,-6.066,14.21
11,146,1400,3.642,7.97,.663,-7.87,-.366,4.201,.004,.083,-7.64,-7.62,-7.2,-7.01,73.4,76.9,8.32,8.62,125.7,129.4,485.9,3.033,3.107,-9.09,-9.52,-9.98,-10.6,-11.2,-11.71,-12.04,-12.08,-11.88,-11.95,-10.23,-10.14,-5.073,-5.341,-5.855,14.54
11,146,1500,3.715,8.31,.473,-7.37,-.378,4.392,.004,.027,-7.28,-7.25,-6.76,-6.629,72.2,76.2,7.5,7.76,133.8,137.2,485.3,3.031,3.104,-9.08,-9.51,-9.96,-10.59,-11.19,-11.7,-12.03,-12.07,-11.87,-11.94,-10.2,-10.11,-4.399,-4.977,-5.497,13.92
11,146,1600,3.693,8.46,.28,-7.01,-.378,4.407,.003,.031,-6.932,-6.905,-6.389,-6.28,70.3,74.4,7.07,7.3,136.5,139.6,483.8,3.031,3.1,-9.08,-9.52,-9.95,-10.58,-11.19,-11.7,-12.02,-12.06,-11.87,-11.94,-10.18,-10.09,-3.983,-4.795,-5.051,13.53
11,146,1700,3.397,7.92,-.05,-6.648,-.367,4.1,.018,.234,-6.389,-6.423,-5.771,-5.691,70,74.5,6.329,6.478,144.5,148.2,485.2,3.028,3.098,-9.09,-9.54,-9.94,-10.56,-11.17,-11.68,-12,-12.04,-11.85,-11.93,-10.13,-10.05,-3.673,-4.261,-4.494,14.26
11,146,1800,2.455,5.66,-.339,-7.29,-.332,3.278,.015,.433,-6.694,-6.73,-6.105,-6.012,73.3,78.1,4.29,4.336,149.9,153.2,483.4,3.029,3.099,-9.04,-9.46,-9.93,-10.57,-11.17,-11.69,-12,-12.04,-11.84,-11.91,-10.1,-10,-4.066,-4.811,-4.724,13.51
11,146,1900,2.664,6.214,.148,-7.03,-.316,3.212,.025,.136,-6.636,-6.605,-5.89,-5.739,76,80.8,2.931,3.051,116.7,119.6,485.1,3.028,2.532,-9.09,-9.53,-9.96,-10.59,-11.19,-11.69,-12,-12.04,-11.84,-11.91,-10.08,-9.97,-3.076,-4.349,-3.572,14.39
11,146,2000,2.207,5.334,-.161,-7.01,-.401,2.606,.014,.165,-5.948,-5.837,-5.277,-5.043,76.5,80.8,2.587,2.773,106.8,110,483.9,3.024,3.558,-9.05,-9.48,-9.92,-10.56,-11.16,-11.67,-11.98,-12.01,-11.81,-11.88,-10.01,-9.91,-2.751,-4.088,-2.807,14.31
11,146,2100,2.057,5.069,-.849,-8.01,-.402,2.172,.026,.232,-7.49,-7.45,-6.764,-6.511,78.4,82.7,2.358,2.353,165,166.2,480.4,3.032,3.051,-9,-9.39,-9.86,-10.54,-11.14,-11.65,-11.96,-12.01,-11.79,-11.86,-9.97,-9.85,-3.986,-4.836,-5.053,14.5
11,146,2200,1.286,2.988,-.321,-8.94,-.304,1.426,.02,.193,-7.04,-7.09,-6.612,-6.572,75.6,80.2,.803,.869,198.4,203,481.9,3.038,3.107,-9,-9.38,-9.89,-10.56,-11.17,-11.68,-12,-12.03,-11.82,-11.89,-9.99,-9.87,-5.23,-4.751,-5.351,13.73
11,146,2300,.816,1.803,-.17,-9.75,-.213,.914,.031,.132,-9.14,-9.11,-8.94,-8.72,87.2,91,2.014,2.271,304.5,308.2,480.3,3.041,3.114,-8.99,-9.35,-9.9,-10.57,-11.18,-11.69,-12.01,-12.05,-11.84,-11.9,-10.01,-9.88,-7.85,-7.59,-7.53,14.14
11,147,0,.509,1.107,-.067,-9.74,-.101,.544,.039,.102,-8.94,-8.95,-8.99,-8.87,88.5,92.7,2.881,3.078,282.2,274.4,481.4,3.04,3.112,-9.09,-9.48,-9.99,-10.64,-11.24,-11.74,-12.07,-12.1,-11.9,-11.96,-10.09,-9.96,-8.67,-8.43,-8.44,13.86
11,147,100,.227,.488,-.023,-8.59,-.041,.282,.012,.058,-7.47,-7.37,-7.51,-7.32,85.5,89.3,1.999,2.173,72.5,69.69,480.1,3.031,3.103,-9.13,-9.56,-10.07,-10.68,-11.28,-11.78,-12.09,-12.13,-11.93,-11.99,-10.14,-10.01,-7.95,-7.54,-7.16,13.65
11,147,200,.103,.224,-.02,-8.34,-.028,.145,.02,.028,-7.68,-7.63,-7.77,-7.61,92.8,96.7,1.193,1.285,230,230.8,478.5,3.032,3.104,-9.12,-9.53,-10.05,-10.68,-11.27,-11.77,-12.09,-12.12,-11.92,-11.98,-10.13,-10.01,-8.01,-7.64,-7.43,13.56
11,147,300,.047,.104,-.119,-9.45,-.066,.086,.053,.01,-9.11,-9.1,-9.17,-9.04,92.6,96.6,5.589,5.721,149.5,153.3,482.1,3.039,3.107,-9.11,-9.51,-10.03,-10.67,-11.27,-11.77,-12.09,-12.12,-11.92,-11.98,-10.14,-10.02,-9.29,-9.17,-9,13.45
11,147,400,.03,.073,-.032,-9.52,-.015,.074,.005,.005,-9.47,-9.48,-9.52,-9.42,95,99,4.39,4.706,169.1,172.1,478.7,3.028,3.112,-9.15,-9.55,-10.07,-10.7,-11.3,-11.79,-12.11,-12.14,-11.94,-12,-10.19,-10.07,-9.38,-9.42,-9.41,13.36
11,147,500,.054,.123,-.085,-10.76,-.045,.113,.02,.02,-10.56,-10.57,-10.62,-10.52,92.7,97.1,6.848,7.1,122.1,125.7,481.6,3.037,3.105,-9.17,-9.56,-10.07,-10.71,-11.3,-11.8,-12.12,-12.15,-11.95,-12.01,-10.21,-10.09,-10.18,-10.57,-10.49,13.28
11,147,600,.146,.318,-.032,-11.22,-.029,.211,.013,.04,-11.11,-11.11,-11.13,-11.03,90.4,94.6,6.429,6.655,116.5,120.2,480.8,3.051,3.103,-9.21,-9.61,-10.12,-10.74,-11.33,-11.83,-12.15,-12.18,-11.98,-12.04,-10.27,-10.15,-10.21,-11.06,-11,13.21
11,147,700,.324,.708,.047,-11.18,-.007,.407,.006,.072,-11.2,-11.2,-11.19,-11.09,90.9,95.1,6.075,6.273,113.4,116.5,480.3,3.021,3.101,-9.23,-9.64,-10.15,-10.77,-11.35,-11.85,-12.16,-12.19,-11.99,-12.05,-10.3,-10.18,-10.08,-10.95,-10.99,13.2
11,147,800,.468,1.017,-.076,-9.95,-.042,.687,.037,.106,-9.68,-9.68,-9.66,-9.5,95,98.9,4.814,4.733,172.6,173.5,484,2.996,3.093,-9.24,-9.67,-10.16,-10.76,-11.35,-11.85,-12.16,-12.19,-11.99,-12.05,-10.3,-10.19,-9.19,-9.31,-9.46,13.3
11,147,900,1.058,2.277,-.004,-9.83,-.068,1.18,.024,.163,-9.95,-9.96,-9.74,-9.6,93.3,97.4,6.559,6.472,159.6,161.3,484.3,3.01,3.091,-9.19,-9.61,-10.12,-10.73,-11.32,-11.82,-12.13,-12.16,-11.96,-12.02,-10.27,-10.16,-8.3,-9,-9.27,13.44
11,147,1000,2.042,4.035,.275,-12.65,-.286,1.935,.061,.229,-11.96,-11.94,-11.56,-11.32,82.2,86.3,6.685,6.95,112.6,114.8,484.4,3.033,3.07,-9.14,-9.54,-10.1,-10.73,-11.32,-11.81,-12.13,-12.16,-11.95,-12.01,-10.26,-10.14,-9.13,-9.8,-10.28,13.86
11,147,1100,2.711,5.531,.626,-12.72,-.323,2.706,.004,.194,-11.89,-11.87,-11.44,-11.2,73.1,76.4,6.879,7.12,93.3,95.4,481.3,3.021,3.036,-9.18,-9.61,-10.17,-10.76,-11.35,-11.83,-12.15,-12.17,-11.97,-12.03,-10.27,-10.15,-9.7,-9.01,-9.98,13.96
11,147,1200,2.933,6.195,.76,-11.61,-.305,3.253,.012,.166,-11.06,-11.03,-10.55,-10.31,72.9,76.2,7.07,7.32,76.9,77.8,483.8,3.026,2.954,-9.21,-9.63,-10.15,-10.74,-11.33,-11.82,-12.13,-12.15,-11.96,-12.02,-10.27,-10.16,-8.27,-8.47,-9.08,14.09
11,147,1300,2.977,6.421,.72,-10.58,-.278,3.551,.043,.318,-10.35,-10.33,-9.93,-9.69,73.2,76.5,8.43,8.73,77.4,79.5,481.8,3.029,3.078,-9.18,-9.61,-10.08,-10.69,-11.28,-11.78,-12.09,-12.12,-11.92,-11.99,-10.24,-10.13,-7.49,-8.15,-8.69,14.22
11,147,1400,3.143,6.889,.723,-9.3,-.238,3.92,.014,.117,-9.19,-9.16,-8.77,-8.57,72.9,76.3,8.19,8.45,101.2,103.6,479.5,3.041,3.119,-9.18,-9.62,-10.06,-10.67,-11.26,-11.75,-12.07,-12.09,-11.89,-11.96,-10.21,-10.11,-6.985,-7.03,-7.46,14.44
11,147,1500,3.783,8.52,.532,-8.03,-.329,4.431,.026,.116,-7.79,-7.76,-7.25,-7.08,71.6,75.3,8.09,8.37,127.2,130.5,478.5,3.037,3.089,-9.14,-9.59,-10.03,-10.63,-11.23,-11.72,-12.03,-12.06,-11.86,-11.94,-10.16,-10.06,-4.723,-5.458,-5.868,14.59
11,147,1600,3.608,8.32,.163,-7.15,-.308,4.342,.019,.105,-6.691,-6.649,-6.154,-6.034,71.2,75.4,8.25,8.5,136.6,140.1,478.9,2.958,3.039,-9.11,-9.56,-10.01,-10.62,-11.21,-11.71,-12.02,-12.05,-11.84,-11.92,-10.12,-10.03,-5.309,-4.692,-4.98,13.57
11,147,1700,3.508,8.18,-.066,-6.097,-.298,4.166,.009,.134,-5.765,-5.784,-5.221,-5.11,74.6,79.3,8.02,8.24,145.3,148.5,475.9,2.985,3.091,-9.1,-9.55,-9.97,-10.58,-11.17,-11.67,-11.98,-12.01,-11.81,-11.89,-10.08,-9.99,-4.22,-3.736,-4.093,14.24
11,147,1800,3.025,6.92,-.014,-5.931,-.22,3.75,.033,.139,-5.578,-5.574,-5.165,-5,76.2,80.9,7.24,7.47,142.8,145.6,476.3,3.003,3.096,-9.03,-9.45,-9.94,-10.57,-11.16,-11.66,-11.96,-11.99,-11.79,-11.86,-10.03,-9.93,-3.636,-3.899,-3.959,13.51
11,147,1900,2.819,6.642,-.111,-5.435,-.233,3.323,.038,.231,-5.092,-5.039,-4.648,-4.506,76.4,81.1,6.047,6.257,138.1,141.3,475.7,3,3.093,-9.01,-9.43,-9.96,-10.59,-11.17,-11.67,-11.97,-11.99,-11.78,-11.85,-10,-9.89,-3.356,-3.481,-3.29,14.36
11,147,2000,2.235,5.34,-.443,-5.627,-.251,2.611,.047,.198,-5.037,-5.031,-4.685,-4.558,80.7,85.7,6.257,6.199,150.4,153.9,478.7,2.994,3.091,-8.98,-9.38,-9.92,-10.56,-11.16,-11.65,-11.95,-11.98,-11.76,-11.84,-9.96,-9.85,-3.876,-3.611,-3.633,14.29
11,147,2100,1.791,4.384,-.577,-6.406,-.247,2.021,.042,.206,-5.946,-5.939,-5.658,-5.542,86.8,92,6.417,6.193,153.9,157.2,476,2.989,3.096,-9,-9.39,-9.9,-10.56,-11.15,-11.65,-11.95,-11.98,-11.76,-11.83,-9.95,-9.84,-4.903,-4.647,-4.934,14.57
11,147,2200,1.058,2.39,-.214,-6.823,-.14,1.345,.039,.123,-6.425,-6.433,-6.38,-6.248,91.5,96.4,5.418,5.341,151.4,155,479.4,2.992,3.098,-8.99,-9.37,-9.9,-10.56,-11.16,-11.65,-11.96,-11.99,-11.77,-11.84,-9.95,-9.83,-5.473,-5.658,-5.692,13.96
11,147,2300,.885,1.948,-.212,-8.03,-.109,.96,.012,.148,-8.18,-8.2,-8.07,-7.95,91.1,95.3,4.749,4.593,167,168.6,479.6,3.001,3.107,-9.04,-9.41,-9.94,-10.6,-11.19,-11.69,-12,-12.02,-11.81,-11.87,-9.97,-9.85,-6.484,-7.31,-7.42,13.99
11,148,0,.396,.865,-.181,-9.31,-.102,.524,.02,.092,-9.03,-9.04,-9.07,-8.95,90.4,94.5,5.747,5.575,155.2,158.5,476.6,2.999,3.112,-9.09,-9.47,-9.99,-10.64,-11.23,-11.72,-12.03,-12.06,-11.85,-11.91,-10.02,-9.89,-8.24,-8.8,-8.74,13.86
11,148,100,.224,.487,-.169,-9.94,-.092,.294,.027,.057,-9.53,-9.52,-9.59,-9.47,92,96.1,5.394,5.22,154.4,158.1,476.7,3.003,3.115,-9.13,-9.53,-10.05,-10.68,-11.27,-11.76,-12.07,-12.1,-11.89,-11.95,-10.07,-9.94,-9.04,-9.47,-9.37,13.62
11,148,200,.123,.266,-.125,-9.89,-.066,.156,.011,.027,-9.47,-9.47,-9.52,-9.42,93.6,97.7,4.707,4.844,145.2,148.1,477.9,3.004,3.115,-9.17,-9.57,-10.09,-10.71,-11.3,-11.79,-12.09,-12.11,-11.91,-11.97,-10.09,-9.96,-9.22,-9.49,-9.4,13.54
11,148,300,.047,.106,-.133,-9.97,-.068,.093,.015,.009,-9.38,-9.36,-9.45,-9.32,94.3,98.4,4.236,4.402,137.3,140.7,480.8,3.002,3.114,-9.19,-9.59,-10.1,-10.72,-11.31,-11.8,-12.1,-12.12,-11.91,-11.98,-10.1,-9.97,-9.4,-9.49,-9.35,13.45
11,148,400,.045,.101,-.133,-10.17,-.075,.082,.012,.005,-9.48,-9.44,-9.54,-9.37,95.1,99.2,3.53,3.673,146.3,149.7,480.8,3,3.115,-9.19,-9.59,-10.1,-10.72,-11.31,-11.8,-12.1,-12.12,-11.91,-11.98,-10.11,-9.98,-9.54,-9.62,-9.43,13.36
11,148,500,.079,.172,-.121,-10.41,-.073,.118,.02,.017,-9.64,-9.59,-9.69,-9.53,95.4,99.4,3.256,3.205,162.1,164.1,478.7,3.005,3.116,-9.2,-9.6,-10.1,-10.72,-11.31,-11.8,-12.1,-12.12,-11.91,-11.98,-10.11,-9.98,-9.71,-9.79,-9.57,13.28
11,148,600,.157,.341,-.068,-9.88,-.031,.213,.005,.039,-9.55,-9.54,-9.57,-9.46,95.5,99.4,3.614,3.516,172.6,174.2,480.9,2.501,3.115,-9.2,-9.61,-10.11,-10.73,-11.31,-11.8,-12.1,-12.12,-11.91,-11.98,-10.12,-9.99,-9.38,-9.48,-9.46,13.22
11,148,700,.322,.695,-.07,-9.74,-.033,.405,.01,.077,-9.54,-9.54,-9.52,-9.42,95,99,3.342,3.295,152.8,156.5,480.4,3.003,3.115,-9.2,-9.6,-10.11,-10.73,-11.31,-11.79,-12.1,-12.11,-11.91,-11.97,-10.12,-10,-9.08,-9.27,-9.32,13.22
11,148,800,.605,1.3,-.078,-9.83,-.066,.718,.01,.1,-9.63,-9.63,-9.5,-9.37,94,98.3,2.811,2.824,150.5,153.7,479,3.003,3.114,-9.19,-9.59,-10.11,-10.73,-11.31,-11.79,-12.09,-12.11,-11.91,-11.97,-10.12,-9.99,-8.66,-8.94,-8.97,13.31
11,148,900,.734,1.544,-.137,-10.56,-.137,1.063,.091,.097,-9.89,-9.86,-9.66,-9.53,92.9,97.2,3.139,3.276,142.3,145.9,480.5,3.005,3.115,-9.16,-9.57,-10.11,-10.72,-11.31,-11.79,-12.09,-12.11,-11.9,-11.97,-10.12,-9.99,-8.53,-9.16,-9.04,13.52
11,148,1000,1.832,3.724,.071,-11.26,-.221,1.805,.096,.239,-10.46,-10.4,-9.82,-9.56,87.8,92.3,2.548,2.682,139.7,140.2,481.5,3.009,3.12,-9.17,-9.58,-10.17,-10.76,-11.34,-11.81,-12.11,-12.13,-11.92,-11.98,-10.13,-10,-6.513,-7.81,-8.07,13.66
11,148,1100,2.003,4.305,.21,-8.43,-.117,2.355,.018,.166,-9.21,-9.23,-8.6,-8.49,89.9,94.4,3.2,3.192,144.4,148.1,483.7,3,3.11,-9.16,-9.59,-10.13,-10.72,-11.3,-11.78,-12.07,-12.1,-11.88,-11.95,-10.09,-9.96,-5.079,-6.579,-7.06,14.21
11,148,1200,2.46,5.402,.323,-7.44,-.099,2.973,.018,.266,-8.93,-8.98,-8.24,-8.15,90.6,95.4,3.21,3.205,142.2,145.5,481.3,2.999,3.107,-9.12,-9.54,-10.07,-10.67,-11.26,-11.74,-12.03,-12.05,-11.84,-11.91,-10.03,-9.9,-3.866,-5.833,-6.434,14.46
11,148,1300,3.261,7.21,.434,-6.516,-.168,3.702,.029,.261,-8.37,-8.41,-7.39,-7.26,85.6,90.8,3.171,3.176,142.6,145.5,483.5,2.997,3.107,-9.1,-9.54,-10.05,-10.64,-11.23,-11.71,-12,-12.02,-11.81,-11.88,-9.98,-9.86,-1.661,-4.06,-5.085,13.98
11,148,1400,3.664,8.22,.224,-6.325,-.332,4.171,.091,.237,-7.78,-7.86,-6.69,-6.589,83,88.7,3.008,3.013,146.6,149.3,482.4,2.996,3.103,-9.08,-9.53,-9.97,-10.57,-11.16,-11.65,-11.95,-11.97,-11.76,-11.84,-9.91,-9.79,-.187,-2.982,-4.266,13.79
11,148,1500,3.737,8.54,.007,-6.626,-.42,4.405,.005,.03,-7.24,-7.35,-6.333,-6.338,79.9,85.8,3.505,3.565,144.5,148.2,483.1,2.993,3.099,-9.06,-9.49,-9.9,-10.52,-11.12,-11.6,-11.91,-11.93,-11.73,-11.81,-9.85,-9.72,-.314,-3.311,-4.31,13.55
11,148,1600,3.69,8.62,-.114,-6.102,-.434,4.386,.003,.034,-6.81,-6.894,-5.766,-5.768,76.8,82.7,3.034,3.069,143.6,147.6,483.5,2.991,2.627,-9.08,-9.51,-9.9,-10.52,-11.12,-11.61,-11.91,-11.94,-11.73,-11.82,-9.82,-9.7,-.134,-3.04,-3.379,13.45
11,148,1700,3.523,8.4,-.127,-5.798,-.435,4.179,.004,.089,-6.431,-6.511,-5.333,-5.344,75.3,81.3,2.805,2.846,143.7,147,486.3,2.99,2.111,-9.08,-9.53,-9.89,-10.51,-11.1,-11.59,-11.89,-11.91,-11.7,-11.79,-9.76,-9.63,-.321,-2.902,-2.889,13.92
11,148,1800,3.204,7.77,-.176,-5.816,-.429,3.81,.008,.121,-6.023,-6,-5.164,-5.091,76.9,82.3,3.456,3.567,132.9,136.4,486.2,2.987,2.624,-9.02,-9.45,-9.89,-10.52,-11.11,-11.6,-11.9,-11.91,-11.7,-11.78,-9.71,-9.57,-2.055,-4.125,-2.819,13.38
11,148,1900,2.809,6.937,-.41,-6.126,-.405,3.322,.002,.159,-5.784,-5.71,-5.123,-4.982,79.8,85.1,3.821,3.961,133.7,136.7,485.9,2.987,3.091,-9,-9.41,-9.89,-10.53,-11.13,-11.62,-11.91,-11.92,-11.7,-11.78,-9.69,-9.54,-2.897,-4.178,-3.197,13.4
11,148,2000,2.327,5.842,-.576,-6.736,-.397,2.716,.007,.195,-5.948,-5.851,-5.453,-5.274,82.5,87.6,4.359,4.544,132.1,135.3,485.1,2.988,3.092,-8.99,-9.38,-9.91,-10.56,-11.15,-11.63,-11.92,-11.93,-11.71,-11.78,-9.67,-9.52,-4.253,-4.593,-3.82,13.42
11,148,2100,1.886,4.487,-.18,-5.853,-.201,2.07,.102,.282,-5.472,-5.43,-5.26,-5.125,82.8,87.7,5.996,6.218,137.6,141.6,486.7,2.985,3.09,-8.97,-9.36,-9.9,-10.55,-11.14,-11.62,-11.91,-11.93,-11.7,-11.77,-9.65,-9.5,-4.129,-4.323,-4.222,14.63
11,148,2200,1.168,2.828,-.546,-8,-.306,1.39,.054,.143,-6.814,-6.751,-6.679,-6.539,83.1,87.7,5.766,6.003,133.5,136.8,483.6,2.993,3.099,-8.99,-9.35,-9.91,-10.57,-11.16,-11.65,-11.94,-11.96,-11.73,-11.8,-9.68,-9.53,-6.57,-6.379,-5.986,13.97
11,148,2300,1.027,2.452,-.554,-8.76,-.304,1.001,.013,.105,-7.33,-7.24,-7.26,-7.07,85.6,90,6.489,6.781,126.3,129.8,485.1,2.99,3.105,-9.05,-9.43,-9.99,-10.64,-11.22,-11.7,-11.99,-12,-11.78,-11.85,-9.73,-9.56,-7.19,-7.08,-6.297,13.9
11,149,0,.646,1.529,-.7,-9.4,-.348,.59,.013,.116,-7.7,-7.61,-7.66,-7.49,84.9,89.1,8.39,8.73,130.6,133.9,486.5,3.006,3.087,-9.04,-9.43,-10.01,-10.66,-11.24,-11.72,-12.01,-12.02,-11.8,-11.87,-9.75,-9.59,-8.29,-7.79,-6.951,13.88
11,149,100,.354,.807,-.661,-10.54,-.351,.325,.004,.063,-8.61,-8.52,-8.66,-8.47,85.4,89.5,9.2,9.59,119.6,123,486.6,3.029,3.116,-9.07,-9.46,-10.03,-10.68,-11.26,-11.74,-12.04,-12.05,-11.83,-11.9,-9.79,-9.64,-9.49,-8.98,-8.05,13.64
11,149,200,.119,.246,-.664,-10.92,-.329,.168,.019,.029,-8.98,-8.9,-9.09,-8.87,86.9,90.8,10.45,10.87,125.1,128.2,485.7,3.045,3.117,-9.13,-9.52,-10.05,-10.69,-11.27,-11.75,-12.05,-12.06,-11.84,-11.91,-9.83,-9.67,-10.06,-9.49,-8.86,13.57
11,149,300,.068,.146,-.46,-10.38,-.224,.101,.043,.011,-8.98,-8.91,-9.05,-8.87,87.3,91.3,10.76,11.13,125.3,128.5,484.3,2.978,3.029,-9.19,-9.59,-10.1,-10.72,-11.3,-11.78,-12.07,-12.08,-11.87,-11.93,-9.87,-9.72,-9.98,-9.41,-8.94,13.47
11,149,400,.053,.115,-.306,-9.76,-.152,.086,.025,.003,-8.59,-8.53,-8.64,-8.49,87.6,91.4,11.27,11.69,124.7,127.9,485.4,2.947,3.078,-9.19,-9.61,-10.13,-10.73,-11.31,-11.78,-12.07,-12.08,-11.87,-11.93,-9.89,-9.74,-9.39,-8.96,-8.56,13.37
11,149,500,.066,.145,-.267,-9.28,-.135,.121,.042,.019,-8.21,-8.15,-8.28,-8.11,88.7,92.6,11.95,12.37,134.3,137.8,485,3.028,3.112,-9.18,-9.61,-10.12,-10.72,-11.29,-11.77,-12.06,-12.06,-11.85,-11.92,-9.89,-9.74,-8.97,-8.53,-8.18,13.29
11,149,600,.168,.363,-.07,-8.37,-.049,.222,.023,.043,-7.75,-7.71,-7.81,-7.67,89.2,93.2,10.92,11.3,138.1,141,483.1,3.037,3.076,-9.17,-9.6,-10.11,-10.71,-11.28,-11.75,-12.04,-12.05,-11.84,-11.9,-9.88,-9.74,-8.31,-7.91,-7.68,13.24
11,149,700,.335,.722,.017,-7.82,-.013,.419,.006,.086,-7.49,-7.48,-7.54,-7.44,94.1,98.3,9.76,10.07,136.8,140.7,485,3.034,3.07,-9.15,-9.58,-10.09,-10.69,-11.27,-11.74,-12.03,-12.04,-11.82,-11.89,-9.86,-9.73,-8.06,-7.4,-7.36,13.24
11,149,800,.606,1.308,.051,-7.31,-.019,.743,.004,.123,-7.03,-7.02,-7.06,-6.948,94.3,98.9,9.6,9.9,134.9,138.2,483.2,3.03,3.092,-9.14,-9.57,-10.09,-10.68,-11.26,-11.73,-12.02,-12.02,-11.81,-11.88,-9.85,-9.71,-7.31,-6.797,-6.786,13.35
11,149,900,1.059,2.323,.092,-6.409,-.015,1.274,.004,.113,-6.174,-6.162,-6.147,-6.034,94.4,99.4,9.32,9.61,137.2,141.1,486.9,3.027,3.092,-9.13,-9.56,-10.08,-10.67,-11.24,-11.71,-12,-12.01,-11.79,-11.86,-9.82,-9.69,-5.861,-5.687,-5.716,13.59
11,149,1000,1.164,2.58,.089,-5.795,-.015,1.676,.003,.172,-5.566,-5.554,-5.53,-5.43,94.7,99.8,9.43,9.74,137.2,141.7,486.7,2.52,3.092,-9.1,-9.53,-10.05,-10.65,-11.22,-11.69,-11.98,-11.98,-11.76,-11.83,-9.78,-9.65,-5.044,-5.008,-5.025,13.92
11,149,1100,1.665,3.718,.157,-5.567,-.012,2.366,.002,.179,-5.466,-5.454,-5.395,-5.297,93.9,99,10.22,10.56,132,135.8,483.4,3.022,3.088,-9.08,-9.5,-10.02,-10.62,-11.2,-11.67,-11.96,-11.96,-11.74,-11.81,-9.75,-9.62,-4.508,-4.704,-4.71,14.09
11,149,1200,2.018,4.501,.248,-5.06,-.017,2.85,.008,.319,-5.09,-5.076,-4.981,-4.855,93.2,98.5,9.87,10.19,135.2,138.5,484.9,3.023,3.089,-9.06,-9.48,-10.01,-10.61,-11.18,-11.66,-11.94,-11.95,-11.72,-11.8,-9.71,-9.58,-4.074,-4.106,-4.17,14.35
11,149,1300,2.111,4.747,.276,-4.636,-.038,3.128,.013,.292,-4.527,-4.496,-4.459,-4.307,90.6,95.4,10.58,10.91,130.4,133.9,485,2.952,2.918,-9.04,-9.46,-9.99,-10.59,-11.16,-11.64,-11.92,-11.92,-11.7,-11.77,-9.67,-9.55,-5.077,-3.67,-3.524,13.99
11,149,1400,3.126,7.06,.421,-3.699,-.059,4.108,.014,.18,-3.612,-3.566,-3.414,-3.25,87.1,91.8,11.23,11.6,129.1,131.7,484.8,2.853,2.931,-9.03,-9.46,-9.99,-10.58,-11.15,-11.62,-11.9,-11.91,-11.68,-11.76,-9.66,-9.54,-5.163,-2.401,-2.252,14.01
11,149,1500,3.348,7.53,.339,-3.219,-.123,4.251,.016,.2,-3.119,-3.074,-2.871,-2.698,86.9,91.7,10.29,10.62,130.1,133.3,483.6,2.844,2.925,-9,-9.42,-9.95,-10.55,-11.12,-11.59,-11.87,-11.88,-11.65,-11.73,-9.62,-9.5,-4.769,-1.684,-1.572,14.38
11,149,1600,3.155,7.1,.119,-3.134,-.145,4.134,.024,.145,-2.743,-2.696,-2.474,-2.352,86.2,91.1,8.89,9.19,137.9,141.9,484.6,2.873,2.943,-8.98,-9.39,-9.92,-10.53,-11.1,-11.58,-11.86,-11.87,-11.63,-11.71,-9.59,-9.47,-4.464,-1.234,-1.223,14.04
11,149,1700,3.505,8.15,.044,-2.312,-.277,4.125,.031,.288,-1.908,-1.859,-1.528,-1.39,85.8,90.8,8.37,8.65,135.1,138,486.7,2.875,2.944,-8.99,-9.42,-9.92,-10.51,-11.09,-11.56,-11.84,-11.84,-11.62,-11.7,-9.55,-9.43,-3.983,-.253,-.147,14.58
11,149,1800,2.928,6.83,-.133,-2.315,-.3,3.52,.006,.17,-1.572,-1.519,-1.257,-1.086,86.2,91.2,7.41,7.65,135.5,139.1,484.5,2.876,2.943,-8.96,-9.38,-9.88,-10.49,-11.07,-11.54,-11.83,-11.83,-11.6,-11.68,-9.52,-9.4,-3.824,-.248,.076,13.54
11,149,1900,2.654,6.212,-.245,-2.409,-.3,3.128,.007,.069,-1.479,-1.417,-1.258,-1.106,87.5,92.5,8.11,8.4,137.2,141,483.9,2.875,2.945,-8.94,-9.35,-9.88,-10.5,-11.07,-11.55,-11.83,-11.83,-11.6,-11.68,-9.5,-9.38,-3.822,-.411,-.108,14.31
11,149,2000,2.507,6.034,-.42,-2.383,-.323,2.731,.008,.188,-1.343,-1.282,-1.102,-.955,87.2,92.2,7.82,8.1,138.6,142.4,485.7,2.874,2.948,-8.92,-9.32,-9.91,-10.53,-11.11,-11.57,-11.85,-11.85,-11.61,-11.69,-9.5,-9.36,-3.703,-.384,-.048,13.57
11,149,2100,1.668,4.043,-.615,-3.112,-.334,1.93,.004,.304,-1.763,-1.709,-1.721,-1.576,89.2,94.1,9.19,9.52,141.7,145.2,484,2.878,2.953,-8.9,-9.28,-9.85,-10.5,-11.07,-11.55,-11.83,-11.83,-11.59,-11.67,-9.47,-9.34,-3.974,-1.229,-1,14.27
11,149,2200,1.051,2.462,-.495,-3.987,-.298,1.279,.032,.13,-2.46,-2.385,-2.536,-2.376,90.6,95.2,8.63,8.96,133.2,136.6,487.8,2.881,2.958,-8.93,-9.31,-9.86,-10.5,-11.08,-11.56,-11.84,-11.84,-11.61,-11.69,-9.48,-9.35,-4.517,-2.311,-1.899,14.09
11,149,2300,.969,2.23,-.438,-4.111,-.269,.943,.04,.148,-2.613,-2.537,-2.672,-2.521,89.8,94.4,8.61,8.92,137.4,142.2,485.2,2.882,2.958,-8.97,-9.36,-9.93,-10.55,-11.12,-11.59,-11.87,-11.87,-11.64,-11.71,-9.5,-9.36,-4.742,-2.518,-1.979,14.02
11,150,0,.313,.689,-.148,-3.883,-.101,.483,.044,.059,-2.963,-2.922,-3.157,-3.005,92.3,96.7,8.42,8.71,139.9,143.6,485.7,2.884,2.961,-8.99,-9.38,-9.9,-10.53,-11.1,-11.57,-11.85,-11.85,-11.62,-11.7,-9.49,-9.35,-5.082,-3.056,-2.769,13.84
11,150,100,.203,.443,-.115,-3.734,-.079,.285,.032,.053,-2.923,-2.883,-3.13,-2.97,92.3,96.6,8.71,9.03,139.1,142.9,488.4,2.882,2.958,-9.01,-9.42,-9.93,-10.55,-11.12,-11.58,-11.87,-11.87,-11.64,-11.72,-9.5,-9.36,-5.179,-3.078,-2.791,13.63
11,150,200,.126,.269,-.44,-5.25,-.232,.163,.091,.024,-3.765,-3.698,-3.942,-3.767,91.4,95.7,8.51,8.84,136.8,141.1,488.1,2.883,2.962,-9.01,-9.4,-9.92,-10.55,-11.13,-11.59,-11.88,-11.88,-11.65,-11.73,-9.5,-9.35,-5.469,-4.142,-3.647,13.53
11,150,300,.085,.176,-.614,-6.275,-.31,.104,.007,.01,-4.209,-4.111,-4.39,-4.177,90,94.3,9.26,9.62,138.5,142.2,487.5,2.885,2.964,-9.05,-9.45,-9.96,-10.58,-11.15,-11.62,-11.9,-11.9,-11.67,-11.75,-9.52,-9.37,-5.961,-4.787,-4.113,13.44
11,150,400,.091,.184,-.532,-7.1,-.265,.094,.007,.004,-5.13,-5.038,-5.318,-5.118,90.4,94.7,8.12,8.46,125.3,128.9,489.8,2.894,2.973,-9.06,-9.46,-9.98,-10.61,-11.18,-11.65,-11.93,-11.93,-11.7,-11.78,-9.54,-9.39,-6.336,-5.638,-5.06,13.35
11,150,500,.143,.249,-.597,-7.41,-.287,.131,.015,.02,-5.349,-5.249,-5.448,-5.239,88.6,92.9,8.69,9.03,128.5,131.9,489,2.895,2.974,-9.09,-9.5,-10.02,-10.63,-11.2,-11.67,-11.95,-11.95,-11.72,-11.8,-9.55,-9.4,-6.586,-5.804,-5.194,13.28
11,150,600,.283,.478,-.62,-7.72,-.319,.238,.005,.044,-5.563,-5.453,-5.624,-5.406,87.5,91.8,8.99,9.37,123.7,127.2,488.4,2.897,2.977,-9.09,-9.5,-10.04,-10.64,-11.21,-11.68,-11.96,-11.96,-11.73,-11.8,-9.56,-9.4,-6.769,-5.934,-5.27,13.24
11,150,700,.759,1.296,-.381,-7.41,-.299,.462,.008,.088,-5.573,-5.465,-5.545,-5.326,87.2,91.6,9.36,9.73,128,131.3,487.4,2.898,2.975,-9.1,-9.52,-10.06,-10.66,-11.23,-11.69,-11.96,-11.96,-11.73,-11.8,-9.56,-9.41,-6.779,-5.341,-4.981,13.25
11,150,800,1.311,2.355,-.172,-6.738,-.299,.817,.009,.108,-5.23,-5.14,-5.105,-4.891,85.7,90.2,9.73,10.08,128.8,132.8,490.5,2.897,2.974,-9.09,-9.51,-10.07,-10.66,-11.22,-11.68,-11.96,-11.95,-11.72,-11.79,-9.54,-9.39,-6.507,-4.376,-4.293,13.41
11,150,900,1.972,3.838,.121,-5.625,-.257,1.392,.031,.145,-4.587,-4.512,-4.372,-4.185,84.5,88.9,10.13,10.5,126.8,130.7,487.6,2.893,2.97,-9.08,-9.5,-10.07,-10.65,-11.21,-11.66,-11.94,-11.93,-11.7,-11.77,-9.52,-9.37,-6.114,-3.29,-3.396,13.64
11,150,1000,2.103,4.226,.126,-5.456,-.282,1.859,.019,.193,-4.513,-4.447,-4.352,-4.126,84.8,89.3,10.72,11.1,125.2,129.5,490.9,2.895,2.971,-9.04,-9.46,-10.02,-10.6,-11.17,-11.63,-11.9,-11.9,-11.66,-11.74,-9.48,-9.33,-5.932,-3.248,-3.331,13.92
11,150,1100,2.396,4.997,.228,-4.898,-.259,2.496,.019,.241,-4.041,-3.971,-3.906,-3.668,83.8,88.2,11.02,11.41,127,129.6,490.4,2.892,2.969,-9.04,-9.46,-10,-10.59,-11.15,-11.61,-11.88,-11.88,-11.64,-11.73,-9.46,-9.32,-5.66,-2.794,-2.834,14.05
11,150,1200,3.005,6.437,.417,-4.104,-.233,3.173,.033,.167,-3.603,-3.545,-3.362,-3.164,82.3,86.6,10.95,11.33,129.8,132.9,491.1,2.891,2.964,-9.04,-9.47,-9.98,-10.56,-11.13,-11.59,-11.87,-11.86,-11.63,-11.71,-9.44,-9.29,-5.215,-1.991,-2.259,14.29
11,150,1300,3.36,7.35,.436,-3.848,-.26,3.699,.024,.125,-3.393,-3.344,-3.137,-2.915,82,86.4,11.06,11.45,130.3,133.2,490,2.89,2.966,-9.02,-9.45,-9.94,-10.53,-11.1,-11.56,-11.84,-11.84,-11.6,-11.69,-9.4,-9.26,-4.852,-1.611,-2.039,13.97
11,150,1400,3.689,8.22,.514,-3.134,-.293,4.116,.014,.108,-2.759,-2.725,-2.473,-2.267,82.5,87,10.29,10.65,124.9,128.9,491.8,2.886,2.963,-9.02,-9.46,-9.91,-10.5,-11.07,-11.54,-11.82,-11.81,-11.57,-11.67,-9.37,-9.23,-4.348,-.715,-1.144,14.55
11,150,1500,3.785,8.62,.474,-2.296,-.282,4.279,.018,.102,-2.05,-2.018,-1.738,-1.568,83,87.7,10.29,10.65,128.1,130.7,489.5,2.883,2.961,-9,-9.43,-9.88,-10.48,-11.05,-11.51,-11.8,-11.79,-11.55,-11.65,-9.32,-9.19,-3.854,-.112,-.381,13.59
11,150,1600,3.068,6.958,.308,-1.81,-.17,3.887,.033,.196,-1.534,-1.487,-1.316,-1.15,84.8,89.4,9.95,10.31,130,132.3,491.5,2.88,2.959,-8.96,-9.39,-9.88,-10.48,-11.05,-11.52,-11.79,-11.79,-11.55,-11.64,-9.3,-9.15,-3.604,-.115,-.062,13.6
11,150,1700,3.146,7.15,.215,-1.468,-.169,3.865,.023,.25,-1.159,-1.117,-.907,-.759,85.7,90.5,9.07,9.39,134.7,137.6,492.2,2.878,2.955,-8.96,-9.38,-9.88,-10.48,-11.05,-11.51,-11.79,-11.78,-11.53,-11.62,-9.26,-9.12,-3.338,.333,.378,14.52
11,150,1800,2.662,6.061,.123,-1.145,-.152,3.349,.018,.432,-.768,-.721,-.566,-.401,85.8,90.5,7.99,8.26,135.2,139.5,490.8,2.875,2.953,-8.94,-9.35,-9.87,-10.48,-11.04,-11.5,-11.78,-11.77,-11.53,-11.61,-9.23,-9.09,-3.178,.485,.668,14.18
11,150,1900,1.777,3.977,.064,-1.468,-.133,2.546,.026,.146,-.751,-.694,-.725,-.528,86.9,91.3,7.2,7.46,131.2,134.6,492.1,2.875,2.954,-8.92,-9.32,-9.84,-10.46,-11.03,-11.49,-11.77,-11.76,-11.51,-11.6,-9.2,-9.05,-3.285,.106,.411,14.47
11,150,2000,1.681,3.743,.077,-1.383,-.091,2.218,.01,.206,-.663,-.609,-.632,-.442,85.7,90.2,6.87,7.11,134,137,490.8,2.874,2.954,-8.94,-9.34,-9.86,-10.48,-11.04,-11.5,-11.78,-11.77,-11.52,-11.61,-9.18,-9.04,-3.279,.183,.427,14.31
11,150,2100,1.401,3.121,-.038,-1.747,-.133,1.762,.016,.136,-.644,-.593,-.66,-.507,84.4,88.9,7.36,7.61,136,139.3,491.9,2.875,2.954,-8.94,-9.34,-9.87,-10.48,-11.05,-11.51,-11.78,-11.77,-11.52,-11.61,-9.17,-9.02,-3.401,-.065,.213,14.21
11,150,2200,.939,2.066,-.038,-2.125,-.117,1.218,.021,.162,-1.032,-.984,-1.152,-.965,86.9,91.4,6.946,7.19,129,132.2,490.4,2.876,2.956,-8.94,-9.34,-9.86,-10.49,-11.05,-11.51,-11.79,-11.78,-11.52,-11.61,-9.16,-9.01,-3.633,-.697,-.353,14.06
11,150,2300,.644,1.411,-.009,-1.927,-.05,.816,.009,.086,-1.25,-1.217,-1.427,-1.292,91.1,95.8,7.02,7.26,139.2,142.4,490.3,2.877,2.958,-8.97,-9.37,-9.88,-10.5,-11.06,-11.52,-11.79,-11.78,-11.53,-11.62,-9.16,-9.01,-3.822,-1.072,-.828,13.91
11,151,0,.42,.917,-.018,-2.005,-.03,.514,.007,.087,-1.627,-1.616,-1.838,-1.731,95.9,101.1,7.39,7.62,142.7,146.2,489.9,2.878,2.959,-8.97,-9.37,-9.88,-10.5,-11.06,-11.52,-11.8,-11.79,-11.54,-11.63,-9.16,-9,-3.969,-1.5,-1.361,13.84
11,151,100,.172,.38,-.064,-2.353,-.04,.287,.006,.048,-1.843,-1.833,-2.1,-1.991,96.6,101.8,6.5,6.718,140,143.1,489.5,2.391,2.96,-8.99,-9.39,-9.9,-10.51,-11.08,-11.53,-11.81,-11.8,-11.55,-11.64,-9.16,-9,-4.127,-1.89,-1.703,13.63
11,151,200,.105,.231,-.056,-2.576,-.031,.162,.018,.026,-2.256,-2.253,-2.482,-2.365,99.8,104.7,5.833,5.979,145.1,148.8,493.2,2.884,2.962,-9,-9.4,-9.91,-10.52,-11.09,-11.54,-11.82,-11.81,-11.55,-11.64,-9.15,-8.99,-4.248,-2.251,-2.169,13.53
11,151,300,.077,.17,-.042,-2.936,-.025,.102,.015,.01,-2.676,-2.675,-2.918,-2.8,100,104.9,6.394,6.613,135.1,138.4,493.6,2.886,2.965,-9.02,-9.42,-9.93,-10.54,-11.11,-11.56,-11.83,-11.82,-11.57,-11.66,-9.15,-8.99,-4.419,-2.687,-2.619,13.44
11,151,400,.057,.127,-.023,-2.991,-.01,.092,.006,.005,-2.766,-2.771,-3.006,-2.902,100,105.1,6.408,6.615,136.9,140.2,492.8,2.885,1.977,-9.03,-9.44,-9.94,-10.55,-11.12,-11.57,-11.84,-11.83,-11.58,-11.66,-9.15,-8.99,-4.537,-2.784,-2.736,13.36
11,151,500,.083,.183,-.035,-2.97,-.016,.129,.014,.02,-2.722,-2.728,-2.961,-2.853,100.1,105.3,7.02,7.25,138.4,142.1,491.6,2.902,2.965,-9.04,-9.45,-9.95,-10.56,-11.12,-11.58,-11.84,-11.83,-11.58,-11.67,-9.14,-8.98,-4.575,-2.736,-2.682,13.28
11,151,600,.205,.443,-.04,-2.953,-.026,.23,.015,.039,-2.721,-2.725,-2.921,-2.837,100.2,105.3,6.822,6.999,145.4,149,492.7,2.416,2.965,-9.04,-9.45,-9.95,-10.56,-11.12,-11.57,-11.84,-11.82,-11.58,-11.66,-9.13,-8.97,-4.58,-2.651,-2.618,13.22
11,151,700,.388,.839,-.037,-3.104,-.04,.426,.015,.075,-2.886,-2.89,-3.039,-2.96,99.5,104.9,5.947,6.103,144.5,148,493.1,2.886,2.966,-9.04,-9.44,-9.95,-10.56,-11.12,-11.57,-11.84,-11.82,-11.57,-11.66,-9.12,-8.95,-4.537,-2.669,-2.656,13.23
11,151,800,.61,1.328,-.007,-3.104,-.052,.722,.017,.09,-2.87,-2.857,-2.98,-2.87,98.4,104,5.76,5.941,135.9,139.5,492.1,2.876,2.966,-9.04,-9.45,-9.96,-10.56,-11.12,-11.57,-11.84,-11.82,-11.57,-11.66,-9.1,-8.93,-4.455,-2.495,-2.453,13.37
11,151,900,1.257,2.756,.168,-2.706,-.052,1.268,.02,.233,-2.637,-2.616,-2.607,-2.481,95.3,100.9,5.461,5.637,126.4,129.6,491.1,2.878,2.966,-9.04,-9.46,-9.96,-10.56,-11.12,-11.57,-11.83,-11.82,-11.56,-11.65,-9.08,-8.91,-4.18,-1.776,-1.635,13.56
11,151,1000,1.785,3.802,.351,-2.402,-.122,1.825,.049,.245,-2.373,-2.351,-2.187,-1.999,92,96.8,4.639,4.801,120.1,123.3,492.5,2.884,2.966,-9.02,-9.44,-9.95,-10.54,-11.1,-11.55,-11.81,-11.8,-11.54,-11.63,-9.04,-8.86,-3.737,-.74,-.612,14.02
11,151,1100,2.389,5.001,.401,-2.644,-.276,2.479,.079,.302,-2.106,-2.067,-1.7,-1.403,87.2,91.5,4.215,4.392,120.1,122.3,490.5,2.883,2.967,-8.98,-9.41,-9.96,-10.54,-11.09,-11.54,-11.8,-11.78,-11.53,-11.62,-8.99,-8.82,-3.222,.474,.569,14.18
11,151,1200,3.108,6.593,.574,-3.102,-.361,3.188,.004,.167,-2.393,-2.358,-1.904,-1.595,83.2,87.3,4.848,5.063,119.6,123.1,490.5,2.886,2.97,-8.99,-9.42,-9.91,-10.49,-11.05,-11.5,-11.77,-11.76,-11.5,-11.6,-8.95,-8.78,-3.007,.715,.568,14.05
11,151,1300,3.413,7.45,.571,-2.913,-.353,3.704,.004,.135,-2.333,-2.308,-1.935,-1.666,81.8,86,6.1,6.338,122.9,126.1,490.8,2.888,2.97,-8.96,-9.38,-9.85,-10.44,-11.01,-11.46,-11.74,-11.72,-11.46,-11.56,-8.9,-8.73,-2.836,.515,.084,13.86
11,151,1400,3.629,8.13,.508,-2.213,-.366,4.063,.008,.054,-1.698,-1.673,-1.269,-1.044,81.3,85.7,5.877,6.102,123.7,128,493.1,2.886,2.966,-8.97,-9.41,-9.83,-10.43,-11,-11.45,-11.73,-11.71,-11.45,-11.56,-8.87,-8.7,-2.508,1.103,.71,14.22
11,151,1500,3.709,8.49,.503,-1.587,-.376,4.248,.004,.039,-1.2,-1.177,-.791,-.561,81.7,86.2,6.084,6.313,122.1,125.4,490.5,2.884,2.963,-8.96,-9.39,-9.81,-10.42,-10.98,-11.43,-11.71,-11.69,-11.43,-11.54,-8.83,-8.65,-2.21,1.333,1.333,13.61
11,151,1600,3.663,8.57,.457,-.999,-.385,4.244,.006,.029,-.691,-.668,-.186,-.014,82.5,87.1,5.378,5.573,119.9,122.2,491.6,2.882,2.958,-8.97,-9.41,-9.81,-10.42,-10.98,-11.44,-11.71,-11.69,-11.43,-11.54,-8.8,-8.63,-1.653,1.609,2.245,13.51
11,151,1700,3.495,8.29,.259,-.783,-.379,4.129,.013,.152,-.326,-.286,.209,.406,80.9,85.5,5.016,5.208,121.4,124,490.2,2.88,2.956,-8.96,-9.4,-9.78,-10.39,-10.96,-11.41,-11.68,-11.66,-11.4,-11.5,-8.74,-8.56,-.754,1.714,2.778,13.84
11,151,1800,3.321,7.89,.267,-.42,-.35,3.831,.024,.123,.111,.167,.777,.985,78.4,82.9,3.898,4.057,116.7,119,488.9,2.879,2.957,-8.96,-9.4,-9.79,-10.4,-10.96,-11.41,-11.68,-11.66,-11.39,-11.5,-8.69,-8.51,-.271,1.882,3.704,13.44
11,151,1900,2.778,6.441,.444,-.228,-.288,3.233,.014,.239,.526,.579,1.138,1.315,78.7,83.2,3.073,3.236,95.3,96.8,490.4,2.877,2.953,-8.92,-9.35,-9.75,-10.37,-10.93,-11.39,-11.65,-11.63,-11.36,-11.47,-8.62,-8.43,-.145,2.67,3.858,13.41
11,151,2000,2.14,4.847,.321,-.544,-.233,2.541,.015,.243,.427,.482,.755,.945,80.1,84.5,3.177,3.349,92.6,95.4,489.4,2.876,2.953,-8.86,-9.25,-9.73,-10.36,-10.93,-11.38,-11.65,-11.63,-11.36,-11.46,-8.55,-8.35,-.292,2.461,3.02,14.04
11,151,2100,1.555,3.462,.208,-1.117,-.171,1.914,.028,.154,.053,.121,.122,.318,82.5,86.7,4.234,4.441,106.4,109.2,489.9,2.878,2.957,-8.87,-9.25,-9.75,-10.39,-10.95,-11.4,-11.67,-11.65,-11.37,-11.48,-8.53,-8.32,-.871,1.15,1.653,13.85
11,151,2200,1.085,2.408,.029,-1.48,-.122,1.352,.005,.155,-.741,-.694,-.773,-.583,90.9,95.3,4.517,4.729,122.6,125.9,490.5,2.881,2.962,-8.9,-9.28,-9.79,-10.42,-10.98,-11.44,-11.7,-11.68,-11.4,-11.5,-8.54,-8.32,-1.695,-.048,.454,14.1
11,151,2300,.794,1.742,-.007,-2.323,-.105,.921,.011,.116,-1.886,-1.847,-1.903,-1.748,93.8,98.3,2.712,2.886,123.5,127.1,488.3,2.888,2.968,-8.94,-9.32,-9.84,-10.46,-11.02,-11.48,-11.74,-11.72,-11.44,-11.54,-8.56,-8.34,-2.465,-1.182,-.716,13.95
11,152,0,.471,1.047,-.257,-4.527,-.206,.567,.057,.084,-2.953,-2.623,-2.955,-2.559,93,97.3,2.027,2.311,100.8,105.4,490,2.894,2.974,-8.95,-9.33,-9.87,-10.5,-11.06,-11.51,-11.77,-11.75,-11.48,-11.57,-8.59,-8.36,-3.302,-2.973,-1.738,13.85
11,152,100,.341,.759,-.651,-6.745,-.242,.334,.074,.054,-3.932,-3.606,-4.053,-3.64,88.5,92.7,2.895,3.176,93.2,97.4,490.1,2.903,2.981,-8.99,-9.36,-9.92,-10.55,-11.11,-11.57,-11.83,-11.81,-11.54,-11.63,-8.65,-8.41,-4.522,-4.663,-2.918,13.64
11,152,200,.186,.394,-.922,-4.573,-.128,.18,.049,.032,-2.814,-2.697,-2.966,-2.734,83.2,87.1,4.502,4.757,98.4,99.7,486.9,2.896,2.97,-9.05,-9.46,-9.98,-10.58,-11.13,-11.58,-11.83,-11.81,-11.54,-11.63,-8.65,-8.42,-4.404,-3.163,-2.463,13.6
11,152,300,.074,.157,-1.87,-7.22,-.268,.113,.027,.008,-4.822,-4.673,-4.987,-4.723,79.5,83.2,6.124,6.492,88.8,90.5,489.3,2.902,2.981,-9.01,-9.39,-9.93,-10.56,-11.12,-11.57,-11.84,-11.81,-11.54,-11.63,-8.65,-8.41,-5.141,-5.53,-4.595,13.51
11,152,400,.122,.208,-.935,-9.55,-.291,.108,.012,.006,-7.47,-7.36,-7.6,-7.34,82.8,86.4,6.72,7.08,80.7,81.1,485.8,2.917,2.998,-9.06,-9.43,-9.98,-10.62,-11.17,-11.62,-11.89,-11.86,-11.59,-11.68,-8.71,-8.47,-6.263,-7.92,-7.12,13.41
11,152,500,.186,.289,-.861,-9.28,-.298,.149,.01,.019,-6.788,-6.657,-6.866,-6.665,81.6,85.6,7.39,7.75,96.2,97.6,487.2,2.914,2.994,-9.14,-9.54,-10.09,-10.69,-11.24,-11.69,-11.94,-11.92,-11.65,-11.74,-8.78,-8.54,-6.691,-7.26,-6.525,13.34
11,152,600,.186,.349,-1.213,-9.01,-.291,.248,.01,.037,-6.625,-6.49,-6.686,-6.468,79.3,83,8,8.35,95.6,97.4,487.2,2.911,2.997,-9.16,-9.57,-10.11,-10.7,-11.25,-11.7,-11.95,-11.92,-11.65,-11.74,-8.79,-8.55,-6.828,-7.16,-6.425,13.29
11,152,700,.665,1.182,-1.78,-8.19,-.26,.469,.008,.088,-5.941,-5.799,-5.893,-5.646,76.4,80,7.54,7.88,100.1,103.3,484.9,2.907,2.992,-9.16,-9.58,-10.12,-10.7,-11.24,-11.69,-11.94,-11.91,-11.64,-11.73,-8.78,-8.55,-6.693,-5.735,-5.353,13.27
11,152,800,.934,1.822,-1.331,-7.27,-.226,.804,.02,.137,-5.48,-5.378,-5.443,-5.228,78.8,82.8,7.55,7.89,97.5,98.7,484.4,2.904,2.99,-9.13,-9.55,-10.09,-10.67,-11.21,-11.66,-11.91,-11.88,-11.61,-11.7,-8.75,-8.52,-6.269,-4.944,-4.797,13.39
11,152,900,1.21,2.495,-.221,-6.162,-.19,1.255,.01,.135,-4.731,-4.637,-4.692,-4.476,79.2,83.1,7.94,8.3,93.1,94.1,487.5,2.901,2.987,-9.12,-9.54,-10.06,-10.64,-11.19,-11.63,-11.88,-11.85,-11.58,-11.67,-8.71,-8.49,-5.783,-4.037,-3.925,13.62
11,152,1000,1.363,2.836,.098,-5.346,-.213,1.65,.007,.09,-3.71,-3.613,-3.626,-3.418,79.8,83.8,7.14,7.44,100.7,102.9,486.3,2.894,2.979,-9.09,-9.52,-10.03,-10.61,-11.16,-11.6,-11.85,-11.82,-11.54,-11.64,-8.68,-8.46,-5.31,-2.828,-2.755,13.9
11,152,1100,2.288,4.827,.4,-4.194,-.204,2.49,.022,.548,-2.941,-2.865,-2.757,-2.554,79,83,7.23,7.51,100.2,102.3,483.6,2.89,2.977,-9.09,-9.52,-10.01,-10.59,-11.13,-11.57,-11.82,-11.79,-11.51,-11.61,-8.63,-8.42,-4.665,-1.111,-1.544,13.99
11,152,1200,2.517,5.297,.611,-3.2,-.259,2.847,.056,.363,-2.11,-2.054,-1.81,-1.566,79,83.1,6.399,6.65,103.2,106.4,485.7,2.884,2.971,-9.05,-9.49,-9.96,-10.53,-11.08,-11.52,-11.77,-11.74,-11.46,-11.57,-8.58,-8.37,-3.745,.211,-.269,14.47
11,152,1300,2.943,6.439,.88,-1.252,-.134,3.48,.022,.304,-.605,-.565,-.343,-.138,79.7,83.9,6.459,6.7,109.3,111.3,487.2,2.878,2.964,-9.03,-9.48,-9.91,-10.49,-11.03,-11.48,-11.73,-11.7,-11.41,-11.52,-8.5,-8.3,-2.931,1.677,1.338,13.85
11,152,1400,3.413,7.55,1.024,-.176,-.256,3.938,.083,.362,.429,.463,.817,1.024,77.5,81.7,5.794,5.989,102.7,104.6,485.7,2.873,2.954,-9,-9.46,-9.83,-10.41,-10.96,-11.41,-11.66,-11.63,-11.34,-11.46,-8.42,-8.22,-1.994,3.517,2.73,14