"TOA5","CR1000","CR1000","23832","CR1000.Std.16","CPU:GOES 09.CR1","53420","Table046"
"TIMESTAMP","RECORD","LoggerID","Year","Day_of_Year","Hour","sw_in_Avg","sw_ref_Avg","net_rad_Avg","tc_snow_Avg(1)","tc_snow_Avg(2)","tc_snow_Avg(3)","tc_snow_Avg(4)","tc_snow_Avg(5)","tc_snow_Avg(6)","tc_snow_Avg(7)","tc_snow_Avg(8)","tc_snow_Avg(9)","tc_snow_Avg(10)","tc_air_Avg(1)","tc_air_Avg(2)","t_air_Avg(1)","t_air_Avg(2)","rh_Avg(1)","rh_Avg(2)","U_Avg(1)","U_Avg(2)","Dir_Avg(1)","Dir_Avg(2)","pressure_Avg","SD_1_Avg","SD_2_Avg","sw_in_Max","sw_in_Std","net_rad_Std","tc_air_Max(1)","tc_air_Max(2)","tc_air_Min(1)","tc_air_Min(2)","U_Max(1)","U_Max(2)","U_Std(1)","U_Std(2)","TRef_Avg","Battery"
"TS","RN","","","","","","","","","","","","","","","","","","","","","","","","","","","","","","","","","","","","","","","","","","",""
"","","Smp","Smp","Smp","Smp","Avg","Avg","Avg","Avg","Avg","Avg","Avg","Avg","Avg","Avg","Avg","Avg","Avg","Avg","Avg","Avg","Avg","Avg","Avg","Avg","Avg","Avg","Avg","Avg","Avg","Avg","Max","Std","Std","Max","Max","Min","Min","Max","Max","Std","Std","Avg","Smp"
"2009-05-06 13:00:00",45,1,2009,126,13,2.894,2.623,-0.868,"NAN",-10.8,-10.19,"NAN",-10.28,-7.989,-9.16,"NAN",-10.28,-10.4,-10.77,-10.88,-10.63,-10.8,76.14,75.61,6.977,7.844,101.6,100.6,600,1.263,1.601,3.098,0.153,0.416,-10.23,-10.38,-11.4,-11.47,8.61,9.64,0.653,0.697,-9.79,14.08
"2009-05-06 14:00:00",46,1,2009,126,14,3.053,2.77,-0.96,"NAN",-10.57,-9.49,"NAN",-8.75,-6.677,-7.181,"NAN",-9.17,-7.938,-9.89,-10,-9.65,-9.82,75.63,75.03,5.28,5.976,113.9,116.5,600,1.302,1.599,3.306,0.125,0.312,-9.55,-9.66,-10.3,-10.44,6.867,7.598,0.737,0.802,-8.49,13.72
"2009-05-06 15:00:00",47,1,2009,126,15,3.141,2.855,-1.549,"NAN",-10.31,-8.78,"NAN",-7.351,-5.849,-6.685,"NAN",-8.34,-6.556,-9.23,-9.36,-8.9,-9.13,74.93,74.66,4.597,5.243,120.4,124.1,600,1.3,1.597,3.349,0.098,0.319,-8.9,-9.05,-9.57,-9.69,5.86,6.716,0.476,0.515,-7.319,13.71
"2009-05-06 16:00:00",48,1,2009,126,16,3.245,2.956,-2.348,"NAN",-10.04,-8.24,"NAN",-5.829,-5.362,-7.016,"NAN",-7.753,-5.176,-8.79,-8.91,-8.47,-8.56,73.85,72.8,4.3,4.895,132.8,136.2,600,1.299,1.596,3.449,0.069,0.358,-8.55,-8.67,-8.97,-9.1,5.299,6.076,0.373,0.414,-6.455,13.59
"2009-05-06 17:00:00",49,1,2009,126,17,3.156,2.881,-2.842,"NAN",-9.75,-7.944,"NAN",-6.31,-5.717,-7.134,"NAN",-7.716,-5.206,-8.81,-8.96,-8.49,-8.67,75.51,74.83,4.72,5.372,128.1,131.7,600,1.3,1.596,3.314,0.065,0.233,-8.55,-8.73,-8.93,-9.09,5.73,6.475,0.524,0.563,-6.132,13.65
"2009-05-06 18:00:00",50,1,2009,126,18,2.993,2.72,-3.087,"NAN",-9.54,-7.946,"NAN",-5.627,-5.643,-6.48,"NAN",-7.31,-4.165,-8.53,-8.67,-8.18,-8.39,75.9,75.53,4.214,4.79,125.1,128.1,600,1.299,1.595,3.247,0.124,0.243,-8.37,-8.47,-8.69,-8.89,5.775,6.468,0.684,0.744,-6.216,13.6
"2009-05-06 19:00:00",51,1,2009,126,19,2.66,2.416,-3.304,"NAN",-9.38,-7.985,"NAN",-5.292,-5.857,-5.898,"NAN",-7.076,-3.155,-8.42,-8.5,-7.979,-8.17,76.79,76.49,3.427,3.907,124.3,127.8,600,1.299,1.594,2.872,0.134,0.109,-8.29,-8.38,-8.56,-8.64,4.384,5.037,0.431,0.476,-5.677,13.69
"2009-05-06 20:00:00",52,1,2009,126,20,2.255,2.054,-3.776,"NAN",-9.26,-8.34,"NAN",-5.827,-6.518,-5.886,"NAN",-7.727,-3.968,-8.54,-8.59,-8.15,-8.36,78.32,78.49,3.493,3.995,118.8,121.4,600,1.3,1.595,2.49,0.144,0.233,-8.4,-8.51,-8.74,-8.72,4.645,5.116,0.388,0.406,-5.443,13.83
"2009-05-06 21:00:00",53,1,2009,126,21,1.765,1.62,-4.473,"NAN",-9.21,-8.48,"NAN",-5.959,-7.755,-7.257,"NAN",-8.21,-4.153,-9.12,-9.08,-8.63,-8.63,79,78.61,2.307,2.747,127.5,130.7,600,1.302,1.596,2.001,0.123,0.23,-8.73,-8.72,-9.7,-9.57,3.378,3.894,0.635,0.66,-5.333,14
"2009-05-06 22:00:00",54,1,2009,126,22,1.216,1.134,-4.941,"NAN",-9.16,-8.66,"NAN",-8.91,-9.85,-8.38,"NAN",-9.93,-7.01,-10.14,-10.06,-9.71,-9.82,79.97,80.9,2.246,2.77,107.8,109.4,600,1.304,1.599,1.528,0.147,0.173,-9.48,-9.45,-11.29,-11.06,3.136,3.802,0.334,0.361,-5.768,14.02
"2009-05-06 23:00:00",55,1,2009,126,23,0.758,0.668,-5.794,"NAN",-9.17,-9.35,"NAN",-11.28,-11.71,-10.81,"NAN",-11.68,-10.33,-11.4,-11.06,-11.14,-10.98,83.5,84.5,2.666,3.368,105.4,108,600,1.307,1.603,0.979,0.125,0.256,-10.85,-10.5,-12.03,-11.73,3.423,4.025,0.321,0.363,-7.645,13.83
"2009-05-07 00:00:00",56,1,2009,127,0,0.334,0.308,-5.936,"NAN",-9.3,-10.31,"NAN",-13.04,-13.68,-12.96,"NAN",-13.53,-12.84,-13.06,-12.46,-12.83,-12.47,87.4,89,2.506,3.205,87.9,90.2,600,1.31,1.607,0.536,0.105,0.179,-11.91,-11.5,-14.38,-13.7,3.129,3.946,0.183,0.218,-10.12,13.72
"2009-05-07 01:00:00",57,1,2009,127,1,0.099,0.092,-4.07,"NAN",-9.52,-11.33,"NAN",-14.79,-14.89,-14.59,"NAN",-14.72,-14.58,-14.25,-13.65,-14.29,-13.82,91.9,93,3.454,4.251,89.1,90.6,600,1.313,1.611,0.174,0.033,0.768,-13.84,-13.03,-14.58,-14.22,4.351,5.312,0.31,0.335,-12.84,13.62
"2009-05-07 02:00:00",58,1,2009,127,2,0.027,0.024,-1.575,"NAN",-9.8,-11.89,"NAN",-14.09,-14.11,-14.03,"NAN",-14.07,-14.01,-13.74,-13.4,-13.83,-13.68,92.7,93.4,3.778,4.548,95.7,97.6,600,1.311,1.609,0.06,0.017,0.931,-12.5,-12.27,-14.52,-14.1,4.495,5.455,0.419,0.469,-14.5,13.53
"2009-05-07 03:00:00",59,1,2009,127,3,0.004,0.002,-0.313,"NAN",-10.01,-11.56,"NAN",-12.28,-12.27,-12.25,"NAN",-12.31,-12.24,-12.1,-11.98,-12.14,-12.21,93.4,93.9,3.692,4.333,115.5,117.8,600,1.306,1.604,0.007,0.001,0.157,-11.86,-11.75,-12.53,-12.39,4.332,4.92,0.25,0.268,-13.52,13.47
"2009-05-07 04:00:00",60,1,2009,127,4,0.003,0.001,-0.028,"NAN",-10.1,-11.22,"NAN",-11.68,-11.67,-11.66,"NAN",-11.7,-11.67,-11.58,-11.51,-11.68,-11.77,94.8,94.8,3.2,3.792,137.8,143.2,600,1.306,1.603,0.003,0,0.12,-11.17,-11.1,-12.05,-11.97,4.41,5.155,0.378,0.41,-12.36,13.42
"2009-05-07 05:00:00",61,1,2009,127,5,0.008,0.007,-0.211,"NAN",-10.13,-11.02,"NAN",-11.66,-11.65,-11.61,"NAN",-11.66,-11.63,-11.55,-11.52,-11.63,-11.73,94,94.2,2.591,3.13,158.4,162.4,600,1.306,1.604,0.017,0.005,0.127,-11.32,-11.28,-11.84,-11.8,3.972,4.671,0.485,0.556,-11.76,13.36
"2009-05-07 06:00:00",62,1,2009,127,6,0.034,0.031,-0.408,"NAN",-10.16,-11.08,"NAN",-12.1,-12.09,-12.05,"NAN",-12.08,-12.05,-11.98,-11.93,-12,-12.13,93.2,93.5,2.574,3.055,123.4,127.5,600,1.307,1.605,0.067,0.013,0.235,-11.74,-11.71,-12.33,-12.26,3.188,3.757,0.265,0.288,-11.84,13.32
"2009-05-07 07:00:00",63,1,2009,127,7,0.114,0.105,-0.193,"NAN",-10.19,-11.23,"NAN",-12.36,-12.34,-12.31,"NAN",-12.37,-12.31,-12.29,-12.24,-12.32,-12.4,92.9,93.3,2.829,3.365,117.2,120.2,600,1.308,1.606,0.198,0.037,0.218,-12.17,-12.11,-12.4,-12.37,3.894,4.678,0.442,0.491,-12.23,13.33
"2009-05-07 08:00:00",64,1,2009,127,8,0.297,0.277,0.098,"NAN",-10.23,-11.25,"NAN",-12.49,-12.42,-12.45,"NAN",-12.53,-12.47,-12.52,-12.52,-12.51,-12.68,92.6,92.9,3.752,4.358,111,111.9,600,1.308,1.607,0.429,0.069,0.05,-12.35,-12.32,-12.8,-12.8,5.272,5.958,0.431,0.462,-12.24,13.44
"2009-05-07 09:00:00",65,1,2009,127,9,0.574,0.536,0.121,"NAN",-10.27,-11.33,"NAN",-12.85,-12.72,-12.9,"NAN",-12.99,-12.94,-13.07,-13.11,-13.03,-13.25,91.9,92.2,4.649,5.263,101.1,99.7,600,1.309,1.609,0.738,0.079,0.049,-12.76,-12.79,-13.24,-13.28,5.86,6.396,0.455,0.467,-12.33,13.66
"2009-05-07 10:00:00",66,1,2009,127,10,0.927,0.858,-0.007,"NAN",-10.3,-11.34,"NAN",-12.64,-12.41,-12.91,"NAN",-12.95,-12.87,-13.23,-13.31,-13.09,-13.36,89.9,89.8,5.248,6.002,95.9,95.2,600,1.31,1.609,1.19,0.125,0.117,-13.1,-13.18,-13.36,-13.46,6.729,7.709,0.559,0.598,-12.37,13.94
"2009-05-07 11:00:00",67,1,2009,127,11,1.469,1.356,0.356,"NAN",-10.31,-11.15,"NAN",-12.04,-11.56,-12.33,"NAN",-12.42,-12.28,-12.95,-13.04,-12.75,-13,84.8,84,5.461,6.213,96.7,96.3,600,1.31,1.609,1.777,0.191,0.211,-12.63,-12.72,-13.35,-13.45,6.553,7.455,0.386,0.41,-11.94,14.16
"2009-05-07 12:00:00",68,1,2009,127,12,2.101,1.936,0.6,"NAN",-10.28,-10.73,"NAN",-11.61,-10.38,-11.76,"NAN",-11.99,-11.9,-12.71,-12.87,-12.52,-12.83,79.83,80.2,5.391,6.084,84.9,84.6,600,1.31,1.609,2.863,0.204,0.252,-12.59,-12.76,-12.82,-12.99,6.612,7.376,0.455,0.497,-11.05,14.34
"2009-05-07 13:00:00",69,1,2009,127,13,2.509,2.31,0.147,"NAN",-10.22,-10.39,"NAN",-11.4,-9.66,-11.3,"NAN",-11.79,-11.66,-12.7,-12.89,-12.45,-12.8,79.33,79.89,5.771,6.532,83.7,82,600,1.31,1.607,3.373,0.21,0.587,-12.52,-12.71,-12.93,-13.15,6.795,8,0.463,0.505,-10.34,14.41
"2009-05-07 14:00:00",70,1,2009,127,14,2.998,2.755,-0.076,"NAN",-10.16,-10.28,"NAN",-11.18,-9.02,-10.74,"NAN",-11.64,-11.22,-12.78,-13.02,-12.54,-12.91,78.25,78.66,6.171,6.903,85.8,85.1,600,1.31,1.609,4.781,0.372,0.713,-12.34,-12.59,-13.16,-13.42,7.363,8.09,0.501,0.545,-10.09,13.78
"2009-05-07 15:00:00",71,1,2009,127,15,3.246,2.959,-1.387,"NAN",-10.1,-10.11,"NAN",-11.01,-8.79,-10.54,"NAN",-11.61,-10.96,-12.74,-13.04,-12.53,-12.91,76.63,77.2,5.924,6.6,95.7,95.6,600,1.31,1.61,3.768,0.34,0.754,-12.21,-12.54,-13.33,-13.56,7.507,8.31,0.671,0.729,-9.99,13.7
"2009-05-07 16:00:00",72,1,2009,127,16,3.356,3.047,-2.213,"NAN",-10.04,-9.66,"NAN",-10.03,-8.33,-9.49,"NAN",-11.13,-9.49,-12.13,-12.44,-11.91,-12.3,77.58,78.05,5.284,5.91,105.3,104.7,600,1.309,1.609,3.373,0.012,0.181,-11.84,-12.17,-12.35,-12.69,6.311,7.049,0.443,0.48,-9.66,13.61
"2009-05-07 17:00:00",73,1,2009,127,17,3.255,2.951,-2.602,"NAN",-9.92,-9.3,"NAN",-9.39,-8.22,-9.52,"NAN",-10.64,-8.98,-11.87,-12.18,-11.59,-12,75.05,75.74,4.904,5.473,103.5,103.2,600,1.309,1.608,3.332,0.049,0.131,-11.7,-12,-12.03,-12.36,6.226,6.782,0.419,0.45,-9.36,13.62
"2009-05-07 18:00:00",74,1,2009,127,18,3.023,2.733,-2.676,"NAN",-9.82,-9.32,"NAN",-9.49,-8.29,-9.55,"NAN",-10.31,-8.95,-11.67,-11.92,-11.38,-11.79,74.65,75.3,4.989,5.54,92.9,92.2,600,1.309,1.607,3.161,0.085,0.092,-11.29,-11.55,-11.99,-12.27,6.527,7.245,0.56,0.628,-9.48,13.68
"2009-05-07 19:00:00",75,1,2009,127,19,2.677,2.424,-3.145,"NAN",-9.76,-9.44,"NAN",-9.43,-8.34,-8.7,"NAN",-9.75,-7.866,-11.06,-11.29,-10.76,-11.14,76.33,77.35,4.358,4.858,96.9,96.6,600,1.307,1.605,2.863,0.116,0.257,-10.88,-11.08,-11.37,-11.61,5.325,5.841,0.359,0.386,-8.96,13.64
"2009-05-07 20:00:00",76,1,2009,127,20,2.236,2.036,-4.117,"NAN",-9.72,-9.63,"NAN",-9.74,-9.21,-9.12,"NAN",-10.36,-8.1,-11.05,-11.19,-10.79,-11.05,77.4,77.89,4.882,5.5,107.2,106.8,600,1.308,1.605,2.467,0.134,0.235,-10.9,-11.07,-11.22,-11.32,5.769,6.344,0.312,0.323,-8.41,13.79
"2009-05-07 21:00:00",77,1,2009,127,21,1.749,1.612,-4.841,"NAN",-9.72,-9.84,"NAN",-10.79,-10.5,-10.27,"NAN",-11.1,-9.48,-11.52,-11.58,-11.33,-11.51,77.79,78.04,5.487,6.161,103.6,104.6,600,1.31,1.606,1.998,0.146,0.134,-11.17,-11.27,-11.87,-11.94,6.677,7.317,0.44,0.47,-8.51,14.25
"2009-05-07 22:00:00",78,1,2009,127,22,1.24,1.166,-5.235,"NAN",-9.77,-10.2,"NAN",-11.58,-11.8,-11.49,"NAN",-11.98,-10.8,-12.08,-12.07,-11.93,-12.06,76.67,76.96,5.714,6.415,96.9,96.3,600,1.265,1.608,1.495,0.145,0.172,-11.83,-11.85,-12.68,-12.63,6.657,7.5,0.335,0.338,-9.34,14.02
"2009-05-07 23:00:00",79,1,2009,127,23,0.773,0.69,-5.996,"NAN",-9.83,-10.73,"NAN",-12.6,-13.29,-12.94,"NAN",-13.35,-12.69,-13.26,-13.18,-13.1,-13.19,77.94,78.11,5.175,5.858,89.1,88.7,600,1.265,1.611,0.989,0.123,0.216,-12.46,-12.37,-14.29,-14.24,6.213,6.984,0.531,0.56,-10.51,13.84
"2009-05-08 00:00:00",80,1,2009,128,0,0.355,0.328,-6.248,"NAN",-9.97,-11.7,"NAN",-14.52,-15,-14.67,"NAN",-14.92,-14.65,-14.73,-14.61,-14.67,-14.72,78.79,78.75,5.753,6.5,86.9,85.3,600,1.307,1.615,0.557,0.107,0.113,-14.27,-14.17,-15.37,-15.26,6.625,7.455,0.393,0.421,-12.51,13.72
"2009-05-08 01:00:00",81,1,2009,128,1,0.098,0.093,-5.032,"NAN",-10.2,-12.5,"NAN",-16.16,-16.26,-15.99,"NAN",-16.1,-16.01,-15.84,-15.67,-15.86,-15.86,78.93,78.61,6.109,6.944,87.5,85.9,600,1.307,1.619,0.188,0.042,0.345,-15.28,-15.07,-16.24,-16.15,7.304,7.925,0.354,0.401,-14.66,13.61
"2009-05-08 02:00:00",82,1,2009,128,2,0.022,0.02,-4.611,"NAN",-10.48,-12.92,"NAN",-15.89,-15.95,-15.77,"NAN",-15.82,-15.77,-15.42,-15.19,-15.52,-15.43,78.02,77.22,6.981,7.935,80.2,78.34,600,1.305,1.617,0.044,0.009,0.039,-14.82,-14.53,-16,-15.79,7.833,8.92,0.299,0.31,-16.04,13.52
"2009-05-08 03:00:00",83,1,2009,128,3,0.007,0.006,-4.505,"NAN",-10.72,-13.13,"NAN",-16.42,-16.47,-16.3,"NAN",-16.34,-16.29,-15.94,-15.71,-16.03,-15.96,78.08,77.25,6.834,7.778,79.62,78.82,600,1.308,1.619,0.013,0.002,0.026,-15.56,-15.28,-16.24,-16.04,7.644,8.66,0.325,0.331,-16.59,13.46
"2009-05-08 04:00:00",84,1,2009,128,4,0.005,0.004,-4.515,"NAN",-10.95,-13.32,"NAN",-16.09,-16.13,-15.97,"NAN",-16.02,-15.97,-15.58,-15.34,-15.66,-15.59,78.63,77.86,7.238,8.22,79.85,78.99,600,1.308,1.618,0.007,0.002,0.021,-15.15,-14.9,-16.12,-15.89,8.62,9.79,0.514,0.538,-16.8,13.41
"2009-05-08 05:00:00",85,1,2009,128,5,0.012,0.011,-4.441,"NAN",-11.14,-13.29,"NAN",-15.79,-15.8,-15.69,"NAN",-15.72,-15.69,-15.32,-15.12,-15.41,-15.37,81.1,80.9,8.58,9.62,85.4,83.7,600,1.309,1.617,0.023,0.005,0.023,-14.92,-14.7,-15.6,-15.39,9.87,10.86,0.452,0.464,-16.49,13.36
"2009-05-08 06:00:00",86,1,2009,128,6,0.047,0.042,-4.36,"NAN",-11.3,-13.29,"NAN",-15.67,-15.67,-15.58,"NAN",-15.6,-15.59,-15.22,-15.02,-15.31,-15.26,81.5,81.4,9.05,10.16,84.9,83,600,1.307,1.617,0.094,0.019,0.023,-14.76,-14.45,-15.51,-15.36,10.32,11.5,0.538,0.575,-16.2,13.32
"2009-05-08 07:00:00",87,1,2009,128,7,0.166,0.155,-4.522,"NAN",-11.43,-13.21,"NAN",-15.44,-15.4,-15.36,"NAN",-15.37,-15.37,-15.04,-14.84,-15.11,-15.04,82.5,82.3,9.61,10.77,85.4,85.6,600,1.288,1.619,0.272,0.05,0.149,-14.56,-14.26,-15.67,-15.56,11.83,13.13,0.811,0.901,-15.83,13.34
"2009-05-08 08:00:00",88,1,2009,128,8,0.493,0.423,-3.436,"NAN",-11.53,-13.09,"NAN",-15.11,-15,-14.98,"NAN",-14.91,-14.99,-14.78,-14.65,-14.81,-14.85,83.2,83.3,10.83,12.12,88.4,88.2,600,1.275,1.619,0.741,0.161,0.38,-14.23,-13.97,-15.14,-14.98,14.06,15.41,0.658,0.703,-15.4,13.43
"2009-05-08 09:00:00",89,1,2009,128,9,0.952,0.824,-2.209,"NAN",-11.58,-12.91,"NAN",-14.69,-14.43,-14.71,"NAN",-14.7,-14.72,-14.53,-14.43,-14.5,-14.55,83.9,83,11.61,12.95,87.9,87.8,600,1.249,1.62,1.218,0.135,0.301,-14.26,-14.1,-14.84,-14.75,13.53,15.25,0.804,0.879,-14.77,13.63
"2009-05-08 10:00:00",90,1,2009,128,10,1.454,1.326,-1.367,"NAN",-11.58,-12.67,"NAN",-13.74,-13.21,-13.9,"NAN",-13.88,-13.92,-13.89,-13.85,-13.85,-13.99,84.9,83.9,12.27,13.73,89.8,88.5,600,1.028,1.619,1.875,0.208,0.335,-12.96,-12.93,-14.44,-14.42,14.67,16.57,0.822,0.9,-14.01,13.93
"2009-05-08 11:00:00",91,1,2009,128,11,1.747,1.577,-1.969,"NAN",-11.53,-12.07,"NAN",-12.31,-11.63,-12.62,"NAN",-12.55,-12.68,-12.55,-12.48,-12.51,-12.6,83.3,81.7,12.64,14.11,91.3,90.3,600,1.02,1.619,2.334,0.405,0.667,-12.07,-11.97,-13.1,-13.11,14.18,15.84,0.666,0.711,-12.85,14.09
"2009-05-08 12:00:00",92,1,2009,128,12,2.364,2.137,-1.684,"NAN",-11.38,-11.47,"NAN",-11.45,-10.24,-11.65,"NAN",-11.63,-11.88,-11.7,-11.64,-11.64,-11.7,81.1,78.07,12.12,13.63,94.9,94.8,600,0.883,1.62,2.77,0.177,0.584,-11.09,-11.04,-12.19,-12.14,14.11,15.52,0.746,0.794,-11.54,14.32
"2009-05-08 13:00:00",93,1,2009,128,13,2.811,2.538,-1.557,"NAN",-11.16,-10.76,"NAN",-10.3,-8.85,-10.06,"NAN",-10.56,-10.61,-10.64,-10.59,-10.56,-10.63,81.8,77.84,12.31,13.84,101.4,101.2,600,0.926,1.622,3.185,0.186,0.401,-9.97,-10.03,-11.21,-11.16,14.5,16.21,0.818,0.907,-10.34,13.88
"2009-05-08 14:00:00",94,1,2009,128,14,2.938,2.657,-1.418,"NAN",-10.88,-10.15,"NAN",-8.97,-7.969,-8.84,"NAN",-9.55,-9.41,-9.67,-9.61,-9.61,-9.68,83.1,77.63,12.61,14.21,103.8,102.8,600,0.761,1.595,3.674,0.323,0.925,-8.99,-8.87,-10.2,-10.16,14.66,16.6,0.901,0.988,-9.14,13.79
"2009-05-08 15:00:00",95,1,2009,128,15,2.738,2.488,-0.838,"NAN",-10.6,-9.5,"NAN",-7.676,-7.464,-8.36,"NAN",-8.56,-8.43,-8.62,-8.56,-8.56,-8.63,80.8,76.75,11.66,13.11,104.8,103.9,600,1.097,1.598,3.838,0.356,0.983,-8.07,-8.03,-9.27,-9.24,14.22,16.39,1.011,1.121,-7.994,13.92
"2009-05-08 16:00:00",96,1,2009,128,16,3.125,2.83,-0.799,"NAN",-10.3,-8.91,"NAN",-6.524,-6.25,-7.236,"NAN",-7.569,-7.265,-7.703,-7.652,-7.636,-7.713,82,78.28,12.35,13.86,102.5,101.1,600,1.083,1.612,4.099,0.439,1.089,-7.158,-7.088,-8.37,-8.34,14.5,16,0.762,0.827,-6.82,13.84
"2009-05-08 17:00:00",97,1,2009,128,17,2.257,2.05,-0.951,"NAN",-9.96,-8.47,"NAN",-6.188,-6.163,-6.726,"NAN",-6.994,-6.691,-7.026,-6.953,-7.016,-7.08,87.1,83.2,13.14,14.8,112.9,112.4,600,1.172,1.613,3.811,0.688,0.668,-6.816,-6.667,-7.339,-7.219,15.2,17.52,0.743,0.86,-5.972,14.13
"2009-05-08 18:00:00",98,1,2009,128,18,1.695,1.576,-0.833,"NAN",-9.68,-8.26,"NAN",-5.358,-5.507,-5.8,"NAN",-6.048,-5.634,-6.156,-6.137,-6.252,-6.328,95.8,95.5,11.21,12.71,126.3,129.3,600,1.231,1.578,1.954,0.13,0.217,-5.434,-5.422,-6.933,-6.918,13.65,15.52,1.058,1.178,-5.667,14.17
"2009-05-08 19:00:00",99,1,2009,128,19,1.528,1.426,-0.428,"NAN",-9.43,-7.761,"NAN",-4.452,-4.712,-5.046,"NAN",-5.079,-4.785,-5.263,-5.267,-5.304,-5.399,96.6,96.4,9.31,10.73,149.2,153.3,600,1.304,1.551,2.041,0.238,0.274,-5.09,-5.114,-5.477,-5.489,13.27,15.25,1.473,1.696,-4.685,14.19
"2009-05-08 20:00:00",100,1,2009,128,20,1.904,1.763,-0.22,"NAN",-9.2,-7.288,"NAN",-3.58,-4.142,-4.472,"NAN",-4.573,-3.856,-4.836,-4.847,-4.825,-4.887,96.1,95,8.27,9.43,142.7,145.9,600,1.305,1.574,3.183,0.396,0.822,-4.49,-4.466,-5.379,-5.469,10.06,11.27,0.638,0.707,-3.754,14.19
"2009-05-08 21:00:00",101,1,2009,128,21,1.092,1.015,-0.039,"NAN",-8.98,-7.086,"NAN",-3.797,-4.114,-4.308,"NAN",-4.39,-3.958,-4.578,-4.595,-4.606,-4.694,96.9,96.4,6.396,7.337,145.1,148.6,600,1.306,1.603,1.907,0.262,0.23,-4.448,-4.464,-4.656,-4.675,8.12,9.45,0.771,0.857,-3.246,13.99
"2009-05-08 22:00:00",102,1,2009,128,22,0.709,0.661,-0.054,"NAN",-8.8,-7.327,"NAN",-3.955,-4.085,-4.21,"NAN",-4.246,-4.024,-4.297,-4.264,-4.39,-4.465,97.4,96.6,8.06,9.27,147,152.3,600,1.305,1.581,1.116,0.146,0.301,-4.089,-4.054,-4.53,-4.548,10.38,11.98,1.196,1.4,-3.426,13.89
"2009-05-08 23:00:00",103,1,2009,128,23,0.44,0.409,-0.309,"NAN",-8.64,-7.351,"NAN",-4.608,-4.666,-4.735,"NAN",-4.718,-4.637,-4.692,-4.625,-4.827,-4.871,97.1,95.5,8.95,10.43,152.7,157.5,600,1.304,1.53,0.586,0.075,0.165,-4.444,-4.335,-5.036,-5.019,12.41,14.1,1.315,1.536,-3.774,13.8
"2009-05-09 00:00:00",104,1,2009,129,0,0.205,0.19,-0.633,"NAN",-8.53,-7.445,"NAN",-5.4,-5.394,-5.435,"NAN",-5.42,-5.396,-5.352,-5.281,-5.501,-5.565,97.2,95.6,9.98,11.47,148.7,152,600,1.303,1.497,0.365,0.07,0.093,-4.939,-4.83,-5.721,-5.666,11.58,13.43,0.572,0.634,-4.439,13.68
"2009-05-09 01:00:00",105,1,2009,129,1,0.061,0.055,-0.599,"NAN",-8.48,-7.62,"NAN",-6.212,-6.2,-6.214,"NAN",-6.196,-6.21,-6.109,-6.041,-6.263,-6.328,96.6,94.9,9.45,10.85,148.3,151.1,600,1.305,1.515,0.09,0.013,0.198,-5.654,-5.567,-6.581,-6.558,11.26,12.79,0.781,0.879,-5.291,13.58
"2009-05-09 02:00:00",106,1,2009,129,2,0.016,0.014,-0.708,"NAN",-8.5,-7.95,"NAN",-7.263,-7.243,-7.231,"NAN",-7.22,-7.231,-7.136,-7.093,-7.285,-7.381,96.1,95.4,8.7,9.94,143,147.4,600,1.307,1.523,0.027,0.006,0.129,-6.543,-6.508,-7.685,-7.664,10.31,11.58,0.609,0.673,-6.15,13.5
"2009-05-09 03:00:00",107,1,2009,129,3,0.005,0.003,-0.491,"NAN",-8.56,-8.49,"NAN",-8.02,-8.01,-8,"NAN",-7.998,-8.01,-7.942,-7.914,-8.11,-8.22,95.9,95.8,9.55,10.91,143.9,147.1,600,1.31,1.532,0.01,0.002,0.111,-7.624,-7.572,-8.18,-8.15,13.3,14.99,0.941,1.075,-7.119,13.44
"2009-05-09 04:00:00",108,1,2009,129,4,0.003,0.003,-0.217,"NAN",-8.65,-8.73,"NAN",-8.32,-8.31,-8.32,"NAN",-8.33,-8.32,-8.29,-8.27,-8.41,-8.56,95.9,96.1,9.9,11.44,151.1,155,600,1.312,1.54,0.007,0.001,0.064,-8.14,-8.02,-8.4,-8.42,12.47,14.07,0.845,0.953,-7.786,13.39
"2009-05-09 05:00:00",109,1,2009,129,5,0.007,0.006,-0.122,"NAN",-8.75,-8.83,"NAN",-8.31,-8.3,-8.32,"NAN",-8.33,-8.31,-8.29,-8.29,-8.43,-8.59,96,96.3,10.7,12.27,162.3,165.4,600,1.313,1.534,0.013,0.003,0.048,-8.19,-8.18,-8.4,-8.41,14.14,16.17,1.319,1.453,-8.11,13.34
"2009-05-09 06:00:00",110,1,2009,129,6,0.028,0.026,0.094,"NAN",-8.83,-8.87,"NAN",-8.34,-8.34,-8.36,"NAN",-8.36,-8.35,-8.34,-8.35,-8.45,-8.63,95.9,96.2,9.02,10.35,171.4,174.6,600,1.252,1.434,0.054,0.011,0.073,-8.2,-8.17,-8.5,-8.51,13.54,15.73,1.505,1.765,-8.2,13.29
"2009-05-09 07:00:00",111,1,2009,129,7,0.123,0.116,0.486,"NAN",-8.88,-9.05,"NAN",-8.69,-8.72,-8.73,"NAN",-8.74,-8.71,-8.73,-8.73,-8.81,-8.99,95.6,95.8,10.59,12,162.5,166,600,1.189,1.393,0.201,0.05,0.119,-8.46,-8.49,-9,-9.01,14.57,16.34,1.213,1.365,-8.3,13.31
"2009-05-09 08:00:00",112,1,2009,129,8,0.326,0.306,0.818,"NAN",-8.94,-9.27,"NAN",-8.84,-8.92,-8.93,"NAN",-8.95,-8.89,-8.97,-8.98,-9.06,-9.24,95.3,95.5,10.41,11.84,160.8,164.6,600,1.187,1.376,0.513,0.104,0.307,-8.87,-8.85,-9.13,-9.14,13.33,15.12,0.981,1.115,-8.52,13.42
"2009-05-09 09:00:00",113,1,2009,129,9,0.71,0.667,1.212,"NAN",-9,-9.48,"NAN",-8.79,-9.09,-9.12,"NAN",-9.14,-9.02,-9.25,-9.28,-9.3,-9.47,94.9,95,9.79,11.08,161.9,164.3,600,1.168,1.367,1.133,0.219,0.205,-9.09,-9.1,-9.35,-9.39,12.17,13.58,0.9,1.02,-8.62,13.73
"2009-05-09 10:00:00",114,1,2009,129,10,1.21,1.139,1.289,"NAN",-9.04,-9.33,"NAN",-8.57,-9.09,-9.22,"NAN",-9.2,-9.06,-9.47,-9.53,-9.49,-9.67,94.5,94.4,9.89,11.17,158.4,160.6,600,1.184,1.379,1.378,0.09,0.179,-9.28,-9.34,-9.64,-9.69,12.3,13.81,1,1.129,-8.5,14.01
"2009-05-09 11:00:00",115,1,2009,129,11,1.214,1.145,1.009,"NAN",-9.06,-9.37,"NAN",-8.67,-9.3,-9.45,"NAN",-9.42,-9.28,-9.74,-9.81,-9.74,-9.92,94.3,94.2,9.11,10.28,158.1,160.3,600,1.205,1.389,1.358,0.08,0.191,-9.59,-9.64,-9.9,-9.96,11.09,12.39,0.829,0.925,-8.44,14.06
"2009-05-09 12:00:00",116,1,2009,129,12,2.081,1.958,0.591,"NAN",-9.1,-9.12,"NAN",-8.44,-8.8,-9.17,"NAN",-9.22,-9,-9.75,-9.86,-9.64,-9.82,93.7,93.1,8.02,9.06,156.2,160.2,600,1.215,1.396,3.054,0.454,1.249,-9.51,-9.67,-10.05,-10.14,9.7,11.01,0.758,0.835,-8.32,14.29
"2009-05-09 13:00:00",117,1,2009,129,13,2.594,2.45,0.612,"NAN",-9.09,-8.9,"NAN",-8.02,-8.31,-8.65,"NAN",-8.87,-8.49,-9.63,-9.77,-9.49,-9.64,92.8,91.7,6.898,7.738,160.7,163.7,600,1.216,1.398,3.483,0.355,1.287,-9.3,-9.44,-9.94,-10.04,8.19,9.02,0.501,0.542,-7.669,14.34
"2009-05-09 14:00:00",118,1,2009,129,14,2.594,2.461,0.073,"NAN",-9.06,-8.67,"NAN",-7.391,-7.875,-8.4,"NAN",-8.51,-8.06,-9.66,-9.83,-9.44,-9.69,92.7,91.7,6.054,6.875,179,182.5,600,1.217,1.401,3.419,0.304,0.831,-9.45,-9.62,-9.89,-10.07,8.04,8.94,0.808,0.884,-7.076,14.37
"2009-05-09 15:00:00",119,1,2009,129,15,2.921,2.776,-0.078,"NAN",-9.03,-8.56,"NAN",-6.657,-5.616,-7.56,"NAN",-6.424,-7.257,-9.56,-9.81,-9.22,-9.54,92.9,91.7,5.082,5.759,195.5,197.3,600,1.219,1.403,3.858,0.352,0.722,-9.11,-9.38,-10.08,-10.36,6.546,7.389,0.518,0.576,-6.495,14.03
"2009-05-09 16:00:00",120,1,2009,129,16,2.868,2.734,0.207,"NAN",-8.98,-8.66,"NAN",-6.841,-5.048,-7.974,"NAN",-6.437,-7.7,-10.19,-10.4,-9.82,-10.18,92.8,91.9,5.137,5.812,199.6,201.3,600,1.225,1.407,5.39,0.534,1.135,-9.89,-10.04,-10.45,-10.71,6.664,7.683,0.696,0.795,-6.393,13.83
"2009-05-09 17:00:00",121,1,2009,129,17,2.371,2.262,0.067,"NAN",-8.96,-8.58,"NAN",-6.797,-5.846,-8.69,"NAN",-6.724,-8.37,-10.56,-10.74,-10.27,-10.6,92.9,92.2,4.446,5.041,195.8,197.9,600,1.228,1.409,2.779,0.126,0.322,-10.33,-10.5,-10.71,-10.91,5.259,5.952,0.312,0.344,-6.551,14.16
"2009-05-09 18:00:00",122,1,2009,129,18,2.452,2.341,-0.237,"NAN",-8.96,-8.77,"NAN",-6.782,-5.352,-8.82,"NAN",-6.839,-8.62,-10.67,-10.87,-10.34,-10.71,92.4,91.8,5.039,5.718,200.7,202.7,600,1.23,1.412,3.704,0.394,0.614,-10.34,-10.56,-11.03,-11.21,6.213,6.932,0.449,0.51,-6.969,13.86
"2009-05-09 19:00:00",123,1,2009,129,19,2.137,2.048,-0.74,"NAN",-8.97,-8.91,"NAN",-6.977,-5.987,-9.04,"NAN",-7.344,-8.83,-10.95,-11.15,-10.64,-11,92.3,91.7,4.592,5.244,202.2,203.4,600,1.245,1.414,3.094,0.342,0.985,-10.69,-10.9,-11.16,-11.31,5.593,6.331,0.458,0.505,-7.418,14.13
"2009-05-09 20:00:00",124,1,2009,129,20,1.767,1.686,-0.038,"NAN",-8.99,-9.03,"NAN",-7.015,-7.088,-9.55,"NAN",-7.751,-9.39,-11.1,-11.26,-10.82,-11.16,92.5,92,4.007,4.607,199.5,201.9,600,1.249,1.416,2.504,0.277,0.421,-10.73,-10.92,-11.32,-11.46,5.285,6.161,0.4,0.431,-7.949,14
"2009-05-09 21:00:00",125,1,2009,129,21,1.331,1.27,-0.209,"NAN",-9.03,-9.26,"NAN",-7.09,-7.575,-10.11,"NAN",-8.01,-9.91,-11.31,-11.42,-11.09,-11.39,92.7,92.6,3.588,4.163,193.2,195.4,600,1.246,1.418,2.226,0.314,0.566,-10.94,-11.08,-11.61,-11.68,4.991,5.841,0.439,0.473,-8.29,13.85
"2009-05-09 22:00:00",126,1,2009,129,22,0.987,0.941,-0.459,"NAN",-9.08,-9.51,"NAN",-7.404,-8.37,-10.47,"NAN",-8.69,-10.12,-11.5,-11.57,-11.32,-11.57,92.9,92.9,2.687,3.189,180,182.1,600,1.247,1.42,1.297,0.158,0.463,-11.29,-11.38,-11.68,-11.71,3.613,4.234,0.348,0.378,-9.03,13.76
"2009-05-09 23:00:00",127,1,2009,129,23,0.585,0.554,-0.301,"NAN",-9.13,-9.64,"NAN",-7.762,-9.05,-10.97,"NAN",-9.37,-10.83,-11.75,-11.79,-11.64,-11.87,93,93.1,2.286,2.755,184.2,186.8,600,1.248,1.422,0.778,0.107,0.221,-11.51,-11.57,-11.94,-11.95,3.175,3.665,0.343,0.377,-9.68,13.65
"2009-05-10 00:00:00",128,1,2009,130,0,0.255,0.241,-0.638,"NAN",-9.19,-9.85,"NAN",-8.27,-11.08,-12.14,"NAN",-10.45,-12,-12.43,-12.34,-12.37,-12.49,92.7,93.1,1.811,2.305,173.1,176.7,600,1.236,1.408,0.51,0.111,0.4,-11.92,-11.95,-13.06,-12.85,3.136,3.672,0.512,0.513,-10.58,13.55
"2009-05-10 01:00:00",129,1,2009,130,1,0.062,0.058,-1.186,"NAN",-9.27,-10.21,-76.3,-8.88,-13.24,-13.37,"NAN",-12.01,-13.32,-13.22,-13.07,-13.22,-13.29,92.3,92.9,2.874,3.525,160.4,162.5,600,1.237,1.415,0.094,0.014,1.042,-12.08,-12.04,-14.41,-13.98,4.645,5.403,0.722,0.763,-11.78,13.47
"2009-05-10 02:00:00",130,1,2009,130,2,0.02,0.018,-2.343,"NAN",-9.39,-10.8,"NAN",-9.43,-16.37,-16.51,"NAN",-14.69,-16.39,-16,-15.62,-15.88,-15.76,90,90.8,3.452,4.216,127.8,130.4,600,1.226,1.425,0.037,0.007,0.423,-12.98,-12.93,-17.04,-16.7,4.005,4.795,0.201,0.199,-13.54,13.4
"2009-05-10 03:00:00",131,1,2009,130,3,0.008,0.007,-1.757,"NAN",-9.57,-11.7,-67.65,-10.44,-18.51,-18.45,"NAN",-17.3,-18.35,-17.82,-17.29,-17.8,-17.52,88.7,89.7,3.254,4.043,108.6,109.1,600,1.228,1.409,0.013,0.002,0.154,-17.01,-16.62,-18.81,-18.18,3.796,4.482,0.202,0.194,-16.27,13.35
"2009-05-10 04:00:00",132,1,2009,130,4,0.007,0.006,-1.354,"NAN",-9.79,-12.26,"NAN",-11.41,-18.96,-18.79,"NAN",-18.16,-18.69,-18.08,-17.39,-18.05,-17.6,88.5,89.7,3.112,3.848,101.5,102.2,600,1.235,1.41,0.007,0,0.074,-17.65,-17.08,-18.58,-17.73,3.567,4.338,0.173,0.178,-18.08,13.3
"2009-05-10 05:00:00",133,1,2009,130,5,0.012,0.012,-1.04,"NAN",-10,-12.66,"NAN",-12.04,-19.82,-19.7,"NAN",-19.09,-19.59,-18.82,-17.85,-18.86,-18.07,88,89.3,2.814,3.452,89,90.5,600,1.247,1.413,0.02,0.005,0.067,-17.64,-16.66,-19.95,-18.95,3.136,3.75,0.132,0.136,-19.2,13.26
"2009-05-10 06:00:00",134,1,2009,130,6,0.046,0.045,-0.711,"NAN",-10.19,-12.86,-68.93,-12.47,-19.78,-19.75,"NAN",-19.12,-19.66,-19.1,-18.23,-18.96,-18.31,87.6,88.6,2.902,3.503,84.2,85.9,600,1.242,1.415,0.07,0.015,0.103,-17.83,-16.67,-20.22,-19.69,3.829,4.443,0.485,0.542,-19.72,13.22
"2009-05-10 07:00:00",135,1,2009,130,7,0.107,0.109,-0.681,"NAN",-10.36,-13.2,-68.32,-12.71,-20.18,-20.2,"NAN",-19.8,-20.16,-19.71,-18.94,-19.64,-19.07,87.1,88.1,3.385,4.185,79.69,80.4,600,1.238,1.418,0.158,0.026,0.071,-19.06,-18.18,-19.99,-19.32,3.783,4.613,0.184,0.177,-20.16,13.19
"2009-05-10 08:00:00",136,1,2009,130,8,0.463,0.414,-0.228,"NAN",-10.51,-13.1,-68.43,-12.81,-17.23,-17.89,"NAN",-18.16,-17.94,-17.92,-17.62,-17.84,-17.75,88.4,89.1,4.778,5.574,93,91.4,600,1.232,1.422,0.768,0.188,0.168,-17.44,-17.18,-19.71,-19.08,5.893,6.749,0.564,0.612,-19.79,13.19
"2009-05-10 09:00:00",137,1,2009,130,9,1.027,0.904,-0.09,"NAN",-10.58,-12.77,-63.42,-12.7,-15.77,-18.37,"NAN",-17.39,-18.48,-18.67,-18.46,-18.41,-18.4,86.7,87.4,5.175,6.093,81.9,82.1,600,1.247,1.428,1.634,0.268,0.511,-17.78,-17.68,-19.72,-19.36,6.272,7.272,0.396,0.417,-18.51,13.27
"2009-05-10 10:00:00",138,1,2009,130,10,1.169,1.102,0.028,"NAN",-10.62,-12.47,-57.14,-12.4,-13.53,-16.5,"NAN",-16.22,-16.65,-17.06,-17.1,-16.94,-17.08,87.2,87.4,5.053,5.9,80.8,79.62,600,1.248,1.425,1.808,0.204,0.437,-16.34,-16.42,-18.28,-18.22,5.828,6.762,0.289,0.298,-17.27,13.38
"2009-05-10 11:00:00",139,1,2009,130,11,2.005,1.855,-0.41,"NAN",-10.62,-12.07,-54.69,-12.06,-10.12,-15.88,"NAN",-14.65,-15.99,-16.2,-16.23,-16.07,-16.17,80.5,77.21,6.074,7.03,78.48,78.35,600,1.266,1.432,2.392,0.275,0.915,-15.67,-15.88,-16.99,-17.01,7.585,8.74,0.632,0.69,-15.75,13.72
"2009-05-10 12:00:00",140,1,2009,130,12,2.519,2.312,-1.099,"NAN",-10.58,-11.75,-49.2,-11.67,-10.67,-15.13,"NAN",-13.7,-15.87,-16.09,-16.1,-15.91,-16.01,73.9,71.96,6.267,7.221,75.65,75.44,600,1.285,1.44,2.74,0.13,0.15,-15.97,-15.95,-16.22,-16.23,7.396,8.47,0.431,0.451,-14.44,14.16
"2009-05-10 13:00:00",141,1,2009,130,13,2.926,2.738,-1.326,"NAN",-10.55,-11.57,"NAN",-11.35,-10.65,-14.22,"NAN",-12.88,-15.28,-16.1,-16.22,-15.9,-16.13,73.38,73.23,6.811,7.803,80.7,80.3,600,1.296,1.428,3.095,0.103,0.371,-15.93,-16,-16.26,-16.4,8.32,9.34,0.631,0.679,-13.76,14.46
"2009-05-10 14:00:00",142,1,2009,130,14,3.23,3.062,-2.041,"NAN",-10.54,-11.5,"NAN",-11.08,-10.58,-12.5,"NAN",-11.28,-14.31,-15.63,-15.76,-15.46,-15.69,74.27,73.93,6.836,7.779,78.3,78.37,600,1.308,1.442,3.34,0.071,0.221,-14.92,-15.06,-16.16,-16.29,8.47,9.61,0.558,0.643,-13.36,13.94
"2009-05-10 15:00:00",143,1,2009,130,15,3.409,3.254,-3.405,"NAN",-10.52,-11.09,"NAN",-10.74,-8.59,-10.96,"NAN",-8.96,-12.43,-14.25,-14.42,-14.01,-14.31,72.27,72.06,5.867,6.651,78.12,77.14,600,1.31,1.43,3.46,0.034,0.636,-13.45,-13.63,-15,-15.11,6.965,7.86,0.487,0.544,-12.49,13.84
"2009-05-10 16:00:00",144,1,2009,130,16,3.454,3.345,-4.826,"NAN",-10.45,-10.65,"NAN",-10.21,-8.01,-9.28,"NAN",-7.844,-10.38,-13.11,-13.2,-12.87,-13.1,70.79,70.08,6.11,6.898,74.96,74.43,600,1.307,1.436,3.467,0.01,0.225,-12.7,-12.74,-13.5,-13.67,7.278,8.08,0.418,0.468,-11.56,13.63
