"year" "Swiss_cam" "day" "hour" "sw(V)_in" "sw(V)_out" "T1" "T2" "Hum1" "hum2" "V1(m/s)" "v2(m/s)" "vdir1" "vdir2" "Snowh1" "snowh2"
2007 11 155 1500 3.781 7.47 2.087 2.153 80.6 85 6.393 6.71 121.7 125.9 2.384 2.463
2007 11 155 1600 3.606 7.22 2.399 2.486 80.2 84.7 6.543 6.873 121.2 125.1 2.937 3.031
2007 11 155 1700 3.548 7.22 2.603 2.711 80 84.3 7 7.35 116.2 120 2.937 3.034
2007 11 155 1800 3.296 6.82 2.814 2.942 79.7 84.1 6.746 7.1 119 122.2 2.939 3.038
2007 11 155 1900 2.839 6.004 2.989 3.123 79.7 84.1 8.72 9.14 114.7 118.8 2.943 3.046
2007 11 155 2000 2.406 5.201 3.034 3.163 79.6 83.9 8.77 9.17 113.6 116.6 2.948 3.048
2007 11 155 2100 1.933 4.299 2.812 2.944 80.4 84.7 8.04 8.4 112.3 115.6 2.952 3.051
2007 11 155 2200 1.475 3.355 2.838 2.964 80.9 85.3 7.69 8.02 108.9 112.4 2.951 3.053
2007 11 155 2300 1.065 2.431 2.783 2.908 80.4 84.6 7.74 8.07 108.1 111.4 2.958 3.054
2007 11 156 0 0.719 1.585 2.632 2.752 79.9 84.1 7.84 8.18 101.1 102.3 2.959 3.056
2007 11 156 100 0.427 0.92 2.135 2.251 79.7 84 8.25 8.6 98.3 100 2.962 3.06
2007 11 156 200 0.246 0.362 1.363 1.477 80.4 84.4 8.06 8.39 98.8 101.6 2.968 3.063
2007 11 156 300 0.177 0.242 0.602 0.723 81.8 85.3 8.72 9.05 102.9 105.6 2.972 3.069
2007 11 156 400 0.213 0.314 0.536 0.638 80.8 84.6 9.14 9.5 107.5 109.1 2.974 3.071
2007 11 156 500 0.305 0.407 -0.201 -0.11 78.2 82.3 9.65 10.02 104.2 106.2 2.975 3.078
2007 11 156 600 0.517 0.7 -0.427 -0.326 76.6 80.5 10.04 10.41 101.2 102.8 2.975 3.079
2007 11 156 700 0.847 1.263 -0.205 -0.099 74.8 78.6 10.82 11.25 97.7 100.4 2.966 3.083
2007 11 156 800 1.121 1.808 0.216 0.322 76.1 80 9.68 10.06 102.2 103.8 2.969 3.081
2007 11 156 900 1.762 2.975 0.673 0.756 76.3 80.3 9.84 10.22 103.4 105.3 2.967 3.079
2007 11 156 1000 2.295 4.026 0.782 0.843 78.1 82.2 9.59 9.96 109.1 112.2 2.967 3.079
2007 11 156 1100 2.839 5.133 1.183 1.232 78.5 82.5 9.68 10.07 116.7 120.1 2.966 3.074
2007 11 156 1200 3.387 6.32 1.821 1.877 78.9 83.1 9.27 9.66 118.5 121.9 2.964 3.068
2007 11 156 1300 3.756 7.18 1.835 1.878 79.4 83.6 9.3 9.7 118.4 121.8 2.965 3.067
2007 11 156 1400 3.642 7.1 1.898 1.947 80.1 84.5 8.9 9.29 120.1 123.4 2.964 3.066
2007 11 156 1500 3.386 6.675 2.026 2.092 80.7 85.1 8.45 8.83 123.1 126.2 2.972 3.066
2007 11 156 1600 3.164 6.324 2.091 2.172 81 85.5 7.83 8.17 127.1 130.5 2.978 3.068
2007 11 156 1700 4.059 8.2 2.289 2.388 78.8 83.3 7.86 8.21 128.2 131 2.969 3.07
2007 11 156 1800 3.028 6.115 2.443 2.543 79 83.4 7.85 8.2 127 129.5 2.975 3.074
2007 11 156 1900 2.509 5.078 2.389 2.484 81.3 85.6 7.45 7.8 121.8 125.3 2.98 3.069
2007 11 156 2000 1.473 3.042 2.409 2.506 81.4 85.8 7.25 7.55 130.3 133.3 2.98 3.073
2007 11 156 2100 1.476 3.328 2.438 2.557 80.9 85.3 7.26 7.59 134.6 138 2.981 3.073
2007 11 156 2200 1.454 3.339 2.394 2.514 82 86.6 6.787 7.09 131.9 135.1 2.98 3.075
2007 11 156 2300 1.061 2.439 2.117 2.219 83.7 88.3 6.4 6.701 128.7 133 2.982 3.078
2007 11 157 0 0.735 1.615 1.921 2.021 83.5 88 7.05 7.37 124.6 128.1 2.985 3.082
2007 11 157 100 0.441 0.94 1.503 1.603 83.7 88.2 7.75 8.1 118.6 123.1 2.988 3.088
2007 11 157 200 0.254 0.357 0.946 1.047 83.4 87.7 8.26 8.63 120.8 123.9 2.993 3.091
2007 11 157 300 0.18 0.233 -0.012 0.096 84.1 87.5 8.05 8.39 116.8 119.7 2.997 3.097
2007 11 157 400 0.196 0.273 -1.085 -1.003 82.8 86.8 8.62 8.98 114.5 118 3.005 3.103
2007 11 157 500 0.321 0.409 -1.828 -1.756 80.7 85.1 9.09 9.44 112 115.7 3.009 3.111
2007 11 157 600 0.575 0.747 -2.479 -2.396 78.6 82.7 9.65 10 111 114 3.014 3.115
2007 11 157 700 0.907 1.317 -2.67 -2.595 77.2 81.3 10.02 10.39 110.3 114.2 3.011 3.117
2007 11 157 800 1.334 2.099 -2.221 -2.145 74.9 78.8 10.94 11.35 111.7 114.3 3.009 3.118
2007 11 157 900 1.82 3.041 -1.77 -1.703 73.4 77.2 11.17 11.61 109.9 112.4 3.006 3.116
2007 11 157 1000 2.312 4.042 -1.687 -1.643 74.3 78.2 11.67 12.06 103.9 107.1 3.001 3.118
2007 11 157 1100 2.772 5.003 -1.227 -1.191 73.2 77 11.52 11.92 106.3 109 3.001 3.111
2007 11 157 1200 3.185 5.906 -0.904 -0.889 74.8 78.7 11.24 11.61 100.8 103 2.998 3.109
2007 11 157 1300 3.519 6.693 -0.097 -0.088 74.5 78.3 11.31 11.68 98 100.9 2.997 3.105
2007 11 157 1400 3.743 7.25 0.899 0.928 73.3 77.2 10.75 11.11 98.3 99.9 2.993 3.101
2007 11 157 1500 3.832 7.54 1.529 1.57 72.8 76.8 10.07 10.41 99.9 102.1 2.99 3.1
2007 11 157 1600 3.78 7.55 1.899 1.953 73.5 77.5 8.7 9.01 99.9 103.5 2.987 3.096
2007 11 157 1700 3.6 7.32 2.092 2.158 74.1 78.3 7.91 8.19 103.1 104.7 2.988 3.091
2007 11 157 1800 3.314 6.83 2.122 2.197 76.3 80.6 7.49 7.77 97.9 100.6 2.989 3.089
2007 11 157 1900 2.934 6.157 2.218 2.306 76 80.2 7.73 8.02 95.4 97.8 2.989 3.089
2007 11 157 2000 2.484 5.333 2.382 2.485 75.5 79.5 7.5 7.8 95.3 96.6 2.99 3.089
2007 11 157 2100 1.998 4.412 2.301 2.41 76.7 80.8 6.679 6.988 87.7 88.9 2.998 3.09
2007 11 157 2200 1.524 3.451 2.042 2.146 77.4 81.5 6.526 6.828 82.1 83.6 2.995 3.091
2007 11 157 2300 1.105 2.518 1.677 1.776 77.3 81.5 6.69 6.987 82.7 84.7 2.997 3.091
2007 11 158 0 0.766 1.673 1.235 1.338 77.3 81.4 7.57 7.9 88.3 89.6 2.997 3.096
2007 11 158 100 0.46 0.983 0.53 0.63 79.5 83.8 7.31 7.62 93.5 95.4 3.002 3.098
2007 11 158 200 0.272 0.398 0.032 0.142 80.7 84.8 8.4 8.74 97.5 101.1 3.003 3.1
2007 11 158 300 0.198 0.263 -0.59 -0.477 80.6 84 9.75 10.13 102.8 104.8 3.005 3.109
2007 11 158 400 0.211 0.303 -1.388 -1.303 80 83.7 10.27 10.64 102.7 104.7 3.009 3.113
2007 11 158 500 0.333 0.432 -1.722 -1.638 78.2 82.4 9.73 10.1 106.4 110 3.01 3.116
2007 11 158 600 0.588 0.768 -1.813 -1.718 78.3 82.3 9.64 10.01 108.6 110.9 3.014 3.116
2007 11 158 700 0.926 1.346 -1.805 -1.718 77.9 82 9.92 10.29 108.8 111.5 3.012 3.115
2007 11 158 800 1.361 2.148 -1.702 -1.629 76.9 80.9 10.01 10.38 106.6 108.7 3.011 3.116
2007 11 158 900 1.858 3.106 -1.34 -1.279 77.1 81.2 9.9 10.27 107.6 110.2 3.009 3.117
2007 11 158 1000 2.374 4.147 -0.794 -0.743 76.7 80.7 10.61 11 105.7 107.8 3.008 3.115
2007 11 158 1100 2.762 4.97 -0.315 -0.281 76.6 80.6 10.92 11.32 106.7 109.3 3.002 3.115
2007 11 158 1200 3.206 5.907 0.273 0.306 76.9 80.9 10.79 11.19 108.6 112 2.999 3.11
2007 11 158 1300 3.534 6.658 0.9 0.931 76.8 80.8 10.86 11.28 110 113.7 2.996 3.109
2007 11 158 1400 3.681 7.05 1.35 1.388 76.7 80.8 10.48 10.89 112.4 115 2.994 3.109
2007 11 158 1500 3.818 7.44 1.705 1.764 76.8 81 9 9.4 121.7 126 2.999 3.105
2007 11 158 1600 3.777 7.46 1.839 1.908 78.3 82.7 7.59 7.94 124.3 128.3 3.004 3.104
2007 11 158 1700 3.314 6.627 1.894 1.981 79.5 83.8 6.356 6.667 125.5 128.4 3.006 3.101
2007 11 158 1800 2.959 5.926 1.777 1.852 82.4 86.8 5.898 6.175 116.7 121.3 3.011 3.094
2007 11 158 1900 1.964 3.915 1.869 1.951 83.2 87.5 6.611 6.942 119.1 123.2 3.013 3.097
2007 11 158 2000 2.291 4.585 2.038 2.13 81.1 85.4 6.74 7.07 120.6 124.3 3.016 3.107
2007 11 158 2100 1.523 3.037 1.838 1.93 83.1 87.4 6.163 6.481 125.4 128.8 3.016 3.103
2007 11 158 2200 1.283 2.578 1.725 1.807 84.2 88.4 6.471 6.789 118.4 122.7 3.018 3.102
2007 11 158 2300 0.838 1.633 1.549 1.62 85.7 89.9 7.01 7.33 115.4 118.1 3.018 3.104
2007 11 159 0 0.576 1.105 1.391 1.461 87 91.2 7.27 7.62 120 121.8 3.021 3.108
2007 11 159 100 0.305 0.577 1.019 1.079 89 93.2 6.809 7.12 118.9 121.9 3.026 3.109
2007 11 159 200 0.145 0.275 0.938 1.001 88.3 92.5 7.59 7.95 120.6 123.9 3.026 3.11
2007 11 159 300 0.096 0.183 0.868 0.924 86.9 91 7.85 8.21 117.3 121.2 3.019 3.111
2007 11 159 400 0.071 0.139 0.775 0.83 86.6 90.7 7.94 8.32 119.2 122.3 3.016 3.112
2007 11 159 500 0.122 0.232 0.799 0.858 85.7 89.8 7.51 7.85 125 126.5 3.017 3.113
2007 11 159 600 0.146 0.286 0.599 0.65 85.6 89.7 7.36 7.69 117 120.5 3.017 3.112
2007 11 159 700 0.344 0.678 0.617 0.663 86.8 91 7.68 8.03 120.2 124.3 3.019 3.116
2007 11 159 800 0.502 0.987 0.666 0.716 87 91.1 7.71 8.06 124.7 127.6 3.027 3.117
2007 11 159 900 0.799 1.549 0.584 0.629 86.9 91.1 7.51 7.85 118.7 122.8 3.031 3.118
2007 11 159 1000 1.374 2.684 0.634 0.668 87.1 91.4 7.33 7.67 116.8 121.2 3.032 3.116
2007 11 159 1100 1.519 3.038 1.054 1.098 87.7 92.1 6.867 7.16 123.6 126.3 3.029 3.114
2007 11 159 1200 1.73 3.496 0.665 0.69 92.8 97.6 7.38 7.68 131.1 133.6 3.033 3.117
2007 11 159 1300 1.914 3.913 0.323 0.317 96.8 102.7 8.24 8.58 127 130.1 3.034 3.124
2007 11 159 1400 2.504 5.052 0.698 0.729 95.4 100.5 9.24 9.65 122.2 125.8 3.031 3.127
2007 11 159 1500 2.587 5.156 1.272 1.33 91.9 96.5 8.86 9.22 126.7 130.2 3.028 3.124
2007 11 159 1600 2.514 5.055 1.614 1.679 90.1 94.9 7.84 8.17 137.8 141.7 3.037 3.121
2007 11 159 1700 2.91 5.728 1.83 1.913 87.7 92.5 6.833 7.13 135 138.5 3.041 3.121
2007 11 159 1800 2.547 5.009 1.979 2.069 87.3 91.9 6.291 6.568 135.6 140.2 3.041 3.121
2007 11 159 1900 2.008 3.964 2.122 2.218 87.3 91.8 5.885 6.143 132.2 135.7 3.036 3.126
2007 11 159 2000 1.456 2.901 2.278 2.368 87.1 91.5 5.58 5.856 138.4 143 3.036 3.127
2007 11 159 2100 1.309 2.562 2.118 2.2 89.6 94 6.143 6.405 137.4 141.7 3.04 3.127
2007 11 159 2200 0.839 1.655 1.46 1.496 95.3 100 6.841 7.09 142.9 146.2 3.043 3.128
2007 11 159 2300 0.545 1.085 0.738 0.757 99.8 104.6 7.54 7.82 131.1 133.9 3.045 3.135
2007 11 160 0 0.359 0.716 0.892 0.912 99.9 104.8 9.02 9.33 138.7 142.7 3.052 3.137
2007 11 160 100 0.176 0.367 0.17 0.156 102.7 107.6 9 9.25 144.4 146.8 2.575 3.144
2007 11 160 200 0.116 0.253 -0.187 -0.208 103.6 108.2 8.65 8.84 146.4 149.7 1.546 3.149
2007 11 160 300 0.063 0.143 -0.744 -0.77 103.6 108.1 7.64 7.2 156.8 159.1 3.074 2.617
2007 11 160 400 0.064 0.143 -1.088 -1.11 103.3 107.9 6.847 6.498 154.6 157.9 2.563 3.146
2007 11 160 500 0.096 0.217 -0.944 -0.965 103.4 107.9 6.084 5.834 153 156.4 2.051 2.698
2007 11 160 600 0.14 0.314 -0.909 -0.934 103.5 108 5.654 5.269 158.7 160.4 2.553 3.135
2007 11 160 700 0.36 0.799 -1.131 -1.165 103.3 107.8 5.235 4.969 171.9 171.4 3.06 3.128
2007 11 160 800 0.661 1.494 -1.546 -1.623 102.9 107.2 3.441 3.525 196.8 198.6 3.051 3.118
2007 11 160 900 0.96 2.191 -1.849 -2.035 102.6 106.6 1.554 1.643 192.4 201.3 3.038 3.103
2007 11 160 1000 1.479 3.487 -1.733 -2.003 102.3 106 3.191 3.239 133.3 141.7 3.026 3.095
2007 11 160 1100 1.856 4.39 -1.277 -1.481 101.9 106.3 3.868 4.013 119.7 123.1 3.023 3.092
2007 11 160 1200 2.025 4.778 -0.406 -0.728 103 106.7 4.582 4.667 140.8 143.5 3.022 3.089
2007 11 160 1300 2.813 6.446 -0.062 -0.458 103.3 106.2 5.06 4.857 157.1 159.8 3.021 3.091
2007 11 160 1400 3.162 7.07 -0.044 -0.341 102 106 4.407 4.181 165.7 168.1 3.026 3.097
2007 11 160 1500 3.396 7.39 -0.34 -0.423 98.6 106.2 4.579 4.433 169.5 170.4 3.032 3.107
2007 11 160 1600 3.278 7.01 -0.543 -0.431 97.2 106.5 3.337 3.54 188.2 189.2 3.035 3.108
2007 11 160 1700 3.451 7.35 -0.202 -0.112 96.4 105.9 2.709 2.685 179.2 180.7 3.039 3.113
2007 11 160 1800 3.524 7.62 0.152 -0.034 90.2 97.7 1.418 1.41 144.3 149.3 3.042 2.866
2007 11 160 1900 2.603 5.59 0.534 0.146 93 96.3 2.344 2.42 100.9 103.4 3.047 3.117
2007 11 160 2000 1.908 3.912 0.304 -0.024 94.9 100 3.524 3.68 90.3 92.1 3.042 3.117
2007 11 160 2100 1.408 2.824 0.355 -0.204 95.8 100.8 4.416 4.592 95.7 97.8 3.04 3.118
2007 11 160 2200 1.136 2.305 0.399 -0.246 95.3 100.6 4.3 4.485 93.1 94.9 3.04 3.119
2007 11 160 2300 0.936 2.222 0.247 -0.386 94 98.9 4.463 4.706 98.7 100.3 3.043 3.121
2007 11 161 0 0.747 1.712 -0.074 -0.541 95.1 99.6 4.08 4.318 105 108 3.047 3.123
2007 11 161 100 0.453 0.981 -0.236 -0.713 94.5 98.5 5.259 5.522 100.1 102.7 3.048 3.125
2007 11 161 200 0.237 0.387 -0.274 -0.714 93.9 97.2 6.582 6.876 105.8 108.3 3.048 3.128
2007 11 161 300 0.189 0.27 -0.25 -0.513 94 96.6 7.82 8.12 108.8 112.3 3.046 3.129
2007 11 161 400 0.255 0.4 -0.297 -0.445 94.5 97.7 7.96 8.27 106.5 109.9 3.046 3.13
2007 11 161 500 0.362 0.551 0.445 0.347 93.8 97.1 8.31 8.62 110 112.8 3.043 3.127
2007 11 161 600 0.211 0.39 0.098 0.938 94.3 95.3 8.83 9.15 107.9 110 3.042 3.126
2007 11 161 700 0.429 0.814 0.758 1.051 93.6 94.9 9.4 9.73 110.9 114.7 3.04 3.125
2007 11 161 800 0.577 1.144 1.598 1.657 92.7 96.6 9.05 9.39 112.3 115.9 3.041 3.123
2007 11 161 900 0.892 1.775 1.845 1.911 92.9 97.2 9.35 9.71 118.5 121.3 3.043 3.132
2007 11 161 1000 0.983 1.99 2.192 2.276 93.2 97.5 8.5 8.84 118.1 120.5 3.047 3.13
2007 11 161 1100 0.908 1.886 2.402 2.496 92.6 96.8 8.21 8.52 103.3 106.7 3.042 3.128
2007 11 161 1200 1.212 2.507 2.645 2.745 91.4 95.6 8.34 8.66 115.5 118.7 3.043 3.125
2007 11 161 1300 1.571 3.224 2.413 2.517 93.4 97.8 8.17 8.52 128.5 132.6 3.05 3.126
2007 11 161 1400 1.748 3.588 2.189 2.287 94.7 99.3 7.42 7.74 130.6 133.7 3.052 3.129
2007 11 161 1500 1.718 3.608 2.001 2.089 97.4 102.4 7.11 7.41 132.5 136 3.058 3.135
2007 11 161 1600 2.106 4.331 1.761 1.82 99.5 104.9 6.433 6.712 140.1 143.3 3.063 3.138
2007 11 161 1700 2.134 4.353 1.552 1.601 99.9 105.4 5.334 5.425 147.3 151 2.555 3.141
2007 11 161 1800 2.001 4.074 1.381 1.436 99.8 105.2 4.51 4.679 142.5 146.5 3.067 3.14
2007 11 161 1900 2.098 4.116 1.403 1.473 100 105.2 5.067 5.308 132.8 136.5 3.068 3.141
2007 11 161 2000 1.588 3.128 1.47 1.544 101.1 106.1 4.541 4.791 127.2 131.6 3.072 3.146
2007 11 161 2100 1.086 2.172 1.513 1.564 102.3 107.2 4.351 4.592 138 141.6 3.08 3.146
2007 11 161 2200 0.861 1.7 1.357 1.386 102.9 107.5 4.275 4.51 120.8 124 2.567 3.145
2007 11 161 2300 0.697 1.33 1.279 1.303 103.3 107.8 4.281 4.516 118.2 121 2.568 3.15
2007 11 162 0 0.484 0.91 1.301 1.267 102.7 107 4.091 4.311 106.5 109.1 2.568 3.158
2007 11 162 100 0.533 0.828 1.59 1.602 101.7 106 5.65 5.905 102.6 105.2 3.083 3.157
2007 11 162 200 0.483 0.435 1.737 1.808 100.9 105.4 5.895 6.175 105.7 107.9 3.082 3.156
2007 11 162 300 0.377 0.325 2.026 2.131 99.5 103.5 6.35 6.635 102.3 104 2.055 3.157
2007 11 162 400 0.252 0.266 1.878 1.949 99.1 103.5 5.973 6.215 103.8 107 0.522 3.159
2007 11 162 500 0.428 0.407 2.277 2.364 93.9 98.8 7.18 7.48 96 98.3 2.567 3.16
2007 11 162 600 0.637 0.72 2.735 2.845 90.7 95.2 8.24 8.57 97.7 99.9 3.078 3.158
2007 11 162 700 0.909 1.25 3.009 3.128 89.5 93.8 8.74 9.09 99.4 101.4 3.077 3.158
2007 11 162 800 1.322 1.974 3.128 3.249 88.5 92.9 8.31 8.64 101.9 104.3 3.075 3.156
2007 11 162 900 1.79 2.816 3.453 3.58 87.6 91.9 9.02 9.38 107 109.3 3.071 3.16
2007 11 162 1000 2.321 3.787 3.588 3.724 86.7 90.9 8.37 8.74 113.1 117.3 3.085 3.159
2007 11 162 1100 2.657 4.514 3.328 3.459 87.6 91.8 7.37 7.76 121 125 3.089 3.164
2007 11 162 1200 2.272 4.232 2.529 2.639 91.6 96 5.624 5.935 120.1 123.2 3.094 3.171
2007 11 162 1300 2.383 4.522 2.375 2.474 92.5 97 5.191 5.472 118.4 122.8 3.099 3.171
2007 11 162 1400 2.996 5.684 2.184 2.289 92.4 97.2 4.216 4.476 124.9 127.8 3.108 3.179
2007 11 162 1500 2.218 4.434 2.146 2.251 93.9 98.4 3.959 4.206 117.5 121 3.112 3.178
2007 11 162 1600 2.225 4.459 2.217 2.338 94.2 98.8 3.957 4.218 122.9 125.8 3.11 3.184
2007 11 162 1700 2.382 4.722 1.851 1.947 95.1 99.9 3.31 3.532 118.8 121.8 3.116 3.184
2007 11 162 1800 2.183 4.308 1.826 1.904 96.7 101.5 4.144 4.39 111.4 112.9 3.121 3.185
2007 11 162 1900 2.061 4.015 1.966 2.031 98.4 103.3 5.864 6.13 105 108.4 3.115 3.189
2007 11 162 2000 2.253 4.567 2.219 2.302 96.4 101.3 6.299 6.575 104.7 107.8 3.128 3.195
2007 11 162 2100 1.768 3.504 2.262 2.352 96.8 101.5 5.972 6.26 112.7 115.5 3.126 3.203
2007 11 162 2200 1.374 2.745 2.151 2.231 97.6 102.3 5.539 5.798 108.9 112.3 3.129 3.207
2007 11 162 2300 0.921 1.88 2.172 2.256 97.6 102.4 6.152 6.435 109.7 112.6 3.131 3.209
2007 11 163 0 0.348 0.672 2.118 2.198 98.9 103.5 6.065 6.35 114.4 117.8 3.133 3.207
2007 11 163 100 0.136 0.268 1.963 2.046 99.5 104.1 5.247 5.516 111.7 115 3.138 3.205
2007 11 163 200 0.107 0.21 1.86 1.94 99.6 104.1 5.064 5.332 106.7 110.2 3.145 3.207
2007 11 163 300 0.044 0.094 1.828 1.912 99.7 104.2 4.364 4.611 108.6 111.5 3.146 3.21
2007 11 163 400 0.045 0.096 1.808 1.888 99.8 104.3 5.261 5.545 104.7 106.3 3.145 3.217
2007 11 163 500 0.08 0.159 1.938 2.019 99 103.6 5.122 5.376 110.5 113 3.147 3.216
2007 11 163 600 0.105 0.207 1.953 2.033 98.8 103.3 5.125 5.386 111.8 114.6 3.15 3.217
2007 11 163 700 0.291 0.556 2.059 2.147 99.2 103.8 5.113 5.382 122.9 126.3 3.153 3.218
2007 11 163 800 0.329 0.674 1.82 1.899 100.4 105 5.224 5.502 127.6 131 3.16 3.223
2007 11 163 900 0.524 1.063 1.479 1.535 102.6 107.4 5.135 5.392 126.2 130.1 3.163 3.228
2007 11 163 1000 0.902 1.802 1.408 1.473 102.5 107.4 4.756 4.997 127.7 131.1 3.163 3.229
2007 11 163 1100 1.192 2.432 1.285 1.343 101.7 106.8 4.346 4.565 134.7 138.2 3.169 3.23
2007 11 163 1200 1.633 3.428 1.176 1.218 100.4 105.8 3.436 3.623 134.6 138.4 3.17 3.231
2007 11 163 1300 1.763 3.615 1.16 1.207 99.6 104.9 2.836 3.021 129.1 132.3 3.169 3.234
2007 11 163 1400 2.128 4.394 1.389 1.428 97.4 102.7 2.08 2.283 148.6 151.6 3.174 3.236
2007 11 163 1500 1.843 3.868 1.821 1.871 95.7 100.7 0.952 1.076 195.5 200.2 3.179 3.237
2007 11 163 1600 1.594 3.428 1.335 1.288 97.3 102.4 1.562 1.647 243.6 248.5 3.185 3.241
2007 11 163 1700 1.861 4.119 1.628 1.669 91.3 96.7 0.811 0.84 186.5 191.6 3.192 3.247
2007 11 163 1800 2.565 5.373 2.531 3.287 86.3 89.4 0.747 0.761 57.63 51.08 3.191 3.25
2007 11 163 1900 2.082 4.3 2.407 2.656 86.8 91.3 0.838 0.85 184.1 192.7 3.192 3.254
2007 11 163 2000 2.182 4.505 3.086 3.717 84.6 87 0.779 0.79 139.8 140.3 3.196 3.256
2007 11 163 2100 1.768 3.788 1.381 1.738 91.6 94.7 1.485 1.57 33.13 32.7 3.197 3.256
2007 11 163 2200 1.337 3.103 0.948 1.011 94.2 98.8 2.952 3.11 59.28 60.58 3.2 3.256
2007 11 163 2300 0.904 1.878 0.994 1.033 96.3 100.9 2.774 2.938 90.1 92 3.2 3.256
2007 11 164 0 0.395 0.777 0.771 0.795 100.5 105.1 3.201 3.365 119.1 121.6 3.201 3.259
2007 11 164 100 0.183 0.37 0.46 0.464 103.5 108.2 2.009 2.074 156.5 160.1 3.204 3.259
2007 11 164 200 0.129 0.258 0.049 0.034 103.7 108.5 2.314 2.226 165.2 167.2 3.212 3.263
2007 11 164 300 0.069 0.145 -0.067 -0.07 103.9 108.6 1.432 1.403 178.8 179 3.226 3.265
2007 11 164 400 0.09 0.181 -0.235 -0.229 104 108.6 1.191 1.604 195.9 200.3 3.234 3.267
2007 11 164 500 0.139 0.269 -0.288 -0.272 103.9 108.6 1.43 1.433 146.7 149.9 3.231 3.267
2007 11 164 600 0.186 0.368 -0.053 -0.058 104.1 109 1.388 1.473 127.8 131.7 3.227 3.269
2007 11 164 700 0.806 1.376 -0.219 -0.222 101.4 107 2.491 2.62 107.2 110.8 3.213 3.27
2007 11 164 800 0.786 1.438 0.127 0.119 98.4 103.5 3.537 3.707 98.8 100.4 3.209 3.267
2007 11 164 900 1.444 2.602 0.531 0.484 95.9 100.9 3.681 3.855 102.9 106.1 2.673 3.266
2007 11 164 1000 1.307 2.458 0.519 0.285 96.2 101.4 1.921 2.17 172.4 176.8 2.674 3.265
2007 11 164 1100 1.6 3.095 0.156 -0.078 96.6 102.2 1.503 1.554 270.7 273.6 3.215 3.269
2007 11 164 1200 2.014 3.923 0.794 0.151 94 99.8 1.123 1.154 291 294.1 3.215 3.269
2007 11 164 1300 3.018 5.731 3.613 1.017 82 92.2 1.009 1.034 327 334 3.216 3.27
2007 11 164 1400 3.481 6.612 3.299 2.865 83 87.2 1.542 1.602 158.2 118.7 3.221 3.274
2007 11 164 1500 3.588 6.883 2.567 2.758 84.6 85.5 2.005 2.094 116 70.4 3.22 3.279
2007 11 164 1600 3.735 7.26 4.602 3.245 75.9 83.1 1.491 1.58 274.3 275.9 3.225 3.28
2007 11 164 1700 3.432 6.685 2.555 1.36 82.4 92 2.562 2.756 328.1 332.5 3.228 3.284
2007 11 164 1800 2.65 5.165 -0.224 -0.401 97.3 101.7 3.585 3.761 313 316.8 3.24 3.291
2007 11 164 1900 2.101 4.102 -0.638 -0.804 98.6 103.2 3.293 3.486 317.8 320.5 3.241 3.295
2007 11 164 2000 1.748 3.417 -0.9 -1.069 99.1 103.9 3.34 3.553 316.3 321.7 3.241 3.299
2007 11 164 2100 1.416 2.765 -0.749 -1.086 98.3 104.3 3.126 3.445 326.4 329 3.242 3.3
2007 11 164 2200 0.972 1.908 -1.351 -1.438 100.5 105.1 3.234 3.438 308.9 312.1 3.244 3.302
2007 11 164 2300 0.633 1.242 -1.851 -1.889 101.6 105.7 3.246 3.422 299 300.8 3.247 3.304
2007 11 165 0 0.385 0.755 -2.356 -2.408 101.7 106.2 3.587 3.777 287.8 290.7 3.251 3.306
2007 11 165 100 0.242 0.473 -2.501 -2.536 101.5 106.1 2.874 3.017 295.2 297.7 3.253 3.308
2007 11 165 200 0.134 0.265 -2.702 -2.739 101.5 106.1 2.555 2.67 281.5 284 3.253 3.309
2007 11 165 300 0.087 0.175 -2.882 -2.915 101.4 106 2.358 2.46 277.9 280.6 3.259 3.312
2007 11 165 400 0.082 0.168 -2.943 -2.975 101.5 106 2.081 2.176 285.7 288.1 2.721 3.313
2007 11 165 500 0.105 0.212 -3.015 -3.041 101.4 106 1.993 2.085 284.1 286.4 3.267 3.314
2007 11 165 600 0.191 0.384 -3.199 -3.229 101.1 105.7 2.3 2.415 270.5 272.8 3.266 3.317
2007 11 165 700 0.313 0.63 -3.25 -3.284 100.9 105.5 2.363 2.462 274.7 277.5 2.801 3.317
2007 11 165 800 0.505 1.018 -3.122 -3.131 100.6 105.3 1.717 1.796 294.2 297.2 3.262 3.316
2007 11 165 900 0.879 1.748 -2.881 -2.849 99.7 104.6 1.4 1.469 305.9 309.3 3.262 3.316
2007 11 165 1000 1.248 2.472 -2.209 -2.456 96.9 103.2 1.422 1.508 319.1 327.9 3.26 3.314
2007 11 165 1100 1.891 3.741 -1.203 -1.743 91.8 98.8 1.498 1.592 300.2 297.5 3.259 3.313
2007 11 165 1200 2.425 4.769 -0.56 -1.01 86.2 93 2.055 2.179 279.1 245.3 3.257 3.312
2007 11 165 1300 3.38 6.584 -0.279 -0.239 82.9 86.6 2.444 2.557 153.5 154.3 3.255 3.312
2007 11 165 1400 3.838 7.44 -0.321 0.23 82.5 83.6 2.346 2.42 88.4 66.08 3.255 3.313
2007 11 165 1500 3.872 7.68 1.168 2.077 78.8 78.9 1.428 1.473 81.5 58.9 3.252 3.31
2007 11 165 1600 3.808 7.75 -0.37 -0.294 84.7 89.1 2.567 2.698 68.54 69.86 3.248 3.307
2007 11 165 1700 3.625 7.57 0.141 0.184 84.8 89.5 2.971 3.129 103.1 106.3 3.246 3.304
2007 11 165 1800 3.33 7.12 0.469 0.535 84.2 88.7 3.203 3.384 110.1 113.3 3.246 3.304
2007 11 165 1900 2.945 6.471 0.515 0.592 84.6 89.1 3.322 3.524 103.1 106.5 3.253 3.306
2007 11 165 2000 2.493 5.641 0.461 0.543 85.1 89.4 3.865 4.097 102.7 104.8 3.255 3.307
2007 11 165 2100 2.012 4.701 0.395 0.502 83.9 88.2 3.71 3.969 99.7 102.1 3.254 3.308
2007 11 165 2200 1.535 3.697 -0.105 0.088 83.8 87.7 3.098 3.408 96.8 98.7 3.257 3.311
2007 11 165 2300 1.114 2.725 -0.934 -0.706 84.8 88.6 2.735 3.041 84.5 86.8 3.262 3.316
2007 11 166 0 0.78 1.843 -1.511 -1.387 89.6 94.2 3.762 4.065 103.1 104.8 3.264 3.321
2007 11 166 100 0.487 1.112 -2.136 -2.027 91.9 96.6 4.345 4.643 105.4 107.8 3.266 3.325
2007 11 166 200 0.251 0.473 -2.051 -1.945 92.6 96.9 4.984 5.292 102.5 104.7 3.267 3.324
2007 11 166 300 0.174 0.279 -2.198 -2.049 92.8 96.4 4.722 5.027 109.1 112.4 3.264 3.325
2007 11 166 400 0.281 0.44 -2.452 -2.363 94 98.1 5.412 5.693 128.2 132.3 3.265 3.326
2007 11 166 500 0.415 0.613 -3.197 -3.144 95.8 100.7 5.364 5.635 121.3 125.1 3.27 3.33
2007 11 166 600 0.644 0.956 -3.152 -3.097 94.1 98.6 5.951 6.235 120.6 124.2 3.27 3.331
2007 11 166 700 0.858 1.397 -2.856 -2.798 93 97.5 5.9 6.179 120.4 123.7 3.265 3.329
2007 11 166 800 1.189 2.081 -2.373 -2.327 92.1 96.6 5.604 5.844 114.9 117.4 3.264 3.327
2007 11 166 900 1.584 2.835 -1.627 -1.59 90 94.5 6.496 6.753 118.9 122.6 3.263 3.324
2007 11 166 1000 1.998 3.678 -0.507 -0.476 90.5 95.1 7.83 8.1 129.4 132.8 3.261 3.319
2007 11 166 1100 1.973 3.865 0.338 0.369 89.4 93.9 7.83 8.11 132.4 136.3 3.255 3.313
2007 11 166 1200 2.418 4.708 0.658 0.693 87.8 92.2 8.03 8.32 127.8 130.4 3.253 3.313
2007 11 166 1300 3.291 6.392 1.156 1.2 85.6 90.1 8.37 8.66 131.2 134.7 3.253 3.313
2007 11 166 1400 3.222 6.353 1.504 1.557 85.9 90.4 7.77 8.06 130.3 133 3.248 3.31
2007 11 166 1500 3.026 5.941 1.616 1.675 86.9 91.5 7.12 7.37 133.1 136.4 3.246 3.309
2007 11 166 1600 3.377 6.625 1.775 1.846 85.9 90.5 5.404 5.642 130.1 133.1 3.246 3.31
2007 11 166 1700 3.109 6.097 1.784 1.856 85.7 90.1 4.815 5.037 118.4 121.7 3.247 3.311
2007 11 166 1800 2.926 5.733 1.994 2.061 84.6 89.1 6.205 6.456 131.1 134.5 3.256 3.313
2007 11 166 1900 2.569 4.996 1.67 1.728 89 93.7 6.714 6.982 134.3 137.4 3.262 3.323
2007 11 166 2000 2.111 4.188 1.973 2.044 85.1 89.6 8.45 8.77 137.1 139.5 3.265 3.327
2007 11 166 2100 1.905 3.661 1.866 1.924 87.4 92 9.08 9.39 138.6 142 3.269 3.327
2007 11 166 2200 1.238 2.362 1.275 1.293 92 96.8 9.47 9.46 146.7 151.5 3.276 3.331
2007 11 166 2300 0.777 1.474 0.833 0.839 94.4 99.2 9.32 9.39 148.8 151.8 3.28 3.339
2007 11 167 0 0.474 0.904 0.338 0.326 98.6 103.9 8.75 8.61 151.3 155 3.28 3.34
2007 11 167 100 0.188 0.367 -0.027 -0.044 101.2 106.8 8.34 8.13 152 155.7 3.287 3.338
2007 11 167 200 0.099 0.205 -0.189 -0.202 101.6 107.1 8.14 8.19 148.8 152.6 3.291 3.338
2007 11 167 300 0.063 0.135 -0.327 -0.344 102.8 107.9 6.355 6.475 146.7 149.9 2.75 3.337
2007 11 167 400 0.066 0.143 -0.184 -0.217 103 108.3 6.707 6.884 141.5 144.7 3.292 2.778
2007 11 167 500 0.153 0.311 -0.383 -0.41 103.2 108.3 7 6.913 151.3 155.2 2.734 3.335
2007 11 167 600 0.194 0.398 -0.416 -0.447 103.4 108.4 6.552 6.615 147.2 150.9 3.279 3.322
2007 11 167 700 0.485 0.937 -0.279 -0.294 100.6 107.3 5.726 5.91 131.3 134.2 3.273 3.328
2007 11 167 800 0.419 0.877 -0.547 -0.574 101.6 107.4 7.35 7.19 151.7 154.9 2.733 3.332
2007 11 167 900 0.773 1.593 -0.881 -0.909 101.5 107.2 6.895 6.513 156.7 160 3.265 3.333
2007 11 167 1000 1.486 3.042 -0.862 -0.888 100.4 106.5 7.23 6.807 157.8 160.5 3.259 3.333
2007 11 167 1100 1.896 3.945 -0.806 -0.844 99 105.6 7.4 7.16 153.8 156.4 3.256 3.333
2007 11 167 1200 1.835 3.895 -0.971 -1.004 98.9 105.4 7.39 7.05 154.3 158.5 3.259 3.335
2007 11 167 1300 2.673 5.67 -0.734 -0.782 96.9 103.8 6.502 6.305 153.5 156.3 3.258 3.334
2007 11 167 1400 3.057 6.489 -0.527 -0.566 96.1 103.3 6.065 5.679 157.4 160.5 3.257 3.33
2007 11 167 1500 3.506 7.35 -0.474 -0.536 95.1 101.8 6.219 6.087 152.2 155.6 3.259 3.332
2007 11 167 1600 3.839 7.96 -0.118 -0.199 92.8 99.1 5.998 6.118 143.6 147.5 3.261 3.336
2007 11 167 1700 3.604 7.5 0.185 0.161 91.2 96.9 5.274 5.397 136 139.7 3.262 3.331
2007 11 167 1800 2.871 5.868 0.18 0.152 89.7 95 4.742 4.49 156.4 159.6 3.265 3.331
2007 11 167 1900 2.991 6.432 0.093 0.069 90.3 95.8 4.315 4.162 152.5 155.8 3.268 3.335
2007 11 167 2000 2.42 5.406 0.227 0.262 92.3 97.5 4.156 4.288 130.9 134.3 3.268 3.337
2007 11 167 2100 2.099 4.586 0.437 0.473 92.1 96.9 3.277 3.387 113.6 117.2 3.266 3.335
2007 11 167 2200 1.611 3.644 0.755 0.804 91.1 96 3.506 3.673 110.7 114.1 3.265 3.334
2007 11 167 2300 1.103 2.492 0.475 0.535 90.8 95.5 3.331 3.538 106.3 109.7 3.267 3.336
2007 11 168 0 0.542 1.111 0.26 0.389 91 95.1 3.057 3.292 104.4 107.7 3.267 3.337
2007 11 168 100 0.512 1.099 0.016 0.203 89.8 94.2 3.033 3.284 104 107.3 3.27 3.338
2007 11 168 200 0.333 0.554 -0.703 -0.59 91.2 95.5 3.943 4.193 109.1 113 3.274 3.344
2007 11 168 300 0.226 0.334 -0.88 -0.769 90.8 94.3 4.918 5.167 114.6 117.8 3.275 3.347
2007 11 168 400 0.113 0.189 -1.25 -1.148 88.8 92.7 6.174 6.434 111 114.2 3.277 3.352
2007 11 168 500 0.087 0.169 -1.063 -0.967 86.4 90.5 7.8 8.1 117.1 120.8 3.277 3.357
2007 11 168 600 0.51 0.694 -0.667 -0.574 84.9 89 9.63 9.98 118 121.4 3.272 3.357
2007 11 168 700 0.947 1.348 -0.767 -0.685 83.9 88.1 10.03 10.38 118.8 123 3.274 3.36
2007 11 168 800 1.369 2.105 -0.524 -0.444 82.5 86.6 10.36 10.69 121.9 125.8 3.272 3.358
2007 11 168 900 1.849 3.024 -0.361 -0.303 82.4 86.6 10.66 10.98 122.6 126.1 3.273 3.359
2007 11 168 1000 2.352 4.044 -0.053 0.009 82 86.1 11.05 11.36 125 128 3.274 3.358
2007 11 168 1100 2.786 5.009 0.649 0.718 79.4 83.3 12.97 13.33 128.2 131.5 3.272 3.356
2007 11 168 1200 3.313 6.157 1.102 1.158 76.6 80.6 13.81 14.17 129.1 131.7 3.27 3.356
2007 11 168 1300 3.595 6.881 1.306 1.356 77.1 81.2 13.49 13.86 128.6 132 3.271 3.356
2007 11 168 1400 3.6 7 1.749 1.801 76.4 80.6 12.92 13.27 132.6 135.4 3.272 3.352
2007 11 168 1500 3.616 7.11 2.082 2.136 76.9 81.3 11.59 11.91 133.1 135.5 3.27 3.349
2007 11 168 1600 3.552 7.07 2.449 2.519 75.7 80 12.29 12.62 131.9 135.4 3.27 3.347
2007 11 168 1700 3.598 7.22 2.584 2.664 76.3 80.6 11.48 11.81 130.8 133.5 3.268 3.35
2007 11 168 1800 2.422 4.878 2.599 2.681 78.4 82.5 11.09 11.43 125.8 128.9 3.271 3.352
2007 11 168 1900 2.144 4.229 2.666 2.758 79.6 83.8 11.1 11.45 129 131.9 3.273 3.354
2007 11 168 2000 2.622 5.326 2.788 2.898 80.2 84.5 10.89 11.26 123.9 125.4 3.272 3.355
2007 11 168 2100 1.796 3.54 2.67 2.765 81.9 86.1 11.61 12.01 125.3 129.6 3.281 3.358
2007 11 168 2200 1.224 2.349 2.661 2.752 82.1 86.2 11.51 11.92 126.2 129.6 3.283 3.367
2007 11 168 2300 0.912 1.702 2.647 2.734 81.7 85.7 11.66 12.09 121.7 124.4 3.284 3.375
2007 11 169 0 0.52 0.964 2.484 2.563 81.5 85.5 12.19 12.58 128.9 132.3 3.288 3.379
2007 11 169 100 0.308 0.588 2.012 2.135 85.3 89.8 13.46 13.89 138.4 141 2.749 3.38
2007 11 169 200 0.09 0.182 0.846 0.99 98.3 102.3 16.66 17.16 135.9 140.1 1.653 3.392
2007 11 169 300 0.045 0.095 0.25 0.193 102.9 107.9 16.45 16.93 135.7 139.4 2.774 3.388
2007 11 169 400 0.045 0.093 0.445 0.328 101.6 107.9 14.07 14.39 142.5 145.9 0 3.383
2007 11 169 500 0.061 0.122 0.624 0.563 100.9 106.2 12.04 12.25 144.6 149.4 1.664 3.381
2007 11 169 600 0.139 0.265 0.544 0.499 101.9 107 10.18 10.41 145.2 149.1 1.111 2.834
2007 11 169 700 0.252 0.506 0.244 0.251 103.2 108 8.55 8.72 146.3 149.5 0 0.07
2007 11 169 800 0.713 1.474 0.22 0.194 103.2 108 9.93 9.78 151.7 154.9 1.107 2.25
2007 11 169 900 0.727 1.525 -0.083 -0.053 103.7 108.4 11.17 10.59 159.5 161.3 3.29 2.801
2007 11 169 1000 1.402 3.01 -0.105 -0.057 103.5 108.3 11.22 10.61 163 165.1 3.275 2.778
2007 11 169 1100 1.686 3.625 -0.367 -0.318 103.3 108 11.48 10.82 163.4 165.4 2.724 1.251
2007 11 169 1200 2.418 5.253 -0.349 -0.286 103 107.6 10.11 9.5 164.3 165.7 3.296 3.357
2007 11 169 1300 2.441 5.401 -0.49 -0.401 102.8 107 8.73 8.22 163.8 166.2 3.302 2.794
2007 11 169 1400 2.543 5.645 -0.512 -0.417 102.5 106.6 6.738 6.329 167.7 168.4 3.291 3.356
2007 11 169 1500 3.258 7.26 -0.147 -0.064 102.4 104.1 5.598 5.395 152.8 156.8 3.279 3.354
2007 11 169 1600 3.256 7.3 0.089 0.128 101.4 101.6 5.165 5.247 145.8 149.7 3.282 3.355
2007 11 169 1700 3.122 6.939 0.25 0.363 101.3 99.8 5.168 5.318 141.4 146.9 3.277 3.351
2007 11 169 1800 3.109 6.693 0.956 0.881 99.8 99.3 5.273 5.429 139.9 143.7 2.189 3.356
2007 11 169 1900 2.737 5.758 1.011 0.618 96 99.4 5.588 5.731 139 143.7 3.275 3.354
2007 11 169 2000 2.903 6.305 1.477 0.6 91.7 98.9 5.315 5.435 145.2 148.4 3.277 3.353
2007 11 169 2100 2.1 4.473 1.362 0.64 93.2 99.4 5.819 5.998 135.1 138.9 3.284 3.355
2007 11 169 2200 1.33 2.79 1.058 0.794 94.3 99 4.853 5.02 132.7 136.2 3.286 3.356
2007 11 169 2300 0.816 1.644 0.728 0.747 95.8 100.1 4.899 5.084 129 131.8 3.29 3.358
2007 11 170 0 0.539 1.076 0.677 0.696 96.4 101.1 5.556 5.758 128.8 132.7 3.292 3.359
2007 11 170 100 0.314 0.62 0.626 0.647 96.8 101.8 6.202 6.4 130.5 134.4 3.295 3.361
2007 11 170 200 0.175 0.35 0.586 0.594 97.4 103.1 6.439 6.609 138.5 142.5 3.291 3.362
2007 11 170 300 0.103 0.211 0.516 0.53 97.3 103 5.942 6.12 136.7 141.1 3.288 3.359
2007 11 170 400 0.065 0.141 0.492 0.506 96 101.4 5.952 6.126 134.5 138.3 0.785 3.36
2007 11 170 500 0.123 0.253 0.36 0.378 93.8 99.1 5.725 5.902 135.6 138.5 0.553 3.365
2007 11 170 600 0.267 0.533 0.112 0.128 96.1 101.4 5.334 5.502 135.5 139.1 1.644 3.364
2007 11 170 700 0.46 0.924 0.113 0.124 97.1 102.3 4.755 4.916 125.9 129.8 1.096 3.365
2007 11 170 800 0.599 1.178 0.189 0.202 96.1 101.3 4.595 4.757 127.9 131.5 1.096 3.364
2007 11 170 900 0.937 1.85 0.477 0.491 95.1 100.4 3.736 3.879 123.3 127 0.548 3.362
2007 11 170 1000 1.571 2.98 0.536 0.547 93 98.9 4.193 4.337 132.1 136.6 2.191 3.362
2007 11 170 1100 1.724 3.493 0.6 0.608 93.4 99.4 4.312 4.47 125.1 129.1 1.096 3.363
2007 11 170 1200 2.691 5.255 0.632 0.635 93.2 99.5 3.752 3.934 112.4 115.3 3.297 3.365
2007 11 170 1300 2.82 5.74 1.245 1.27 89.6 95.1 3.829 4.003 122.9 125.8 3.292 3.362
2007 11 170 1400 2.803 5.706 1.128 1.11 90.6 96.5 3.915 4.036 144.3 148.2 3.295 3.364
2007 11 170 1500 2.696 5.637 0.571 0.545 94.8 101.2 3.71 3.558 158.1 161 3.3 3.368
2007 11 170 1600 2.86 6.055 0.452 0.416 95.1 101.1 3.443 3.293 162.2 164.1 3.306 3.372
2007 11 170 1700 2.729 5.667 0.253 0.231 95.6 101.1 3.813 3.628 168.9 171 3.305 3.373
2007 11 170 1800 2.811 5.717 0.036 -0.009 96.8 103 4.014 3.875 155.2 157.8 3.304 3.377
2007 11 170 1900 1.828 3.709 0.13 0.091 98.8 104.8 4.188 4.229 149 153.2 3.305 3.382
2007 11 170 2000 1.985 4.161 0.198 0.173 97.9 104.1 3.394 3.388 156.6 160.2 3.308 3.386
2007 11 170 2100 1.615 3.444 0.042 0.042 99 104.9 3.775 3.696 155.5 157.7 3.317 3.388
2007 11 170 2200 1.218 2.542 -0.056 -0.049 99.6 105.2 3.603 3.707 142.1 146.1 3.32 3.389
2007 11 170 2300 0.921 1.904 -0.196 -0.204 100.9 106 3.811 3.746 153.7 156.1 3.32 3.389
2007 11 171 0 0.596 1.212 -0.333 -0.34 101.4 106.4 3.94 4.036 142.6 146.1 3.32 3.391
2007 11 171 100 0.24 0.5 -1.339 -1.368 102.3 107.3 3.518 3.642 204.9 208.2 3.321 3.396
2007 11 171 200 0.17 0.361 -2.365 -2.383 101.5 106.5 3.41 3.642 226.4 234.4 3.32 3.388
2007 11 171 300 0.102 0.22 -2.649 -2.659 101.3 106.3 2.025 3.055 210.9 219.4 3.316 3.379
2007 11 171 400 0.077 0.17 -3.129 -3.133 101.4 106.1 1.408 1.965 201 205.9 3.331 3.385
2007 11 171 500 0.112 0.243 -3.077 -3.09 101.4 106.1 1.448 1.394 162.8 165.9 3.327 3.387
2007 11 171 600 0.271 0.566 -2.888 -2.889 101.3 106.1 1.762 1.82 131.7 135.5 3.318 3.386
2007 11 171 700 0.434 0.897 -3.003 -3.014 100.2 105.6 3.898 4.047 116.9 120.5 3.31 3.386
2007 11 171 800 0.717 1.506 -2.814 -2.848 98.9 105.3 5.226 5.383 114.2 117.8 3.312 3.387
2007 11 171 900 0.907 1.947 -1.784 -1.791 96.2 104.1 4.913 5.085 124.3 128.2 3.306 3.38
2007 11 171 1000 1.334 2.88 -1.372 -1.348 94.3 101.3 4.567 4.716 130.7 134.8 3.304 3.376
2007 11 171 1100 1.773 3.794 -1 -0.979 94.1 100.1 5.968 6.152 130.4 133.7 3.302 3.375
2007 11 171 1200 2.383 5.068 -0.547 -0.539 93.2 98.5 6.783 6.965 141 145.3 3.291 3.361
2007 11 171 1300 3.472 7.19 -0.279 -0.239 88.2 93.1 7.62 7.85 137.4 140.4 3.289 3.362
2007 11 171 1400 3.85 8.13 0.02 0.052 85.9 90.9 7.85 8.08 139.8 143.7 3.298 3.359
2007 11 171 1500 3.139 6.696 0.448 0.495 86.3 91.2 7.06 7.27 134.8 138.3 3.3 3.358
2007 11 171 1600 3.856 8.33 0.893 0.958 84.4 89.2 8.08 8.33 130.4 133.2 3.299 3.361
2007 11 171 1700 4.027 8.47 1.254 1.314 83.6 88.5 8.65 8.88 128.1 131.6 3.299 3.365
2007 11 171 1800 2.763 5.853 1.413 1.462 84.9 89.6 8.88 9.13 125.7 128.7 3.302 3.369
2007 11 171 1900 2.799 6.079 1.647 1.714 84.4 89 8.66 8.93 122.8 126.5 3.301 3.373
2007 11 171 2000 1.864 3.954 1.677 1.738 84.4 88.8 8.39 8.66 120.1 123.2 3.304 3.374
2007 11 171 2100 1.343 2.629 1.678 1.733 84 88.2 9.54 9.84 120.7 123.5 3.304 3.38
2007 11 171 2200 1.115 2.165 1.601 1.652 83.8 87.9 10.83 11.17 118 121.3 3.305 3.383
2007 11 171 2300 0.692 1.343 1.459 1.509 83.7 87.8 11.72 12.1 117.2 120.3 3.306 3.384
2007 11 172 0 0.39 0.765 1.543 1.599 83.6 87.6 10.79 11.15 123.3 125.4 3.308 3.385
2007 11 172 100 0.238 0.473 1.897 1.958 83.9 88 9.8 10.06 138.3 141.7 3.313 3.381
2007 11 172 200 0.118 0.242 0.436 0.418 99.5 104.2 10 9.85 149.9 153.5 3.33 3.382
2007 11 172 300 0.056 0.123 -0.138 -0.171 103.7 108.4 11.74 11.91 145.6 149.1 3.336 1.68
2007 11 172 400 0.063 0.139 0.167 0.099 104.2 108.8 11.8 12.15 129.9 133.7 3.32 2.803
2007 11 172 500 0.07 0.157 0.214 0.183 104.4 109 13.79 14.21 133.2 137 1.101 2.782
2007 11 172 600 0.111 0.245 0.033 0.021 104.4 109 12.86 13 147 150.1 0 3.345
2007 11 172 700 0.123 0.281 -0.045 -0.053 104.5 109 10.58 10.52 150 152.8 1.646 3.343
2007 11 172 800 0.277 0.597 0.161 0.316 104.4 108.9 10.2 10.52 138.3 142.2 3.284 3.335
2007 11 172 900 0.383 0.831 0.687 0.854 101.7 105.7 9.77 9.95 144.1 149 3.279 3.326
2007 11 172 1000 0.658 1.431 0.832 0.774 100.7 105.5 8.69 8.57 150.4 153.5 3.282 3.325
2007 11 172 1100 1.245 2.638 1.135 1.164 97.9 102.7 8.42 8.63 143 147.2 3.28 3.326
2007 11 172 1200 1.98 4.105 1.337 1.356 92.7 97.7 7.82 7.76 149.7 152.3 3.273 3.327
2007 11 172 1300 2.063 4.254 1.428 1.455 91.2 95.9 9.13 8.59 155.1 158 3.277 3.33
2007 11 172 1400 2.599 5.28 1.399 1.421 90.4 95.1 8.34 7.85 156.1 159 3.282 3.335
2007 11 172 1500 2.957 5.931 1.209 1.225 90.3 95.1 7.02 6.55 157.1 160.1 3.288 3.339
2007 11 172 1600 3.811 7.67 1.443 1.457 88.1 93 7.72 7.35 155.3 158.5 3.294 3.347
2007 11 172 1700 3.338 6.807 1.437 1.44 88.8 93.9 6.564 6.477 148.1 152.6 3.299 3.353
2007 11 172 1800 2.923 5.871 1.436 1.46 89.9 94.8 6.008 6.202 141.4 144.8 3.301 3.358
2007 11 172 1900 2.479 4.984 1.451 1.461 90.8 95.8 5.973 6.15 144.9 148.3 3.305 3.36
2007 11 172 2000 1.954 3.996 1.626 1.658 91 95.8 6.97 7.15 144.2 148.1 3.306 3.365
2007 11 172 2100 1.632 3.35 1.542 1.575 92.1 97 7.09 7.3 143.4 147.4 3.309 3.366
2007 11 172 2200 1.648 3.597 1.385 1.411 93.2 98.3 7.93 7.75 152.7 156.2 3.314 3.373
2007 11 172 2300 1.175 2.414 1.036 1.051 96.5 101.4 6.846 6.497 163.2 164.7 3.318 3.371
2007 11 173 0 0.504 0.973 0.43 0.428 101.3 106 5.465 5.146 162.4 164.7 3.321 3.376
2007 11 173 100 0.256 0.501 0.226 0.225 103.6 108.4 4.428 4.155 159.3 161.5 3.337 2.815
2007 11 173 200 0.171 0.332 0.308 0.315 104.1 108.9 4.264 4.394 141.9 145.5 2.227 1.197
2007 11 173 300 0.087 0.171 0.621 0.636 101.9 107.2 4.766 4.952 129 132.4 1.115 3.376
2007 11 173 400 0.11 0.211 0.798 0.827 99.9 104.7 5.238 5.433 129.3 132.7 3.334 3.379
2007 11 173 500 0.105 0.205 0.716 0.749 98.8 103.5 6.138 6.359 137.1 139.9 3.342 3.378
2007 11 173 600 0.231 0.378 0.363 0.415 98 102.6 6.148 6.4 125.5 128.6 3.337 3.382
2007 11 173 700 0.293 0.551 0.619 0.659 96.8 101.4 6.619 6.859 122.2 125.9 3.328 3.381
2007 11 173 800 0.788 1.373 0.994 1.045 95.7 100.3 6.818 7.05 130.2 133.7 3.324 3.38
2007 11 173 900 1.63 2.656 1.165 1.201 93.4 98.2 6.228 6.457 138.7 142.7 3.326 3.379
2007 11 173 1000 2.257 3.74 1.326 1.381 92.1 96.8 5.281 5.496 132.1 134.9 3.322 3.379
2007 11 173 1100 2.848 4.879 1.427 1.463 90.5 94.8 4.805 5.017 118.5 121.9 3.323 3.38
2007 11 173 1200 3.23 5.711 1.594 1.636 88.9 93.2 5.053 5.266 119.9 123.1 3.322 3.38
2007 11 173 1300 3.534 6.427 1.752 1.795 89.4 93.8 5.734 5.962 112.9 116 3.321 3.381
2007 11 173 1400 3.744 6.945 2.067 2.118 88 92.4 5.037 5.26 111.7 114.9 3.321 3.383
2007 11 173 1500 3.818 7.21 2.264 2.338 87.1 91.7 4.379 4.613 118.1 122.9 3.324 3.387
2007 11 173 1600 3.774 7.28 2.263 2.342 86.2 90.8 3.512 3.734 105.6 109.6 3.33 3.389
2007 11 173 1700 3.629 7.2 2.22 2.311 86.4 91 3.909 4.155 107.7 111.5 3.335 3.398
2007 11 173 1800 2.725 5.487 2.219 2.311 87.1 91.6 4.119 4.357 98.6 102 3.338 3.4
2007 11 173 1900 2.478 5.045 2.385 2.503 86.5 90.8 4.667 4.947 98.5 101.2 3.338 3.404
2007 11 173 2000 2.386 4.927 2.645 2.781 85.7 89.9 4.87 5.163 98.5 101.6 3.342 3.407
2007 11 173 2100 1.973 4.273 2.81 2.953 85.3 89.6 5.379 5.667 100 102.3 3.346 3.415
2007 11 173 2200 1.451 3.126 3.13 3.287 82.9 87 6.212 6.538 95.3 97.3 3.349 3.418
2007 11 173 2300 1.123 2.523 2.967 3.124 81.9 85.9 5.308 5.617 85.4 86.2 3.351 3.421
2007 11 174 0 0.689 1.383 2.718 2.865 82.6 86.4 4.983 5.271 80.9 83.2 3.355 3.421
2007 11 174 100 0.235 0.427 3.592 3.838 38.56 40.03 6.654 6.991 43.98 46.64 0 0
2007 11 174 200 0.266 0.473 2.921 3.082 82.5 85.9 6.148 6.487 82.8 84.9 3.355 3.42
2007 11 174 300 0.138 0.246 3.069 3.246 81.8 85.2 6.477 6.835 83 84.8 3.357 3.42
2007 11 174 400 0.075 0.142 3.103 3.251 80.9 84.4 6.49 6.818 86.5 88.3 3.357 3.423
2007 11 174 500 0.08 0.153 2.983 3.126 82.6 86.2 6.796 7.13 81.3 83.6 3.363 3.425
2007 11 174 600 0.133 0.249 2.627 2.76 86.6 90.3 6.21 6.537 76 78 3.363 3.429
2007 11 174 700 0.239 0.451 2.963 3.1 85.6 89.3 6.175 6.485 85.9 87.1 3.359 3.425
2007 11 174 800 0.29 0.56 2.836 2.995 87.7 91.5 4.992 5.268 93.1 95.6 3.365 3.428
2007 11 174 900 0.584 1.096 2.807 2.957 89.5 93.4 4.646 4.923 89.4 91.2 3.367 3.432
2007 11 174 1000 1.507 2.584 2.773 2.91 88.3 92.2 5.032 5.305 109.8 113 3.367 3.435
2007 11 174 1100 -6999 -6999 -6999 -6999 -6999 -6999 5.266 5.548 105.5 107.6 1.432 1.461
2007 11 174 1200 2.419 4.234 2.727 2.846 88 92.1 5.075 5.346 109.2 111.3 3.37 3.433
2007 11 174 1300 2.768 4.864 2.79 2.908 87.7 91.8 4.953 5.218 114.5 117.2 3.372 3.433
2007 11 187 600 -0.275 -0.183 -6999 -6999 83.4 87.7 7.27 7.54 80.5 86.8 0 0
2007 11 187 600 0.667 0.796 -2.605 -2.554 0 0 7.38 7.62 0 0 0 0
2007 11 187 700 0.822 1.094 -2.517 -2.487 74.8 78.5 6.421 6.69 74.7 76.9 0 0
2007 11 187 700 0.915 1.219 -2.553 -2.513 0 0 6.011 6.226 0 0 0 0
2007 11 187 800 1.226 1.749 -1.622 -1.595 73.9 77.6 6.818 7.09 74.2 75.2 0 0
2007 11 187 900 -6999 -6999 -6999 -6999 81.8 85.9 6.499 6.758 86.5 89 3.659 3.755
2007 11 187 1100 -6999 4.322 -6999 -6999 94.5 99.1 5.84 6.056 105.7 107.7 3.258 3.337
2007 11 187 1200 -6999 -6999 -6999 -6999 -6999 -6999 5.511 5.707 -6999 -6999 3.192 0
2007 11 187 1700 -6999 -6999 -6999 -6999 -6999 -6999 3.939 4.152 103.7 105.4 0 0
2007 11 187 1800 -6999 -6999 -6999 -6999 -6999 -6999 4.025 4.252 104.9 104.4 0 0
2007 11 187 2100 -6999 -6999 -6999 -6999 84.6 88.9 3.628 3.855 -6999 -6999 0.204 0.209
2007 11 188 0 -6999 -6999 -6999 -6999 86.4 90.3 3.958 4.283 -6999 86.8 0 0
2007 11 188 100 0.404 0.818 -6999 -6999 88.6 92.7 3.914 4.215 88.9 96 0 0
2007 11 188 400 0.088 0.14 -0.654 -0.505 83.2 86.7 3.7 4.008 79.9 78.1 0 0
2007 11 188 400 0.083 0.135 -0.757 -0.638 0 0 3.829 4.188 0 0 0 0
2007 11 188 500 0.092 0.152 -0.658 -0.537 81.9 85.6 4.122 4.401 83.8 86.6 0 0
2007 11 188 500 0.096 0.155 -1.036 -0.906 0 0 3.835 4.299 0 0 0 0
2007 11 188 600 0.153 -0.186 1.594 1.681 63.62 66.46 6.161 6.506 76.4 75.6 0 0
2007 11 188 600 0.162 0.261 0.514 0.632 0 0 5.939 6.285 0 0 0 0
2007 11 189 500 0.347 0.343 2.763 2.873 76.3 80 7.46 7.72 90.6 93.2 0 0
2007 11 189 600 0.507 0.517 2.782 2.893 84.2 88.3 7.51 7.8 100.1 102.7 3.909 4.01
2007 11 189 600 0.65 0.703 2.606 2.736 0 0 7.04 7.19 0 0 0 0
2007 11 190 600 0.377 0.462 2.698 2.801 75.2 78.9 7.83 8.19 106.6 110.9 0 0
2007 11 190 600 0.498 0.571 2.666 2.779 0 0 8.51 9.08 0 0 0 0
2007 11 190 1100 12.01 -6999 5.256 7.49 -6999 -6999 8.1 8.41 55.88 54.18 0 0
2007 11 191 700 0.992 1.031 2.964 3.055 75.4 79.5 12.92 13.36 110.5 113.5 2.643 2.718
2007 11 192 400 0.086 0.089 3.829 3.978 0 0 10.05 10.41 0 0 0 0
2007 11 192 400 0.083 0.092 3.846 4.009 0 0 9.51 9.81 0 0 0 0
2007 11 192 500 -6999 0.146 -6999 -6999 70.8 74.6 12.15 12.59 103.1 107.1 0 0
2007 11 192 500 0.327 0.241 3.513 3.609 0 0 12.01 12.41 0 0 0 0
2007 11 192 600 0.606 0.488 3.923 4.031 68.25 72.2 12.66 13.11 105.4 108.8 0 0
2007 11 192 600 0.647 0.518 3.879 4.008 0 0 12.6 12.56 0 0 0 0
2007 11 192 0 0.993 0.942 3.772 3.902
2007 11 192 1700 0.538 0.706 3.286 3.421 0 0 8.35 8.65 0 0 0 0
2007 11 192 2200 0.389 0.296 2.698 2.786 76.9 80.9 7.82 8.13 99.2 102.5 0 0
2007 11 192 2200 0.413 0.304 2.834 2.93 0 0 7.81 8.24 0 0 0 0
2007 11 193 600 0.215 0.157 2.364 2.479 75.5 79.4 6.882 7.18 94.8 95.1 3.715 3.884
2007 11 193 700 0.339 0.248 2.496 2.624 81.9 86 7.56 7.88 101.7 103.9 4.086 4.273
2007 11 193 0 0.891 0.782 2.284 2.363 0 0 6.429 6.664 0 0 0 0
2007 11 193 0 0.8 0.828 -6999 -6999 75.5 79.6 7.86 8.2 93.8 97.4 0 0
2007 11 193 0 1.983 2.03 2.796 2.857 0 0 7.17 7.4 0 0 0 0
2007 11 193 0 -0.046 -0.053 -6999 -6999 0 0 7.51 7.67 0 0 0 0
2007 11 193 0 2.624 2.832 2.743 2.861 0 0 7.68 7.83 0 0 0 0
2007 11 193 0 0.534 0.722 3.34 3.47 0 0 6.39 6.553 0 0 0 0
2007 11 193 0 0.528 0.716 3.303 3.404 0 0 7.49 7.85 0 0 0 0
2007 11 193 400 0.584 0.518 2.356 2.441 78.9 83.1 8.25 8.52 101.1 103.4 3.668 3.836
2007 11 193 500 1.092 1.059 2.617 2.706 78.6 82.9 8.94 9.24 105 107.4 4.12 4.318
2007 11 193 600 -6999 -6999 -6999 -6999
2007 11 193 800 -6999 -6999 -6999 -6999 -6999 230.8 8.95 9.26 -6999 -6999 4.112 4.323
2007 11 194 500 0.262 0.299 1.595 1.641 93.4 97.7 6.319 6.575 108.1 112.7 0 0
2007 11 194 600 0.358 0.406 1.687 1.74 101.7 106.5 6.049 6.292 117.9 121.2 0 4.376
2007 11 194 800 -6999 -6999 -6999 -6999 -6999 152 6.27 6.527 113.8 115.9 2.676 3.565
2007 11 194 900 -6999 -6999 -6999 -6999
2007 11 195 400 0.13 0.15 1.28 1.311 92.7 96.9 5.887 6.098 128.3 129.4 0 0
2007 11 195 500 0.098 0.118 1.256 1.298 95.2 99.5 5.282 5.506 132.2 132.7 0 0
2007 11 195 600 0.24 0.279 1.173 1.204 99.5 104.1 5.399 5.602 136.4 140.1 3.425 3.542
2007 11 195 2000 0.281 0.34 2.294 2.373 0 0 5.442 5.481 0 0 0 0
2007 11 196 400 0.179 0.209 -6999 -6999 92.3 96.1 3.745 4.03 98.7 100.3 3.187 3.301
2007 11 196 600 0.345 -6999 -6999 -6999 95.1 99.2 3.897 4.171 103 105.5 4.258 4.412
2007 11 196 900 -6999 -6999 -6999 -6999 -6999 -6999 3.965 4.215 86.3 -6999 4.251 4.41
2007 11 197 300 0.04 0.044 0.954 0.973 102.6 107.2 5.755 5.714 147.2 151.5 1.718 0
2007 11 197 400 0.132 0.14 0.97 0.996 104.6 109.3 5.402 5.549 142.6 145.2 0 0
2007 11 197 500 0.185 0.199 1.231 1.259 104.6 109.5 5.637 5.84 132.3 136.6 0 0
2007 11 197 600 0.251 0.274 1.315 1.356 104 109 5.362 5.585 136.1 139.5 0 0
2007 11 197 300 0.88 -6999 -6999 -6999 -6999 -6999 4.679 4.891 111.9 115 0 0
2007 11 197 500 2.828 3.184 1.463 1.538 93.8 98.4 3.852 4.036 103.2 107.5 0 0
2007 11 197 600 3.517 4.058 1.493 1.576 98.1 103.3 3.753 3.938 113.8 118.2 3.283 3.397
2007 11 197 700 1.857 2.081 -6999 -6999 -6999 -6999 4.071 4.287 116.9 119.6 2.596 2.694
2007 11 197 800 -6999 1.46 -6999 -6999 118.5 124.5 3.645 3.821 144.7 152.1 0 0
2007 11 197 900 -6999 -6999 -6999 -6999 112.7 118.3 3.671 3.862 136.9 139.6 3.628 3.764
2007 11 197 1000 -6999 -6999 -6999 -6999 -6999 109.4 3.849 4.039 113.1 116.3 4.325 4.501
2007 11 197 1100 -6999 -6999 -6999 -6999 -6999 -6999 3.883 4.061 -6999 217.5 4.331 4.509
2007 11 213 1000 -6999 -6999 -6999 -6999 -6999 -6999 4.085 4.243 -6999 -6999 4.343 4.537
2007 11 213 1100 -6999 -6999 -6999 -6999 103.6 108.1 4.234 4.421 119.8 124.1 4.346 4.55
2007 11 197 1600 0.13 0.143 0.844 0.869 98.3 102.8 3.593 3.752 107.3 108.9 0 0
2007 11 197 2200 0.248 0.287 1.313 1.348 96 100.5 4.939 5.143 109.4 112.8 2.194 0
2007 11 197 2300 0.499 0.563 1.376 1.412 100.5 105.3 5.121 5.322 115.7 120 4.383 0
2007 11 198 400 0.03 0.043 2.206 2.262 0 0 6.429 6.592 0 0 0 0
2007 11 198 500 0.057 0.076 1.761 1.855 71.5 74.8 6.826 7.1 78.6 82.1 0 0
2007 11 198 600 0.42 0.37 1.894 1.993 83.5 87.3 7.49 7.79 95.4 97.3 2.179 2.267
2007 11 198 700 0.681 0.645 1.987 2.07 86.9 91 7.2 7.46 98.9 101.5 4.351 4.529
2007 11 198 700 0.835 0.855 2.052 2.125 0 0 7.98 8.37 0 0 0 0
2007 11 198 1300 3.4 4.413 -6999 -6999 85.4 89.3 4.136 4.356 109.9 113.2 3.91 4.044
2007 11 198 1400 3.605 -6999 -6999 -6999 88.6 92.7 3.578 3.805 107.3 110.8 4.375 4.517
2007 11 198 1500 -6999 -6999 -6999 -6999 96.4 -6999 3.507 3.723 -6999 127.6 4.37 4.519
2007 11 198 2000 -6999 -6999 -6999 -6999 90.6 -6999 2.786 2.958 129.9 130.4 4.371 4.525
2007 11 198 2100 -6999 -6999 -6999 -6999 90.6 95.3 3.248 3.387 130.1 130.5 4.37 4.525
2007 11 198 2200 -6999 -6999 -6999 -6999 90.6 95.3 3.331 3.475 130.1 130.5 4.371 4.525
2007 11 198 2300 -6999 -6999 -6999 -6999 90.6 95.3 3.25 3.418 130.1 130.5 4.371 4.525
2007 11 199 0 0.397 -6999 -6999 -6999 90.6 95.3 3.533 3.709 130.1 130.5 4.37 4.525
2007 11 199 100 0.106 0.135 0.61 0.627 90.6 95.3 3.128 3.287 130.1 130.5 4.37 4.525
2007 11 199 200 0.053 0.067 0.828 0.817 90.6 95.3 3.167 3.352 130.1 130.5 4.37 4.525
2007 11 199 300 0.031 0.038 0.879 0.907 90.6 95.3 2.854 3.026 130.1 130.5 4.37 4.525
2007 11 199 400 0.024 0.028 0.666 0.691 90.6 95.3 2.627 2.777 130.1 130.5 4.37 4.525
2007 11 199 700 0.2 0.242 0.539 0.555 102.5 106.9 3.401 3.566 135.8 139.4 0 0
2007 11 199 800 0.236 0.29 0.644 0.663 105.2 109.7 3.287 3.46 138.9 142.6 1.484 0
2007 11 199 900 0.314 0.39 0.705 0.703 104.6 109.5 3.813 3.975 140.6 144.5 2.227 0
2007 11 199 1000 0.618 0.752 0.791 0.805 101.2 104.6 3.599 3.762 137.5 140.6 3.686 4.594
2007 11 199 1100 -6999 -6999 -6999 -6999 97.4 102.3 3.447 3.605 123.3 126.6 4.404 4.553
2007 11 199 1200 -6999 -6999 -6999 -6999 -6999 -6999 3.598 3.782 118.1 121.9 4.397 4.546
2007 11 199 1300 -6999 -6999 -6999 -6999 95 99.3 4.341 4.544 111.5 117 4.398 4.544
2007 11 199 1400 -6999 -6999 -6999 -6999 115 120.4 4.543 4.744 -6999 145.2 4.322 4.464
2007 11 199 1500 3.063 4.001 1.49 1.531 91.2 95.6 3.287 3.468 109 112.5 4.402 4.543
2007 11 199 1600 3.636 5.025 1.579 1.623 91 95.7 3.317 3.499 104.4 108.6 4.396 4.599
2007 11 199 1700 -6999 -6999 -6999 -6999 -6999 97.5 2.729 2.914 105.7 108.2 4.398 4.542
2007 11 199 1800 -6999 -6999 -6999 -6999 -6999 -6999 2.734 2.911 -6999 312.3 4.401 4.54
2007 11 199 1900 -6999 -6999 -6999 -6999 92.7 97.4 2.808 2.98 -6999 350.9 4.401 4.54
2007 11 199 2000 2.324 3.643 1.56 1.618 92.7 97.4 3.777 3.961 -6999 350.9 4.401 4.54
2007 11 199 2100 1.825 3.006 1.335 1.376 92.7 97.4 4.171 4.337 -6999 350.9 4.401 4.54
2007 11 199 2200 1.39 2.364 1.269 1.32 92.7 97.4 3.978 4.165 -6999 350.9 4.401 4.54
2007 11 199 2300 1.062 1.649 1.213 1.261 92.7 97.4 3.532 3.724 -6999 350.9 4.401 4.54
2007 11 200 0 -6999 0.796 -6999 -6999 92.7 97.4 3.635 3.84 -6999 350.9 4.401 4.54
2007 11 200 100 0.386 0.62 1.158 1.206 92.7 97.4 4.238 4.467 -6999 350.9 4.401 4.54
2007 11 200 200 0.105 0.138 1.057 1.091 92.7 97.4 4.702 4.92 -6999 350.9 4.401 4.54
2007 11 200 300 0.026 0.037 0.962 0.993 92.7 97.4 4.315 4.516 -6999 350.9 4.401 4.54
2007 11 200 400 0.023 0.03 0.981 1.013 92.7 97.4 4.328 4.525 -6999 350.9 4.401 4.54
2007 11 200 500 0.046 0.048 1.056 1.088 92.7 97.4 3.832 4.015 -6999 350.9 4.401 4.54
2007 11 200 600 0.049 0.064 1.054 1.095 92.7 97.4 4.156 4.366 -6999 350.9 4.401 4.54
2007 11 200 700 0.106 0.134 1.119 1.162 92.7 97.4 3.757 3.952 -6999 350.9 4.401 4.54
2007 11 200 800 0.224 0.28 1.063 1.105 92.7 97.4 3.544 3.733 -6999 350.9 4.401 4.54
2007 11 200 900 0.442 0.549 1.158 1.207 92.7 97.4 3.651 3.858 -6999 350.9 4.401 4.54
2007 11 200 1000 0.695 0.856 1.219 1.268 92.7 97.4 3.864 4.067 -6999 350.9 4.401 4.54
2007 11 200 1100 0.997 1.23 1.274 1.329 92.7 97.4 3.598 3.818 -6999 350.9 4.401 4.54
2007 11 200 1200 1.497 1.839 1.4 1.45 92.7 97.4 3.895 4.11 -6999 350.9 4.401 4.54
2007 11 200 1300 1.968 2.421 1.367 1.42 92.7 97.4 3.706 3.92 -6999 350.9 4.401 4.54
2007 11 200 1400 -6999 -6999 -6999 -6999 92.7 97.4 3.909 4.104 -6999 350.9 4.401 4.54
2007 11 200 1500 -6999 -6999 -6999 -6999 92.7 97.4 3.905 4.088 -6999 350.9 4.401 4.54
2007 11 200 1600 2.656 -6999 -6999 -6999 92.7 97.4 3.726 3.924 -6999 350.9 4.401 4.54
2007 11 200 1700 -6999 -6999 -6999 -6999 92.7 97.4 4.15 4.361 -6999 350.9 4.401 4.54
2007 11 200 1800 3.049 4.26 1.663 1.705 92.7 97.4 3.871 4.078 -6999 350.9 4.401 4.54
2007 11 200 1900 2.689 3.973 1.654 1.714 92.7 97.4 3.778 3.982 -6999 350.9 4.401 4.54
2007 11 200 2000 2.092 3.287 1.689 1.756 92.7 97.4 3.758 3.987 -6999 350.9 4.401 4.54
2007 11 200 2100 1.661 2.676 1.777 1.858 92.7 97.4 4.07 4.315 -6999 350.9 4.401 4.54
2007 11 200 2200 1.247 1.94 1.832 1.913 92.7 97.4 3.643 3.864 -6999 350.9 4.401 4.54
2007 11 200 2300 -6999 1.403 -6999 -6999 92.7 97.4 4.855 5.116 -6999 350.9 4.401 4.54
2007 11 201 0 0.415 -6999 1.97 2.057 92.7 97.4 5.003 5.264 -6999 350.9 4.401 4.54
2007 11 201 100 0.191 0.245 1.964 2.039 92.7 97.4 5.205 5.458 -6999 350.9 4.401 4.54
2007 11 201 200 0.088 0.109 2.007 2.094 92.7 97.4 5.565 5.836 -6999 350.9 4.401 4.54
2007 11 201 300 0.049 0.053 1.798 1.894 92.7 97.4 5.635 5.886 -6999 350.9 4.401 4.54
2007 11 201 400 0.026 0.036 1.668 1.747 92.7 97.4 5.935 6.203 -6999 350.9 4.401 4.54
2007 11 201 500 0.056 0.054 1.722 1.804 92.7 97.4 5.992 6.267 -6999 350.9 4.401 4.54
2007 11 201 600 0.257 0.24 1.712 1.791 92.7 97.4 6.414 6.686 -6999 350.9 4.401 4.54
2007 11 201 700 0.586 0.606 2.038 2.115 92.7 97.4 6.902 7.17 -6999 350.9 4.401 4.54
2007 11 201 800 0.966 1.077 2.182 2.266 92.7 97.4 7.12 7.4 -6999 350.9 4.401 4.54
2007 11 201 900 1.508 1.743 2.285 2.361 92.7 97.4 7 7.29 -6999 350.9 4.401 4.54
2007 11 201 1000 -6999 -6999 -6999 -6999 92.7 97.4 7.04 7.31 -6999 350.9 4.401 4.54
2007 11 201 1100 -6999 -6999 -6999 -6999 92.7 97.4 7.76 8.05 -6999 350.9 4.401 4.54
2007 11 201 1200 -6999 -6999 -6999 -6999 92.7 97.4 7.97 8.25 -6999 350.9 4.401 4.54
2007 11 201 1300 3.268 4.171 2.941 3.009 77.7 81.5 9.42 9.72 109.3 111.8 2.352 2.444
2007 11 201 1400 3.375 4.288 -6999 -6999 81.8 85.9 8.63 8.94 115.4 118.1 4.419 4.591
2007 11 201 1500 -6999 4.336 -6999 -6999 82.5 -6999 8.14 8.45 117.2 120.4 4.431 4.582
2007 11 201 1600 3.387 4.299 -6999 -6999 83 87.3 7.88 8.18 119.9 122.3 4.429 4.585
2007 11 201 1700 -6999 -6999 -6999 -6999 -6999 158.2 7.75 8.07 -6999 170.2 4.433 4.59
2007 11 201 1800 2.995 3.878 3.063 3.144 83.6 87.9 7.73 8.03 118.5 121.6 4.442 4.599
2007 11 201 1900 2.616 3.49 2.978 3.077 84.3 88.6 7.66 7.97 122.4 126 4.449 3.066
2007 11 201 2000 2.176 3.043 3.003 3.106 84.3 88.5 8.04 8.36 123.9 127.7 4.45 3.836
2007 11 201 2100 1.709 2.519 2.916 3.014 85.1 89.4 8.09 8.4 126.6 131.4 4.455 4.61
2007 11 201 2200 1.255 1.866 3.007 3.113 85.2 89.5 7.72 8.02 125.5 129.2 4.459 4.611
2007 11 201 2300 -6999 -6999 -6999 -6999 -6999 -6999 7.85 8.14 172.3 176.6 4.458 4.613
2007 11 202 0 0.433 0.64 3.085 3.182 83.2 87.3 9.35 9.66 122.6 126.6 2.922 3.027
2007 11 202 100 0.15 0.191 2.776 2.858 59.18 62.08 9.35 9.68 72.4 75.6 0 0
2007 11 202 200 0.1 0.101 2.843 2.93 89.1 93.2 9.75 10.07 116.8 120 4.446 4.625
2007 11 202 300 0.047 0.046 2.586 2.671 91 94.9 9.58 9.9 117.1 119.6 4.451 4.623
2007 11 202 400 0.03 0.036 2.399 2.473 91.7 95.8 9 9.32 116.6 120.3 4.453 4.623
2007 11 202 500 0.081 0.06 2.197 2.268 92.5 96.8 8.48 8.77 115.9 119.7 4.458 4.624
2007 11 202 600 0.252 0.184 1.942 2.006 92.3 96.5 7.82 8.08 120.4 124.3 3.719 4.622
2007 11 202 700 0.601 0.481 1.675 1.733 92.1 96.3 7.04 7.29 122.4 125.2 4.462 2.369
2007 11 202 800 1.005 0.943 1.511 1.554 92.2 96.5 5.86 6.074 113.7 118.5 4.461 2.311
2007 11 202 1000 -6999 -6999 -6999 -6999 -6999 232.2 5.573 5.788 -6999 128 4.463 1.844
2007 11 202 1200 -6999 -6999 -6999 -6999 -6999 367.4 6.268 6.501 118.2 114.6 4.465 0
2007 11 202 1300 -6999 3.258 -6999 -6999 -6999 367.4 6.432 6.664 118.2 114.6 4.465 0
2007 11 202 1400 -6999 -6999 -6999 -6999 -6999 367.4 6.029 6.253 118.2 114.6 4.465 0
2007 11 202 2300 -6999 -6999 -6999 -6999 -6999 367.4 5.6 5.853 118.2 114.6 4.465 0
2007 11 203 0 -6999 -6999 -6999 -6999 -6999 143.7 5.592 5.844 132.8 137.1 3.909 4.052
2007 11 203 100 0.305 0.419 -6999 -6999 92.4 96.7 5.301 5.557 104.7 106.7 4.485 3.838
2007 11 203 200 0.141 0.159 1.686 1.753 93.5 97.6 4.729 4.968 99.5 101 4.484 4.644
2007 11 203 700 0.212 0.092 1.546 1.542 86.3 90.1 3.6 3.844 78.3 79.3 2.277 2.355
2007 11 203 800 0.904 0.889 1.788 1.858 92.2 96.4 4.747 4.988 93.3 95.4 2.994 4.264
2007 11 203 0 -6999 -6999 -6999 -6999 -6999 107.9 5.086 5.34 -6999 -6999 4.49 3.634
2007 11 203 100 -6999 -6999 -6999 -6999 92.7 96.9 5.608 5.837 101.3 -6999 4.496 0
2007 11 203 200 -6999 -6999 -6999 -6999 92.7 96.9 5.416 5.612 101.3 -6999 4.496 0
2007 11 203 300 -6999 -6999 -6999 -6999 92.7 96.9 4.58 4.817 101.3 -6999 4.496 0
2007 11 203 400 -6999 -6999 -6999 -6999 90.1 94.3 3.563 3.771 98.7 102.2 3.631 3.749
2007 11 203 500 -6999 -6999 -6999 -6999 99.7 104.5 4.359 4.589 115.1 -6999 4.495 4.643
2007 11 205 0 0.517 0.485 1.87 1.919 74.9 78.4 7.5 7.7 98.5 103.1 0 0
2007 11 205 0 0.505 0.479 1.926 2.01 0 0 8.38 8.41 0 0 0 0
2007 11 205 1100 1.517 -6999 1.959 1.899 94.8 99.2 6.102 6.348 120.7 122.1 3.116 3.26
2007 11 205 1200 1.199 1.178 1.656 1.697 96.5 101 6.445 6.676 127.9 131.1 4.596 4.013
2007 11 205 100 0.658 0.63 -6999 -6999 94.7 99 5.757 5.976 115.1 119.1 3.223 3.383
2007 11 205 200 -6999 0.551 -6999 -6999 -6999 -6999 6.337 6.575 -6999 122.1 3.825 4.818
2007 11 205 300 0.241 0.232 -6999 -6999 93.6 97.9 6.345 6.58 123.7 127.7 3.858 4.005
2007 11 205 500 -0.399 -0.36 20.14 20.18 0 0 5.612 5.893 0 0 0 0
2007 11 205 700 0.007 -0.068 -6999 -6999 93.6 97.8 5.173 5.406 117.3 121.3 4.082 4.289
2007 11 205 800 0.007 0.007 1.88 1.946 93.7 97.9 5.3 5.53 122.4 125.8 1.589 4.022
2007 11 205 900 0.017 0.017 1.75 1.82 94 98.2 4.74 4.957 114 118.5 0 4.021
2007 11 205 1000 0.064 0.061 1.785 1.842 92.8 96.9 6.255 6.483 115.4 119.2 3.069 4.83
2007 11 205 1100 0.236 0.22 1.734 1.784 92.4 96.6 6.708 6.937 116.4 119.2 3.841 4.832
2007 11 205 1200 0.513 0.462 1.572 1.615 93.9 98.2 6.726 6.957 114.2 117.4 2.303 4.834
2007 11 206 200 0.239 0.239 0.753 0.779 96.5 100.9 3.551 3.723 120.9 124.2 0 0
2007 11 206 300 0.161 0.159 0.639 0.661 93.3 97.6 3.132 3.28 102.1 102.5 0 0
2007 11 206 300 0.149 0.149 0.604 0.621 0 0 2.953 3.234 0 0 0 0
2007 11 207 200 0.307 0.428 -0.209 -0.139 0 0 0.947 0.984 0 0 0 0
2007 11 207 300 2.976 3.868 -6999 -6999 79.9 83.9 3.996 4.123 117.9 121.5 4.373 4.548
2007 11 207 400 3.237 4.259 0.463 0.44 82.4 86.5 3.126 3.232 122.9 127 4.635 4.881
2007 11 207 500 3.347 4.48 0.696 0.66 83.6 88.3 2.978 3.075 125.5 129.1 4.634 4.878
2007 11 207 600 3.324 4.55 0.985 0.988 83.6 88.3 2.642 2.751 118.8 122.4 4.63 4.878
2007 11 207 300 0 0 0.883 0.969 97.6 101.9 3.605 3.835 98.4 100.7 5.432 4.684
2007 11 207 400 0 0 0.499 0.579 98.9 103.3 3.596 3.817 103.5 107 5.062 5.372
2007 11 207 300 0.368 0.374 0.48 0.56 96 100.3 3.511 3.741 95.3 98.1 4.4 4.675
2007 11 207 400 0.541 0.578 1.112 1.191 95.3 99.5 3.531 3.752 96.2 97.6 5.025 5.322
2007 11 207 300 -6999 -6999 -6999 -6999 -6999 -6999 2.772 2.954 -6999 -6999 4.734 4.973
2007 11 207 400 1.723 1.929 -6999 -6999 92.7 -6999 3.057 3.256 97.3 100.1 5.047 5.294
2007 11 207 500 1.133 1.157 1.799 1.871 92.3 96.5 3.2 3.401 90.1 91.2 5.044 5.277
2007 11 207 600 1.477 1.731 1.661 1.75 93.1 97.3 3.025 3.239 74.4 75.3 5.048 5.281
2007 11 207 700 0.771 1.03 1.75 1.845 93.6 97.7 2.83 3.035 71.8 73.1 4.205 5.282
2007 11 207 800 0.683 0.981 1.68 1.795 93.2 97.3 1.767 1.953 84.7 80.2 5.051 5.282
2007 11 207 900 0.223 0.258 1.342 1.379 96.2 100.7 0.53 0.63 114.4 115.1 5.048 5.284
2007 11 207 1000 0.071 0.082 1.051 1.09 96.7 101.2 0.636 0.744 103.6 97.1 5.052 4.462
2007 11 207 1100 0.008 0.009 0.392 0.436 99.9 104.4 0.838 0.923 130.6 130.7 5.087 5.333
2007 11 207 1200 0 0 0.533 0.558 99.9 104.4 1.34 1.326 153.3 155.1 5.128 5.431
2007 11 207 1300 0 0 0.222 0.298 100.8 105.2 1.544 1.59 145.5 148.7 0.859 7.2
2007 11 207 1400 0 0 -0.367 -0.277 101.9 106.4 1.254 1.337 138.4 139.4 2.568 0
2007 11 207 1500 0 0 -0.034 0.001 102.7 107.3 1.124 1.167 143.9 145 0 0
2007 11 207 1600 0.001 0.001 0.176 0.227 103 107.6 1.818 1.942 124.4 127.2 0 0
2007 11 207 1700 0.011 0.013 -0.024 0.001 103.3 107.9 1.487 1.554 140.4 141.9 0 0
2007 11 207 1800 0.149 0.154 0.199 0.211 103.6 108.2 2.117 2.097 156.2 159.4 0 0
2007 11 207 1900 0.22 0.234 0.352 0.359 103.7 108.4 1.051 1.123 129.3 132.3 0.856 5.414
2007 11 207 2000 0.261 0.282 0.504 0.532 103.2 108 1.44 1.562 85.8 87.9 2.565 9.13
2007 11 207 2100 0.464 0.495 0.673 0.695 102.4 107.1 1.738 1.852 135.4 139.2 1.707 8.22
2007 11 207 2200 1.253 1.308 0.843 0.881 101.1 105.9 2.282 2.415 111.3 114.8 5.102 5.316
2007 11 207 2300 1.644 1.733 0.957 1.003 99.6 104.2 2.493 2.631 113.6 116.8 5.052 3.528
2007 11 207 1400 1.988 2.076 1.225 1.281 97.6 102.3 1.952 2.082 119.6 122.3 5.046 4.347
2007 11 207 1500 1.636 1.714 1.219 1.264 97.6 102.3 2.362 2.521 108.9 111.5 5.044 5.291
2007 11 207 1600 1.631 1.691 1.198 1.242 97.8 102.4 2.948 3.124 109.1 113.2 5.047 4.415
2007 11 207 1700 1.702 1.768 1.275 1.322 96.8 101.3 2.978 3.159 105.2 107.7 5.058 5.299
2007 11 207 1800 1.572 1.639 1.404 1.451 95.8 100.3 3.168 3.355 100.5 102.2 5.051 5.291
2007 11 207 1900 1.327 1.391 1.307 1.355 96.1 100.6 2.788 2.974 87.1 89.4 5.048 5.289
2007 11 207 2000 0.93 0.956 1.39 1.449 95.8 100 3.121 3.336 81.8 83.3 5.049 5.31
2007 11 207 2100 0.582 0.598 1.51 1.59 95.3 99.4 2.907 3.115 92.4 93.8 5.051 5.409
2007 11 207 2200 0.258 0.267 1.48 1.553 95.9 100 3.114 3.322 99.1 102.2 5.053 4.513
2007 11 207 2300 0.16 0.166 1.236 1.295 95.7 99.8 2.685 2.873 103.8 107 5.059 5.356
2007 11 208 0 0.102 0.132 1.21 1.268 90.6 94.5 3.077 3.267 102.2 104.7 5.057 5.385
2007 11 208 100 0.011 0.011 0.612 0.652 92 96 3.517 3.713 92.2 94 5.065 5.346
2007 11 208 200 0 0 0.804 0.865 92.7 96.6 3.637 3.851 101.7 104.2 5.063 3.56
2007 11 208 300 0 0 1.112 1.193 92.4 96.4 4.36 4.583 101.7 104.6 5.066 5.312
2007 11 208 400 0 0 1.656 1.752 93.3 97.3 4.179 4.409 104.3 107.8 5.064 5.312
2007 11 208 500 0 0 1.754 1.819 94.8 99.1 4.891 5.095 108.4 112.1 5.062 2.721
2007 11 208 600 0.001 0.001 1.322 1.423 95.7 99.9 4.538 4.778 94.7 96 5.07 1.773
2007 11 208 700 0.019 0.02 1.303 1.383 89.1 93.1 6.882 7.14 98.2 100.6 5.051 5.319
2007 11 208 800 0.297 0.213 0.992 1.054 83.7 87.7 8.19 8.44 105.7 108.6 4.206 5.401
2007 11 208 900 0.786 0.704 0.556 0.593 79.9 83.9 10.24 10.51 101.9 104.8 4.212 5.345
2007 11 208 1000 1.25 1.283 -0.608 -0.59 77.2 81 11.43 11.73 93.3 94.4 3.378 5.418
2007 11 208 1100 2.007 2.097 0.923 0.947 40.78 42.61 9.08 9.34 57.09 58.85 0 0
2007 11 208 1100 2.403 2.51 1.999 2.016 0 0 9.7 9.95 0 0 0 0
2007 11 208 1200 2.523 2.711 2.236 2.274 82.4 86.5 9.97 10.23 126.3 130.3 0.84 5.321
2007 11 208 1300 1.572 1.653 2.374 2.425 85.8 89.9 9.48 9.76 124 127.6 5.041 5.322
2007 11 208 1400 1.99 2.107 2.314 2.354 89.3 93.5 9.03 9.3 119.7 123.1 5.055 5.331
2007 11 208 1500 2.515 2.728 2.572 2.621 86.3 90.7 9.77 10.04 125.5 129.4 3.369 5.321
2007 11 208 1600 1.438 1.397 2.186 2.232 90 94.3 9.58 9.84 123.4 127.1 5.051 5.336
2007 11 208 1700 1.339 1.278 2.08 2.127 90.3 94.6 9.52 9.77 126.5 130.1 4.218 5.335
2007 11 208 1800 1.256 1.236 2.094 2.146 90.7 95.2 10.46 10.71 126.2 130.5 5.07 5.345
2007 11 208 1900 1.558 1.561 1.791 1.833 93.4 98.2 10.45 10.71 127.9 131.2 5.073 5.348
2007 11 208 2000 0.608 0.573 1.632 1.663 95.7 100.3 10.29 10.56 136.2 139.3 5.087 3.571
2007 11 208 2100 0.378 0.343 1.575 1.605 97.2 102 9.23 9.5 137.9 141.8 5.096 4.457
2007 11 208 2200 0.218 0.19 1.435 1.46 98.9 103.6 8.25 8.5 139.4 143.3 4.256 5.349
2007 11 208 2300 0.044 0.037 1.141 1.154 101.5 106.2 7.41 7.56 144.7 148.8 0.859 0.895
2007 11 208 100 0.008 0.006 0.813 0.825 103.3 108 6.289 6.467 140.6 143 0.851 0.156
2007 11 208 200 0 0 0.639 0.648 104.6 109.2 5.596 5.765 141.1 144.2 0 0
2007 11 208 300 0 0 0.388 0.39 104.9 109.5 5.132 5.208 146.3 149.3 0 0
2007 11 208 400 0 0 0.132 0.128 105.1 109.7 4.316 4.371 146.4 150.3 0 0
2007 11 208 500 0 0 0.128 0.126 105.2 109.8 4.061 4.181 141.8 146.1 0 0
2007 11 208 600 0 0 0.085 0.098 105.3 109.9 4.03 4.15 130.9 134.2 0 0
2007 11 208 700 0.006 0.011 0.119 0.137 105.3 109.9 4.429 4.539 127.4 130.5 0 0
2007 11 208 800 0.04 0.075 0.267 0.303 105.2 109.9 5.103 5.24 124.1 127.9 0 0
2007 11 208 900 0.149 0.257 0.357 0.366 104.8 109.6 5.336 5.474 127.2 131.1 0 0
2007 11 208 1000 0.251 0.408 0.441 0.433 103.7 108.6 5.866 6.005 126.7 129.7 0 0
2007 11 208 1100 0.422 0.655 0.598 0.613 100.4 105.2 5.939 6.091 125.5 128.6 0 4.596
2007 11 208 1200 0.564 0.856 0.611 0.633 99.3 104.2 5.52 5.648 128.8 132.5 0 10.85
2007 11 208 1300 1.161 1.707 0.505 0.402 100.2 105.5 5.835 5.967 133.4 136.7 0.872 9.93
2007 11 208 1400 1.404 1.919 0.643 0.565 98.5 103.8 4.983 5.115 128 131.1 2.553 5.349
