,-32.05,-32.48,-33.18,-33.91,-34.24,-34,-32.41,-28.26,-40.13,-10.03,5.679,13.6
141,141,2100,3.57,3.159,.326,-9.86,-9.8,-.365,89.5,3.207,3.456,216.6,217.7,298.9,2.439,3.189
142,141,2100,-31.53,-31.71,-32.06,-32.48,-33.18,-33.91,-34.25,-34.02,-32.42,-28.24,-40.13,-9.92,4.322,13.74
141,141,2200,2.63,2.319,.262,-9.82,-9.76,-.371,90.4,1.903,2.069,201,201.7,298.7,2.443,3.189
142,141,2200,-31.54,-31.72,-32.06,-32.49,-33.18,-33.91,-34.25,-34.02,-32.43,-28.21,-40.13,-9.88,2.728,13.79
141,141,2300,1.733,1.53,.031,-10.13,-10.04,-.389,91.5,2.161,2.368,173.8,174.2,298.5,2.445,3.19
142,141,2300,-31.52,-31.7,-32.05,-32.48,-33.17,-33.9,-34.23,-33.99,-32.41,-28.18,-40.13,-10.22,2.773,14.79
141,142,0,1.391,1.229,.246,-10.15,-10.13,-.399,92,2.692,2.85,156.9,156.2,298.4,2.449,3.191
142,142,0,-31.54,-31.72,-32.06,-32.49,-33.19,-33.91,-34.25,-34.01,-32.43,-28.17,-40.13,-10.32,3.257,14.58
141,142,100,1.281,1.129,.253,-10.31,-10.33,-.402,92.1,1.758,2.713,168,135.3,298.1,2.434,3.188
142,142,100,-31.55,-31.73,-32.08,-32.51,-33.2,-33.93,-34.27,-34.03,-32.44,-28.16,-40.13,-10.53,3.285,14.41
141,142,200,.629,.561,.008,-10.11,-10.08,-.402,93.4,.526,2.748,178,127.9,298,2.436,3.19
142,142,200,-31.56,-31.74,-32.09,-32.52,-33.21,-33.94,-34.29,-34.05,-32.44,-28.13,-40.13,-10.38,3.347,14.67
141,142,300,.614,.551,-.482,-7.92,-7.84,-.372,95.3,5.04,5.5,209.2,209.7,297.8,2.41,3.162
142,142,300,-31.62,-31.79,-32.13,-32.56,-33.25,-33.98,-34.33,-34.12,-32.48,-28.11,-40.13,-8.21,6.873,14.33
141,142,400,.513,.464,-.611,-7.66,-7.59,-.353,95.3,6.199,6.779,227.8,229.2,297.8,2.398,3.169
142,142,400,-31.58,-31.76,-32.11,-32.54,-33.23,-33.95,-34.3,-34.07,-32.44,-28.06,-40.13,-7.88,8.25,14.37
141,142,500,.689,.639,-1.743,-9.15,-9.03,-.35,94.7,4.898,5.378,222.8,224.3,298,2.424,3.164
142,142,500,-31.52,-31.71,-32.05,-32.48,-33.18,-33.9,-34.23,-33.98,-32.38,-28,-40.13,-9.3,6.558,14.22
141,142,600,1.327,1.191,.034,-9.32,-9.23,-.365,94.5,4.208,4.59,216.2,217.9,298.1,2.424,3.16
142,142,600,-31.56,-31.75,-32.09,-32.53,-33.22,-33.95,-34.29,-34.05,-32.42,-28,-40.13,-9.52,5.086,14.78
141,142,700,1.573,1.404,.258,-8.53,-8.47,-.371,94.8,4.31,4.67,215.2,217.2,298.3,2.415,3.157
142,142,700,-31.59,-31.77,-32.12,-32.55,-33.24,-33.96,-34.3,-34.08,-32.43,-27.97,-40.13,-8.7,5.302,14.14
141,142,800,2.036,1.839,-.287,-8.59,-8.5,-.378,94.4,4.141,4.494,210.7,212.4,298.5,2.406,3.163
142,142,800,-31.57,-31.75,-32.1,-32.52,-33.22,-33.94,-34.28,-34.05,-32.4,-27.91,-40.13,-8.69,5.516,14.06
141,142,900,3.334,2.97,-.591,-8.45,-8.31,-.362,92.9,4.516,4.965,208.9,210.2,298.4,2.404,3.172
142,142,900,-31.58,-31.76,-32.12,-32.54,-33.23,-33.96,-34.3,-34.08,-32.38,-27.86,-40.13,-8.48,6.845,13.99
141,142,1000,4.035,3.556,-.152,-7.23,-7.14,-.349,92.6,6.139,6.658,214.3,216.3,298.5,2.416,3.175
142,142,1000,-31.58,-31.77,-32.12,-32.53,-33.23,-33.96,-34.28,-34.06,-32.38,-27.83,-40.13,-7.28,7.52,13.92
141,142,1100,5.38,4.72,.459,-6.799,-6.73,-.344,91.2,7.38,8,217.8,219.7,298.6,2.424,3.172
142,142,1100,-31.58,-31.76,-32.12,-32.53,-33.23,-33.95,-34.28,-34.05,-32.36,-27.77,-40.13,-6.829,9.87,13.87
141,142,1200,5.672,4.987,.567,-7.47,-7.43,-.343,90.2,8.39,9.09,217.4,218.5,298.8,2.429,3.176
142,142,1200,-31.53,-31.72,-32.07,-32.49,-33.18,-33.9,-34.2,-33.96,-32.32,-27.72,-40.13,-7.51,11.3,13.81
141,142,1300,8.47,7.36,1.824,-7.51,-7.45,-.342,87.4,7.8,8.46,216.3,216.9,299.1,2.429,3.178
142,142,1300,-31.6,-31.79,-32.14,-32.56,-33.25,-33.99,-34.3,-34.07,-32.35,-27.7,-40.13,-7.39,9.81,13.77
141,142,1400,7.5,6.575,2.11,-7.33,-7.3,-.339,88.3,8.55,9.27,211.3,212.6,299.2,2.429,3.177
142,142,1400,-31.54,-31.73,-32.08,-32.49,-33.18,-33.9,-34.2,-33.94,-32.3,-27.64,-40.13,-7.32,10.74,13.72
141,142,1500,8.7,7.59,1.999,-6.92,-6.877,-.339,86.2,7.03,7.57,205.3,206.5,299.4,2.426,3.174
142,142,1500,-31.61,-31.79,-32.14,-32.54,-33.23,-33.95,-34.26,-34.02,-32.36,-27.64,-40.13,-6.769,9.03,13.68
141,142,1600,7.86,6.869,1.372,-6.63,-6.608,-.337,86.7,6.549,7.05,202.7,202.5,299.3,2.399,3.172
142,142,1600,-31.56,-31.74,-32.09,-32.49,-33.18,-33.89,-34.17,-33.9,-32.29,-27.57,-40.13,-6.521,7.99,13.64
141,142,1700,7.5,6.58,.543,-6.848,-6.809,-.337,86.8,5.707,6.12,198,198.9,299,2.412,3.173
142,142,1700,-31.54,-31.72,-32.06,-32.46,-33.15,-33.86,-34.14,-33.87,-32.27,-27.53,-40.13,-6.705,7.59,13.6
141,142,1800,6.183,5.447,.421,-6.772,-6.736,-.336,89.5,4.883,5.209,190.6,191.7,299,2.412,3.173
142,142,1800,-31.53,-31.71,-32.05,-32.46,-33.15,-33.85,-34.14,-33.86,-32.25,-27.47,-40.13,-6.762,5.952,13.56
141,142,1900,5.341,4.708,.116,-6.499,-6.444,-.337,90.1,4.218,4.501,190.2,190.4,298.9,2.41,3.171
142,142,1900,-31.55,-31.73,-32.07,-32.48,-33.16,-33.87,-34.16,-33.89,-32.27,-27.45,-40.13,-6.442,5.971,13.64
141,142,2000,4.499,3.98,.457,-6.214,-6.166,-.339,91.4,5.497,5.927,204.4,205.8,298.7,2.402,3.168
142,142,2000,-31.53,-31.71,-32.06,-32.47,-33.16,-33.87,-34.15,-33.88,-32.25,-27.41,-40.13,-6.271,9.46,13.67
141,142,2100,3.4,3.005,.316,-7.86,-7.86,-.337,92.5,10.58,11.46,216.5,218.3,298.6,2.416,3.18
142,142,2100,-31.49,-31.67,-32.02,-32.45,-33.13,-33.84,-34.12,-33.82,-32.19,-27.35,-40.13,-8.05,13.97,13.73
141,142,2200,2.797,2.48,.323,-8.97,-8.99,-.343,92.5,10.49,11.42,225.1,227,298.3,2.357,3.188
142,142,2200,-31.5,-31.69,-32.04,-32.47,-33.15,-33.86,-34.16,-33.87,-32.21,-27.34,-40.13,-9.25,12.85,13.8
141,142,2300,1.857,1.657,.116,-10.07,-10.1,-.344,92.6,10.18,11.07,223.7,224.9,298.9,2.401,3.195
142,142,2300,-31.52,-31.71,-32.06,-32.49,-33.17,-33.88,-34.19,-33.9,-32.24,-27.33,-40.13,-10.35,12.38,13.84
141,143,0,1.902,1.684,-.237,-11.02,-11.03,-.349,91.6,9.75,10.59,219.9,222.7,299.1,2.44,3.201
142,143,0,-31.54,-31.73,-32.08,-32.51,-33.2,-33.9,-34.22,-33.94,-32.28,-27.32,-40.13,-11.27,12.23,14.92
141,143,100,1.353,1.192,-.727,-11.95,-11.94,-.371,90.9,9.17,9.94,221,222.2,299.5,2.449,3.206
142,143,100,-31.54,-31.73,-32.08,-32.52,-33.2,-33.91,-34.23,-33.94,-32.28,-27.3,-40.13,-12.21,11.53,13.94
141,143,200,1.321,1.177,-2.12,-13.1,-13.06,-.37,89.9,7.09,7.69,222.3,223.5,299.6,2.454,3.211
142,143,200,-31.54,-31.73,-32.08,-32.52,-33.21,-33.91,-34.23,-33.94,-32.3,-27.28,-40.13,-13.27,10.19,13.87
141,143,300,.784,.738,-4.551,-16.37,-16.22,-.394,88.4,5.008,5.491,210.4,212.7,299.7,2.469,3.232
142,143,300,-31.5,-31.69,-32.04,-32.5,-33.18,-33.88,-34.21,-33.89,-32.25,-27.24,-40.13,-16.37,6.72,14.07
141,143,400,.891,.83,-2.522,-16.52,-16.37,-.404,88.5,4.438,4.887,219.4,222.1,299.3,2.47,3.233
142,143,400,-31.56,-31.74,-32.09,-32.55,-33.23,-33.93,-34.28,-34,-32.35,-27.26,-40.13,-16.58,7.59,14.06
141,143,500,1.078,.986,-2.033,-14.81,-14.72,-.402,90,5.502,5.977,216.3,216.9,299.1,2.461,3.222
142,143,500,-31.63,-31.81,-32.16,-32.6,-33.29,-34,-34.36,-34.11,-32.4,-27.24,-40.13,-14.91,8.63,14.24
141,143,600,1.897,1.655,-5.285,-16.15,-15.83,-.404,87.2,4.343,4.86,211.2,212.3,299,2.469,3.231
142,143,600,-31.56,-31.76,-32.11,-32.56,-33.26,-33.97,-34.32,-34.08,-32.35,-27.18,-40.13,-15.87,5.921,14.59
141,143,700,2.26,2.046,-4.389,-16.29,-16.01,-.398,87.2,3.543,4.021,208.3,208.9,298.8,2.47,3.232
142,143,700,-31.57,-31.77,-32.12,-32.58,-33.28,-33.99,-34.34,-34.1,-32.33,-27.13,-40.13,-16.05,6.149,14.93
141,143,800,2.938,2.696,-1.598,-16.61,-16.24,-.404,87.7,2.325,2.788,196.7,198.4,298.5,2.474,3.238
142,143,800,-31.58,-31.78,-32.14,-32.59,-33.29,-34.01,-34.36,-34.12,-32.31,-27.07,-40.13,-16.27,3.972,14.14
141,143,900,4.067,3.626,-2.14,-16.51,-16.27,-.402,85.8,2.965,3.322,173.2,173.2,298.2,2.473,3.237
142,143,900,-31.57,-31.78,-32.13,-32.58,-33.28,-34,-34.35,-34.1,-32.28,-27,-40.13,-16.22,3.946,14.05
141,143,1000,4.983,4.3,-1.127,-15.36,-15.15,-.394,84.3,3.037,3.348,164,163.9,297.9,2.469,3.23
142,143,1000,-31.6,-31.8,-32.16,-32.59,-33.29,-34,-34.35,-34.1,-32.3,-26.98,-40.13,-15.03,4.155,13.98
141,143,1100,5.075,4.468,1.227,-12.89,-12.87,-.367,85.6,3.858,4.053,160.8,159.8,297.8,2.456,3.214
142,143,1100,-31.66,-31.84,-32.18,-32.61,-33.28,-33.99,-34.32,-34.06,-32.37,-26.97,-40.13,-12.85,5.746,13.92
141,143,1200,5.653,4.991,1.143,-11.15,-11.06,-.351,86.7,5.666,6.045,181.7,182.7,297.9,2.445,3.202
142,143,1200,-31.65,-31.82,-32.17,-32.59,-33.26,-33.97,-34.28,-34.02,-32.31,-26.88,-40.13,-11.18,6.922,13.86
141,143,1300,6.656,5.859,1.452,-10.43,-10.39,-.34,86,5.771,6.188,189.5,189.3,298,2.443,3.198
142,143,1300,-31.63,-31.81,-32.15,-32.57,-33.24,-33.95,-34.25,-33.98,-32.26,-26.81,-40.13,-10.42,7.01,13.81
141,143,1400,7.6,6.649,1.988,-9.86,-9.84,-.343,85.2,5.958,6.379,193.3,194.2,297.9,2.44,3.195
142,143,1400,-31.61,-31.79,-32.14,-32.55,-33.23,-33.93,-34.23,-33.96,-32.23,-26.75,-40.13,-9.79,7.37,13.76
141,143,1500,8.17,7.13,1.836,-9.47,-9.44,-.338,84.7,5.498,5.89,200.7,201.6,297.9,2.438,3.192
142,143,1500,-31.59,-31.78,-32.13,-32.53,-33.22,-33.91,-34.2,-33.92,-32.21,-26.7,-40.13,-9.34,6.649,13.72
141,143,1600,7.1,6.236,.468,-9.38,-9.33,-.338,86.1,5.131,5.518,208.5,209.6,297.9,2.436,3.192
142,143,1600,-31.55,-31.74,-32.09,-32.5,-33.18,-33.87,-34.15,-33.85,-32.14,-26.62,-40.13,-9.3,6.262,13.67
141,143,1700,7.68,6.759,.549,-9.1,-9.04,-.337,85.8,4.859,5.236,218.4,219.3,298,2.429,3.191
142,143,1700,-31.57,-31.75,-32.11,-32.52,-33.2,-33.9,-34.18,-33.89,-32.15,-26.59,-40.13,-9,5.74,13.64
141,143,1800,6.741,5.935,.228,-8.86,-8.95,-.337,86.4,5.577,6.032,233.4,234.8,298.1,2.433,3.19
142,143,1800,-31.54,-31.73,-32.08,-32.5,-33.18,-33.87,-34.14,-33.83,-32.1,-26.52,-40.13,-8.93,8.98,13.64
141,143,1900,6.273,5.525,.186,-9.66,-10.16,-.338,86.6,7.41,8.06,252.3,254.7,298,2.415,3.197
142,143,1900,-31.49,-31.68,-32.03,-32.46,-33.14,-33.83,-34.1,-33.76,-32.03,-26.46,-40.13,-10.2,9.5,13.69
141,143,2000,5.45,4.804,.125,-11.09,-11.4,-.352,86.5,7.88,8.57,249,251,298.4,2.442,3.204
142,143,2000,-31.52,-31.71,-32.06,-32.49,-33.17,-33.86,-34.14,-33.82,-32.09,-26.48,-40.13,-11.44,9.95,14.58
141,143,2100,5.453,4.796,-.096,-12.13,-12.41,-.372,85.2,7.55,8.2,248.6,251.2,298.6,2.429,3.213
142,143,2100,-31.54,-31.73,-32.08,-32.51,-33.19,-33.88,-34.17,-33.85,-32.13,-26.48,-40.13,-12.47,9.65,13.81
141,143,2200,4.42,3.893,-.603,-13.36,-13.52,-.376,85.7,6.881,7.47,243.9,246.7,298.8,2.429,3.218
142,143,2200,-31.54,-31.73,-32.08,-32.51,-33.19,-33.88,-34.17,-33.85,-32.14,-26.46,-40.13,-13.58,9.3,13.83
141,143,2300,2.426,2.143,-.578,-14.22,-14.34,-.4,87.2,5.357,5.785,246.4,248.3,298.8,2.459,3.222
142,143,2300,-31.54,-31.73,-32.08,-32.53,-33.21,-33.89,-34.2,-33.87,-32.13,-26.44,-40.13,-14.53,6.979,13.85
141,144,0,1.539,1.363,-1.042,-15.03,-15.05,-.404,87.5,5.24,5.662,238.8,242.2,298.9,2.46,3.226
142,144,0,-31.56,-31.75,-32.1,-32.55,-33.22,-33.91,-34.22,-33.9,-32.15,-26.44,-40.13,-15.25,7.14,13.9
141,144,100,1.158,1.025,-1.58,-16.11,-16.07,-.404,87.6,3.997,4.344,235.2,237.4,299.2,2.449,3.232
142,144,100,-31.56,-31.75,-32.1,-32.55,-33.23,-33.92,-34.23,-33.91,-32.16,-26.43,-40.13,-16.27,5.037,15.1
141,144,200,.972,.861,-1.014,-16.93,-16.89,-.404,87.4,4.837,5.248,223.5,225.5,299.2,2.453,3.237
142,144,200,-31.58,-31.76,-32.11,-32.57,-33.25,-33.93,-34.26,-33.94,-32.18,-26.43,-40.13,-17.09,6.92,15.1
141,144,300,.568,.51,-1.704,-18.15,-18.12,-.404,86.2,5.587,6.046,224.7,225,299.1,2.465,3.244
142,144,300,-31.57,-31.76,-32.11,-32.57,-33.24,-33.93,-34.25,-33.93,-32.16,-26.4,-40.13,-18.33,7.37,14.09
141,144,400,.387,.361,-4.574,-22.47,-22.23,-.404,84,3.54,3.991,210.8,212.2,298.9,2.488,3.27
142,144,400,-31.51,-31.7,-32.06,-32.54,-33.21,-33.89,-34.22,-33.85,-32.08,-26.34,-40.13,-22.34,5.246,14
141,144,500,1.521,1.467,-3.502,-24.48,-24.11,-.404,81.6,2.74,3.209,198.5,198.5,298.4,2.502,3.288
142,144,500,-31.56,-31.76,-32.11,-32.6,-33.28,-33.96,-34.32,-34.01,-32.22,-26.41,-40.13,-24.17,3.748,14.06
141,144,600,1.461,1.296,-.263,-21.1,-21.01,-.404,84.6,3.877,4.22,192.9,194.3,298.4,2.484,3.265
142,144,600,-31.69,-31.87,-32.22,-32.69,-33.37,-34.06,-34.43,-34.15,-32.32,-26.43,-40.13,-21.21,5.081,14.42
141,144,700,1.989,1.726,-5.631,-22.12,-21.99,-.404,82.8,4.16,4.527,186.5,186.1,298.4,2.488,3.27
142,144,700,-31.61,-31.81,-32.16,-32.63,-33.32,-34,-34.36,-34.06,-32.24,-26.36,-40.13,-22.01,5.05,14.02
141,144,800,2.243,2.161,-1.949,-21.69,-21.57,-.404,82.6,4.267,4.625,196.4,197.7,298.3,2.486,3.269
142,144,800,-31.64,-31.83,-32.19,-32.65,-33.34,-34.02,-34.38,-34.09,-32.23,-26.33,-40.13,-21.65,5.245,14.72
141,144,900,4.444,3.961,-3.16,-22.73,-22.57,-.404,79.5,4.565,4.993,204.7,206.2,298.3,2.491,3.276
142,144,900,-31.62,-31.83,-32.19,-32.66,-33.36,-34.05,-34.42,-34.15,-32.18,-26.27,-40.13,-22.46,5.718,14.02
141,144,1000,5.88,4.991,-2.106,-22.73,-22.56,-.404,79.2,3.245,3.525,215.9,217.6,298.3,2.486,3.278
142,144,1000,-31.64,-31.86,-32.22,-32.69,-33.39,-34.1,-34.47,-34.22,-32.15,-26.21,-40.13,-22.41,4.725,13.95
141,144,1100,7.02,5.953,-.74,-21.95,-21.82,-.404,80,3.958,4.262,217.3,218.5,298.5,2.482,3.273
142,144,1100,-31.63,-31.85,-32.22,-32.68,-33.38,-34.08,-34.44,-34.18,-32.11,-26.15,-40.13,-21.68,4.826,14.02
141,144,1200,7.95,6.757,.443,-20.92,-20.81,-.404,79.8,4.504,4.83,209.6,210.3,298.7,2.476,3.267
142,144,1200,-31.68,-31.88,-32.25,-32.7,-33.39,-34.09,-34.44,-34.17,-32.13,-26.14,-40.13,-20.64,5.408,13.94
141,144,1300,8.73,7.46,1.043,-19.78,-19.69,-.404,79,4.747,5.081,215.1,216,299.2,2.465,3.259
142,144,1300,-31.72,-31.91,-32.28,-32.73,-33.41,-34.1,-34.44,-34.15,-32.14,-26.12,-40.13,-19.49,5.873,13.88
141,144,1400,9.29,7.97,1.106,-18.73,-18.68,-.399,78.6,5.572,5.993,222.1,224,299.3,2.459,3.253
142,144,1400,-31.69,-31.88,-32.24,-32.68,-33.37,-34.06,-34.38,-34.06,-32.12,-26.09,-40.13,-18.49,7.87,13.82
141,144,1500,9.5,8.21,.706,-17.82,-17.84,-.394,79,5.556,5.975,229.5,231.4,299.6,2.462,3.248
142,144,1500,-31.67,-31.86,-32.21,-32.64,-33.32,-34.01,-34.31,-33.99,-32.07,-26.04,-40.13,-17.68,6.819,13.78
141,144,1600,9.5,8.26,-.037,-17.65,-17.75,-.398,79.4,5.56,5.977,230.4,231.5,299.8,2.466,3.247
142,144,1600,-31.64,-31.83,-32.18,-32.61,-33.29,-33.96,-34.26,-33.91,-32.04,-26.01,-40.13,-17.6,6.558,13.73
141,144,1700,9.24,8.05,-.998,-17.35,-17.42,-.398,78.3,4.805,5.147,231.6,232.7,299.9,2.467,3.245
142,144,1700,-31.66,-31.84,-32.19,-32.62,-33.29,-33.96,-34.25,-33.9,-32.06,-26,-40.13,-17.22,6.256,13.69
141,144,1800,8.57,7.47,-1.849,-17.25,-17.19,-.39,77,3.738,3.986,222.2,223.4,300.1,2.464,3.244
142,144,1800,-31.66,-31.83,-32.18,-32.61,-33.28,-33.95,-34.23,-33.89,-32.06,-25.97,-40.13,-16.93,4.586,13.65
141,144,1900,7.75,6.779,-2.084,-17.23,-17.14,-.387,76.8,3.092,3.325,210.9,212,300.4,2.463,3.244
142,144,1900,-31.61,-31.79,-32.13,-32.55,-33.22,-33.88,-34.16,-33.79,-32.04,-25.94,-40.13,-16.8,4.052,13.6
141,144,2000,6.608,5.786,-2.191,-17.59,-17.38,-.396,76.5,2.191,2.413,183.7,184.5,300.5,2.465,3.246
142,144,2000,-31.61,-31.77,-32.11,-32.53,-33.18,-33.84,-34.11,-33.72,-32.05,-25.93,-40.13,-16.99,2.749,13.56
141,144,2100,5.395,4.702,-2.382,-18.63,-18.26,-.395,76.8,2.027,2.291,159.3,159.7,300.6,2.469,3.251
142,144,2100,-31.57,-31.72,-32.06,-32.48,-33.11,-33.77,-34.03,-33.62,-32.01,-25.9,-40.13,-17.79,2.649,13.55
141,144,2200,4.157,3.63,-2.839,-19.81,-19.5,-.4,80.4,2.658,3.004,166.1,166,300.6,2.475,3.257
142,144,2200,-31.5,-31.68,-32.02,-32.47,-33.11,-33.78,-34.04,-33.63,-31.97,-25.87,-40.13,-19.37,3.508,14.63
141,144,2300,2.825,2.48,-2.988,-21.08,-20.77,-.404,81.6,2.871,3.288,173.2,174.1,300.2,2.481,3.266
142,144,2300,-31.52,-31.7,-32.05,-32.51,-33.16,-33.82,-34.11,-33.71,-31.97,-25.87,-40.13,-20.69,3.737,14.93
141,145,0,1.738,1.524,-3.028,-22.63,-22.13,-.404,81.8,2.376,2.838,168.7,170,300.1,2.488,3.275
142,145,0,-31.53,-31.71,-32.06,-32.53,-33.19,-33.85,-34.16,-33.78,-31.99,-25.88,-40.13,-22.13,3.237,15.06
141,145,100,1.358,1.19,-2.094,-22.96,-22.46,-.404,82,2.147,2.597,156.1,156.4,299.9,2.49,3.277
142,145,100,-31.59,-31.77,-32.12,-32.59,-33.25,-33.92,-34.24,-33.87,-32.05,-25.91,-40.13,-22.49,3.045,14.87
141,145,200,.955,.849,-3.111,-24.22,-23.65,-.404,82.2,2.644,3.167,162,162.8,299.6,2.496,3.285
142,145,200,-31.58,-31.77,-32.13,-32.6,-33.26,-33.93,-34.25,-33.88,-32.03,-25.9,-40.13,-23.69,3.549,14.06
141,145,300,1.215,1.077,-3.183,-25.57,-25.19,-.404,81.6,3.324,3.806,171.2,171,299.4,2.503,3.294
142,145,300,-31.59,-31.78,-32.13,-32.61,-33.28,-33.95,-34.29,-33.93,-32.06,-25.92,-40.13,-25.28,4.32,14.16
141,145,400,1.116,.99,-2.763,-26.25,-25.85,-.404,80.2,2.957,3.429,172.3,172.9,299.3,2.507,3.299
142,145,400,-31.61,-31.8,-32.16,-32.64,-33.3,-33.97,-34.32,-33.96,-32.07,-25.92,-40.13,-25.94,4.25,14.45
141,145,500,1.295,1.201,-1.767,-25.15,-24.87,-.404,80.6,3.436,3.841,168.8,168.9,298.8,2.501,3.291
142,145,500,-31.65,-31.83,-32.18,-32.66,-33.33,-34,-34.36,-34.02,-32.1,-25.93,-40.13,-24.99,4.34,14.84
141,145,600,1.835,1.611,-.163,-23.72,-23.6,-.404,81.4,3.513,3.773,156.5,155.4,298.4,2.494,3.284
142,145,600,-31.7,-31.88,-32.23,-32.7,-33.37,-34.04,-34.4,-34.07,-32.13,-25.94,-40.13,-23.73,4.753,15.22
141,145,700,1.797,1.578,.489,-21.12,-21.05,-.404,83.7,4.659,4.905,163.9,163.7,298.2,2.481,3.265
142,145,700,-31.73,-31.91,-32.26,-32.72,-33.38,-34.05,-34.4,-34.08,-32.11,-25.9,-40.13,-21.21,5.815,14.16
141,145,800,2.361,2.082,.04,-19.45,-19.37,-.404,84.3,5.236,5.543,168.1,168.8,297.9,2.472,3.255
142,145,800,-31.71,-31.89,-32.24,-32.69,-33.36,-34.02,-34.35,-34.03,-32.06,-25.86,-40.13,-19.46,6.087,14.05
141,145,900,3.882,3.415,-.701,-18.99,-18.94,-.404,82.3,4.929,5.151,157.6,156.1,297.4,2.471,3.253
142,145,900,-31.68,-31.86,-32.21,-32.66,-33.32,-33.99,-34.31,-33.98,-32.02,-25.83,-40.13,-18.84,5.682,13.98
141,145,1000,5.022,4.384,-.175,-17.91,-17.92,-.404,81.9,5.778,5.986,153.4,153.3,296.9,2.467,3.247
142,145,1000,-31.67,-31.85,-32.2,-32.64,-33.31,-33.97,-34.28,-33.95,-31.99,-25.8,-40.13,-17.84,6.685,13.92
141,145,1100,6.15,5.336,-.32,-16.7,-16.7,-.404,81.4,6.602,6.877,155,154.1,296.3,2.461,3.24
142,145,1100,-31.66,-31.84,-32.19,-32.63,-33.29,-33.96,-34.26,-33.92,-31.95,-25.77,-40.13,-16.57,7.75,13.86
141,145,1200,7.51,6.491,.517,-15.03,-14.95,-.388,81.8,6.822,7.22,170,170.1,295.7,2.454,3.231
142,145,1200,-31.7,-31.88,-32.24,-32.67,-33.33,-34,-34.29,-33.97,-31.95,-25.75,-40.13,-14.84,8.35,13.81
141,145,1300,7.03,6.179,1.029,-13.35,-13.29,-.36,83.9,6.732,7.2,184.2,184.8,295.3,2.445,3.219
142,145,1300,-31.67,-31.85,-32.2,-32.63,-33.29,-33.95,-34.23,-33.89,-31.88,-25.7,-40.13,-13.31,8.16,13.78
141,145,1400,7.11,6.281,.785,-12.41,-12.35,-.342,84.9,6.225,6.659,183.7,183.2,295.1,2.441,3.213
142,145,1400,-31.64,-31.82,-32.17,-32.59,-33.25,-33.91,-34.17,-33.82,-31.83,-25.67,-40.13,-12.34,7.76,13.73
141,145,1500,6.995,6.187,.745,-11.37,-11.32,-.339,86.4,7.87,8.45,194.8,196.4,294.7,2.437,3.207
142,145,1500,-31.61,-31.8,-32.15,-32.56,-33.23,-33.88,-34.13,-33.77,-31.79,-25.64,-40.13,-11.35,10.43,13.72
141,145,1600,7.35,6.505,.545,-10.93,-10.88,-.341,86.4,9.28,10.05,208.4,208.9,294.6,2.434,3.205
142,145,1600,-31.6,-31.78,-32.13,-32.55,-33.21,-33.87,-34.11,-33.75,-31.76,-25.63,-40.13,-10.9,11.82,13.73
141,145,1700,7.2,6.388,.695,-10.91,-10.88,-.34,87.6,10.21,11.06,214.6,216.3,294,2.437,3.195
142,145,1700,-31.58,-31.77,-32.12,-32.54,-33.19,-33.86,-34.1,-33.73,-31.73,-25.61,-40.13,-10.91,12.97,13.72
141,145,1800,6.459,5.735,.276,-11.69,-11.68,-.351,87.6,11.55,12.5,218.2,220.5,293.9,2.407,3.207
142,145,1800,-31.56,-31.75,-32.1,-32.52,-33.18,-33.84,-34.07,-33.68,-31.69,-25.6,-40.13,-11.75,14.11,14.65
141,145,1900,5.925,5.23,.526,-12.38,-12.38,-.354,87.4,11.97,12.99,224.1,227,294.2,2.434,3.215
142,145,1900,-31.57,-31.75,-32.11,-32.53,-33.19,-33.85,-34.09,-33.69,-31.69,-25.61,-40.13,-12.51,15.33,13.74
141,145,2000,5.376,4.728,.394,-13.09,-13.15,-.367,86,10.09,10.92,237.7,238.5,294.4,2.45,3.219
142,145,2000,-31.57,-31.76,-32.11,-32.54,-33.2,-33.86,-34.1,-33.71,-31.7,-25.62,-40.13,-13.25,12.9,13.78
141,145,2100,4.203,3.707,.591,-13.95,-14.02,-.371,87,9.35,10.08,235.3,238.2,294.9,2.453,3.225
142,145,2100,-31.57,-31.76,-32.11,-32.55,-33.21,-33.86,-34.11,-33.71,-31.68,-25.63,-40.13,-14.17,11.94,13.8
141,145,2200,3.101,2.744,.259,-14.7,-14.77,-.392,87.1,7.95,8.56,238.4,240,295.9,2.457,3.228
142,145,2200,-31.58,-31.77,-32.12,-32.56,-33.22,-33.88,-34.13,-33.74,-31.69,-25.65,-40.13,-14.96,10.33,13.84
141,145,2300,2.171,1.921,.156,-14.95,-15,-.397,86.7,6.492,6.973,241.4,243.8,296.7,2.457,3.23
142,145,2300,-31.59,-31.78,-32.13,-32.57,-33.24,-33.89,-34.15,-33.76,-31.7,-25.67,-40.13,-15.22,8.88,13.87
141,146,0,1.602,1.416,.14,-15.11,-15.14,-.404,86.6,4.533,4.859,236.7,238.5,297,2.457,3.229
142,146,0,-31.6,-31.8,-32.15,-32.59,-33.25,-33.9,-34.17,-33.79,-31.72,-25.69,-40.13,-15.36,6.244,13.95
141,146,100,1.411,1.246,-.075,-15.16,-15.14,-.404,87.3,3.557,3.815,212.4,213.9,297.5,2.457,3.229
142,146,100,-31.62,-31.81,-32.16,-32.6,-33.26,-33.91,-34.18,-33.8,-31.73,-25.71,-40.13,-15.33,5.183,13.88
141,146,200,.917,.818,-.616,-16.22,-16.16,-.404,87.8,2.671,2.908,176.4,176.9,297.6,2.462,3.234
142,146,200,-31.59,-31.78,-32.13,-32.58,-33.24,-33.89,-34.15,-33.75,-31.7,-25.71,-40.13,-16.34,3.758,14.87
141,146,300,.586,.529,-1.114,-16.92,-16.85,-.404,87.8,3.185,3.411,159.3,159.7,297.5,2.466,3.238
142,146,300,-31.59,-31.78,-32.13,-32.58,-33.24,-33.88,-34.15,-33.75,-31.69,-25.71,-40.13,-17.04,3.83,14.63
141,146,400,.993,.922,-1.416,-17.53,-17.38,-.404,87.4,3.178,3.458,152.5,152.1,297.2,2.468,3.243
142,146,400,-31.6,-31.79,-32.14,-32.59,-33.24,-33.89,-34.16,-33.77,-31.71,-25.73,-40.13,-17.53,3.93,14.62
141,146,500,.904,.838,-.419,-15.26,-15.14,-.404,89.8,4.322,4.665,165.1,165,296.8,2.46,3.23
142,146,500,-31.67,-31.85,-32.2,-32.64,-33.3,-33.95,-34.23,-33.87,-31.76,-25.75,-40.13,-15.41,5.602,14.9
141,146,600,1.624,1.454,.061,-13.52,-13.43,-.403,90.2,4.893,5.222,167.4,167.6,296.5,2.45,3.22
142,146,600,-31.69,-31.87,-32.22,-32.65,-33.31,-33.96,-34.24,-33.88,-31.75,-25.74,-40.13,-13.65,5.753,15.13
141,146,700,1.684,1.5,.712,-10.41,-10.33,-.362,92.8,6.635,7.15,191.3,190.7,296.7,2.419,3.202
142,146,700,-31.72,-31.9,-32.25,-32.67,-33.32,-33.98,-34.24,-33.89,-31.73,-25.71,-40.13,-10.63,10.08,14.17
141,146,800,2.083,1.858,.282,-8.47,-8.4,-.341,93.4,8.86,9.58,212.5,213.2,297.3,2.425,3.169
142,146,800,-31.68,-31.87,-32.22,-32.63,-33.29,-33.94,-34.18,-33.82,-31.66,-25.66,-40.13,-8.62,10.82,14.07
141,146,900,3.577,3.146,-.604,-8.48,-8.4,-.337,91.8,8.44,9.14,210.8,211.9,298,2.358,3.182
142,146,900,-31.63,-31.82,-32.17,-32.59,-33.24,-33.9,-34.13,-33.76,-31.58,-25.62,-40.13,-8.54,10.4,13.98
141,146,1000,4.467,3.929,.934,-7.87,-7.82,-.336,91.7,8.57,9.26,205.8,205.4,298.6,2.371,3.187
142,146,1000,-31.61,-31.81,-32.16,-32.57,-33.22,-33.88,-34.09,-33.72,-31.55,-25.6,-40.13,-7.97,10.66,13.92
141,146,1100,6.098,5.312,1.231,-7.2,-7.14,-.337,90.6,10.61,11.5,219.4,221.5,299.2,2.407,3.184
142,146,1100,-31.62,-31.81,-32.16,-32.57,-33.23,-33.88,-34.1,-33.72,-31.52,-25.58,-40.13,-7.23,13.33,13.87
141,146,1200,6.917,5.962,.57,-7.25,-7.22,-.336,88.6,9.88,10.69,230.5,231,299.8,2.423,3.181
142,146,1200,-31.6,-31.8,-32.16,-32.56,-33.22,-33.88,-34.08,-33.7,-31.47,-25.54,-40.13,-7.27,12.64,13.82
141,146,1300,7.86,6.763,1.782,-7.63,-7.61,-.338,88.7,9.57,10.34,226.9,228.1,300.6,2.424,3.188
142,146,1300,-31.6,-31.8,-32.15,-32.56,-33.22,-33.87,-34.07,-33.67,-31.47,-25.55,-40.13,-7.6,12.42,13.77
141,146,1400,9.48,8.19,2.882,-7.67,-7.63,-.336,87.2,8.95,9.68,218.4,219.9,301.3,2.424,3.188
142,146,1400,-31.62,-31.82,-32.17,-32.57,-33.22,-33.87,-34.07,-33.67,-31.49,-25.55,-40.13,-7.56,11.28,13.72
141,146,1500,9.41,8.11,1.843,-7.76,-7.7,-.336,85.5,7.14,7.71,211.1,212.5,301.8,2.415,3.187
142,146,1500,-31.62,-31.81,-32.16,-32.56,-33.21,-33.85,-34.04,-33.63,-31.47,-25.55,-40.13,-7.58,9.38,13.67
141,146,1600,9.01,7.83,.696,-7.3,-7.29,-.337,86.6,6.528,6.998,191.5,191.6,302.3,2.397,3.185
142,146,1600,-31.62,-31.8,-32.15,-32.54,-33.18,-33.82,-33.99,-33.57,-31.46,-25.55,-40.13,-7.2,9.12,13.64
141,146,1700,8.21,7.15,.435,-6.652,-6.613,-.336,88,8.11,8.71,182.9,183.8,302.4,2.397,3.182
142,146,1700,-31.59,-31.76,-32.11,-32.49,-33.13,-33.76,-33.92,-33.47,-31.41,-25.52,-40.13,-6.582,10.27,13.6
141,146,1800,8.05,7.01,-.65,-6.231,-6.185,-.336,89.1,9.86,10.64,200.6,200.2,302.4,2.399,3.179
142,146,1800,-31.58,-31.76,-32.11,-32.5,-33.14,-33.77,-33.94,-33.5,-31.42,-25.52,-40.13,-6.125,13.15,13.56
141,146,1900,6.8,5.943,.807,-6.266,-6.219,-.337,89.1,8.57,9.26,216.1,218.1,302.8,2.405,3.179
142,146,1900,-31.56,-31.75,-32.1,-32.49,-33.14,-33.77,-33.94,-33.51,-31.37,-25.48,-40.13,-6.232,11.47,13.52
141,146,2000,5.978,5.236,-.314,-6.56,-6.461,-.337,89.9,8.18,8.84,215.9,216.9,302.9,2.398,3.18
142,146,2000,-31.56,-31.75,-32.1,-32.49,-33.14,-33.77,-33.94,-33.5,-31.38,-25.48,-40.13,-6.463,11.08,13.62
141,146,2100,3.557,3.13,.108,-6.981,-6.92,-.338,92,6.701,7.21,213.9,215,303.4,2.392,3.182
142,146,2100,-31.54,-31.73,-32.08,-32.49,-33.13,-33.76,-33.93,-33.49,-31.33,-25.46,-40.13,-7.08,9.26,13.6
141,146,2200,2.986,2.628,.413,-7.03,-6.994,-.341,92.6,5.728,6.146,210.6,211.6,303.5,2.378,3.181
142,146,2200,-31.55,-31.74,-32.09,-32.5,-33.15,-33.79,-33.97,-33.53,-31.35,-25.46,-40.13,-7.18,7.39,13.75
141,146,2300,2.262,1.994,.246,-7.18,-7.13,-.342,92.9,4.354,4.67,201.1,201.7,303.8,2.388,3.181
142,146,2300,-31.56,-31.75,-32.1,-32.51,-33.16,-33.79,-33.98,-33.55,-31.35,-25.46,-40.13,-7.31,7.37,13.81
141,147,0,1.67,1.47,-.601,-7.99,-7.9,-.342,92.2,4.124,4.479,192.8,193.6,303.7,2.386,3.186
142,147,0,-31.54,-31.73,-32.08,-32.5,-33.15,-33.78,-33.96,-33.52,-31.32,-25.45,-40.13,-8.13,7.67,13.75
141,147,100,1.887,1.657,-.277,-9.19,-9.18,-.345,91.5,2.294,2.625,156.2,148.8,303.4,2.391,3.193
142,147,100,-31.56,-31.75,-32.1,-32.51,-33.15,-33.78,-33.97,-33.53,-31.36,-25.47,-40.13,-9.23,3.482,14.39
141,147,200,1.177,1.04,.363,-8.59,-8.6,-.347,93.9,4.369,4.44,141.7,137.3,303.1,2.388,3.19
142,147,200,-31.58,-31.77,-32.12,-32.53,-33.18,-33.81,-34,-33.57,-31.36,-25.46,-40.13,-8.89,5.171,13.9
141,147,300,.774,.687,.176,-8.06,-8.04,-.358,93.8,5.276,5.372,146.1,144,302.8,2.385,3.187
142,147,300,-31.59,-31.78,-32.13,-32.55,-33.19,-33.82,-34.02,-33.6,-31.36,-25.46,-40.13,-8.34,5.931,13.84
141,147,400,.694,.618,.255,-7.49,-7.48,-.362,94.5,5.077,5.147,146.1,145,302.6,2.383,3.183
142,147,400,-31.6,-31.79,-32.14,-32.55,-33.19,-33.83,-34.03,-33.6,-31.35,-25.44,-40.13,-7.74,5.722,13.99
141,147,500,.863,.767,.194,-7.35,-7.32,-.349,94.5,5.001,5.2,152.8,152.7,302.1,2.387,3.182
142,147,500,-31.59,-31.78,-32.13,-32.54,-33.19,-33.82,-34.01,-33.59,-31.34,-25.42,-40.13,-7.6,6.174,14.12
141,147,600,1.137,1.011,.215,-7.31,-7.27,-.349,94.8,4.998,5.254,160.8,160.2,301.8,2.387,3.182
142,147,600,-31.6,-31.78,-32.13,-32.54,-33.19,-33.82,-34.01,-33.58,-31.33,-25.41,-40.13,-7.53,5.998,14.57
141,147,700,1.562,1.386,.285,-7.36,-7.32,-.368,94.2,5.433,5.758,169.4,170.4,301.7,2.386,3.182
142,147,700,-31.59,-31.78,-32.13,-32.54,-33.18,-33.82,-34,-33.57,-31.31,-25.39,-40.13,-7.57,6.401,14.51
141,147,800,2.257,2.001,.351,-7.52,-7.48,-.361,93.3,6.698,7.17,184.2,184,301.6,2.39,3.184
142,147,800,-31.59,-31.78,-32.13,-32.54,-33.18,-33.81,-34,-33.56,-31.3,-25.37,-40.13,-7.71,8.74,14.07
141,147,900,3.253,2.873,.346,-7.7,-7.66,-.366,91.5,7.05,7.56,185.9,185.8,301.7,2.395,3.185
142,147,900,-31.59,-31.79,-32.14,-32.54,-33.19,-33.82,-34.01,-33.57,-31.29,-25.35,-40.13,-7.84,8.71,13.98
141,147,1000,5.042,4.38,-.433,-7.8,-7.74,-.353,89.8,7.58,8.11,193.2,194.1,301.7,2.397,3.18
142,147,1000,-31.61,-31.81,-32.16,-32.57,-33.22,-33.86,-34.05,-33.63,-31.27,-25.32,-40.13,-7.82,9,13.92
141,147,1100,6.014,5.187,.255,-7.84,-7.78,-.359,88.9,8.57,9.24,201.2,202.3,301.8,2.397,3.159
142,147,1100,-31.59,-31.79,-32.15,-32.55,-33.21,-33.84,-34.03,-33.6,-31.23,-25.27,-40.13,-7.83,11.32,13.87
141,147,1200,7.76,6.601,.559,-7.98,-7.9,-.353,87.7,8.69,9.35,201,201.8,301.9,2.399,3.189
142,147,1200,-31.6,-31.8,-32.17,-32.57,-33.23,-33.86,-34.05,-33.63,-31.2,-25.23,-40.13,-7.92,10.57,13.81
141,147,1300,7.91,6.823,1.999,-7.58,-7.53,-.342,88.4,9.26,9.98,203.2,203.6,302.3,2.39,3.173
142,147,1300,-31.61,-31.8,-32.16,-32.56,-33.21,-33.83,-34,-33.56,-31.22,-25.23,-40.13,-7.52,12.18,13.76
141,147,1400,8.14,7.1,2.628,-7.12,-7.11,-.342,89.8,10.11,10.9,209.6,212,302.8,2.399,3.187
142,147,1400,-31.59,-31.78,-32.13,-32.53,-33.17,-33.8,-33.96,-33.51,-31.21,-25.21,-40.13,-7.12,12.47,13.71
141,147,1500,8.27,7.23,2.657,-6.847,-6.832,-.338,88.6,9.79,10.53,216.3,217.5,302.9,2.401,3.184
142,147,1500,-31.61,-31.8,-32.15,-32.54,-33.19,-33.81,-33.98,-33.53,-31.21,-25.19,-40.13,-6.848,11.66,13.67
141,147,1600,7.67,6.762,1.777,-6.546,-6.539,-.336,88.4,9.18,9.91,221.1,222.4,303.3,2.4,3.159
142,147,1600,-31.59,-31.79,-32.14,-32.53,-33.18,-33.8,-33.96,-33.5,-31.18,-25.15,-40.13,-6.566,11.06,13.62
141,147,1700,7.94,6.997,1.818,-6.466,-6.456,-.339,87.9,8.71,9.39,221.1,222.6,303.5,2.393,3.171
142,147,1700,-31.6,-31.79,-32.14,-32.53,-33.18,-33.8,-33.96,-33.5,-31.17,-25.13,-40.13,-6.455,11.16,13.6
141,147,1800,7.64,6.709,.812,-6.668,-6.656,-.341,87,8.07,8.71,219,221.1,304,2.397,3.177
142,147,1800,-31.61,-31.8,-32.15,-32.54,-33.18,-33.8,-33.95,-33.49,-31.18,-25.12,-40.13,-6.604,10.19,13.58
141,147,1900,5.944,5.219,.901,-6.936,-6.91,-.337,88.8,8.54,9.19,214.8,215.7,304.4,2.401,3.182
142,147,1900,-31.55,-31.74,-32.09,-32.49,-33.13,-33.74,-33.88,-33.39,-31.1,-25.05,-40.13,-6.977,10.62,13.54
141,147,2000,6.308,5.551,.365,-7.96,-7.94,-.342,88.4,9.33,10.06,222.6,224.5,304.7,2.406,3.19
142,147,2000,-31.56,-31.75,-32.1,-32.5,-33.14,-33.75,-33.9,-33.41,-31.12,-25.06,-40.13,-7.96,11.31,13.65
141,147,2100,5.303,4.66,-1.501,-9.12,-9.05,-.342,87.5,7.66,8.27,229.2,231.5,305.3,2.411,3.19
142,147,2100,-31.53,-31.72,-32.07,-32.48,-33.12,-33.73,-33.87,-33.37,-31.11,-25.04,-40.13,-9.06,10.94,13.64
141,147,2200,4.091,3.608,-2.363,-10.09,-10.09,-.345,88.7,6.599,7.15,235.7,238,305.6,2.415,3.202
142,147,2200,-31.53,-31.72,-32.07,-32.48,-33.12,-33.73,-33.89,-33.38,-31.12,-25.03,-40.13,-10.19,9.15,13.7
141,147,2300,3.451,3.062,-3.525,-12.47,-12.3,-.361,87.2,3.414,3.839,213,214,305.9,2.426,3.216
142,147,2300,-31.53,-31.72,-32.07,-32.49,-33.12,-33.73,-33.89,-33.38,-31.15,-25.04,-40.13,-12.22,5.331,14.3
141,148,0,2.41,2.151,-4.386,-14.81,-14.38,-.38,88.2,2.725,3.217,203.5,204.9,305.9,2.436,3.229
142,148,0,-31.52,-31.71,-32.06,-32.49,-33.11,-33.72,-33.9,-33.38,-31.16,-25.04,-40.13,-14.32,3.86,14.95
141,148,100,1.693,1.498,-1.999,-14.64,-14.37,-.399,89.9,3.899,4.357,203.7,204.1,306,2.436,3.229
142,148,100,-31.57,-31.76,-32.12,-32.55,-33.18,-33.79,-33.98,-33.48,-31.18,-25.03,-40.13,-14.51,5.274,14.45
141,148,200,1.133,1.024,-2.259,-15.12,-14.84,-.4,89.5,2.542,2.936,217.7,219.6,306.5,2.438,3.23
142,148,200,-31.58,-31.78,-32.13,-32.56,-33.2,-33.81,-34,-33.51,-31.19,-25.02,-40.13,-14.98,4.866,13.95
141,148,300,.972,.899,-4.241,-17.86,-16.84,-.404,88.5,2.247,2.823,176.1,179.5,306.5,2.453,3.247
142,148,300,-31.54,-31.74,-32.09,-32.54,-33.17,-33.78,-33.98,-33.47,-31.15,-24.99,-40.13,-16.86,3.505,13.89
141,148,400,1.581,1.432,-3.423,-18.61,-18.17,-.404,86,3.897,4.401,178.6,178.7,306.4,2.457,3.255
142,148,400,-31.58,-31.78,-32.13,-32.58,-33.21,-33.82,-34.04,-33.56,-31.2,-25,-40.13,-18.22,6.004,14.22
141,148,500,1.171,1.123,-1.597,-17.08,-16.89,-.404,87.6,4.538,4.985,195.1,195.4,306.3,2.447,3.235
142,148,500,-31.62,-31.81,-32.16,-32.61,-33.25,-33.86,-34.08,-33.6,-31.23,-24.99,-40.13,-17.06,6.342,14.6
141,148,600,1.577,1.438,-2.959,-16.28,-16.08,-.404,85,6.699,7.28,197.6,198.8,306.3,2.444,3.237
142,148,600,-31.64,-31.84,-32.19,-32.63,-33.27,-33.89,-34.11,-33.64,-31.23,-24.96,-40.13,-16.22,8.8,14.78
141,148,700,1.905,1.743,-2.076,-15.69,-15.58,-.404,85,7.23,7.83,210.4,211.7,306.5,2.44,3.232
142,148,700,-31.64,-31.84,-32.19,-32.63,-33.27,-33.89,-34.1,-33.63,-31.21,-24.93,-40.13,-15.75,9.06,14.54
141,148,800,2.603,2.358,-.76,-15.35,-15.28,-.404,84.9,7.03,7.58,208.5,209.9,306.8,2.437,3.23
142,148,800,-31.65,-31.85,-32.2,-32.64,-33.28,-33.89,-34.1,-33.63,-31.19,-24.89,-40.13,-15.43,9.36,14.1
141,148,900,3.898,3.508,-1.27,-14.83,-14.75,-.404,83.9,6.405,6.878,204.7,204.6,306.8,2.436,3.216
142,148,900,-31.67,-31.87,-32.23,-32.66,-33.3,-33.92,-34.13,-33.67,-31.18,-24.85,-40.13,-14.83,8.73,14.02
141,148,1000,5.409,4.72,-1.272,-14.29,-14.2,-.4,82.4,6.534,7.02,197.3,197.6,306.9,2.434,3.217
142,148,1000,-31.66,-31.87,-32.22,-32.65,-33.3,-33.91,-34.12,-33.65,-31.14,-24.79,-40.13,-14.19,8.27,13.95
141,148,1100,5.916,5.171,-.168,-13.84,-13.77,-.397,83.2,6.657,7.14,194.8,195.5,307,2.433,3.217
142,148,1100,-31.67,-31.87,-32.23,-32.64,-33.29,-33.91,-34.1,-33.63,-31.11,-24.74,-40.13,-13.8,9.93,13.89
141,148,1200,7.71,6.649,.831,-13.6,-13.55,-.389,83.9,8.79,9.47,208.5,209.5,307.1,2.433,3.211
142,148,1200,-31.64,-31.84,-32.2,-32.62,-33.26,-33.87,-34.06,-33.59,-31.08,-24.7,-40.13,-13.51,11.26,13.83
141,148,1300,8.89,7.61,.613,-13.99,-13.91,-.387,81.2,7.77,8.36,206.1,207.1,307.2,2.434,3.216
142,148,1300,-31.66,-31.86,-32.21,-32.63,-33.28,-33.89,-34.07,-33.58,-31.06,-24.67,-40.13,-13.83,10.07,13.78
141,148,1400,9.42,8.09,1.042,-13.87,-13.81,-.376,81.8,7.83,8.4,204.7,205.1,307.3,2.433,3.214
142,148,1400,-31.65,-31.85,-32.2,-32.62,-33.26,-33.86,-34.03,-33.53,-31.07,-24.66,-40.13,-13.69,9.88,13.73
141,148,1500,9.69,8.38,.855,-13.47,-13.41,-.358,82.3,7.83,8.41,205.8,205.7,307.5,2.431,3.212
142,148,1500,-31.66,-31.85,-32.2,-32.61,-33.24,-33.84,-34.01,-33.49,-31.07,-24.64,-40.13,-13.3,9.37,13.68
141,148,1600,9.75,8.49,-.168,-12.95,-12.94,-.359,82.6,7.17,7.69,207.2,207.8,307.5,2.429,3.211
142,148,1600,-31.65,-31.84,-32.19,-32.59,-33.23,-33.83,-33.98,-33.46,-31.04,-24.6,-40.13,-12.83,8.86,13.65
141,148,1700,9.28,8.11,-1.911,-12.54,-12.48,-.351,81.3,7.19,7.73,209.3,209.6,307.7,2.426,3.205
142,148,1700,-31.64,-31.82,-32.17,-32.57,-33.2,-33.8,-33.95,-33.41,-31.03,-24.57,-40.13,-12.31,8.8,13.61
141,148,1800,8.72,7.61,-3.695,-12.62,-12.55,-.358,81.2,6.495,7,212.7,213.9,307.7,2.428,3.21
142,148,1800,-31.62,-31.81,-32.16,-32.56,-33.19,-33.79,-33.93,-33.39,-31,-24.54,-40.13,-12.38,8.6,13.57
141,148,1900,7.87,6.896,-4.2,-12.79,-12.7,-.362,80.6,5.358,5.773,212.8,214.4,307.9,2.424,3.211
142,148,1900,-31.61,-31.79,-32.14,-32.54,-33.17,-33.76,-33.91,-33.35,-30.99,-24.52,-40.13,-12.53,6.764,13.53
141,148,2000,6.873,6.018,-3.477,-13.3,-13.11,-.367,81.5,4.76,5.149,209.2,210.2,308.3,2.424,3.213
142,148,2000,-31.58,-31.76,-32.11,-32.51,-33.14,-33.73,-33.87,-33.3,-30.97,-24.49,-40.13,-12.93,6.037,13.49
141,148,2100,5.792,5.044,-3.44,-14.35,-13.99,-.381,83.4,3.488,3.851,205.6,207,308.4,2.429,3.218
142,148,2100,-31.56,-31.75,-32.1,-32.51,-33.13,-33.72,-33.86,-33.29,-30.97,-24.48,-40.13,-13.79,4.581,13.67
141,148,2200,4.479,3.917,-2.928,-14.42,-14.2,-.39,87,4.763,5.212,204.9,205.3,308.5,2.43,3.22
142,148,2200,-31.55,-31.74,-32.09,-32.51,-33.14,-33.72,-33.87,-33.31,-30.96,-24.46,-40.13,-14.25,7.07,13.85
141,148,2300,3.433,3.033,-3.439,-15.59,-15.4,-.401,86.8,4.371,4.841,198.2,199.2,308.6,2.435,3.226
142,148,2300,-31.56,-31.75,-32.1,-32.53,-33.15,-33.74,-33.9,-33.34,-30.96,-24.45,-40.13,-15.34,5.558,15.04
141,149,0,2.651,2.359,-3.847,-17.1,-16.78,-.403,86.6,3.819,4.296,194.2,195,308.6,2.443,3.236
142,149,0,-31.56,-31.75,-32.11,-32.54,-33.16,-33.75,-33.92,-33.37,-30.98,-24.46,-40.13,-16.72,5.187,13.88
141,149,100,1.902,1.692,-2.433,-16.33,-16.06,-.404,88.6,4.811,5.332,199.1,200.3,308.6,2.44,3.234
142,149,100,-31.62,-31.81,-32.16,-32.59,-33.22,-33.81,-33.99,-33.45,-31.02,-24.47,-40.13,-16.22,7.7,15.01
141,149,200,1.28,1.151,-3.452,-16.14,-15.87,-.404,88.8,4.535,5.015,198.8,200,308.6,2.434,3.227
142,149,200,-31.62,-31.81,-32.16,-32.6,-33.23,-33.82,-34,-33.47,-31.01,-24.45,-40.13,-15.89,7.15,14.45
141,149,300,1.041,.954,-2.744,-18.71,-18.48,-.404,87.2,4.63,5.116,194.4,194.9,308.6,2.449,3.247
142,149,300,-31.56,-31.77,-32.12,-32.57,-33.19,-33.78,-33.96,-33.39,-30.92,-24.4,-40.13,-18.71,6.692,14.04
141,149,400,1.15,1.051,-2.556,-18.12,-17.92,-.404,87.1,5.266,5.768,204.5,204.9,308.3,2.448,3.243
142,149,400,-31.63,-31.82,-32.17,-32.62,-33.25,-33.84,-34.03,-33.5,-31.01,-24.44,-40.13,-18.1,6.837,13.96
141,149,500,.984,.934,-.793,-15.83,-15.74,-.404,89.2,6.287,6.79,209,210.1,308.4,2.434,3.227
142,149,500,-31.69,-31.88,-32.24,-32.67,-33.3,-33.89,-34.1,-33.58,-31.03,-24.43,-40.13,-15.96,8.03,14.02
141,149,600,1.689,1.559,-1.979,-14.09,-13.95,-.403,90.3,6.881,7.48,210.4,211.1,308.5,2.428,3.218
142,149,600,-31.7,-31.9,-32.25,-32.67,-33.31,-33.9,-34.1,-33.59,-31.02,-24.4,-40.13,-14.2,10.17,14.4
141,149,700,2.156,1.963,-1.345,-11.99,-11.88,-.397,90.9,7.41,8,212.5,212.3,308.7,2.418,3.205
142,149,700,-31.71,-31.9,-32.26,-32.67,-33.3,-33.9,-34.07,-33.57,-30.98,-24.36,-40.13,-12.05,9.12,14.97
141,149,800,2.499,2.217,.732,-10.41,-10.36,-.354,91.1,8.34,9,215,215.5,309.3,2.411,3.195
142,149,800,-31.69,-31.88,-32.24,-32.65,-33.28,-33.87,-34.04,-33.52,-30.94,-24.31,-40.13,-10.57,10.7,14.29
141,149,900,3.306,2.923,.154,-10.44,-10.39,-.358,90.6,7.74,8.33,206.9,207.6,309.5,2.41,3.195
142,149,900,-31.64,-31.84,-32.19,-32.6,-33.23,-33.82,-33.97,-33.43,-30.88,-24.26,-40.13,-10.55,10.24,14.04
141,149,1000,4.337,3.83,1.185,-10.33,-10.3,-.361,90.2,7.82,8.4,204,204.9,309.7,2.41,3.194
142,149,1000,-31.64,-31.84,-32.19,-32.6,-33.22,-33.82,-33.96,-33.42,-30.86,-24.24,-40.13,-10.45,9.6,13.96
141,149,1100,6.089,5.277,.24,-10.86,-10.8,-.349,88.2,7.33,7.88,207.7,209.6,309.9,2.412,3.198
142,149,1100,-31.64,-31.84,-32.2,-32.61,-33.24,-33.84,-33.98,-33.45,-30.81,-24.19,-40.13,-10.82,9.77,13.91
141,149,1200,8.06,6.899,.684,-11.09,-10.99,-.352,85.9,5.843,6.273,213.2,214.5,310.3,2.414,3.201
142,149,1200,-31.65,-31.86,-32.22,-32.63,-33.27,-33.87,-34.02,-33.49,-30.77,-24.15,-40.13,-10.92,8.01,13.85
141,149,1300,8.6,7.35,1.563,-10.58,-10.48,-.338,85.8,5.227,5.602,211.7,212.6,310.6,2.415,3.198
142,149,1300,-31.68,-31.89,-32.26,-32.66,-33.3,-33.9,-34.04,-33.51,-30.78,-24.15,-40.13,-10.37,7.99,13.79
141,149,1400,8.46,7.36,2.619,-8.86,-8.87,-.337,87.6,7.6,8.16,221.1,223,311,2.408,3.189
142,149,1400,-31.63,-31.83,-32.19,-32.58,-33.21,-33.8,-33.92,-33.36,-30.74,-24.12,-40.13,-8.88,9.58,13.75
141,149,1500,8.6,7.56,2.274,-6.845,-6.88,-.337,86.2,7.91,8.51,226.9,227.2,311.2,2.401,3.176
142,149,1500,-31.64,-31.84,-32.19,-32.58,-33.2,-33.8,-33.91,-33.35,-30.74,-24.09,-40.13,-6.894,9.72,13.7
141,149,1600,7.68,6.777,1.635,-5.938,-5.986,-.336,86.5,8.7,9.34,230.7,231.8,311.4,2.393,3.17
142,149,1600,-31.61,-31.8,-32.16,-32.54,-33.17,-33.76,-33.85,-33.29,-30.69,-24.05,-40.13,-6.018,10.57,13.66
141,149,1700,7.49,6.594,1.763,-5.753,-5.811,-.336,84.1,8.98,9.62,231.9,233.9,311.9,2.392,3.169
142,149,1700,-31.6,-31.8,-32.15,-32.54,-33.16,-33.75,-33.84,-33.27,-30.68,-24.04,-40.13,-5.835,11.6,13.62
141,149,1800,6.641,5.844,1.629,-5.544,-5.606,-.336,84.9,8.62,9.23,234.3,235.7,312.4,2.391,3.168
142,149,1800,-31.59,-31.79,-32.14,-32.53,-33.16,-33.74,-33.83,-33.26,-30.66,-24.02,-40.13,-5.664,10.91,13.62
141,149,1900,5.662,4.987,1.307,-6.014,-6.07,-.336,87.3,8.53,9.2,233.9,235.2,312.9,2.392,3.17
142,149,1900,-31.58,-31.78,-32.13,-32.52,-33.15,-33.73,-33.82,-33.23,-30.64,-24.01,-40.13,-6.154,10.69,13.62
141,149,2000,4.798,4.244,.881,-6.391,-6.449,-.336,88.7,8.18,8.8,234.4,235.8,313.8,2.394,3.172
142,149,2000,-31.58,-31.78,-32.13,-32.53,-33.15,-33.73,-33.82,-33.23,-30.63,-24.01,-40.13,-6.586,10.12,14.58
141,149,2100,4.016,3.545,.854,-6.722,-6.758,-.337,89.6,7.5,8.06,233.3,233.8,314.2,2.394,3.173
142,149,2100,-31.58,-31.78,-32.13,-32.53,-33.15,-33.73,-33.83,-33.23,-30.63,-24.01,-40.13,-6.914,9.98,13.71
141,149,2200,3.215,2.834,.754,-7.21,-7.24,-.34,89.2,7.61,8.18,235.5,236.9,314.7,2.397,3.176
142,149,2200,-31.57,-31.77,-32.12,-32.52,-33.14,-33.72,-33.82,-33.22,-30.61,-24,-40.13,-7.43,9.23,13.73
141,149,2300,2.332,2.06,.459,-7.77,-7.82,-.343,89.4,7.78,8.37,240.6,243.1,315.3,2.4,3.179
142,149,2300,-31.57,-31.77,-32.12,-32.52,-33.14,-33.72,-33.82,-33.22,-30.61,-23.99,-40.13,-8.06,9.57,14.97
141,150,0,1.798,1.588,.006,-8.21,-8.22,-.351,90.4,7.01,7.54,237.4,238.2,315.4,2.401,3.181
142,150,0,-31.58,-31.78,-32.13,-32.54,-33.16,-33.74,-33.84,-33.24,-30.63,-24,-40.13,-8.47,8.92,13.81
141,150,100,1.22,1.087,-1.229,-9.29,-9.26,-.349,93.2,6.412,6.916,234.1,235.6,315.8,2.405,3.187
142,150,100,-31.57,-31.77,-32.13,-32.53,-33.15,-33.73,-33.83,-33.23,-30.61,-24,-40.13,-9.51,8.2,14.99
141,150,200,1.296,1.157,-2.675,-11.12,-11.05,-.352,92.8,6.107,6.633,228.1,229.4,316.3,2.413,3.197
142,150,200,-31.57,-31.77,-32.12,-32.53,-33.15,-33.72,-33.83,-33.22,-30.62,-24.02,-40.13,-11.22,8.97,14.83
141,150,300,1.309,1.181,-1.147,-12.56,-12.5,-.38,92.4,4.711,5.084,225.6,225.9,316.5,2.421,3.207
142,150,300,-31.57,-31.78,-32.13,-32.55,-33.17,-33.74,-33.86,-33.25,-30.63,-24.03,-40.13,-12.79,6.066,14.75
141,150,400,1.018,.942,-3.585,-14.13,-13.91,-.385,90.7,3.668,4.082,230.1,232.5,317.1,2.427,3.215
142,150,400,-31.57,-31.78,-32.13,-32.55,-33.17,-33.73,-33.86,-33.24,-30.64,-24.03,-40.13,-14.05,5.568,14.94
141,150,500,1.127,1.201,-2.296,-15.58,-15.34,-.404,89.6,2.987,3.394,223.9,225.4,317.2,2.435,3.226
142,150,500,-31.58,-31.78,-32.13,-32.56,-33.18,-33.75,-33.89,-33.28,-30.66,-24.04,-40.13,-15.47,3.887,14.68
141,150,600,1.759,1.55,-3.011,-17.08,-16.62,-.404,87.8,2.527,3.008,213.1,215.3,317.6,2.443,3.235
142,150,600,-31.57,-31.78,-32.13,-32.57,-33.2,-33.77,-33.92,-33.33,-30.65,-24.04,-40.13,-16.58,3.332,14.71
141,150,700,2.593,2.36,-3.912,-16.94,-16.58,-.404,87.6,3.464,3.904,210.1,210.4,317.9,2.444,3.237
142,150,700,-31.62,-31.83,-32.19,-32.62,-33.26,-33.84,-34,-33.42,-30.69,-24.04,-40.13,-16.61,4.89,14.87
141,150,800,2.438,2.186,.702,-13.95,-13.8,-.402,89.5,4.117,4.183,217.2,219,318.3,2.428,3.217
142,150,800,-31.7,-31.9,-32.26,-32.68,-33.3,-33.87,-34.02,-33.44,-30.72,-24.05,-40.13,-13.86,4.666,14.51
141,150,900,4.126,3.66,1.721,-11.43,-11.28,-.371,88.8,3.837,3.832,230.1,233.1,318.9,2.418,3.204
142,150,900,-31.74,-31.94,-32.3,-32.71,-33.33,-33.91,-34.05,-33.49,-30.71,-24.01,-40.13,-11.2,5.346,14.24
141,150,1000,4.852,4.276,1.655,-9.33,-9.15,-.346,88.2,4.436,4.599,222.2,223.1,319.5,2.41,3.192
142,150,1000,-31.72,-31.91,-32.28,-32.67,-33.29,-33.87,-34,-33.42,-30.66,-23.95,-40.13,-8.9,5.757,14
141,150,1100,5.079,4.476,.874,-8.27,-8.22,-.34,86.4,5.2,5.508,218.9,220.4,319.8,2.388,3.186
142,150,1100,-31.65,-31.85,-32.21,-32.61,-33.22,-33.8,-33.9,-33.31,-30.58,-23.89,-40.13,-7.95,6.274,13.93
141,150,1200,6.51,5.7,1.618,-6.708,-6.804,-.34,82.4,5.531,5.912,232.4,233.9,320.2,2.394,3.18
142,150,1200,-31.67,-31.87,-32.23,-32.62,-33.24,-33.83,-33.92,-33.33,-30.55,-23.84,-40.13,-6.396,6.798,13.87
141,150,1300,7.99,6.894,1.866,-5.56,-5.445,-.337,75.3,5.012,5.37,239.4,241.6,320.6,2.4,3.178
142,150,1300,-31.69,-31.89,-32.26,-32.65,-33.27,-33.85,-33.95,-33.35,-30.51,-23.79,-40.13,-4.698,5.981,13.82
141,150,1400,8.75,7.61,2.788,-5.948,-4.669,-.336,73.8,4.74,5.053,240.6,242.1,321,2.383,3.174
142,150,1400,-31.67,-31.87,-32.24,-32.62,-33.25,-33.83,-33.9,-33.29,-30.47,-23.75,-40.13,-3.688,5.971,13.77
141,150,1500,8.48,7.38,2.824,-5.102,-5.942,-.336,86.6,4.721,5.041,247,248.7,321.2,2.383,3.17
142,150,1500,-31.62,-31.82,-32.18,-32.56,-33.19,-33.76,-33.82,-33.2,-30.43,-23.71,-40.13,-5.825,5.784,13.72
141,150,1600,7.82,6.838,1.957,-5.112,-5.643,-.336,83.4,4.039,4.292,241.8,243.1,321.3,2.381,3.168
142,150,1600,-31.62,-31.82,-32.18,-32.56,-33.18,-33.75,-33.81,-33.18,-30.42,-23.69,-40.13,-5.524,5.081,13.68
141,150,1700,7.2,6.322,1.627,-4.696,-5.383,-.336,82.1,3.389,3.588,242.2,243.6,321.7,2.38,3.166
142,150,1700,-31.6,-31.81,-32.16,-32.54,-33.16,-33.72,-33.78,-33.15,-30.4,-23.66,-40.13,-5.265,4.859,13.64
141,150,1800,6.629,5.813,1.406,-5.219,-5.667,-.336,81.1,2.502,2.635,229.2,229.8,321.7,2.382,3.168
142,150,1800,-31.61,-31.81,-32.16,-32.54,-33.15,-33.72,-33.77,-33.14,-30.4,-23.65,-40.13,-5.484,4.923,13.6
141,150,1900,6.028,5.306,1.104,-6.246,-6.406,-.336,85.6,2.953,3.112,214.5,214.5,321.9,2.384,3.171
142,150,1900,-31.57,-31.77,-32.12,-32.5,-33.11,-33.67,-33.72,-33.06,-30.35,-23.62,-40.13,-6.279,4.379,13.56
141,150,2000,5.105,4.489,1.086,-7.08,-7.05,-.336,86,3.25,3.427,205.4,206.2,322,2.386,3.174
142,150,2000,-31.55,-31.76,-32.11,-32.49,-33.1,-33.66,-33.7,-33.04,-30.33,-23.6,-40.13,-7.06,5.006,13.54
141,150,2100,3.905,3.448,.813,-7.11,-7.1,-.337,88.8,3.45,3.658,204.2,204.5,322.2,2.388,3.174
142,150,2100,-31.56,-31.76,-32.12,-32.5,-33.11,-33.67,-33.72,-33.06,-30.34,-23.6,-40.13,-7.2,5.174,13.6
141,150,2200,3.093,2.73,.65,-7.44,-7.43,-.338,91.2,2.986,3.155,198.7,198.8,322.2,2.389,3.175
142,150,2200,-31.58,-31.78,-32.13,-32.52,-33.13,-33.69,-33.75,-33.09,-30.35,-23.6,-40.13,-7.52,5.225,13.7
141,150,2300,2.584,2.282,-.483,-8.39,-8.37,-.338,93.1,3.401,3.583,173.9,173.8,322.1,2.391,3.181
142,150,2300,-31.55,-31.75,-32.1,-32.5,-33.11,-33.67,-33.73,-33.05,-30.35,-23.59,-40.13,-8.49,4.769,13.73
141,151,0,2.251,1.997,-2.766,-9.68,-9.63,-.337,92.8,3.18,3.388,147.3,145.9,321.9,2.397,3.189
142,151,0,-31.53,-31.73,-32.08,-32.48,-33.08,-33.64,-33.7,-33.01,-30.38,-23.61,-40.13,-9.54,4.766,14.01
141,151,100,2.082,1.837,-4.432,-13,-12.84,-.35,90.4,3.29,3.58,143.7,142,321.8,2.413,3.21
142,151,100,-31.52,-31.72,-32.07,-32.47,-33.06,-33.62,-33.69,-32.99,-30.39,-23.62,-40.13,-12.64,4.417,13.79
141,151,200,1.623,1.437,-3.73,-14.83,-14.79,-.388,84.1,2.585,3.384,155.8,141.3,321.4,2.424,3.225
142,151,200,-31.53,-31.73,-32.09,-32.51,-33.1,-33.66,-33.74,-33.04,-30.38,-23.62,-40.13,-14.45,3.94,14.42
141,151,300,1.465,1.314,-3.882,-16.2,-15.84,-.404,82.2,3.244,3.626,163.3,162.8,320.9,2.43,3.233
142,151,300,-31.56,-31.76,-32.11,-32.54,-33.14,-33.7,-33.8,-33.13,-30.44,-23.65,-40.13,-15.63,4.784,14.49
141,151,400,1.494,1.356,-3.219,-15.1,-14.6,-.404,83.6,4.557,5.077,171.9,172.4,320.5,2.424,3.224
142,151,400,-31.61,-31.82,-32.17,-32.59,-33.2,-33.77,-33.88,-33.24,-30.48,-23.66,-40.13,-14.45,5.583,14.52
141,151,500,1.413,1.605,-3.882,-16.62,-16.16,-.403,80.6,4.621,5.124,169.7,169.3,320.5,2.429,3.235
142,151,500,-31.58,-31.79,-32.15,-32.58,-33.19,-33.75,-33.87,-33.21,-30.43,-23.62,-40.13,-15.93,5.831,14.62
141,151,600,2.313,2.014,-3.991,-17.08,-16.65,-.404,81,4.897,5.415,179,178.8,320.1,2.431,3.238
142,151,600,-31.6,-31.82,-32.18,-32.61,-33.22,-33.78,-33.91,-33.26,-30.43,-23.61,-40.13,-16.55,5.731,14.72
141,151,700,2.931,2.618,-11.02,-16.62,-16.14,-.404,80.2,4.727,5.231,180.5,180.5,319.8,2.429,3.235
142,151,700,-31.63,-31.85,-32.21,-32.64,-33.26,-33.83,-33.97,-33.34,-30.44,-23.59,-40.13,-15.97,5.607,14.94
141,151,800,2.625,3.418,-4.023,-15.91,-15.48,-.404,80.3,5.065,5.554,184.7,184.8,319.8,2.428,3.231
142,151,800,-31.65,-31.87,-32.24,-32.66,-33.29,-33.86,-33.99,-33.37,-30.41,-23.55,-40.13,-15.31,6.019,14.79
141,151,900,4.784,4.22,-3.209,-14.95,-14.54,-.403,80.6,5.154,5.623,185.7,186.6,319.5,2.423,3.225
142,151,900,-31.66,-31.88,-32.25,-32.67,-33.29,-33.87,-33.99,-33.37,-30.37,-23.5,-40.13,-14.34,6.14,14.37
141,151,1000,6.056,5.169,-1.748,-14,-13.67,-.392,81.7,5.742,6.234,191.6,191.3,319.6,2.425,3.219
142,151,1000,-31.67,-31.9,-32.26,-32.67,-33.3,-33.88,-34,-33.37,-30.35,-23.46,-40.13,-13.53,6.798,14.05
141,151,1100,7.11,6.041,-.098,-12.61,-12.47,-.367,80.8,5.803,6.282,198.9,199.1,319.5,2.423,3.211
142,151,1100,-31.68,-31.9,-32.27,-32.67,-33.3,-33.87,-33.99,-33.36,-30.32,-23.41,-40.13,-12.46,7.02,13.97
141,151,1200,8.07,6.837,1.31,-11.27,-11.15,-.344,78,6.188,6.708,205.5,205.5,319.6,2.416,3.202
142,151,1200,-31.71,-31.92,-32.29,-32.69,-33.31,-33.87,-33.97,-33.35,-30.31,-23.39,-40.13,-11.09,7.34,13.9
141,151,1300,8.83,7.49,2.331,-10.35,-10.24,-.338,77.8,6.195,6.698,207.4,207.3,319.7,2.412,3.197
142,151,1300,-31.7,-31.91,-32.27,-32.67,-33.29,-33.85,-33.94,-33.28,-30.3,-23.36,-40.13,-10.18,7.38,13.84
141,151,1400,9.36,7.97,2.636,-9.43,-9.32,-.337,78.1,5.787,6.248,208.2,210.1,319.6,2.411,3.191
142,151,1400,-31.69,-31.9,-32.26,-32.64,-33.25,-33.81,-33.87,-33.21,-30.29,-23.34,-40.13,-9.21,7.17,13.79
141,151,1500,9.62,8.25,2.454,-8.53,-8.44,-.336,78.3,5.667,6.116,216,217.3,319.7,2.406,3.186
142,151,1500,-31.68,-31.88,-32.24,-32.61,-33.22,-33.77,-33.82,-33.15,-30.26,-23.31,-40.13,-8.32,7.14,13.74
141,151,1600,9.58,8.27,1.321,-7.83,-7.83,-.336,78.6,5.806,6.28,220.3,221.4,319.8,2.393,3.182
142,151,1600,-31.66,-31.85,-32.2,-32.58,-33.18,-33.73,-33.76,-33.06,-30.21,-23.27,-40.13,-7.74,7.01,13.69
141,151,1700,9.25,8,-.185,-7.35,-7.34,-.336,78,5.737,6.211,223.9,225.1,319.8,2.393,3.179
142,151,1700,-31.66,-31.85,-32.2,-32.57,-33.16,-33.7,-33.73,-33.02,-30.21,-23.25,-40.13,-7.21,7.05,13.66
141,151,1800,8.69,7.52,-1.853,-6.979,-7.09,-.336,79.5,5.157,5.596,231.1,232.9,319.9,2.392,3.177
142,151,1800,-31.64,-31.83,-32.18,-32.55,-33.16,-33.69,-33.72,-33,-30.18,-23.21,-40.13,-6.942,6.471,13.61
141,151,1900,7.87,6.832,-2.893,-6.923,-7.07,-.336,79.7,4.771,5.186,237.7,239.5,320.3,2.392,3.177
142,151,1900,-31.6,-31.8,-32.14,-32.52,-33.12,-33.65,-33.67,-32.93,-30.15,-23.18,-40.13,-6.921,5.891,13.57
141,151,2000,6.884,5.978,-2.832,-7.25,-7.37,-.338,80.8,4.586,5.005,241.9,243.8,320.4,2.393,3.179
142,151,2000,-31.57,-31.76,-32.11,-32.5,-33.09,-33.63,-33.64,-32.89,-30.14,-23.16,-40.13,-7.23,5.555,13.52
141,151,2100,5.856,5.061,-2.513,-7.64,-8.19,-.338,81.2,3.255,3.661,249.2,251.4,320.6,2.398,3.185
142,151,2100,-31.57,-31.76,-32.11,-32.49,-33.08,-33.62,-33.63,-32.89,-30.15,-23.16,-40.13,-7.98,4.598,13.54
141,151,2200,4.742,4.114,-2.254,-9.18,-9.85,-.338,84.8,2.326,2.762,247.1,249.5,320.7,2.405,3.194
142,151,2200,-31.54,-31.74,-32.09,-32.48,-33.08,-33.61,-33.64,-32.89,-30.14,-23.15,-40.13,-9.76,3.223,13.94
141,151,2300,3.702,3.252,-2.761,-11.43,-11.53,-.341,86.5,2.369,2.858,236.7,239,320.7,2.413,3.205
142,151,2300,-31.55,-31.74,-32.09,-32.49,-33.08,-33.62,-33.65,-32.9,-30.16,-23.16,-40.13,-11.41,3.218,14.16
141,152,0,2.845,2.511,-3.453,-13.1,-12.92,-.359,87.8,2.246,2.781,237.5,240,320.5,2.42,3.214
142,152,0,-31.56,-31.76,-32.1,-32.51,-33.09,-33.63,-33.67,-32.92,-30.17,-23.17,-40.13,-12.82,3.183,13.77
141,152,100,2.172,1.901,-3.986,-14.8,-14.25,-.37,89.8,2.055,2.644,231.6,234.6,320.7,2.427,3.223
142,152,100,-31.56,-31.76,-32.11,-32.52,-33.1,-33.64,-33.69,-32.94,-30.19,-23.18,-40.13,-14.11,3.221,14.66
141,152,200,1.549,1.379,-3.611,-16.98,-16.08,-.399,82.4,1.797,2.302,227.3,230.7,320.4,2.438,3.238
142,152,200,-31.55,-31.75,-32.11,-32.53,-33.13,-33.66,-33.73,-32.97,-30.16,-23.17,-40.13,-15.83,2.849,14.72
141,152,300,1.342,1.226,-3.666,-18.69,-17.47,-.404,78.9,1.373,1.896,216.3,219.1,320.6,2.447,3.25
142,152,300,-31.57,-31.78,-32.13,-32.56,-33.15,-33.69,-33.77,-33.03,-30.18,-23.18,-40.13,-17.12,2.354,14.63
141,152,400,1.323,1.232,-3.206,-19.15,-17.57,-.404,76.3,1.051,1.418,217.4,225.1,320.5,2.452,3.256
142,152,400,-31.59,-31.8,-32.16,-32.59,-33.18,-33.73,-33.82,-33.1,-30.22,-23.19,-40.13,-17.24,1.674,14.62
141,152,500,1.377,1.512,-2.425,-20.04,-18.89,-.404,77.6,1.616,1.893,202.3,209.3,320.6,2.457,3.262
142,152,500,-31.58,-31.8,-32.16,-32.59,-33.2,-33.74,-33.84,-33.12,-30.2,-23.18,-40.13,-18.59,2.47,14.65
141,152,600,2.275,2.002,-3.115,-20.11,-19.6,-.404,77.4,1.602,1.98,205.3,207.9,320.5,2.458,3.264
142,152,600,-31.61,-31.83,-32.19,-32.63,-33.23,-33.78,-33.9,-33.2,-30.2,-23.16,-40.13,-19.39,2.313,14.77
141,152,700,2.874,2.643,-7.85,-19.83,-19.36,-.404,73.2,1.311,1.716,185.5,187.6,320.5,2.459,3.265
142,152,700,-31.64,-31.87,-32.24,-32.67,-33.29,-33.85,-33.96,-33.29,-30.18,-23.13,-40.13,-19.14,2.287,14.97
141,152,800,2.72,3.424,.08,-19.1,-18.88,-.404,71.6,1.393,1.742,174.6,176.4,320.5,2.456,3.263
142,152,800,-31.66,-31.89,-32.26,-32.69,-33.3,-33.87,-33.98,-33.31,-30.14,-23.08,-40.13,-18.53,2.017,14.55
141,152,900,4.933,4.337,1.336,-17.57,-16.92,-.402,70.6,1.756,2.095,190.1,190.2,320.6,2.449,3.253
142,152,900,-31.68,-31.91,-32.29,-32.71,-33.33,-33.9,-34.01,-33.35,-30.1,-23.04,-40.13,-16.84,2.608,14.32
141,152,1000,6.147,5.235,1.849,-14.88,-14.27,-.378,70.2,1.848,2.173,199.7,200.3,320.9,2.439,3.239
142,152,1000,-31.69,-31.93,-32.3,-32.72,-33.34,-33.91,-34.01,-33.36,-30.07,-23,-40.13,-14.31,2.726,14.02
141,152,1100,7.19,6.077,-.391,-12.02,-12.28,-.349,69.41,1.066,1.282,189.2,189.3,320.9,2.43,3.229
142,152,1100,-31.73,-31.97,-32.34,-32.74,-33.37,-33.94,-34.03,-33.39,-30.06,-22.95,-40.13,-12.4,1.911,13.94
141,152,1200,8.16,6.866,.326,-12.95,-12.58,-.341,76.3,1.495,1.623,163.7,164.1,321,2.422,3.218
142,152,1200,-31.69,-31.91,-32.27,-32.65,-33.25,-33.8,-33.84,-33.13,-30.05,-22.94,-40.13,-12.33,2.025,13.87
141,152,1300,8.92,7.52,.534,-11.52,-11.24,-.337,76.6,1.651,1.742,177.7,177.5,321.3,2.415,3.208
142,152,1300,-31.76,-31.96,-32.32,-32.69,-33.27,-33.81,-33.85,-33.15,-30.07,-22.94,-40.13,-10.91,2.156,13.82
141,152,1400,9.45,7.98,.402,-10.15,-9.94,-.337,76.3,1.878,1.968,181,181.3,321.5,2.409,3.2
142,152,1400,-31.74,-31.94,-32.3,-32.66,-33.25,-33.8,-33.81,-33.08,-30.02,-22.9,-40.13,-9.59,2.252,13.76
141,152,1500,9.72,8.26,.153,-9.01,-8.86,-.336,75.9,2.21,2.352,199.7,200.3,321.7,2.402,3.191
142,152,1500,-31.68,-31.87,-32.23,-32.59,-33.18,-33.7,-33.7,-32.94,-29.97,-22.88,-40.13,-8.53,2.898,13.72
141,152,1600,9.69,8.28,-.85,-7.98,-7.95,-.337,75.1,2.219,2.367,192.5,192.5,321.4,2.398,3.185
142,152,1600,-31.67,-31.86,-32.21,-32.57,-33.15,-33.67,-33.65,-32.87,-29.95,-22.86,-40.13,-7.66,2.664,13.67
141,152,1700,9.37,8.02,-1.133,-7.54,-7.43,-.336,75,2.701,2.904,196.7,197.3,321.1,2.395,3.181
142,152,1700,-31.65,-31.83,-32.17,-32.52,-33.1,-33.61,-33.57,-32.76,-29.93,-22.85,-40.13,-7.08,3.544,13.64
141,152,1800,8.77,7.5,-2.293,-7.02,-6.923,-.338,73,1.607,1.783,204.3,204.3,321.1,2.394,3.18
142,152,1800,-31.69,-31.86,-32.21,-32.55,-33.13,-33.65,-33.63,-32.84,-29.96,-22.85,-40.13,-6.322,2.081,13.59
141,152,1900,7.96,6.814,-1.997,-7.16,-7.01,-.336,73.5,1.578,1.831,188.7,189.4,321.3,2.395,3.181
142,152,1900,-31.64,-31.82,-32.16,-32.5,-33.07,-33.58,-33.53,-32.71,-29.93,-22.82,-40.13,-6.507,2.154,13.55
141,152,2000,6.974,5.984,-1.675,-7.93,-7.61,-.336,74.4,1.384,1.721,204.6,205.9,321.1,2.398,3.184
142,152,2000,-31.56,-31.75,-32.09,-32.45,-33.03,-33.54,-33.49,-32.65,-29.86,-22.79,-40.13,-7.08,2.14,13.51
141,152,2100,5.925,5.083,-1.323,-9.19,-8.72,-.336,76.9,2.466,2.889,200.4,201.4,320.9,2.402,3.189
142,152,2100,-31.49,-31.69,-32.04,-32.42,-33,-33.51,-33.46,-32.61,-29.79,-22.76,-40.13,-8.47,3.294,13.48
141,152,2200,4.818,4.166,-1.816,-10.66,-10.15,-.336,80.3,1.925,2.4,201.8,203.7,320.6,2.409,3.197
142,152,2200,-31.5,-31.71,-32.06,-32.44,-33.02,-33.53,-33.51,-32.68,-29.85,-22.79,-40.13,-10.05,2.947,13.55
141,152,2300,3.77,3.317,-2.484,-12.15,-11.78,-.337,81,1.986,2.508,206,207.6,320.4,2.418,3.207
142,152,2300,-31.53,-31.73,-32.08,-32.47,-33.05,-33.56,-33.55,-32.74,-29.87,-22.81,-40.13,-11.6,3.11,14.28
141,153,0,2.9,2.576,-3.206,-14.15,-13.35,-.345,83,2.168,2.777,189.7,194.2,320.3,2.427,3.219
142,153,0,-31.55,-31.75,-32.1,-32.5,-33.07,-33.58,-33.59,-32.77,-29.92,-22.85,-40.13,-13.2,3.593,14.53
141,153,100,2.258,1.993,-4.119,-14.7,-14.28,-.372,82.8,2.965,3.537,213.1,214.1,319.8,2.429,3.222
142,153,100,-31.56,-31.76,-32.11,-32.52,-33.09,-33.61,-33.63,-32.82,-29.92,-22.86,-40.13,-14.25,4.242,14.77
141,153,200,1.823,1.601,-4.841,-16.84,-16.26,-.373,82.2,2.372,2.958,209.5,211.2,319.6,2.439,3.234
142,153,200,-31.56,-31.76,-32.12,-32.53,-33.11,-33.62,-33.65,-32.84,-29.93,-22.88,-40.13,-16.19,3.366,14.85
141,153,300,1.572,1.409,-5.446,-18.15,-17.65,-.403,84.6,3.043,3.655,209.3,210.3,319.2,2.446,3.243
142,153,300,-31.57,-31.78,-32.13,-32.55,-33.14,-33.66,-33.7,-32.89,-29.93,-22.88,-40.13,-17.65,4.185,14.71
141,153,400,1.599,1.43,-5.676,-19.04,-18.6,-.404,84.9,3.206,3.8,209,210.2,318.9,2.45,3.249
142,153,400,-31.59,-31.8,-32.15,-32.58,-33.16,-33.68,-33.74,-32.94,-29.94,-22.9,-40.13,-18.59,4.206,14.68
141,153,500,1.421,1.663,-6.237,-19.46,-19.08,-.404,83,3.721,4.343,212.1,213.5,318.5,2.452,3.252
142,153,500,-31.6,-31.81,-32.16,-32.59,-33.18,-33.7,-33.77,-32.99,-29.95,-22.9,-40.13,-19.1,4.871,14.69
141,153,600,2.41,2.097,-6.704,-19.63,-19.18,-.404,81.1,2.813,3.399,216.8,218.1,318.2,2.453,3.254
142,153,600,-31.62,-31.84,-32.19,-32.63,-33.22,-33.75,-33.83,-33.07,-29.96,-22.9,-40.13,-19.13,4.309,14.76
141,153,700,2.887,2.72,-10.13,-19.78,-19.34,-.404,79.6,2.692,3.283,216.6,217.8,318,2.455,3.256
142,153,700,-31.63,-31.85,-32.21,-32.64,-33.26,-33.79,-33.87,-33.12,-29.94,-22.88,-40.13,-19.33,3.686,14.93
141,153,800,2.858,3.509,-3.638,-18.52,-18.19,-.404,78.7,3.381,3.958,219.2,220.5,317.9,2.449,3.248
142,153,800,-31.65,-31.88,-32.25,-32.68,-33.29,-33.82,-33.9,-33.16,-29.91,-22.85,-40.13,-18.18,4.546,14.63
141,153,900,4.999,4.369,-2.573,-17.19,-16.94,-.4,78.4,3.509,4.013,219.4,219.9,317.9,2.442,3.239
142,153,900,-31.68,-31.91,-32.28,-32.7,-33.31,-33.85,-33.93,-33.19,-29.89,-22.83,-40.13,-16.91,4.791,14.43
141,153,1000,6.216,5.264,-1.07,-15.49,-15.38,-.381,76.1,3.723,4.18,225.5,226.8,317.5,2.435,3.23
142,153,1000,-31.69,-31.92,-32.29,-32.7,-33.31,-33.85,-33.92,-33.19,-29.84,-22.79,-40.13,-15.36,4.751,14.24
141,153,1100,7.27,6.131,.495,-13.94,-13.98,-.361,74.7,3.59,3.982,231.3,233.6,317.5,2.43,3.223
142,153,1100,-31.7,-31.93,-32.3,-32.7,-33.32,-33.85,-33.91,-33.16,-29.8,-22.74,-40.13,-13.94,4.415,13.95
141,153,1200,8.22,6.918,1.948,-12.38,-12.46,-.343,74.2,4.181,4.574,235.7,237.2,317.6,2.423,3.213
142,153,1200,-31.73,-31.95,-32.32,-32.72,-33.32,-33.85,-33.9,-33.14,-29.78,-22.72,-40.13,-12.4,5.225,13.88
141,153,1300,8.98,7.57,2.824,-10.74,-10.97,-.337,72.9,4.219,4.581,242.3,243.6,317.6,2.416,3.204
142,153,1300,-31.73,-31.96,-32.32,-32.71,-33.31,-33.84,-33.87,-33.1,-29.76,-22.7,-40.13,-10.85,5.091,13.83
141,153,1400,9.49,8.04,3.208,-9.43,-9.83,-.34,72.9,4.435,4.804,244,246.3,317.6,2.41,3.197
142,153,1400,-31.72,-31.93,-32.3,-32.68,-33.29,-33.82,-33.82,-33.03,-29.74,-22.68,-40.13,-9.69,5.259,13.77
141,153,1500,9.75,8.29,2.882,-7.38,-8.68,-.336,71.5,4.405,4.77,250.3,252,317.5,2.405,3.19
142,153,1500,-31.68,-31.89,-32.25,-32.63,-33.22,-33.73,-33.72,-32.91,-29.71,-22.66,-40.13,-8.51,5.184,13.73
141,153,1600,9.71,8.3,1.56,-6.242,-7.95,-.337,72,4.638,5.015,253.5,255.8,317.5,2.401,3.185
142,153,1600,-31.66,-31.86,-32.21,-32.59,-33.18,-33.69,-33.66,-32.83,-29.69,-22.66,-40.13,-7.78,5.679,13.68
141,153,1700,9.38,8.04,.313,-5.464,-7.25,-.336,71.2,4.3,4.668,260.5,261.4,317.3,2.399,3.182
142,153,1700,-31.67,-31.86,-32.21,-32.58,-33.16,-33.66,-33.63,-32.79,-29.73,-22.68,-40.13,-6.895,5.132,13.64
141,153,1800,8.78,7.52,-.683,-5.455,-6.976,-.336,71.3,4.223,4.581,262.5,263.3,317.1,2.398,3.18
142,153,1800,-31.65,-31.84,-32.18,-32.55,-33.13,-33.63,-33.59,-32.74,-29.72,-22.67,-40.13,-6.559,5.029,13.6
141,153,1900,7.97,6.845,-1.427,-5.912,-7.1,-.336,71.5,3.866,4.235,267.5,269,317,2.398,3.181
142,153,1900,-31.64,-31.82,-32.16,-32.53,-33.1,-33.6,-33.55,-32.69,-29.72,-22.67,-40.13,-6.541,4.64,13.56
141,153,2000,7,6.015,-1.455,-6.604,-7.63,-.336,74.3,3.623,3.989,265.3,266,316.7,2.401,3.184
142,153,2000,-31.62,-31.8,-32.14,-32.51,-33.07,-33.57,-33.52,-32.65,-29.7,-22.66,-40.13,-7.17,4.434,13.51
141,153,2100,5.958,5.106,-1.305,-7.85,-8.64,-.336,77.9,3.331,3.735,258.3,260.7,316.5,2.406,3.19
142,153,2100,-31.58,-31.77,-32.11,-32.49,-33.06,-33.55,-33.51,-32.63,-29.65,-22.64,-40.13,-8.34,4.108,14.19
141,153,2200,4.833,4.168,-1.821,-9.09,-10.18,-.337,82.7,3.04,3.478,254.4,257.5,316.3,2.412,3.198
142,153,2200,-31.56,-31.76,-32.1,-32.49,-33.07,-33.56,-33.52,-32.64,-29.63,-22.64,-40.13,-10.1,3.784,13.72
141,153,2300,3.782,3.316,-2.688,-11.19,-11.62,-.34,85.3,3.546,4.014,245.3,247.9,315.9,2.42,3.206
142,153,2300,-31.57,-31.77,-32.12,-32.51,-33.09,-33.59,-33.56,-32.68,-29.65,-22.66,-40.13,-11.54,4.469,13.84
141,154,0,2.905,2.569,-3.478,-12.87,-12.95,-.35,85.5,3.637,4.122,244.8,246.9,315.3,2.428,3.214
142,154,0,-31.59,-31.79,-32.14,-32.53,-33.11,-33.6,-33.58,-32.71,-29.67,-22.69,-40.13,-12.91,4.572,14.7
141,154,100,2.264,1.989,-4.327,-14.27,-14.36,-.374,86.3,3.325,3.839,246.1,249.3,315,2.434,3.222
142,154,100,-31.59,-31.79,-32.14,-32.54,-33.11,-33.6,-33.59,-32.72,-29.68,-22.71,-40.13,-14.3,4.199,14.88
141,154,200,1.828,1.594,-4.902,-15.92,-15.74,-.391,88.5,3.351,3.875,241.7,244,314.4,2.444,3.231
142,154,200,-31.59,-31.79,-32.14,-32.56,-33.13,-33.62,-33.63,-32.76,-29.69,-22.73,-40.13,-15.72,4.204,14.88
141,154,300,1.577,1.401,-5.16,-16.82,-16.92,-.403,87.9,2.831,3.364,247.9,250.3,313.7,2.45,3.239
142,154,300,-31.59,-31.79,-32.15,-32.56,-33.14,-33.64,-33.65,-32.78,-29.7,-22.75,-40.13,-16.88,3.727,14.71
141,154,400,1.583,1.402,-4.93,-17.2,-17.93,-.404,87.6,2.23,2.745,256.4,258.8,313.2,2.458,3.247
142,154,400,-31.61,-31.82,-32.17,-32.58,-33.16,-33.65,-33.67,-32.82,-29.7,-22.75,-40.13,-17.87,3.002,14.67
141,154,500,1.302,1.333,-3.017,-18.02,-18.02,-.403,89.8,2.742,3.183,248,250.4,312.6,2.455,3.246
142,154,500,-31.64,-31.85,-32.2,-32.62,-33.2,-33.7,-33.73,-32.87,-29.69,-22.76,-40.13,-18.11,3.711,14.67
141,154,600,1.389,1.237,-.284,-16.84,-16.92,-.404,89.4,2.639,3.007,293.2,291.2,312,2.45,3.238
142,154,600,-31.68,-31.89,-32.24,-32.66,-33.24,-33.74,-33.77,-32.94,-29.73,-22.78,-40.13,-17.06,3.897,14.85
141,154,700,2.147,1.899,1.295,-14.25,-14.27,-.403,90.5,2.219,2.371,313.7,311,312.1,2.435,3.222
142,154,700,-31.76,-31.95,-32.31,-32.71,-33.29,-33.79,-33.83,-33,-29.76,-22.78,-40.13,-14.37,3.298,14.92
141,154,800,2.452,2.171,1.171,-12.66,-12.84,-.384,88.6,2.115,2.255,326.1,323.7,312.2,2.43,3.215
142,154,800,-31.74,-31.94,-32.29,-32.69,-33.27,-33.77,-33.78,-32.94,-29.71,-22.74,-40.13,-12.75,2.92,14.52
141,154,900,3.239,2.85,1.073,-11.78,-11.86,-.36,90.9,2.82,3.014,126.5,126,312.3,2.422,3.208
142,154,900,-31.74,-31.93,-32.28,-32.67,-33.25,-33.75,-33.75,-32.91,-29.67,-22.7,-40.13,-11.84,4.038,14.37
141,154,1000,4.523,3.951,1.387,-10.75,-10.79,-.342,87.9,3.438,3.704,22.45,21.42,312.3,2.417,3.2
142,154,1000,-31.73,-31.93,-32.28,-32.66,-33.24,-33.74,-33.73,-32.89,-29.63,-22.66,-40.13,-10.65,4.658,14.17
141,154,1100,6.041,5.228,.985,-10.21,-10.24,-.339,84.7,3.896,4.187,31.87,31.46,312.4,2.42,3.197
142,154,1100,-31.7,-31.9,-32.25,-32.63,-33.21,-33.7,-33.68,-32.84,-29.58,-22.62,-40.13,-9.81,5.302,13.92
141,154,1200,6.964,6.026,1.35,-9.39,-9.75,-.337,81.7,3.585,3.791,47.72,48.89,312.4,2.416,3.194
142,154,1200,-31.7,-31.9,-32.25,-32.63,-33.21,-33.7,-33.67,-32.81,-29.57,-22.61,-40.13,-9.33,4.903,13.85
141,154,1300,7.84,6.803,2.05,-9.22,-9.51,-.337,83.2,3.991,4.244,39.01,39.25,312.5,2.411,3.193
142,154,1300,-31.67,-31.87,-32.22,-32.58,-33.15,-33.64,-33.59,-32.71,-29.51,-22.57,-40.13,-9.03,5.129,13.8
141,154,1400,8.25,7.2,1.999,-8.97,-9.52,-.337,79.3,3.385,3.584,67.07,66.47,312.4,2.41,3.193
142,154,1400,-31.66,-31.86,-32.2,-32.57,-33.14,-33.63,-33.57,-32.68,-29.5,-22.56,-40.13,-9.05,4.867,13.75
141,154,1500,8.06,7.05,1.701,-9.04,-9.59,-.336,79.4,2.759,3.027,65.26,64.37,312.4,2.412,3.194
142,154,1500,-31.65,-31.85,-32.2,-32.56,-33.13,-33.61,-33.55,-32.65,-29.49,-22.55,-40.13,-9.04,4.408,13.7
141,154,1600,8.11,7.08,1.723,-8.75,-9.43,-.336,77,2.113,2.273,63.79,64.08,312.3,2.412,3.194
142,154,1600,-31.67,-31.86,-32.21,-32.57,-33.14,-33.62,-33.56,-32.66,-29.49,-22.54,-40.13,-8.68,3.606,13.66
141,154,1700,7.98,6.952,1.315,-8.42,-8.98,-.337,72.5,.942,1.45,129.1,125.4,312.3,2.412,3.194
142,154,1700,-31.67,-31.86,-32.2,-32.55,-33.11,-33.6,-33.52,-32.63,-29.49,-22.53,-40.13,-8.1,2.942,13.62
141,154,1800,8.56,7.45,.936,-8.39,-8.86,-.336,71.3,1.576,1.793,144.5,139.3,312.2,2.412,3.193
142,154,1800,-31.7,-31.87,-32.2,-32.53,-33.07,-33.56,-33.47,-32.56,-29.54,-22.56,-40.13,-7.82,3.468,13.58
141,154,1900,7.93,6.891,-.558,-8.88,-9.37,-.336,73.3,1.013,1.558,136.4,135.7,311.8,2.414,3.196
142,154,1900,-31.64,-31.81,-32.14,-32.48,-33.01,-33.49,-33.37,-32.42,-29.5,-22.56,-40.13,-8.38,2.417,13.54
141,154,2000,7.12,6.187,-2.01,-9.06,-8.81,-.336,71.4,.979,1.059,186.2,186.9,311.8,2.415,3.197
142,154,2000,-31.69,-31.85,-32.18,-32.51,-33.04,-33.52,-33.41,-32.47,-29.47,-22.53,-40.13,-7.92,1.97,13.5
141,154,2100,6.005,5.225,-1.892,-10.33,-10.12,-.336,76.6,1.055,1.623,144.3,143.1,311.7,2.418,3.201
142,154,2100,-31.55,-31.72,-32.07,-32.42,-32.94,-33.41,-33.28,-32.29,-29.34,-22.46,-40.13,-9.4,1.978,13.46
141,154,2200,4.454,3.893,-1.47,-11.55,-11.42,-.336,81.6,.909,1.542,146.4,143.5,311.4,2.423,3.209
142,154,2200,-31.52,-31.71,-32.06,-32.43,-32.97,-33.45,-33.34,-32.36,-29.34,-22.47,-40.13,-10.99,2.086,13.51
141,154,2300,2.903,2.555,-.156,-10.81,-10.76,-.34,84.3,1.728,1.91,171.6,170.8,311.1,2.415,3.202
142,154,2300,-31.56,-31.76,-32.11,-32.49,-33.05,-33.53,-33.46,-32.5,-29.34,-22.47,-40.13,-10.8,2.858,14.27
141,155,0,1.952,1.727,-.529,-11.23,-11.16,-.338,86.6,2.028,2.238,183,184,310.7,2.415,3.203
142,155,0,-31.59,-31.8,-32.15,-32.54,-33.1,-33.58,-33.52,-32.58,-29.35,-22.48,-40.13,-11.28,3.125,13.72
141,155,100,1.447,1.289,-.704,-12.05,-12.05,-.351,91.7,1.766,1.962,158.6,158.5,310.5,2.418,3.208
142,155,100,-31.6,-31.81,-32.16,-32.56,-33.12,-33.6,-33.55,-32.61,-29.38,-22.51,-40.13,-12.17,3.566,14.7
141,155,200,1.069,.957,-.44,-12.37,-12.36,-.354,93.2,2.348,2.537,157.3,158,310.1,2.418,3.21
142,155,200,-31.62,-31.83,-32.18,-32.58,-33.14,-33.62,-33.58,-32.65,-29.39,-22.52,-40.13,-12.57,3.964,14.77
141,155,300,.906,.828,-1.231,-12.96,-12.88,-.382,92.8,2.601,2.888,152.4,153.2,309.8,2.42,3.214
142,155,300,-31.63,-31.84,-32.19,-32.59,-33.16,-33.63,-33.59,-32.66,-29.4,-22.53,-40.13,-13.08,3.799,14.66
141,155,400,.885,.83,-1.691,-14.35,-14.12,-.379,91.3,2.323,2.791,143.1,141.4,309.4,2.426,3.222
142,155,400,-31.62,-31.84,-32.19,-32.59,-33.16,-33.64,-33.6,-32.66,-29.39,-22.53,-40.13,-14.27,3.698,14.61
141,155,500,1.304,1.461,-4.648,-17.78,-17.45,-.396,86.5,2.68,3.039,155.4,155.5,308.8,2.445,3.246
142,155,500,-31.57,-31.78,-32.13,-32.55,-33.13,-33.6,-33.58,-32.64,-29.38,-22.53,-40.13,-17.27,3.492,14.6
141,155,600,2.08,1.874,-4.977,-19.49,-19.2,-.404,83.3,3.634,3.924,158.1,158.2,308.5,2.453,3.259
142,155,600,-31.58,-31.82,-32.19,-32.61,-33.18,-33.66,-33.65,-32.71,-29.39,-22.54,-40.13,-19.06,4.549,14.69
141,155,700,2.557,2.484,-4.858,-20.74,-20.22,-.404,79.5,3.828,4.144,163.7,163.5,308.1,2.459,3.267
142,155,700,-31.62,-31.84,-32.2,-32.62,-33.19,-33.67,-33.67,-32.74,-29.4,-22.54,-40.13,-20.08,4.766,14.92
141,155,800,3.106,3.253,-.907,-20.73,-20,-.404,75.9,3.246,3.538,169.4,170,307.8,2.46,3.268
142,155,800,-31.66,-31.89,-32.25,-32.67,-33.25,-33.74,-33.75,-32.84,-29.44,-22.55,-40.13,-19.79,4.263,14.75
141,155,900,4.459,3.925,-.291,-19.85,-19.24,-.404,74.7,3.417,3.671,160.5,160.8,307.5,2.458,3.265
142,155,900,-31.68,-31.9,-32.26,-32.68,-33.26,-33.75,-33.75,-32.85,-29.44,-22.54,-40.13,-18.95,4.738,14.45
141,155,1000,5.579,4.814,-.793,-18.74,-18.03,-.403,74.5,3.362,3.586,167.9,169.1,307.6,2.453,3.26
142,155,1000,-31.7,-31.92,-32.28,-32.68,-33.26,-33.74,-33.74,-32.83,-29.45,-22.53,-40.13,-17.81,3.938,14.32
141,155,1100,7.22,6.146,-6.492,-17.4,-16.36,-.4,71.8,2.712,2.872,176.8,176.3,307.6,2.45,3.255
142,155,1100,-31.75,-31.98,-32.34,-32.74,-33.32,-33.81,-33.81,-32.91,-29.4,-22.47,-40.13,-16.16,3.608,14.11
141,155,1200,8.22,6.972,-12.25,-16.32,-15.2,-.389,72.4,2.494,2.766,185.9,185.6,307.5,2.443,3.247
142,155,1200,-31.8,-32.02,-32.38,-32.77,-33.34,-33.84,-33.82,-32.93,-29.37,-22.42,-40.13,-15.03,3.177,13.89
141,155,1300,8.99,7.65,-11.43,-15,-14.03,-.361,74.5,2.869,3.162,195.1,195.1,307.6,2.435,3.236
142,155,1300,-31.82,-32.03,-32.39,-32.77,-33.33,-33.81,-33.79,-32.9,-29.34,-22.38,-40.13,-13.86,3.825,13.83
141,155,1400,9.51,8.11,-3.962,-13.53,-12.55,-.339,74.9,2.784,3.002,197.2,197.4,307.7,2.428,3.227
142,155,1400,-31.78,-31.99,-32.35,-32.73,-33.3,-33.79,-33.73,-32.79,-29.33,-22.37,-40.13,-12.36,3.845,13.78
141,155,1500,9.78,8.38,3.308,-12.72,-12.12,-.337,76.3,3.131,3.386,204.8,206.3,307.9,2.422,3.219
142,155,1500,-31.73,-31.93,-32.29,-32.65,-33.22,-33.69,-33.61,-32.66,-29.27,-22.33,-40.13,-11.82,4.155,13.73
141,155,1600,9.75,8.4,2.733,-11.49,-11.56,-.338,77.8,3.482,3.78,224.3,225.6,307.9,2.415,3.212
142,155,1600,-31.7,-31.9,-32.25,-32.62,-33.18,-33.65,-33.56,-32.58,-29.22,-22.29,-40.13,-11.38,4.317,13.68
141,155,1700,9.43,8.13,.736,-10.98,-11.05,-.337,78.1,3.879,4.218,226.8,227.1,307.7,2.413,3.208
142,155,1700,-31.69,-31.88,-32.23,-32.59,-33.15,-33.61,-33.51,-32.52,-29.22,-22.29,-40.13,-10.86,4.895,13.63
141,155,1800,8.83,7.61,-1.57,-10.53,-10.81,-.336,80.1,4.427,4.83,237.3,238.1,307.7,2.41,3.206
142,155,1800,-31.65,-31.85,-32.19,-32.56,-33.12,-33.58,-33.47,-32.46,-29.15,-22.23,-40.13,-10.64,5.637,13.59
141,155,1900,8.02,6.94,-2.546,-10.31,-10.76,-.338,83.1,4.553,4.971,245,245.2,307.7,2.41,3.205
142,155,1900,-31.62,-31.82,-32.17,-32.55,-33.11,-33.56,-33.45,-32.44,-29.15,-22.22,-40.13,-10.58,5.661,13.55
141,155,2000,7.05,6.105,-2.788,-9.95,-10.97,-.336,83.2,4.095,4.495,255.1,255.7,307.8,2.411,3.206
142,155,2000,-31.62,-31.81,-32.15,-32.53,-33.08,-33.54,-33.43,-32.42,-29.19,-22.23,-40.13,-10.74,5.31,13.73
141,155,2100,5.952,5.148,-2.459,-10.52,-11.26,-.344,83.3,3.904,4.303,263.1,265.4,308.1,2.413,3.208
142,155,2100,-31.62,-31.81,-32.15,-32.53,-33.08,-33.54,-33.44,-32.43,-29.21,-22.24,-40.13,-10.94,5.491,13.78
141,155,2200,4.627,4.031,-1.649,-11.29,-11.84,-.339,88,4.926,5.404,267.1,268.8,308,2.414,3.21
142,155,2200,-31.61,-31.81,-32.16,-32.54,-33.1,-33.56,-33.47,-32.46,-29.2,-22.23,-40.13,-11.74,7.62,13.98
141,155,2300,3.157,2.774,-1.341,-12.01,-12.22,-.345,90.5,5.722,6.309,279.7,279.4,308.2,2.415,3.21
142,155,2300,-31.63,-31.83,-32.18,-32.57,-33.13,-33.58,-33.5,-32.51,-29.2,-22.23,-40.13,-12.2,8.35,15.01
141,156,0,2.769,2.456,-3.306,-13.11,-13.48,-.372,87.3,4.521,5.051,276.8,277.6,308.3,2.421,3.218
142,156,0,-31.62,-31.82,-32.17,-32.56,-33.12,-33.57,-33.5,-32.49,-29.21,-22.24,-40.13,-13.3,7.75,13.87
141,156,100,2.334,2.062,-3.748,-14.58,-15.19,-.375,85.4,3.575,4.062,269.1,271.2,308.4,2.431,3.23
142,156,100,-31.61,-31.81,-32.16,-32.56,-33.11,-33.57,-33.49,-32.48,-29.21,-22.25,-40.13,-14.99,4.487,14.57
141,156,200,1.138,1.014,-.887,-14.24,-14.3,-.39,90.8,4.906,5.442,280.4,280,308.5,2.425,3.223
142,156,200,-31.67,-31.87,-32.22,-32.62,-33.18,-33.64,-33.58,-32.59,-29.23,-22.26,-40.13,-14.51,6.687,14.8
141,156,300,1.071,.975,-1.816,-13.27,-13.22,-.387,90.5,5.48,6.079,287.9,288.7,308.5,2.419,3.216
142,156,300,-31.69,-31.89,-32.24,-32.64,-33.2,-33.66,-33.6,-32.62,-29.24,-22.25,-40.13,-13.42,7.51,14.64
141,156,400,.848,.776,-.809,-12.78,-12.75,-.395,90.8,4.968,5.489,290,290.3,308.6,2.417,3.215
142,156,400,-31.69,-31.89,-32.25,-32.64,-33.2,-33.66,-33.6,-32.62,-29.21,-22.24,-40.13,-12.98,7.6,14.63
141,156,500,.75,.675,-.04,-12.27,-12.26,-.393,90.6,5.841,6.387,289.5,289.7,308.7,2.415,3.21
142,156,500,-31.69,-31.9,-32.25,-32.64,-33.2,-33.66,-33.59,-32.61,-29.19,-22.22,-40.13,-12.52,8.04,14.57
141,156,600,1.336,1.186,.341,-12.02,-12.03,-.384,90.4,5.371,5.871,288.6,289.7,308.7,2.417,3.207
142,156,600,-31.7,-31.9,-32.25,-32.64,-33.2,-33.66,-33.59,-32.61,-29.19,-22.21,-40.13,-12.23,6.54,14.68
141,156,700,1.784,1.58,.49,-12,-12.01,-.39,89.6,5.944,6.505,293.8,292.9,308.9,2.415,3.207
142,156,700,-31.69,-31.9,-32.24,-32.64,-33.19,-33.65,-33.58,-32.58,-29.17,-22.19,-40.13,-12.21,7.71,14.95
141,156,800,2.512,2.223,.686,-12,-12.02,-.374,88.2,6.354,6.959,299.4,298.3,309.2,2.416,3.207
142,156,800,-31.69,-31.89,-32.24,-32.63,-33.19,-33.65,-33.57,-32.57,-29.16,-22.18,-40.13,-12.17,8.14,14.51
141,156,900,3.416,3.021,.882,-11.86,-11.89,-.379,86.7,6.028,6.598,301.2,300.6,309.4,2.414,3.207
142,156,900,-31.69,-31.89,-32.24,-32.63,-33.18,-33.64,-33.56,-32.56,-29.15,-22.16,-40.13,-11.97,8.24,14.36
141,156,1000,4.333,3.829,1.026,-11.77,-11.8,-.363,85.2,6.022,6.583,305.4,302.8,309.4,2.415,3.206
142,156,1000,-31.69,-31.89,-32.24,-32.62,-33.18,-33.63,-33.54,-32.55,-29.13,-22.14,-40.13,-11.84,7.59,14.21
141,156,1100,5.424,4.779,1.337,-11.6,-11.63,-.363,83.6,6.436,7.03,310.8,308.6,309.7,2.404,3.204
142,156,1100,-31.69,-31.89,-32.24,-32.62,-33.17,-33.63,-33.53,-32.53,-29.12,-22.12,-40.13,-11.62,8.08,13.92
141,156,1200,6.537,5.747,1.661,-11.39,-11.44,-.348,81.2,6.31,6.865,310.6,309.1,309.9,2.4,3.203
142,156,1200,-31.69,-31.89,-32.24,-32.62,-33.17,-33.62,-33.53,-32.52,-29.11,-22.11,-40.13,-11.35,8.48,13.85
141,156,1300,7.52,6.605,1.876,-11.27,-11.33,-.342,81.2,6.095,6.629,312.5,311.1,310,2.4,3.202
142,156,1300,-31.69,-31.88,-32.24,-32.61,-33.16,-33.61,-33.5,-32.49,-29.1,-22.08,-40.13,-11.17,7.85,13.8
141,156,1400,8.11,7.13,1.981,-11,-11.07,-.338,80.5,5.689,6.186,309.8,306.7,310.1,2.398,3.201
142,156,1400,-31.68,-31.87,-32.22,-32.59,-33.14,-33.59,-33.48,-32.46,-29.08,-22.06,-40.13,-10.86,7.34,13.75
141,156,1500,8.41,7.4,1.965,-10.98,-11.06,-.341,80.2,6.088,6.637,307.2,306.1,310.1,2.398,3.203
142,156,1500,-31.66,-31.85,-32.2,-32.57,-33.12,-33.57,-33.45,-32.42,-29.04,-22.03,-40.13,-10.85,7.69,13.7
141,156,1600,8.34,7.33,1.971,-11.12,-11.2,-.343,79.4,5.825,6.326,310.6,308.4,310.2,2.395,3.201
142,156,1600,-31.65,-31.85,-32.2,-32.57,-33.12,-33.56,-33.44,-32.4,-29.03,-22.02,-40.13,-11,7.86,13.66
141,156,1700,7.96,7.01,1.746,-11.2,-11.28,-.344,79,5.686,6.156,320.8,318.8,310.2,2.394,3.203
142,156,1700,-31.65,-31.85,-32.2,-32.57,-33.12,-33.56,-33.43,-32.39,-29.01,-22,-40.13,-11.09,7.32,13.63
141,156,1800,7.31,6.447,1.383,-11.1,-11.19,-.349,78.5,4.865,5.28,315.8,314.1,310.4,2.393,3.201
142,156,1800,-31.65,-31.85,-32.2,-32.56,-33.11,-33.56,-33.43,-32.38,-29.01,-21.98,-40.13,-11.03,6.834,13.62
141,156,1900,6.309,5.576,.988,-11.23,-11.3,-.362,79.7,4.838,5.25,319,316.1,310.4,2.394,3.201
142,156,1900,-31.64,-31.83,-32.18,-32.56,-33.11,-33.55,-33.42,-32.36,-28.97,-21.96,-40.13,-11.16,6.541,13.64
141,156,2000,5.316,4.701,.786,-11.67,-11.72,-.354,79,4.631,5.014,324.1,323.2,310.5,2.391,3.205
142,156,2000,-31.63,-31.83,-32.18,-32.55,-33.1,-33.54,-33.41,-32.36,-28.95,-21.94,-40.13,-11.68,6.262,13.71
141,156,2100,4.448,3.934,.68,-11.81,-11.86,-.356,79.1,4.621,5.013,315.7,313.7,310.5,2.388,3.205
142,156,2100,-31.64,-31.84,-32.19,-32.57,-33.12,-33.56,-33.44,-32.38,-28.96,-21.95,-40.13,-11.86,6.254,13.89
141,156,2200,3.319,2.942,.398,-12.08,-12.12,-.369,80.9,4.628,5.017,319.5,318.2,310.4,2.39,3.207
142,156,2200,-31.64,-31.85,-32.2,-32.58,-33.13,-33.57,-33.45,-32.39,-28.95,-21.94,-40.13,-12.17,6.378,13.79
141,156,2300,2.463,2.187,.192,-12.4,-12.42,-.362,80.1,3.952,4.258,323.1,316,310.5,2.392,3.208
142,156,2300,-31.65,-31.86,-32.21,-32.59,-33.14,-33.58,-33.47,-32.41,-28.94,-21.93,-40.13,-12.56,5.55,13.83
141,157,0,1.778,1.581,.015,-12.82,-12.83,-.378,80.6,3.725,4,269.2,274.4,310.5,2.393,3.21
142,157,0,-31.65,-31.85,-32.2,-32.6,-33.14,-33.58,-33.47,-32.41,-28.93,-21.93,-40.13,-13.01,5.156,14.84
141,157,100,1.31,1.168,-.044,-12.98,-12.98,-.386,82.3,3.059,3.303,302.4,294.4,310.4,2.393,3.211
142,157,100,-31.67,-31.88,-32.22,-32.61,-33.17,-33.6,-33.5,-32.44,-28.96,-21.94,-40.13,-13.19,4.451,15
141,157,200,.98,.875,-.14,-13.3,-13.3,-.39,81.1,2.48,2.667,86.4,86,310.6,2.394,3.213
142,157,200,-31.67,-31.88,-32.23,-32.62,-33.17,-33.61,-33.5,-32.44,-28.95,-21.94,-40.13,-13.48,4.222,14.91
141,157,300,.836,.75,-.215,-13.57,-13.6,-.401,82.4,1.777,1.933,48.4,48.54,310.3,2.396,3.215
142,157,300,-31.67,-31.88,-32.23,-32.62,-33.17,-33.61,-33.51,-32.44,-28.95,-21.93,-40.13,-13.78,2.633,14.68
141,157,400,.91,.815,-.215,-13.82,-13.85,-.396,81.3,2.104,2.288,38.16,38.48,310.1,2.397,3.216
142,157,400,-31.67,-31.88,-32.23,-32.63,-33.18,-33.61,-33.51,-32.45,-28.96,-21.93,-40.13,-13.97,3.206,14.64
141,157,500,.974,.874,-.189,-13.97,-14.02,-.399,79.1,1.884,2.004,93,86.6,310,2.399,3.218
142,157,500,-31.68,-31.88,-32.23,-32.63,-33.18,-33.62,-33.51,-32.45,-28.95,-21.92,-40.13,-14.18,3.28,14.63
141,157,600,1.334,1.191,-.03,-13.87,-13.97,-.404,78.3,1.128,1.205,74,91.9,309.8,2.399,3.218
142,157,600,-31.7,-31.9,-32.25,-32.65,-33.19,-33.63,-33.53,-32.47,-28.96,-21.91,-40.13,-14.02,2.935,14.72
141,157,700,1.804,1.609,-.071,-13.36,-13.68,-.394,75.9,.335,.442,87.1,89.6,309.7,2.4,3.22
142,157,700,-31.72,-31.92,-32.27,-32.66,-33.2,-33.64,-33.54,-32.48,-28.97,-21.9,-40.13,-13.45,1.708,15.02
141,157,800,2.456,2.186,.011,-13.5,-13.67,-.387,76.3,.779,.96,120,118.9,309.7,2.401,3.221
142,157,800,-31.71,-31.92,-32.26,-32.65,-33.19,-33.63,-33.52,-32.45,-28.95,-21.88,-40.13,-13.53,3.216,14.5
141,157,900,3.352,2.976,.095,-13.3,-13.58,-.373,74.1,.692,1.152,122.1,120.3,309.7,2.401,3.224
142,157,900,-31.71,-31.91,-32.26,-32.64,-33.18,-33.62,-33.5,-32.43,-28.94,-21.86,-40.13,-13.33,3.031,14.36
141,157,1000,4.39,3.889,.219,-13.22,-13.52,-.372,72,.999,1.514,124.2,123,309.8,2.401,3.226
142,157,1000,-31.7,-31.9,-32.25,-32.62,-33.16,-33.6,-33.47,-32.4,-28.92,-21.83,-40.13,-13.17,3.899,14.27
141,157,1100,5.634,4.976,.397,-13.09,-13.43,-.351,70.3,1.474,1.97,129.4,125.2,309.8,2.4,3.228
142,157,1100,-31.7,-31.9,-32.25,-32.62,-33.15,-33.59,-33.46,-32.38,-28.91,-21.81,-40.13,-12.98,3.512,14.02
141,157,1200,8.15,7.06,-.444,-13.24,-13.19,-.35,69.05,2.378,2.633,162.7,160.2,309.8,2.401,3.225
142,157,1200,-31.72,-31.92,-32.27,-32.63,-33.16,-33.6,-33.46,-32.4,-28.91,-21.78,-40.13,-12.7,4.291,13.85
141,157,1300,9.11,7.81,-1.552,-13.31,-13.03,-.342,70,1.98,2.172,173.6,173.6,309.8,2.402,3.225
142,157,1300,-31.79,-31.98,-32.33,-32.68,-33.22,-33.65,-33.51,-32.45,-28.85,-21.72,-40.13,-12.57,2.747,13.8
141,157,1400,9.22,7.98,-.629,-13.07,-12.96,-.338,70,2.897,3.053,170,169.7,309.7,2.4,3.221
142,157,1400,-31.69,-31.89,-32.23,-32.59,-33.12,-33.54,-33.37,-32.26,-28.81,-21.71,-40.13,-12.54,4.817,13.74
141,157,1500,9.34,8.15,.039,-12.76,-12.98,-.342,69.08,3.789,3.908,149.4,149.3,309.6,2.399,3.219
142,157,1500,-31.64,-31.83,-32.17,-32.52,-33.05,-33.46,-33.28,-32.14,-28.82,-21.71,-40.13,-12.46,5.032,13.7
141,157,1600,9.76,8.54,-1.566,-12.94,-13.06,-.347,71.2,4.811,5.063,158.9,160.3,309.5,2.4,3.216
142,157,1600,-31.65,-31.84,-32.17,-32.53,-33.05,-33.47,-33.28,-32.13,-28.83,-21.71,-40.13,-12.66,5.934,13.65
141,157,1700,9.52,8.35,-2.216,-13.26,-13.34,-.347,72.2,4.957,5.231,159.3,159.4,309.1,2.403,3.217
142,157,1700,-31.66,-31.84,-32.18,-32.53,-33.05,-33.46,-33.27,-32.11,-28.84,-21.72,-40.13,-12.95,5.983,13.6
141,157,1800,8.81,7.72,-.753,-12.94,-13.04,-.346,73,5.057,5.314,156.3,157.3,309,2.402,3.214
142,157,1800,-31.66,-31.84,-32.18,-32.53,-33.05,-33.47,-33.28,-32.12,-28.85,-21.71,-40.13,-12.66,6.44,13.57
141,157,1900,8.02,7.04,-1.257,-13.21,-13.16,-.351,74.5,4.775,5.102,168.7,168.9,308.9,2.408,3.211
142,157,1900,-31.65,-31.84,-32.17,-32.53,-33.05,-33.47,-33.28,-32.11,-28.83,-21.68,-40.13,-12.91,5.797,13.53
141,157,2000,7.15,6.274,-1.188,-13.32,-13.16,-.35,75.6,3.921,4.213,170.6,170.9,308.4,2.406,3.212
142,157,2000,-31.66,-31.84,-32.17,-32.53,-33.05,-33.46,-33.27,-32.11,-28.82,-21.67,-40.13,-12.9,5.155,13.49
141,157,2100,6.098,5.327,-1.689,-14.19,-13.82,-.353,75.9,2.921,3.242,162.2,163.5,308.4,2.408,3.216
142,157,2100,-31.66,-31.84,-32.18,-32.53,-33.03,-33.44,-33.26,-32.08,-28.79,-21.64,-40.13,-13.46,3.646,13.55
141,157,2200,5.005,4.374,-2.431,-15.53,-15.34,-.345,79.7,2.679,3.02,153.9,154.8,307.8,2.415,3.224
142,157,2200,-31.59,-31.79,-32.13,-32.51,-33.03,-33.44,-33.27,-32.09,-28.75,-21.61,-40.13,-15.07,3.208,13.92
141,157,2300,3.935,3.471,-3.111,-17,-16.82,-.364,80.4,2.622,3.04,158.1,158.7,307.3,2.423,3.235
142,157,2300,-31.6,-31.8,-32.14,-32.53,-33.05,-33.47,-33.31,-32.13,-28.77,-21.63,-40.13,-16.55,3.407,14.98
141,158,0,3.084,2.718,-3.813,-18.06,-17.77,-.385,80.7,3.539,4.006,164.7,165.1,307,2.428,3.241
142,158,0,-31.61,-31.82,-32.16,-32.56,-33.08,-33.5,-33.35,-32.18,-28.79,-21.64,-40.13,-17.59,4.483,15
141,158,100,2.43,2.117,-4.609,-19.32,-18.99,-.404,81.5,3.757,4.252,171.3,172.5,306.5,2.433,3.248
142,158,100,-31.62,-31.83,-32.18,-32.58,-33.1,-33.51,-33.38,-32.23,-28.8,-21.65,-40.13,-18.87,4.516,15.01
141,158,200,1.995,1.698,-5.117,-20.97,-20.61,-.404,82.1,3.489,4.016,174.2,175.2,306,2.44,3.258
142,158,200,-31.62,-31.83,-32.18,-32.58,-33.11,-33.52,-33.4,-32.25,-28.8,-21.65,-40.13,-20.52,4.363,14.92
141,158,300,1.767,1.502,-5.421,-22.02,-21.71,-.404,83.2,3.936,4.497,185.9,186.9,305.7,2.446,3.266
142,158,300,-31.63,-31.84,-32.19,-32.61,-33.14,-33.56,-33.45,-32.31,-28.8,-21.65,-40.13,-21.74,4.893,14.72
141,158,400,1.8,1.518,-5.962,-22.36,-22.1,-.404,84,4.437,4.987,189.9,189.3,305.1,2.448,3.268
142,158,400,-31.66,-31.87,-32.22,-32.64,-33.17,-33.6,-33.49,-32.37,-28.82,-21.66,-40.13,-22.1,5.436,14.68
141,158,500,1.553,1.756,-5.779,-22.37,-22.13,-.404,84.2,4.571,5.077,196.5,196.5,304.6,2.448,3.268
142,158,500,-31.67,-31.89,-32.24,-32.66,-33.2,-33.62,-33.53,-32.41,-28.83,-21.65,-40.13,-22.12,5.978,14.71
141,158,600,2.557,2.165,-10.49,-22.6,-22.37,-.404,83.4,4.666,5.129,201.7,200.8,304.1,2.45,3.27
142,158,600,-31.68,-31.9,-32.25,-32.68,-33.22,-33.64,-33.56,-32.45,-28.82,-21.63,-40.13,-22.33,5.71,14.77
141,158,700,2.498,2.722,-6.313,-23.06,-22.83,-.404,81.5,4.133,4.558,201.2,200.7,303.7,2.452,3.273
142,158,700,-31.68,-31.91,-32.26,-32.69,-33.24,-33.67,-33.58,-32.48,-28.79,-21.61,-40.13,-22.77,5.065,14.96
141,158,800,3.403,3.532,-2.978,-22.23,-22.05,-.404,81.2,4.446,4.866,204.5,206,303.6,2.448,3.269
142,158,800,-31.7,-31.94,-32.3,-32.72,-33.28,-33.71,-33.62,-32.53,-28.77,-21.58,-40.13,-22,5.37,15.09
141,158,900,5.202,4.459,-1.959,-21.1,-20.95,-.404,80.7,4.63,5.019,208.4,208.7,303.5,2.444,3.262
142,158,900,-31.72,-31.96,-32.32,-32.74,-33.3,-33.73,-33.65,-32.56,-28.75,-21.55,-40.13,-20.86,5.787,14.58
141,158,1000,6.392,5.431,-.428,-19.57,-19.46,-.404,80.6,4.573,4.926,214.3,214.9,303.2,2.436,3.252
142,158,1000,-31.75,-31.98,-32.34,-32.75,-33.3,-33.74,-33.64,-32.56,-28.73,-21.51,-40.13,-19.3,5.418,14.41
141,158,1100,7.5,6.385,.639,-18.19,-18.08,-.404,79.9,4.534,4.854,217.5,218.2,303.2,2.43,3.243
142,158,1100,-31.75,-31.99,-32.35,-32.75,-33.31,-33.74,-33.63,-32.54,-28.69,-21.47,-40.13,-17.89,5.565,14.3
141,158,1200,8.12,6.947,1.519,-16.73,-16.63,-.372,79.5,4.894,5.237,216.4,217,303.2,2.423,3.234
142,158,1200,-31.79,-32.01,-32.37,-32.76,-33.3,-33.73,-33.61,-32.51,-28.68,-21.45,-40.13,-16.46,5.986,14.21
141,158,1300,8.86,7.61,2.199,-15.27,-15.26,-.358,77.8,4.758,5.103,223.4,224.2,303.1,2.417,3.226
142,158,1300,-31.81,-32.02,-32.38,-32.77,-33.31,-33.74,-33.6,-32.47,-28.68,-21.44,-40.13,-15.07,6.148,13.92
141,158,1400,9.48,8.16,2.389,-14.12,-14.17,-.341,76.7,5.114,5.464,228.7,229.1,303.1,2.412,3.219
142,158,1400,-31.77,-31.99,-32.35,-32.72,-33.26,-33.69,-33.52,-32.37,-28.64,-21.4,-40.13,-14.04,6.012,13.8
141,158,1500,9.97,8.63,2.549,-13.05,-13.25,-.34,76.5,5.06,5.409,233.8,234.5,303,2.409,3.213
142,158,1500,-31.75,-31.96,-32.31,-32.68,-33.22,-33.63,-33.45,-32.3,-28.59,-21.38,-40.13,-13.13,6.145,13.76
141,158,1600,10,8.69,2.132,-12.24,-12.5,-.338,77.6,5.097,5.434,233.6,235.3,303,2.405,3.208
142,158,1600,-31.72,-31.93,-32.28,-32.65,-33.19,-33.6,-33.4,-32.23,-28.56,-21.35,-40.13,-12.4,6.073,13.71
141,158,1700,9.63,8.38,1.174,-11.49,-11.82,-.342,77,4.796,5.116,239.3,240.5,302.9,2.403,3.205
142,158,1700,-31.71,-31.91,-32.26,-32.62,-33.16,-33.56,-33.36,-32.16,-28.54,-21.33,-40.13,-11.61,5.596,13.66
141,158,1800,8.92,7.76,-.62,-11.38,-11.7,-.337,78.4,4.485,4.796,240.7,241.4,302.8,2.402,3.204
142,158,1800,-31.7,-31.9,-32.25,-32.61,-33.14,-33.54,-33.34,-32.14,-28.52,-21.32,-40.13,-11.47,5.349,13.62
141,158,1900,8.33,7.26,-1.422,-11.23,-11.57,-.34,79.7,4.1,4.386,237.9,240.4,302.6,2.402,3.203
142,158,1900,-31.69,-31.9,-32.24,-32.61,-33.13,-33.53,-33.33,-32.12,-28.54,-21.33,-40.13,-11.32,4.809,13.58
141,158,2000,7.12,6.208,-1.944,-11.83,-11.98,-.345,81.4,3.519,3.799,237,238.3,302.6,2.404,3.206
142,158,2000,-31.65,-31.86,-32.2,-32.56,-33.09,-33.49,-33.27,-32.05,-28.52,-21.32,-40.13,-11.75,4.47,13.54
141,158,2100,6.067,5.261,-2.363,-12.87,-12.71,-.341,81.3,2.315,2.633,237.2,238.4,302.4,2.409,3.211
142,158,2100,-31.63,-31.83,-32.17,-32.53,-33.05,-33.44,-33.22,-32,-28.52,-21.33,-40.13,-12.42,3.293,13.51
141,158,2200,4.93,4.281,-2.521,-14.4,-14.05,-.341,84.8,2.003,2.418,224.5,225.8,302.5,2.414,3.219
142,158,2200,-31.6,-31.81,-32.15,-32.53,-33.04,-33.43,-33.22,-32,-28.51,-21.33,-40.13,-13.97,2.702,14.69
141,158,2300,3.383,2.971,-2.588,-15.9,-15.54,-.361,86.2,1.153,1.636,218.7,221.6,302.1,2.423,3.23
142,158,2300,-31.6,-31.81,-32.15,-32.53,-33.04,-33.43,-33.23,-32.01,-28.51,-21.36,-40.13,-15.39,2.375,13.76
141,159,0,3.041,2.673,-2.747,-17.58,-16.36,-.37,87.3,1.296,1.865,195.7,205.4,302.1,2.432,3.24
142,159,0,-31.62,-31.82,-32.17,-32.55,-33.06,-33.45,-33.26,-32.05,-28.56,-21.4,-40.13,-16.11,2.135,14.81
141,159,100,2.064,1.816,-2.804,-19.49,-17.95,-.39,89.1,1.759,2.43,189.8,195.7,301.9,2.44,3.25
142,159,100,-31.6,-31.81,-32.16,-32.55,-33.06,-33.46,-33.28,-32.04,-28.53,-21.39,-40.13,-17.78,2.813,15
141,159,200,1.44,1.278,-2.187,-20.58,-20.08,-.404,86.4,2.027,2.499,192.2,194.2,301.5,2.445,3.258
142,159,200,-31.6,-31.82,-32.17,-32.58,-33.1,-33.49,-33.33,-32.09,-28.51,-21.4,-40.13,-20.06,2.929,14.83
141,159,300,.889,.809,-1.496,-21.06,-20.84,-.404,84.9,1.757,2.066,194.6,196.1,301.1,2.447,3.261
142,159,300,-31.66,-31.87,-32.22,-32.64,-33.16,-33.55,-33.4,-32.18,-28.54,-21.44,-40.13,-20.99,2.543,14.69
141,159,400,1.264,1.169,-.591,-20.7,-20.59,-.404,83.6,1.704,1.914,196,197.3,300.7,2.448,3.261
142,159,400,-31.71,-31.92,-32.27,-32.68,-33.21,-33.6,-33.46,-32.27,-28.62,-21.49,-40.13,-20.71,2.192,14.64
141,159,500,1.089,1.045,-1.476,-21.15,-21.06,-.404,82.2,1.701,1.927,192.7,194.2,300.5,2.45,3.263
142,159,500,-31.69,-31.9,-32.24,-32.66,-33.19,-33.59,-33.45,-32.25,-28.61,-21.49,-40.13,-21.13,2.194,14.66
141,159,600,2.025,1.875,-2.502,-20.42,-20.3,-.404,81.6,2.841,2.43,198.8,200.5,300.1,2.447,3.26
142,159,600,-31.74,-31.95,-32.3,-32.71,-33.24,-33.64,-33.51,-32.33,-28.62,-21.5,-40.13,-20.39,2.778,14.87
141,159,700,2.621,2.701,-1.5,-19.18,-19.01,-.404,78,2.594,2.379,198,199.3,300.1,2.444,3.254
142,159,700,-31.77,-31.99,-32.34,-32.74,-33.28,-33.68,-33.55,-32.4,-28.61,-21.48,-40.13,-18.94,3.477,14.6
141,159,800,3.616,3.549,-.059,-18.94,-18.64,-.404,74.7,3.088,3.482,201.3,201.4,300.2,2.444,3.254
142,159,800,-31.72,-31.96,-32.31,-32.71,-33.26,-33.67,-33.53,-32.38,-28.53,-21.43,-40.13,-18.49,4.013,14.41
141,159,900,5.399,4.648,.321,-18.55,-18.19,-.404,72.7,3.181,3.562,201.9,201.8,300.1,2.446,3.253
142,159,900,-31.71,-31.96,-32.32,-32.72,-33.27,-33.69,-33.55,-32.4,-28.48,-21.39,-40.13,-18.07,4.24,14.3
141,159,1000,6.062,5.153,-.904,-18.27,-17.85,-.404,73.2,3.403,3.744,202,203,300.2,2.443,3.248
142,159,1000,-31.72,-31.96,-32.32,-32.72,-33.27,-33.68,-33.53,-32.37,-28.44,-21.36,-40.13,-17.64,4.301,14.21
141,159,1100,7.2,6.114,.343,-17.61,-17.26,-.403,73.7,3.471,3.791,195.6,196.1,300.2,2.44,3.244
142,159,1100,-31.73,-31.97,-32.33,-32.72,-33.27,-33.68,-33.52,-32.35,-28.41,-21.34,-40.13,-17.09,4.483,13.92
141,159,1200,8.18,6.936,1.179,-16.66,-16.17,-.386,73.7,3.799,4.112,196.5,197.2,300.2,2.434,3.235
142,159,1200,-31.79,-32.02,-32.38,-32.75,-33.29,-33.7,-33.53,-32.37,-28.42,-21.34,-40.13,-15.97,4.784,14.31
141,159,1300,9.1,7.73,2.357,-15.51,-15.24,-.359,69.21,4.312,4.654,204.9,204,300.2,2.427,3.228
142,159,1300,-31.81,-32.02,-32.38,-32.75,-33.27,-33.67,-33.49,-32.31,-28.43,-21.35,-40.13,-15.02,5.186,13.92
141,159,1400,9.7,8.28,2.875,-14.27,-14.16,-.345,65.34,4.815,5.189,208.2,208.6,300.1,2.421,3.22
142,159,1400,-31.77,-31.99,-32.35,-32.71,-33.25,-33.65,-33.45,-32.23,-28.42,-21.35,-40.13,-13.99,6.038,13.84
141,159,1500,9.95,8.54,1.783,-13.36,-13.27,-.341,66.12,4.958,5.354,207.1,207.2,300.1,2.417,3.214
142,159,1500,-31.74,-31.95,-32.31,-32.66,-33.19,-33.57,-33.35,-32.13,-28.39,-21.34,-40.13,-13.08,6.176,13.79
141,159,1600,9.94,8.58,.503,-12.56,-12.53,-.34,67.51,5.199,5.603,212.3,212.8,300,2.414,3.209
142,159,1600,-31.72,-31.93,-32.28,-32.63,-33.16,-33.54,-33.31,-32.05,-28.35,-21.32,-40.13,-12.38,6.69,13.74
141,159,1700,9.61,8.32,-.347,-12.04,-12,-.337,69.06,5.51,5.946,219.9,220.2,299.7,2.409,3.206
142,159,1700,-31.72,-31.92,-32.27,-32.62,-33.13,-33.51,-33.27,-32.01,-28.36,-21.33,-40.13,-11.82,6.78,13.69
141,159,1800,9.03,7.82,-1.341,-11.74,-11.77,-.341,71.3,5.168,5.572,226.2,226.5,299.6,2.406,3.205
142,159,1800,-31.71,-31.91,-32.26,-32.61,-33.12,-33.5,-33.26,-32,-28.32,-21.3,-40.13,-11.62,6.362,13.64
141,159,1900,8.21,7.13,-1.734,-11.85,-11.91,-.338,73.2,5.153,5.563,227.6,228.1,299.5,2.406,3.205
142,159,1900,-31.67,-31.87,-32.21,-32.57,-33.09,-33.46,-33.21,-31.92,-28.29,-21.3,-40.13,-11.76,6.635,13.6
141,159,2000,7.22,6.269,-1.003,-12.22,-12.24,-.345,76.1,4.696,5.103,230.6,232.9,299.5,2.407,3.207
142,159,2000,-31.65,-31.85,-32.2,-32.56,-33.07,-33.44,-33.19,-31.9,-28.28,-21.3,-40.13,-12.1,6.097,13.57
141,159,2100,6.139,5.303,-1.044,-13.19,-12.96,-.351,79.7,4.224,4.628,226.3,226.6,299.5,2.411,3.212
142,159,2100,-31.62,-31.82,-32.17,-32.53,-33.05,-33.41,-33.17,-31.87,-28.29,-21.32,-40.13,-12.83,5.075,13.57
141,159,2200,5.07,4.381,-1.901,-14.21,-14.15,-.349,83,3.452,3.87,234.3,235.4,299.4,2.416,3.218
142,159,2200,-31.62,-31.83,-32.17,-32.55,-33.05,-33.42,-33.18,-31.89,-28.29,-21.33,-40.13,-14.12,4.689,14.5
141,159,2300,4.026,3.513,-2.811,-15.65,-15.72,-.362,84.2,2.88,3.351,232.9,234,299.4,2.424,3.228
142,159,2300,-31.63,-31.83,-32.18,-32.56,-33.06,-33.44,-33.21,-31.92,-28.3,-21.36,-40.13,-15.61,3.869,13.96
141,160,0,3.15,2.749,-3.492,-17.81,-17.57,-.377,84.2,2.469,2.992,230.7,232.2,299.4,2.434,3.241
142,160,0,-31.63,-31.84,-32.18,-32.57,-33.07,-33.44,-33.21,-31.93,-28.32,-21.39,-40.13,-17.41,3.497,14.61
141,160,100,2.437,2.112,-3.855,-19.83,-19.51,-.403,85.7,2.278,2.829,232.4,234.2,299.2,2.444,3.254
142,160,100,-31.62,-31.83,-32.18,-32.57,-33.08,-33.45,-33.23,-31.94,-28.33,-21.42,-40.13,-19.37,3.167,14.87
141,160,200,1.43,1.273,-1.826,-20.05,-19.96,-.404,89.5,2.474,2.846,238.4,240,299.1,2.444,3.255
142,160,200,-31.65,-31.87,-32.22,-32.62,-33.13,-33.5,-33.3,-32.02,-28.32,-21.43,-40.13,-20.06,3.187,14.87
141,160,300,1.056,.957,-.528,-19.19,-19.35,-.404,86.7,2.257,2.465,261.6,262.2,298.9,2.442,3.252
142,160,300,-31.71,-31.92,-32.27,-32.67,-33.19,-33.56,-33.38,-32.11,-28.37,-21.47,-40.13,-19.5,2.752,14.75
141,160,400,1.036,.972,-1.028,-19.23,-19.22,-.404,85.6,1.559,1.724,261.1,263.1,299,2.442,3.252
142,160,400,-31.71,-31.93,-32.27,-32.68,-33.19,-33.57,-33.38,-32.12,-28.38,-21.48,-40.13,-19.26,2.21,14.68
141,160,500,1.123,1.085,-1.237,-20.9,-20.39,-.404,83.9,.814,1.006,246.6,249,298.9,2.451,3.263
142,160,500,-31.67,-31.9,-32.25,-32.65,-33.18,-33.55,-33.37,-32.1,-28.36,-21.49,-40.13,-20.41,1.217,14.69
141,160,600,1.8,1.674,-2.231,-21.28,-20.3,-.404,82.5,.492,.627,246.2,249.3,298.8,2.456,3.27
142,160,600,-31.72,-31.94,-32.29,-32.7,-33.23,-33.6,-33.43,-32.18,-28.38,-21.51,-40.13,-20.12,1.078,14.75
141,160,700,2.276,2.374,-1.241,-22.13,-22.17,-.404,79.2,.268,.428,192.2,195.6,299,2.462,3.278
142,160,700,-31.76,-31.99,-32.35,-32.75,-33.27,-33.67,-33.51,-32.3,-28.37,-21.49,-40.13,-21.6,.817,15.04
141,160,800,3.54,3.377,1.627,-21.99,-22.3,-.404,77.7,.751,.874,172.8,176.2,299.4,2.462,3.279
142,160,800,-31.73,-31.97,-32.34,-32.73,-33.26,-33.66,-33.49,-32.28,-28.28,-21.43,-40.13,-21.74,1.65,14.48
141,160,900,4.973,4.348,4.293,-21.89,-22.15,-.404,76.5,1.487,1.563,172.2,172.5,299.5,2.461,3.277
142,160,900,-31.7,-31.95,-32.31,-32.71,-33.23,-33.64,-33.45,-32.22,-28.22,-21.39,-40.13,-21.7,2.697,14.35
141,160,1000,6.336,5.337,6.996,-21.72,-21.7,-.404,75.8,3.108,3.358,187.7,188.5,299.4,2.458,3.272
142,160,1000,-31.7,-31.95,-32.31,-32.7,-33.23,-33.63,-33.44,-32.18,-28.15,-21.36,-40.13,-21.49,4.57,14.26
141,160,1100,7.45,6.275,5.258,-20.35,-20.33,-.404,74.4,3.139,3.396,198.1,198.1,299.6,2.453,3.265
142,160,1100,-31.74,-31.98,-32.34,-32.74,-33.27,-33.66,-33.48,-32.24,-28.18,-21.37,-40.13,-20.06,4.322,14.16
141,160,1200,8.35,7.07,.566,-15.88,-15.27,-.393,68.9,1.006,1.046,190,188.8,299.8,2.444,3.254
142,160,1200,-31.93,-32.16,-32.53,-32.89,-33.41,-33.82,-33.64,-32.46,-28.29,-21.4,-40.13,-15.11,2.04,13.83
141,160,1300,9.1,7.73,-.048,-14.41,-14.33,-.346,66.74,1.379,1.438,188.4,188.5,300.5,2.438,3.245
142,160,1300,-31.89,-32.1,-32.46,-32.8,-33.31,-33.69,-33.47,-32.25,-28.21,-21.34,-40.13,-13.61,2.133,13.78
141,160,1400,9.73,8.31,.488,-14.67,-13.91,-.34,69.13,1.792,1.882,208.3,207.7,300.7,2.431,3.236
142,160,1400,-31.79,-32.01,-32.37,-32.72,-33.23,-33.6,-33.35,-32.07,-28.12,-21.31,-40.13,-13.28,2.581,13.72
141,160,1500,9.99,8.57,.463,-13.45,-12.26,-.337,68.18,1.769,1.86,220.9,221.6,300.8,2.424,3.228
142,160,1500,-31.77,-31.98,-32.34,-32.67,-33.18,-33.54,-33.27,-31.97,-28.13,-21.32,-40.13,-11.7,2.357,13.68
141,160,1600,9.68,8.34,-.427,-12.88,-12.29,-.338,71.8,1.89,2,222.8,223,300.9,2.419,3.222
142,160,1600,-31.72,-31.92,-32.27,-32.61,-33.12,-33.47,-33.18,-31.85,-28.08,-21.31,-40.13,-11.75,2.367,13.64
141,160,1700,8.8,7.59,-1.585,-12,-10.82,-.336,70.7,1.89,2.019,242,243,301.1,2.416,3.216
142,160,1700,-31.69,-31.89,-32.23,-32.58,-33.08,-33.42,-33.12,-31.77,-28.04,-21.29,-40.13,-10.28,2.53,13.59
141,160,1800,8.85,7.63,-2.242,-11.03,-9.96,-.337,68.44,2.063,2.209,246.1,247.9,300.9,2.412,3.212
142,160,1800,-31.7,-31.91,-32.25,-32.59,-33.1,-33.45,-33.15,-31.82,-28.06,-21.29,-40.13,-9.32,2.688,13.56
141,160,1900,8.08,6.976,-2.588,-9.63,-10.83,-.336,71.4,1.957,2.122,251.7,252.8,301.2,2.411,3.209
142,160,1900,-31.68,-31.88,-32.22,-32.57,-33.07,-33.42,-33.11,-31.77,-28.07,-21.3,-40.13,-10.13,2.489,13.51