17,128,1700,3.169,2.857,.407,-30.45,-30.35,-30.33,-30.35,-30.35,-30.59,-30.91,-31.41,-31.78,-32.57,-21.02,-20.57,-18.89,-20.23,67.83,78.5,1.823,2.309,73.3,79.7,283.4,1.563,2.607,2.77,13.97
17,128,1800,2.858,2.596,.287,-30.43,-30.33,-30.32,-30.35,-30.35,-30.59,-30.91,-31.41,-31.71,-32.51,-21.4,-21.1,-19.51,-20.77,67.37,76.8,2.228,2.718,69.39,74,283.9,1.563,2.608,3.293,13.92
17,128,1900,2.461,2.254,.117,-30.43,-30.34,-30.33,-30.36,-30.36,-30.61,-30.93,-31.41,-31.67,-32.49,-21.86,-21.66,-20.31,-21.33,67.79,76.1,2.715,3.233,63.85,68.46,283.8,1.564,2.609,3.561,13.88
17,128,2000,2.007,1.858,-.077,-30.46,-30.37,-30.36,-30.39,-30.4,-30.64,-30.97,-31.44,-31.68,-32.5,-22.67,-22.49,-21.41,-22.22,67.4,75.5,3.046,3.592,64.85,68.85,283.9,1.567,2.614,3.894,13.95
17,128,2100,1.534,1.444,-.292,-30.49,-30.41,-30.39,-30.42,-30.43,-30.67,-30.99,-31.45,-31.7,-32.53,-23.97,-23.74,-22.97,-23.44,66,73.4,3.361,3.947,69.7,72.6,283.8,1.57,2.619,4.26,14.1
17,128,2200,1.079,1.024,-.405,-30.56,-30.48,-30.46,-30.48,-30.51,-30.74,-31.06,-31.53,-31.77,-32.59,-25.74,-25.41,-24.86,-25.15,64.39,71.6,3.265,3.855,69.41,72.8,283.7,1.576,2.627,4.273,14.66
17,128,2300,.661,.642,-.434,-30.63,-30.56,-30.53,-30.55,-30.58,-30.8,-31.12,-31.57,-31.85,-32.66,-27.33,-27.06,-26.79,-26.91,65.48,71,3.791,4.413,71,74.4,283.1,1.582,2.636,5.41,14.45
17,129,0,.141,.339,-.686,-30.73,-30.64,-30.6,-30.61,-30.65,-30.85,-31.17,-31.61,-31.99,-32.78,-27.87,-27.57,-27.48,-27.24,65.86,69.48,4.154,4.793,71.7,74.5,283.6,1.583,2.637,5.292,14.4
17,129,100,.115,.143,-.463,-30.79,-30.7,-30.66,-30.66,-30.7,-30.89,-31.2,-31.62,-32.06,-32.85,-29.27,-29,-28.93,-28.68,66.14,68.95,4.236,4.866,71,74.5,284,1.587,2.644,5.553,14.24
17,129,200,.043,.058,-.417,-30.86,-30.77,-30.71,-30.71,-30.76,-30.94,-31.24,-31.66,-32.17,-32.94,-28.96,-28.73,-28.71,-28.39,66.66,69,4.774,5.42,72.1,74.9,283.7,1.587,2.643,6.089,14.18
17,129,300,.031,.035,-.372,-30.91,-30.81,-30.75,-30.74,-30.79,-30.97,-31.27,-31.7,-32.26,-33,-28.5,-28.32,-28.22,-27.89,64.96,67.46,5.099,5.728,73.1,75.9,283.9,1.585,2.64,6.69,14.12
17,129,400,.057,.062,-.393,-30.93,-30.83,-30.76,-30.76,-30.82,-30.99,-31.3,-31.76,-32.31,-33.03,-26.87,-26.81,-26.66,-26.33,62.39,64.25,5.706,6.37,79,81.6,283.7,1.58,2.632,7.3,14.06
17,129,500,.124,.133,-.478,-30.91,-30.79,-30.73,-30.73,-30.78,-30.96,-31.28,-31.74,-32.29,-33.01,-25.83,-25.88,-25.41,-25.17,58.02,59.31,6.523,7.22,82.3,85.1,283.8,1.578,2.627,8.11,14.01
17,129,600,.331,.302,-.484,-30.86,-30.74,-30.68,-30.69,-30.73,-30.92,-31.23,-31.68,-32.24,-32.97,-25.47,-25.64,-25.05,-24.84,55.74,56.69,6.235,6.887,86.4,87.7,283.8,1.578,2.628,7.74,14.02
17,129,700,.728,.589,-.458,-30.82,-30.71,-30.65,-30.65,-30.69,-30.88,-31.19,-31.64,-32.2,-32.93,-25.06,-25.31,-24.65,-24.49,54.38,59.91,5.967,6.617,86.3,88.6,284,1.581,2.628,7.47,14.08
17,129,800,1.143,.941,-.518,-30.79,-30.67,-30.61,-30.62,-30.66,-30.85,-31.16,-31.62,-32.18,-32.91,-23.66,-24.03,-23.16,-23.07,51.76,56.22,5.719,6.502,92.5,94.9,284.4,1.568,2.62,7.48,14.24
17,129,900,1.573,1.325,-.485,-30.73,-30.61,-30.56,-30.57,-30.6,-30.79,-31.11,-31.57,-32.12,-32.85,-22.74,-23.02,-22.09,-22.08,51.15,55.41,5.695,6.335,90.8,92.7,284.9,1.567,2.615,7.15,14.53
17,129,1000,2.005,1.711,-.33,-30.69,-30.57,-30.52,-30.53,-30.56,-30.76,-31.07,-31.55,-32.08,-32.81,-20.82,-21.14,-20.13,-20.12,51.73,56.15,4.947,5.827,95.3,97.6,286.1,1.564,2.608,6.651,15.18
17,129,1100,2.47,2.137,-.16,-30.64,-30.51,-30.47,-30.48,-30.5,-30.71,-31.03,-31.51,-32.03,-32.76,-19.14,-19.46,-18.37,-18.4,53.87,57.45,4.709,5.664,98.3,99,287.3,1.558,2.599,6.697,14.33
17,129,1200,2.888,2.515,.029,-30.57,-30.45,-30.41,-30.43,-30.44,-30.66,-30.97,-31.46,-31.97,-32.7,-17.26,-17.23,-16.41,-16.38,53.75,52.83,4.317,5.662,99.4,102.1,286.9,1.554,2.593,6.644,14.22
17,129,1300,3.122,2.729,.21,-30.5,-30.38,-30.35,-30.37,-30.37,-30.6,-30.91,-31.39,-31.89,-32.64,-15.97,-15.85,-15.07,-15.2,59.06,58.77,4.043,5.481,99.6,102.2,286.8,1.551,2.597,6.664,14.15
17,129,1400,3.284,2.914,.295,-30.46,-30.34,-30.31,-30.34,-30.33,-30.56,-30.88,-31.35,-31.83,-32.6,-15.09,-14.88,-14.13,-14.27,57.63,56.74,4.545,5.855,96.3,100.5,286.8,1.55,3.31,7.1,14.08
17,129,1500,3.189,2.877,.341,-30.43,-30.31,-30.29,-30.32,-30.31,-30.55,-30.86,-31.33,-31.8,-32.57,-14.53,-14.26,-13.65,-13.73,58.87,56.68,4.376,5.84,103.8,107.7,287.1,1.551,2.592,7.39,14.03
17,129,1600,3.124,2.83,.455,-30.41,-30.29,-30.27,-30.31,-30.3,-30.55,-30.88,-31.38,-31.79,-32.55,-11.94,-11.77,-11.23,-11.37,82.3,83.1,4.859,6.95,109.5,111.7,286.2,1.544,2.579,9.88,13.99
17,129,1700,2.917,2.657,.367,-30.33,-30.21,-30.21,-30.25,-30.23,-30.49,-30.81,-31.31,-31.7,-32.47,-10.83,-10.67,-10.09,-10.25,82.3,83.1,4.091,6.244,103.6,107.3,285.5,1.535,2.565,9.8,13.95
17,129,1800,2.731,2.514,.145,-30.28,-30.17,-30.17,-30.21,-30.19,-30.45,-30.77,-31.23,-31.58,-32.39,-11.79,-11.54,-11.07,-11.13,71.6,70.8,4.548,6.341,100.5,104.6,285.9,1.539,2.569,8.54,13.9
17,129,1900,1.982,1.812,.248,-30.29,-30.19,-30.18,-30.22,-30.2,-30.46,-30.77,-31.22,-31.59,-32.4,-11.95,-11.83,-11.54,-11.56,75.5,74.7,3.825,5.777,104.3,109.4,285.9,1.539,2.57,7.91,13.87
17,129,2000,1.49,1.37,.152,-30.31,-30.2,-30.19,-30.23,-30.21,-30.47,-30.78,-31.23,-31.63,-32.43,-11.87,-11.75,-11.52,-11.53,70.5,69.45,4.402,5.992,95.9,101,285.7,1.528,2.569,7.17,14
17,129,2100,.938,.861,.097,-30.33,-30.22,-30.2,-30.24,-30.22,-30.47,-30.78,-31.22,-31.65,-32.46,-11.28,-11.19,-11.12,-11.1,80.7,80.6,5.174,6.381,94,98.4,285.9,1.536,2.566,7.66,14.04
17,129,2200,-6999,.537,.046,-30.34,-30.23,-30.21,-30.25,-30.23,-30.47,-30.78,-31.23,-31.67,-32.47,-10.76,-10.67,-10.63,-10.6,85.3,85.6,3.492,5.52,100.1,105,285.7,1.537,2.563,8.13,14.8
17,129,2300,.325,.3,-.016,-30.34,-30.23,-30.21,-30.24,-30.22,-30.47,-30.78,-31.21,-31.67,-32.47,-10.77,-10.67,-10.65,-10.58,85.7,86,3.757,5.575,98.9,103.9,285.5,1.539,2.562,7.31,14.47
17,130,0,-6999,.202,-.36,-30.34,-30.23,-30.21,-30.24,-30.22,-30.46,-30.76,-31.16,-31.62,-32.44,-13.05,-12.89,-12.82,-12.67,80.4,80.3,4.6,5.873,97.1,99.7,285.4,1.545,2.572,7.85,14.36
17,130,100,.124,.132,-.569,-30.4,-30.31,-30.29,-30.31,-30.3,-30.53,-30.81,-31.18,-31.6,-32.45,-17.75,-17.47,-17.52,-17.26,61.19,59.19,5.083,5.877,90.1,93.4,285.2,1.56,2.594,7.17,14.21
17,130,200,.064,.072,-.501,-30.53,-30.44,-30.4,-30.42,-30.42,-30.64,-30.93,-31.3,-31.75,-32.57,-20.64,-20.33,-20.42,-20.12,54.71,52.04,3.9,5.032,96.1,99.1,285.2,1.568,2.61,6.847,14.16
17,130,300,.046,.051,-.441,-30.64,-30.54,-30.5,-30.51,-30.53,-30.73,-31.03,-31.42,-31.93,-32.71,-21.51,-21.17,-21.33,-20.98,51.65,48.56,3.835,5.096,96.4,100.9,285,1.569,2.615,6.246,14.09
17,130,400,.068,.071,-.44,-30.69,-30.59,-30.54,-30.55,-30.57,-30.77,-31.07,-31.48,-32,-32.77,-22.9,-22.57,-22.59,-22.23,52.25,49.65,3.754,4.679,95.6,99.7,285.8,1.575,2.621,5.481,14.04
17,130,500,.149,.148,-.461,-30.73,-30.63,-30.57,-30.58,-30.61,-30.81,-31.11,-31.53,-32.07,-32.82,-23.32,-22.99,-23,-22.64,49.05,46.21,4.766,5.326,89.7,94.3,285.5,1.577,2.624,5.998,14.01
17,130,600,.351,.31,-.469,-30.75,-30.64,-30.59,-30.6,-30.63,-30.83,-31.13,-31.57,-32.12,-32.85,-23.12,-22.8,-22.69,-22.35,47.3,43.98,4.643,5.441,91.7,95.5,284.6,1.576,2.623,6.566,14.02
17,130,700,.717,.57,-.487,-30.74,-30.62,-30.57,-30.58,-30.62,-30.82,-31.13,-31.57,-32.13,-32.85,-22.45,-22.17,-21.97,-21.68,50.46,47.69,4.639,5.529,95.4,99.5,284.4,1.575,2.62,6.501,14.09
17,130,800,1.112,.912,-.546,-30.71,-30.59,-30.54,-30.55,-30.58,-30.79,-31.1,-31.55,-32.1,-32.83,-21.42,-21.19,-20.9,-20.65,53.57,51.27,4.165,5.351,97.5,101.4,284.2,1.572,2.616,6.416,14.22
17,130,900,1.604,1.341,-.517,-30.67,-30.55,-30.5,-30.52,-30.54,-30.75,-31.07,-31.53,-32.07,-32.79,-20.13,-19.91,-19.53,-19.34,56.33,54.34,3.657,5.076,100.9,104.1,284.2,1.569,2.61,6.141,14.51
17,130,1000,2.128,1.811,-.311,-30.62,-30.5,-30.45,-30.47,-30.49,-30.7,-31.02,-31.49,-32.02,-32.74,-18.93,-18.74,-18.21,-18.13,59.21,57.63,3.478,4.411,102.9,106.3,283.8,1.565,2.604,6.187,15.29
17,130,1100,2.398,2.087,-.072,-30.56,-30.44,-30.41,-30.43,-30.44,-30.66,-30.98,-31.46,-31.96,-32.69,-17.43,-17.25,-16.7,-16.66,58.31,56.38,4.035,4.969,102.2,106.3,284.6,1.561,2.597,6.416,14.32
17,130,1200,2.742,2.402,.068,-30.52,-30.4,-30.37,-30.39,-30.4,-30.62,-30.94,-31.42,-31.92,-32.65,-16.06,-15.87,-15.22,-15.18,62.16,60.55,3.881,4.711,107.4,110.6,284.4,1.557,2.591,6.664,14.21
17,130,1300,3.134,2.756,.227,-30.47,-30.34,-30.32,-30.35,-30.34,-30.57,-30.89,-31.36,-31.85,-32.59,-15.34,-15.15,-14.37,-14.45,66.19,65.33,4.097,4.881,111.3,113.4,284.2,1.555,2.588,6.821,14.14
17,130,1400,3.257,2.899,.294,-30.43,-30.31,-30.29,-30.32,-30.31,-30.55,-30.86,-31.31,-31.8,-32.56,-14.79,-14.61,-13.9,-13.97,67.87,67.12,4.237,5.069,109.2,112.3,284.2,1.554,2.586,6.971,14.08
17,130,1500,-6999,2.998,.424,-30.42,-30.3,-30.28,-30.31,-30.3,-30.54,-30.86,-31.32,-31.79,-32.55,-14.2,-13.99,-13.22,-13.32,69.28,68.84,5.937,6.613,118.8,122.8,284,1.553,2.585,7.68,14.03
17,130,1600,-6999,2.946,.455,-30.39,-30.27,-30.25,-30.29,-30.27,-30.52,-30.84,-31.31,-31.76,-32.52,-13.45,-13.22,-12.47,-12.59,72.3,72.4,6.284,6.867,123.1,126.2,283.7,1.55,2.582,7.88,13.98
17,130,1700,3.067,2.786,.431,-30.36,-30.25,-30.23,-30.27,-30.26,-30.51,-30.83,-31.29,-31.69,-32.47,-13.04,-12.86,-12.17,-12.31,71.7,72,6.853,7.36,125.7,130.3,283.3,1.55,2.581,8.41,13.93
17,130,1800,2.771,2.539,.322,-30.34,-30.24,-30.23,-30.28,-30.27,-30.52,-30.84,-31.31,-31.64,-32.42,-13.12,-12.85,-12.21,-12.27,70.4,70.1,6.027,6.594,123.1,127.6,283,1.55,2.581,8.53,13.89
17,130,1900,2.36,2.174,.159,-30.34,-30.24,-30.23,-30.28,-30.27,-30.53,-30.85,-31.32,-31.6,-32.39,-13.67,-13.38,-12.81,-12.83,67.96,67.54,5.802,6.313,123.8,129.2,282.9,1.552,2.584,7.38,13.86
17,130,2000,1.965,1.82,-.038,-30.35,-30.26,-30.25,-30.3,-30.3,-30.56,-30.88,-31.35,-31.6,-32.39,-13.95,-13.69,-13.22,-13.27,76.6,77.5,5.351,5.955,119.8,123.7,282.9,1.552,2.586,6.984,13.84
17,130,2100,1.099,1.016,.085,-30.36,-30.26,-30.25,-30.29,-30.28,-30.53,-30.84,-31.29,-31.65,-32.45,-13.64,-13.59,-13.33,-13.25,83.3,84.2,5.564,5.94,140.4,144.2,282.9,1.551,2.584,8,14.34
17,130,2200,.76,.704,-.028,-30.39,-30.28,-30.26,-30.3,-30.29,-30.53,-30.84,-31.29,-31.73,-32.5,-12.8,-12.82,-12.56,-12.48,86.1,87,6.073,6.465,146.7,152.2,282.9,1.547,2.579,9.49,14.96
17,130,2300,.707,.65,-.462,-30.37,-30.28,-30.27,-30.31,-30.31,-30.57,-30.88,-31.33,-31.64,-32.44,-16,-15.86,-15.4,-15.11,82.4,84.1,3.798,4.198,146.2,150.6,282.9,1.556,2.594,4.965,14.58
17,131,0,.364,.375,-.435,-30.43,-30.34,-30.32,-30.35,-30.35,-30.58,-30.89,-31.3,-31.7,-32.51,-18.28,-18.03,-17.91,-17.63,84.2,85.9,3.022,3.426,142.9,147.4,282.7,1.562,2.604,4.018,14.45
17,131,100,.16,.165,-.478,-30.52,-30.43,-30.4,-30.42,-30.42,-30.65,-30.94,-31.33,-31.79,-32.58,-20.78,-20.25,-20.3,-19.73,83.1,84.8,2.497,2.999,137.3,142.5,282.2,1.57,2.616,3.508,14.29
17,131,200,.066,.064,-.437,-30.61,-30.52,-30.48,-30.49,-30.5,-30.71,-30.99,-31.36,-31.87,-32.66,-23.05,-22.44,-22.84,-22.26,83.5,84.8,2.86,3.395,128.3,133.8,282.5,1.577,2.628,4.149,14.22
17,131,300,.052,.053,-.36,-30.72,-30.62,-30.57,-30.58,-30.61,-30.8,-31.1,-31.49,-32.02,-32.78,-24.29,-23.27,-23.98,-23.01,81,83,2.04,2.752,129,135.7,281.8,1.581,2.634,3.75,14.14
17,131,400,.08,.072,-.375,-30.79,-30.69,-30.64,-30.64,-30.68,-30.87,-31.17,-31.59,-32.13,-32.86,-24.55,-23.44,-24.28,-23.07,81.2,82.7,2.44,3.223,123.4,129.3,282.9,1.583,2.636,3.587,14.09
17,131,500,.192,.161,-.366,-30.82,-30.71,-30.65,-30.66,-30.7,-30.89,-31.19,-31.62,-32.19,-32.91,-25.34,-24.45,-24.78,-23.87,79.5,80.8,2.223,2.781,130.2,135.1,281.3,1.585,2.64,3.58,14.05
17,131,600,.283,.246,-.189,-30.82,-30.71,-30.65,-30.66,-30.7,-30.89,-31.2,-31.64,-32.2,-32.91,-24.78,-23.86,-24.3,-23.34,80,81.3,2.037,2.594,125.6,131.1,281.3,1.583,2.638,3.143,14.08
17,131,700,.675,.528,-.336,-30.82,-30.7,-30.65,-30.66,-30.7,-30.89,-31.21,-31.68,-32.22,-32.92,-23.89,-23.19,-23.08,-22.5,79.6,81,2.163,2.849,118.9,124.2,281.1,1.582,2.633,3.482,14.13
17,131,800,.911,.777,-.132,-30.76,-30.64,-30.59,-30.6,-30.64,-30.84,-31.16,-31.62,-32.16,-32.86,-23.58,-23.15,-22.75,-22.5,79.1,80.8,1.525,1.892,90.2,97.7,280.8,1.582,2.634,2.424,14.27
17,131,900,1.11,1.007,.205,-30.71,-30.59,-30.54,-30.57,-30.61,-30.81,-31.14,-31.64,-32.13,-32.82,-19.73,-19.3,-18.91,-18.72,82,84.3,1.784,2.249,119.5,125.2,280.7,1.568,2.615,3.293,15.09
17,131,1000,1.424,1.306,.295,-30.62,-30.49,-30.45,-30.49,-30.51,-30.73,-31.07,-31.59,-32.04,-32.73,-16.48,-16.14,-15.27,-15.24,83.1,85.6,1.431,1.66,128.4,131.7,281.6,1.558,2.599,3.508,14.36
17,131,1100,1.702,1.565,.262,-30.47,-30.35,-30.33,-30.37,-30.37,-30.61,-30.94,-31.42,-31.85,-32.58,-16.18,-15.84,-14.9,-15.04,81.1,84.3,1.492,1.877,106.2,110.5,281,1.558,2.597,3.129,14.24
17,131,1200,2.08,1.915,.263,-30.43,-30.31,-30.29,-30.33,-30.33,-30.58,-30.9,-31.37,-31.8,-32.54,-14.96,-14.47,-13.58,-13.65,80.5,84,1.627,2.085,108.8,112,281.3,1.554,2.593,2.927,14.15
17,131,1300,2.54,2.303,.427,-30.41,-30.28,-30.26,-30.31,-30.31,-30.56,-30.89,-31.39,-31.8,-32.53,-12.16,-11.73,-10.39,-10.46,77.5,81.4,2.204,2.533,123.4,127.5,281.9,1.547,2.583,4.809,14.09
17,131,1400,-6999,2.581,.555,-30.31,-30.18,-30.16,-30.21,-30.19,-30.45,-30.76,-31.22,-31.68,-32.44,-12.03,-11.9,-10.53,-10.44,77.5,79.3,4.551,4.89,132.6,137.3,281.8,1.546,2.58,6.181,14.04
17,131,1500,-6999,2.792,.655,-30.28,-30.15,-30.14,-30.19,-30.16,-30.42,-30.74,-31.19,-31.66,-32.43,-11.75,-11.81,-10.61,-10.41,78.3,79.4,4.379,4.691,140.5,144.7,280.4,1.539,2.577,5.782,13.99
17,131,1600,3.053,2.787,.827,-30.26,-30.13,-30.12,-30.17,-30.14,-30.41,-30.73,-31.19,-31.64,-32.41,-11.22,-11.52,-10.47,-10.5,78.5,79.8,4.29,4.605,160.4,163.9,279.9,1.536,2.572,5.743,13.95
17,131,1700,-6999,2.402,.629,-30.23,-30.11,-30.1,-30.15,-30.12,-30.39,-30.7,-31.14,-31.59,-32.37,-11.25,-11.58,-10.68,-10.58,78.9,79.9,4.264,4.56,155.4,159.3,279.4,1.535,2.571,5.462,13.91
17,131,1800,-6999,2.316,.478,-30.24,-30.12,-30.12,-30.17,-30.14,-30.42,-30.73,-31.18,-31.56,-32.35,-11.58,-11.84,-10.83,-10.66,76.1,77.4,3.408,3.727,159.6,162.5,278.4,1.534,2.569,5.246,13.87
17,131,1900,2.382,2.224,.22,-30.23,-30.13,-30.14,-30.2,-30.18,-30.46,-30.78,-31.25,-31.5,-32.3,-14.63,-14.21,-12.71,-12.71,71.9,75.4,1.93,2.357,135.6,141.2,278.1,1.544,2.585,3.182,13.83
17,131,2000,1.806,1.654,.029,-30.26,-30.16,-30.17,-30.23,-30.21,-30.49,-30.81,-31.27,-31.52,-32.33,-15.13,-14.51,-13.46,-13.47,74.4,77.6,1.598,2.066,125.2,131,278.1,1.545,2.586,2.43,13.79
17,131,2100,1.573,1.48,.017,-30.3,-30.2,-30.2,-30.26,-30.25,-30.52,-30.85,-31.33,-31.59,-32.38,-14.35,-14.26,-13.24,-12.82,74.1,77.8,1.529,1.996,153.3,158.3,278.1,1.544,2.584,3.463,13.84
17,131,2200,1.11,1.045,-.144,-30.3,-30.22,-30.23,-30.29,-30.29,-30.56,-30.89,-31.36,-31.51,-32.33,-16.93,-16,-16.1,-14.8,78.5,83.1,1.346,1.936,171.9,181.4,278,1.554,2.596,2.757,14.51
17,131,2300,.715,.675,-.099,-30.39,-30.3,-30.28,-30.33,-30.33,-30.58,-30.89,-31.32,-31.65,-32.45,-16.83,-16.86,-16.23,-15.93,80.9,83.7,.56,.771,227.2,220.5,277.9,1.553,2.595,1.522,14.51
17,132,0,.543,.404,-.096,-30.44,-30.34,-30.32,-30.35,-30.35,-30.59,-30.89,-31.32,-31.76,-32.53,-16.79,-16.94,-16.02,-16.32,81.6,85,.961,1.191,320.4,325.9,277.3,1.554,2.6,1.797,14.57
17,132,100,.184,.173,-.161,-30.48,-30.38,-30.35,-30.37,-30.37,-30.59,-30.88,-31.26,-31.75,-32.54,-18.95,-18.19,-18.62,-17.93,84,85.9,1.56,2.009,166.6,63.64,277.1,1.563,2.601,2.489,14.3
17,132,200,.057,.053,-.18,-30.56,-30.46,-30.43,-30.45,-30.46,-30.67,-30.97,-31.36,-31.87,-32.63,-19.72,-19.31,-19.46,-19.12,84.3,85.7,1.603,2.029,22.5,30.04,277.5,1.569,2.609,3.031,14.23
17,132,300,.041,.037,-.275,-30.62,-30.53,-30.5,-30.5,-30.52,-30.71,-30.99,-31.33,-31.87,-32.65,-24.1,-22.15,-23.68,-21.83,80.8,83.2,1.922,2.679,42.42,45.91,278.7,1.585,2.63,3.561,14.15
17,132,400,.05,.048,-.324,-30.76,-30.68,-30.63,-30.63,-30.67,-30.85,-31.14,-31.5,-32.04,-32.8,-26.92,-25.74,-26.71,-25.48,80.1,80.9,2.392,3.069,60.53,65.66,281.9,1.594,2.652,3.58,14.08
17,132,500,.129,.111,-.356,-30.87,-30.77,-30.72,-30.72,-30.77,-30.95,-31.25,-31.65,-32.2,-32.92,-28.63,-27.2,-28.1,-26.71,76.6,78.5,2.061,2.777,59.66,66.8,284.6,1.598,1.992,3.221,14.04
17,132,600,.414,.337,-.389,-30.94,-30.83,-30.77,-30.77,-30.83,-31.01,-31.32,-31.76,-32.32,-33.01,-28.42,-27.68,-27.96,-27.25,77.1,78.2,2.306,2.776,53.81,61.27,276.9,1.597,1.553,3.371,14.05
17,132,700,.515,.465,-.019,-30.93,-30.81,-30.75,-30.77,-30.83,-31.02,-31.35,-31.87,-32.35,-33,-22.44,-22.33,-22.03,-22,82.6,83.4,3.115,3.235,58.3,64.05,276.3,1.568,2.607,4.763,14.13
17,132,800,.656,.58,-.229,-30.78,-30.66,-30.62,-30.64,-30.68,-30.88,-31.21,-31.7,-32.19,-32.86,-21.49,-21.17,-20.95,-20.77,82.3,83.7,2.449,2.824,73.6,79.5,276.5,1.558,2.613,3.43,14.32
17,132,900,1.185,1.021,-.414,-30.71,-30.59,-30.55,-30.57,-30.6,-30.81,-31.14,-31.62,-32.11,-32.8,-19.52,-19.12,-18.89,-18.59,83.2,84.9,2.36,3.202,109.3,112.8,276.2,1.55,2.608,5.155,14.62
17,132,1000,2.146,1.838,-.44,-30.63,-30.51,-30.46,-30.49,-30.51,-30.72,-31.03,-31.5,-32.03,-32.73,-20.13,-19.73,-19.08,-18.95,80,82.8,2.162,2.9,107.3,110.5,277.4,1.551,2.617,3.927,14.38
17,132,1100,2.275,1.98,-.21,-30.58,-30.46,-30.42,-30.45,-30.46,-30.68,-30.99,-31.45,-31.97,-32.68,-18.95,-18.54,-17.89,-17.83,80.6,83.8,2.242,2.938,109.3,112.9,276.9,1.548,2.611,4.018,14.25
17,132,1200,2.46,2.208,.087,-30.54,-30.43,-30.4,-30.43,-30.44,-30.67,-30.99,-31.47,-31.93,-32.64,-17.2,-16.94,-16.22,-16.34,81.3,84.8,2.958,3.618,112.6,116.4,277.8,1.541,2.596,4.743,14.16
17,132,1300,3.129,2.817,.256,-30.48,-30.36,-30.33,-30.37,-30.37,-30.61,-30.93,-31.42,-31.9,-32.6,-15.82,-15.55,-14.34,-14.67,78.8,84,3.686,3.999,122.7,126.6,284.4,1.536,2.586,4.835,14.11
17,132,1400,3.383,3.054,.452,-30.4,-30.27,-30.25,-30.29,-30.27,-30.52,-30.83,-31.28,-31.79,-32.52,-15.46,-15.49,-14.06,-14.24,78.5,81.8,4.438,4.722,136.8,141.7,278.6,1.536,3.603,6.207,14.05
17,132,1500,3.152,2.885,.625,-30.37,-30.25,-30.23,-30.26,-30.25,-30.49,-30.8,-31.23,-31.74,-32.49,-15.98,-16.29,-15.07,-15.11,79,80.1,5.095,5.421,149.3,153.8,276.5,1.537,2.605,6.357,14
17,132,1600,2.94,2.679,.666,-30.37,-30.26,-30.24,-30.28,-30.26,-30.51,-30.81,-31.24,-31.73,-32.49,-16.65,-16.96,-16.05,-16.09,79.2,79.3,4.791,5.127,164.2,168.1,276.4,1.537,2.59,6.069,13.95
17,132,1700,2.943,2.716,.77,-30.39,-30.28,-30.26,-30.3,-30.3,-30.55,-30.86,-31.31,-31.73,-32.48,-16.49,-16.74,-15.95,-16.1,79.5,79.8,5.165,5.546,182.9,187,276.4,1.539,2.588,6.873,13.91
17,132,1800,2.866,2.667,.645,-30.38,-30.29,-30.28,-30.32,-30.32,-30.57,-30.89,-31.35,-31.71,-32.46,-16.93,-17.12,-16.32,-16.44,78.1,79,4.436,4.771,200.4,206,276.1,1.54,2.59,5.952,13.88
17,132,1900,2.491,2.33,.427,-30.4,-30.3,-30.3,-30.34,-30.35,-30.6,-30.93,-31.4,-31.7,-32.46,-17.67,-17.84,-17.03,-17.07,76.9,78.6,3.654,3.978,207.6,211.7,275.4,1.545,2.601,5.272,13.84
17,132,2000,1.926,1.807,.122,-30.4,-30.32,-30.32,-30.36,-30.37,-30.63,-30.96,-31.44,-31.69,-32.45,-19.24,-19.34,-18.45,-18.41,74.7,77.6,2.241,2.624,200.6,204.3,275.5,1.55,2.61,3.502,13.81
17,132,2100,1.54,1.456,-.053,-30.42,-30.34,-30.34,-30.38,-30.4,-30.65,-30.97,-31.43,-31.68,-32.46,-21.01,-20.91,-20.25,-19.94,73.8,77,1.913,2.388,198.6,202.1,275,1.556,2.619,2.607,13.91
17,132,2200,.904,.852,-.233,-30.48,-30.4,-30.39,-30.42,-30.44,-30.68,-30.99,-31.41,-31.71,-32.5,-23.08,-22.77,-22.61,-22.16,77.3,79.7,2.199,2.711,197.2,201.3,276,1.561,2.626,3.312,14.68
17,132,2300,.746,.696,-.324,-30.6,-30.52,-30.5,-30.53,-30.56,-30.79,-31.12,-31.56,-31.85,-32.61,-24.44,-23.98,-23.95,-23.28,76.5,78.7,1.768,2.258,208.4,210.6,277.3,1.566,2.635,2.953,14.43
17,133,0,.281,.266,-.183,-30.66,-30.57,-30.54,-30.55,-30.59,-30.8,-31.1,-31.5,-31.94,-32.7,-25.21,-24.92,-25.09,-24.77,80.2,81.4,2.83,3.268,213.5,215.8,277.8,1.567,2.632,4.658,14.39
17,133,100,.09,.086,-.376,-30.75,-30.65,-30.61,-30.62,-30.65,-30.84,-31.14,-31.52,-32.04,-32.77,-26.93,-26.63,-26.51,-26.16,77.1,78.1,2.969,3.41,205.2,209,274.1,1.57,3.257,4.515,14.23
17,133,200,.079,.08,-.516,-30.84,-30.76,-30.71,-30.71,-30.76,-30.94,-31.23,-31.61,-32.14,-32.87,-29.21,-28.57,-28.96,-28.25,75.7,76.8,2.997,3.576,207.3,212.2,275.1,1.58,2.651,4.567,14.16
17,133,300,.062,.063,-.423,-30.93,-30.84,-30.79,-30.78,-30.84,-31.01,-31.31,-31.7,-32.25,-32.96,-31.3,-30.59,-30.97,-30.19,73.2,74.5,2.384,2.968,200.1,205.1,272.6,1.585,2.662,3.574,14.11
17,133,400,.091,.084,-.235,-31.03,-30.94,-30.88,-30.87,-30.94,-31.11,-31.41,-31.82,-32.36,-33.05,-31.28,-30.3,-31.04,-29.95,73.9,75.3,1.994,2.545,174.4,181.7,271.4,1.585,2.662,2.862,14.07
17,133,500,.116,.106,-.24,-31.06,-30.96,-30.9,-30.9,-30.98,-31.14,-31.47,-31.95,-32.47,-33.11,-28.47,-28.15,-28.03,-27.69,76.3,77.1,2.532,2.984,205.3,208.4,272.1,1.576,2.65,3.352,14.04
17,133,600,.369,.313,-.403,-30.98,-30.88,-30.82,-30.82,-30.88,-31.06,-31.36,-31.79,-32.37,-33.04,-31.36,-30.86,-30.82,-30.03,73.3,73.4,2.225,2.776,212.7,216.4,272.2,1.587,2.664,3.358,14.03
17,133,700,.798,.644,-.346,-31,-30.89,-30.82,-30.82,-30.89,-31.06,-31.38,-31.82,-32.42,-33.07,-31.26,-31,-30.71,-29.84,73.9,72.9,1.963,2.448,218.6,222.1,272,1.588,2.665,3.025,14.16
17,133,800,1.09,.889,-.259,-30.96,-30.84,-30.77,-30.78,-30.85,-31.03,-31.34,-31.8,-32.39,-33.03,-29.14,-29.2,-28.47,-27.72,75.7,74.5,1.825,2.222,221.7,224.7,272.2,1.581,2.651,3.123,14.48
17,133,900,1.592,1.315,-.189,-30.88,-30.75,-30.69,-30.7,-30.75,-30.94,-31.25,-31.69,-32.29,-32.95,-29.18,-29.42,-28.48,-27.88,74.3,72.8,3.332,3.559,202.5,206.8,272.8,1.581,2.651,4.9,14.73
17,133,1000,2.157,1.822,-.187,-30.85,-30.72,-30.67,-30.68,-30.73,-30.91,-31.23,-31.68,-32.26,-32.92,-27.53,-27.9,-26.83,-26.21,75.2,74,3.64,3.928,208.8,213.3,272.9,1.576,2.643,4.782,14.64
17,133,1100,2.592,2.223,.074,-30.8,-30.68,-30.63,-30.64,-30.68,-30.87,-31.18,-31.63,-32.21,-32.88,-26.39,-26.77,-25.49,-24.74,74.9,73.8,2.781,3.021,191,194.8,272.6,1.572,2.635,3.855,14.29
17,133,1200,2.984,2.609,.402,-30.76,-30.64,-30.59,-30.6,-30.64,-30.84,-31.15,-31.63,-32.19,-32.84,-24.57,-24.91,-23.61,-22.7,75.9,74.7,2.603,2.774,196.1,199.9,273.1,1.567,2.627,4.371,14.2
17,133,1300,3.16,2.818,.603,-30.69,-30.57,-30.52,-30.54,-30.57,-30.77,-31.09,-31.56,-32.12,-32.78,-22.83,-23.35,-21.99,-21.12,76.9,75.4,3.374,3.545,229.8,234.6,275,1.562,2.619,4.279,14.12
17,133,1400,3.338,3.006,.582,-30.62,-30.5,-30.47,-30.49,-30.5,-30.72,-31.03,-31.49,-32.03,-32.71,-21.41,-21.42,-20.07,-19.37,77.1,75.5,3.324,3.523,252.3,256.8,276.3,1.556,2.607,4.221,14.06
17,133,1500,3.402,3.096,.638,-30.57,-30.46,-30.43,-30.45,-30.47,-30.69,-31.01,-31.48,-31.98,-32.67,-20.66,-20.49,-19.15,-18.71,76.6,75.9,3.454,3.656,259.4,263.1,276.6,1.554,2.603,4.763,14.02
17,133,1600,3.368,3.076,.503,-30.53,-30.42,-30.4,-30.42,-30.43,-30.66,-30.98,-31.44,-31.92,-32.62,-20.65,-20.62,-19.11,-19.17,75.6,77.5,3.004,3.163,274.2,277.2,276.7,1.553,2.603,4.025,13.97
17,133,1700,3.181,2.924,.322,-30.5,-30.41,-30.39,-30.42,-30.43,-30.67,-30.98,-31.45,-31.87,-32.58,-20.55,-20.66,-19,-19.31,74.3,77,2.695,2.849,280.3,283.6,280.2,1.553,2.603,3.299,13.93
17,133,1800,2.887,2.676,.392,-30.49,-30.4,-30.39,-30.42,-30.44,-30.68,-31.01,-31.49,-31.84,-32.55,-20.55,-20.48,-18.75,-18.79,73.2,76.1,2.108,2.285,268.8,271.5,279.5,1.554,2.604,3.038,13.89
17,133,1900,2.516,2.341,.335,-30.46,-30.36,-30.36,-30.4,-30.42,-30.67,-31,-31.51,-31.8,-32.52,-20.12,-20.52,-18.79,-18.11,70.7,70,1.182,1.495,246.5,245,279.5,1.557,2.608,1.81,13.85
17,133,2000,2.088,1.95,.097,-30.41,-30.33,-30.34,-30.38,-30.4,-30.66,-31,-31.49,-31.69,-32.44,-21.84,-21.91,-19.67,-19.95,67.21,70.9,1.067,1.524,261.9,261.5,279.8,1.563,2.616,1.96,14.98
17,133,2100,1.547,1.462,-.108,-30.42,-30.35,-30.34,-30.39,-30.4,-30.65,-30.98,-31.43,-31.65,-32.42,-23.66,-23.34,-22.1,-21.68,69.2,72.2,1.202,1.736,257.2,262,279.2,1.568,2.624,2.078,14.15
17,133,2200,1.016,.961,-.25,-30.51,-30.44,-30.42,-30.45,-30.48,-30.71,-31.02,-31.42,-31.72,-32.5,-25.97,-25.05,-25.28,-24.1,74.1,75.5,1.352,1.973,241.9,246.5,278.9,1.574,2.632,2.555,15.34
17,133,2300,.652,.618,-.326,-30.65,-30.57,-30.55,-30.58,-30.62,-30.84,-31.16,-31.57,-31.85,-32.61,-29.1,-27.9,-28.42,-26.89,74.2,74.4,1.212,1.949,242.9,243.5,275.8,1.584,2.648,2.548,14.76
17,134,0,.226,.213,-.024,-30.79,-30.71,-30.67,-30.67,-30.72,-30.91,-31.2,-31.57,-32.07,-32.8,-29.59,-29.14,-29.43,-28.77,76.1,76.6,.977,1.315,248.6,249.9,276.2,1.583,2.648,2.058,14.41
17,134,100,.093,.087,.001,-30.9,-30.8,-30.75,-30.75,-30.81,-31,-31.31,-31.74,-32.26,-32.93,-28.31,-28.35,-28.03,-27.98,76.6,77,1.293,1.351,216.4,214.8,276.9,1.577,2.639,2.261,14.26
17,134,200,.045,.042,-.02,-30.9,-30.8,-30.75,-30.76,-30.82,-31.01,-31.32,-31.76,-32.28,-32.95,-27.88,-27.89,-27.62,-27.59,77,77.5,.882,.943,266.9,264.3,275.5,1.575,2.637,1.666,14.19
17,134,300,.036,.034,-.061,-30.9,-30.8,-30.75,-30.76,-30.82,-31,-31.32,-31.76,-32.28,-32.95,-27.65,-27.62,-27.35,-27.3,77.1,77.8,.789,.875,258.9,258.4,275.3,1.575,2.635,1.673,14.11
17,134,400,.056,.052,-.071,-30.9,-30.8,-30.75,-30.76,-30.82,-31.01,-31.32,-31.77,-32.29,-32.95,-26.67,-26.6,-26.43,-26.36,78.5,79.1,1.656,1.703,284.7,287.1,275,1.572,2.631,2.639,14.06
17,134,500,.12,.106,-.111,-30.89,-30.79,-30.74,-30.74,-30.8,-30.99,-31.3,-31.74,-32.27,-32.93,-27.2,-27.16,-26.75,-26.65,77.2,77.8,1.661,1.878,293.5,295.6,275.2,1.574,2.634,3.214,14.01
17,134,600,.34,.278,-.367,-30.89,-30.79,-30.74,-30.74,-30.8,-30.98,-31.28,-31.68,-32.25,-32.93,-29.55,-29.5,-28.84,-28.65,74.9,75.2,.714,1.072,311.3,314.7,275.2,1.585,2.651,2.136,14.02
17,134,700,.716,.573,-.381,-30.94,-30.82,-30.76,-30.77,-30.82,-31,-31.31,-31.72,-32.33,-32.99,-31.92,-31.48,-31.06,-29.62,71.3,70.9,.534,.619,225.7,211,275.7,1.598,2.668,1.62,14.08
17,134,800,1.097,.914,-.35,-30.94,-30.83,-30.76,-30.77,-30.84,-31.01,-31.33,-31.77,-32.35,-33,-31.42,-29.43,-30.17,-27.66,72.4,72.6,.398,.293,110.5,120.7,275.9,1.599,2.671,.96,14.21
17,134,900,1.555,1.353,-.075,-30.89,-30.76,-30.7,-30.72,-30.77,-30.95,-31.26,-31.7,-32.31,-32.96,-31.9,-33.08,-31.21,-30.24,70.3,63.76,1.477,1.502,172.6,171.8,276.8,1.597,2.671,2.672,14.57
17,134,1000,1.993,1.786,-.083,-30.84,-30.72,-30.67,-30.67,-30.72,-30.91,-31.21,-31.62,-32.23,-32.9,-30.61,-31.7,-30.32,-29.78,72.5,67.16,2.458,2.173,169.7,173.9,276.7,1.591,2.661,3.012,15.23
17,134,1100,2.477,2.259,-.045,-30.85,-30.73,-30.68,-30.69,-30.74,-30.92,-31.24,-31.69,-32.26,-32.91,-27.88,-29.21,-27.55,-26.73,74.1,66.94,2.199,2.13,182.6,186.7,276.7,1.584,2.65,2.947,14.3
17,134,1200,2.998,2.629,.297,-30.83,-30.7,-30.65,-30.67,-30.71,-30.9,-31.22,-31.73,-32.28,-32.89,-23.16,-25.4,-23.4,-21.39,76.7,67.05,1.014,1.04,215.8,207.7,276.7,1.578,2.639,2.261,14.2
17,134,1300,3.279,2.905,.52,-30.69,-30.56,-30.52,-30.54,-30.56,-30.77,-31.09,-31.59,-32.13,-32.76,-18.37,-21.55,-18.95,-16.51,76.6,65.49,.903,1.031,224.7,201.9,278.8,1.573,2.632,2.241,14.13
17,134,1400,3.44,3.086,.565,-30.58,-30.46,-30.43,-30.45,-30.46,-30.68,-30.98,-31.4,-31.97,-32.66,-21.14,-23.33,-21.38,-19.97,73.3,66.31,1.731,1.823,219.5,220.3,276.9,1.571,2.626,3.045,14.07
17,134,1500,3.495,3.167,.582,-30.59,-30.46,-30.43,-30.46,-30.48,-30.7,-31.02,-31.51,-32.02,-32.67,-17.56,-18.51,-16.8,-15.24,68.48,69.79,.81,.855,255.8,248.1,276.7,1.567,2.621,1.405,14.02
17,134,1600,3.424,3.11,.626,-30.49,-30.37,-30.35,-30.38,-30.38,-30.62,-30.94,-31.43,-31.92,-32.58,-17.35,-17.92,-17.03,-14.48,68.28,67.97,.964,1.02,249.9,245.4,275.8,1.565,2.617,1.62,13.98
17,134,1700,3.237,2.955,.613,-30.42,-30.31,-30.31,-30.34,-30.34,-30.59,-30.91,-31.38,-31.81,-32.51,-17.82,-18.53,-17.32,-15.61,68.01,66.86,.965,1.074,232.2,227.7,276,1.563,2.614,1.581,13.93
17,134,1800,2.939,2.701,.579,-30.39,-30.29,-30.29,-30.34,-30.34,-30.6,-30.92,-31.4,-31.71,-32.43,-19.65,-20.09,-19,-17.54,67.27,64.59,1.229,1.46,203.7,201.2,275.6,1.564,2.616,2.221,13.9
17,134,1900,2.572,2.376,.423,-30.39,-30.31,-30.31,-30.36,-30.37,-30.62,-30.94,-31.38,-31.64,-32.4,-21.74,-22.1,-21.35,-20.29,69.16,67.48,1.724,2.051,201.8,203.3,275.4,1.567,2.621,2.816,13.86
17,134,2000,2.138,1.988,.219,-30.46,-30.38,-30.39,-30.44,-30.46,-30.73,-31.07,-31.57,-31.72,-32.45,-21.57,-22.45,-20.82,-20.59,63.95,66.54,.844,1.271,195.2,202.8,275.3,1.572,2.627,1.62,13.82
17,134,2100,1.63,1.532,-.121,-30.45,-30.38,-30.38,-30.43,-30.45,-30.71,-31.04,-31.51,-31.68,-32.43,-21.82,-21.77,-21.27,-19.81,64.23,66.89,.767,.731,169.5,194.2,275.4,1.575,2.63,1.026,13.83
17,134,2200,1.226,1.154,-.326,-30.52,-30.46,-30.46,-30.5,-30.54,-30.8,-31.13,-31.6,-31.71,-32.46,-19.71,-17.75,-19.15,-15.78,62.65,69.61,.274,.136,156.4,188.1,274.7,1.577,2.631,1.006,15.02
17,134,2300,.831,.779,-.335,-30.6,-30.54,-30.53,-30.57,-30.62,-30.85,-31.18,-31.6,-31.77,-32.53,-28.48,-26.45,-27.63,-24.58,63.46,68.55,1.512,1.86,168.9,185.1,274.8,1.591,2.653,3.619,14.63
17,135,0,.353,.412,-.546,-30.76,-30.69,-30.66,-30.67,-30.73,-30.94,-31.25,-31.63,-31.96,-32.7,-32.48,-30.23,-32.1,-29.26,67.67,71,1.574,2.235,160.2,176.4,276,1.601,2.668,3.273,14.42
17,135,100,.156,.194,-.452,-30.93,-30.86,-30.81,-30.81,-30.88,-31.06,-31.34,-31.7,-32.15,-32.87,-36.53,-34.3,-35.84,-33.45,65.74,67.34,1.637,2.292,143.2,153.3,273.8,1.611,2.687,2.685,14.27
17,135,200,.059,.071,-.337,-31.1,-31.04,-30.98,-30.96,-31.04,-31.19,-31.47,-31.82,-32.36,-33.06,-39.11,-33.55,-38.35,-33.03,63.66,71.8,1.214,1.769,112.4,138.2,272.6,1.618,2.691,2.613,14.23
17,135,300,.049,.062,-.301,-31.27,-31.2,-31.13,-31.1,-31.2,-31.35,-31.64,-32.02,-32.6,-33.24,-39.94,-35.05,-39.24,-34.35,64.12,69.88,1.891,2.403,135.5,148.3,273,1.621,2.699,2.868,14.15
17,135,400,.069,.092,-.287,-31.35,-31.27,-31.19,-31.17,-31.28,-31.42,-31.73,-32.14,-32.73,-33.35,-40.26,-36.07,-39.27,-35.21,63.24,67.91,1.782,2.139,132.8,148.3,272.6,1.622,2.702,2.411,14.11
17,135,500,.132,.185,-.355,-31.38,-31.3,-31.21,-31.19,-31.31,-31.44,-31.75,-32.18,-32.79,-33.39,-40.48,-37.48,-39.36,-36.43,62.76,65.66,1.879,2.206,136,147.6,271.9,1.623,2.705,2.568,14.08
17,135,600,.318,.381,-.48,-31.38,-31.29,-31.21,-31.19,-31.31,-31.44,-31.77,-32.23,-32.83,-33.41,-39.17,-36.91,-37.97,-35.56,63.11,64.26,1.906,2.151,143.6,152.3,273.3,1.62,2.701,2.6,14.09
17,135,700,.67,.678,-.625,-31.32,-31.21,-31.13,-31.12,-31.23,-31.37,-31.69,-32.16,-32.77,-33.35,-38.55,-36.31,-37.12,-34.97,61.91,62.39,1.78,1.984,136.4,146.1,273.9,1.618,2.699,2.3,14.16
17,135,800,1.168,1.044,-.692,-31.23,-31.11,-31.03,-31.04,-31.13,-31.28,-31.6,-32.07,-32.69,-33.26,-36.36,-34.88,-35.27,-33.04,62.89,60.19,1.777,2.013,146.8,153.2,274.1,1.613,2.693,2.398,14.31
17,135,900,1.588,1.437,-.762,-31.11,-30.99,-30.91,-30.92,-31.01,-31.18,-31.5,-31.96,-32.55,-33.14,-32.75,-33.06,-32.58,-30.32,64.44,58.44,1.873,2.175,164.9,167.4,280.5,1.604,2.68,2.692,14.69
17,135,1000,2.112,1.89,-.314,-31,-30.87,-30.8,-30.81,-30.88,-31.05,-31.38,-31.85,-32.44,-33.04,-29.88,-29.4,-29.66,-27.07,60.24,60.5,1.626,1.887,156.8,159.6,279.7,1.599,2.671,2.411,15.46
17,135,1100,2.706,2.304,.056,-30.89,-30.77,-30.71,-30.72,-30.77,-30.96,-31.27,-31.75,-32.32,-32.93,-27.67,-26.89,-27.14,-24.59,59.13,61.67,1.581,1.774,158.8,160.7,273.8,1.593,2.661,2.208,14.32
17,135,1200,2.959,2.584,.46,-30.83,-30.7,-30.65,-30.67,-30.72,-30.91,-31.23,-31.71,-32.27,-32.88,-24.85,-23.83,-24.35,-21.26,60.1,62.17,1.392,1.546,162.1,162.4,275.4,1.585,2.65,1.855,14.21
17,135,1300,3.269,2.893,.576,-30.73,-30.61,-30.57,-30.59,-30.62,-30.83,-31.15,-31.62,-32.17,-32.8,-22.86,-21.54,-22.23,-19.77,61.4,63.43,1.778,1.911,156.3,158.7,274.3,1.579,2.639,2.306,14.14
17,135,1400,3.463,3.095,.739,-30.67,-30.55,-30.51,-30.53,-30.56,-30.78,-31.1,-31.57,-32.1,-32.74,-20.25,-19.62,-20.53,-17.31,63.22,64.16,1.524,1.629,168.5,168.5,272.6,1.573,2.629,2.163,14.08
17,135,1500,3.507,3.165,.769,-30.59,-30.48,-30.45,-30.47,-30.49,-30.71,-31.03,-31.5,-32.02,-32.67,-20.18,-19.32,-20.08,-17.07,64.8,64.19,1.863,2,173.6,174.5,271.8,1.569,2.622,2.411,14.03
17,135,1600,3.432,3.106,.782,-30.53,-30.43,-30.4,-30.43,-30.44,-30.68,-30.99,-31.45,-31.94,-32.61,-20.32,-20.46,-19.68,-17.94,66.56,65.61,2.066,2.235,192.3,194.7,273.6,1.566,2.618,2.849,13.98
17,135,1700,3.241,2.952,.781,-30.51,-30.41,-30.4,-30.43,-30.45,-30.68,-31,-31.44,-31.87,-32.56,-20.78,-21.08,-20.06,-19.01,68.42,67.8,2.449,2.681,197.5,200.9,273,1.565,2.617,3.306,13.94
17,135,1800,2.953,2.708,.628,-30.51,-30.41,-30.41,-30.45,-30.47,-30.71,-31.04,-31.51,-31.85,-32.54,-20.84,-20.61,-20.03,-18.35,66.27,65.25,1.997,2.257,195.7,198.8,272.8,1.566,2.619,2.613,13.9
17,135,1900,2.568,2.368,.47,-30.49,-30.41,-30.41,-30.45,-30.47,-30.72,-31.05,-31.53,-31.8,-32.5,-21.52,-21.13,-20.85,-19.1,65.53,65.11,2.005,2.344,191.1,194.1,272.8,1.568,2.623,2.953,13.87
17,135,2000,2.141,1.987,.27,-30.5,-30.42,-30.42,-30.47,-30.5,-30.76,-31.09,-31.57,-31.77,-32.48,-22.54,-22.34,-22.06,-20.11,63.28,62.31,1.821,2.25,182.3,184.5,272.8,1.573,2.63,2.62,13.82
17,135,2100,1.656,1.555,.038,-30.52,-30.45,-30.44,-30.48,-30.52,-30.76,-31.08,-31.52,-31.76,-32.5,-24.61,-24.31,-24.21,-22.57,65.79,64.66,2.301,2.799,186.7,190.8,272.8,1.577,2.638,3.201,13.94
17,135,2200,1.24,1.169,-.201,-30.62,-30.55,-30.54,-30.58,-30.63,-30.87,-31.2,-31.65,-31.85,-32.57,-26.34,-25.98,-26.04,-24.19,65.49,63.35,2.273,2.815,183.5,187.3,272.4,1.583,2.645,3.175,14.13
17,135,2300,.831,.78,-.334,-30.7,-30.63,-30.62,-30.65,-30.71,-30.94,-31.27,-31.71,-31.93,-32.64,-28.86,-28.22,-28.55,-26.45,63.54,62.05,2.106,2.762,182.5,186.7,272.3,1.591,2.658,3.241,14.38
17,136,0,.381,.46,-.598,-30.79,-30.72,-30.69,-30.71,-30.77,-30.99,-31.31,-31.73,-32.05,-32.75,-31.18,-30.42,-30.9,-29.36,67.65,66.27,2.442,3.054,181,185.3,272.5,1.595,2.666,3.365,14.39
17,136,100,.166,.206,-.49,-30.89,-30.82,-30.78,-30.78,-30.85,-31.03,-31.33,-31.7,-32.15,-32.85,-33.48,-32.92,-33.15,-31.92,69.03,65.79,2.219,2.706,190.3,193.7,270.6,1.603,2.678,3.469,14.27
17,136,200,.099,.099,-.386,-31.04,-30.97,-30.92,-30.91,-30.98,-31.15,-31.43,-31.8,-32.33,-33,-35.28,-34.76,-34.92,-34.08,68.2,67.53,2.046,2.486,193.8,197.2,270.5,1.608,2.686,2.875,14.23
17,136,300,.074,.07,-.333,-31.15,-31.08,-31.02,-31,-31.1,-31.25,-31.55,-31.94,-32.49,-33.13,-36.57,-36.21,-36.11,-35.55,66.96,67.08,2.007,2.398,191,193.9,269.8,1.611,2.692,2.803,14.17
17,136,400,.093,.083,-.263,-31.22,-31.14,-31.08,-31.06,-31.16,-31.31,-31.62,-32.04,-32.6,-33.21,-36.96,-36.72,-36.48,-36.04,66.66,66.72,2.011,2.363,185.5,188.4,270.2,1.612,2.694,2.947,14.11
17,136,500,.174,.152,-.238,-31.25,-31.17,-31.1,-31.08,-31.19,-31.34,-31.66,-32.09,-32.65,-33.25,-36.82,-36.68,-36.37,-35.88,65.88,65.55,1.939,2.403,180.5,181.3,270.4,1.612,2.695,2.744,14.08
17,136,600,.368,.314,-.278,-31.26,-31.17,-31.1,-31.09,-31.19,-31.34,-31.66,-32.11,-32.67,-33.26,-36.24,-36.2,-35.91,-35.05,63.08,62.09,1.817,2.293,177.9,178.3,270.2,1.613,2.695,2.718,14.1
17,136,700,.724,.574,-.269,-31.24,-31.14,-31.07,-31.06,-31.16,-31.32,-31.64,-32.09,-32.67,-33.26,-35.44,-35.05,-35.26,-33.62,57.55,55.99,1.871,2.224,169.7,171.1,270.2,1.613,2.697,2.803,14.18
17,136,800,1.14,.902,-.303,-31.18,-31.08,-31.01,-31.01,-31.1,-31.26,-31.58,-32.03,-32.63,-33.21,-34.16,-33.78,-34.08,-32.07,56.18,53.82,2.466,2.586,166.5,168.6,270.3,1.611,2.693,3.41,14.32
17,136,900,1.589,1.291,-.336,-31.11,-30.99,-30.92,-30.93,-31.02,-31.19,-31.51,-31.98,-32.56,-33.13,-30.65,-29.68,-30.88,-28.23,52.37,51.6,1.875,1.976,163.6,166,270.4,1.606,2.685,2.359,14.71
17,136,1000,2.13,1.724,-.313,-31,-30.87,-30.81,-30.83,-30.9,-31.08,-31.4,-31.88,-32.44,-33.03,-27.73,-28.64,-27.96,-25.97,54.62,52.97,2.514,2.766,177.1,180,271,1.597,2.669,3.717,15.5
17,136,1100,2.641,2.256,.302,-30.89,-30.77,-30.72,-30.73,-30.79,-30.98,-31.3,-31.76,-32.31,-32.92,-25.97,-28.83,-26.18,-25.63,56.62,56.89,2.958,3.153,189.8,193.7,271.6,1.591,2.659,4.031,14.31
17,136,1200,3.019,2.655,.537,-30.84,-30.72,-30.68,-30.69,-30.75,-30.94,-31.26,-31.73,-32.27,-32.88,-23.45,-26.56,-23.66,-23.06,56.4,55.92,2.779,3.004,187.9,190.6,272.4,1.586,2.651,4.325,14.2
17,136,1300,3.304,2.933,.804,-30.76,-30.65,-30.61,-30.63,-30.67,-30.87,-31.19,-31.64,-32.18,-32.8,-23.21,-26.28,-23.27,-23.36,59.31,60.96,3.562,3.836,192.9,197.7,271.7,1.582,2.645,4.743,14.14
17,136,1400,3.455,3.099,.868,-30.73,-30.62,-30.58,-30.6,-30.64,-30.85,-31.16,-31.61,-32.13,-32.77,-22.22,-25.46,-22.07,-22.69,59.32,62.1,3.288,3.547,194.9,198.4,272.3,1.58,2.642,4.541,14.08
17,136,1500,3.525,3.193,1.019,-30.7,-30.59,-30.55,-30.57,-30.61,-30.82,-31.13,-31.57,-32.1,-32.74,-22.6,-25.29,-22.46,-22.93,62.66,65.11,3.916,4.224,200.1,205.1,271.8,1.578,2.64,5.22,14.03
17,136,1600,3.444,3.122,.984,-30.67,-30.57,-30.54,-30.56,-30.6,-30.82,-31.13,-31.6,-32.08,-32.72,-21.36,-24.14,-21.16,-21.7,63.22,65.92,3.488,3.763,205,209.2,271.2,1.575,2.636,4.665,13.98
17,136,1700,3.253,2.964,.902,-30.64,-30.54,-30.52,-30.54,-30.58,-30.8,-31.12,-31.59,-32.03,-32.68,-20.57,-23.21,-20.38,-20.97,64.55,67.29,3.412,3.703,206.3,210.5,272,1.572,2.632,4.671,13.94
17,136,1800,2.959,2.714,.666,-30.6,-30.51,-30.5,-30.53,-30.56,-30.8,-31.13,-31.61,-31.97,-32.63,-19.33,-22.35,-19.2,-19.81,62.97,64.76,2.651,2.886,211.5,214.9,271.8,1.572,2.631,3.796,13.91
17,136,1900,2.576,2.376,.45,-30.56,-30.47,-30.47,-30.51,-30.55,-30.8,-31.14,-31.65,-31.91,-32.57,-16.38,-20.24,-15.75,-17.1,57.2,58.1,1.474,1.753,202.9,204.4,272.1,1.572,2.631,2.025,13.87
17,136,2000,2.15,1.998,.285,-30.5,-30.42,-30.43,-30.47,-30.51,-30.76,-31.1,-31.58,-31.79,-32.48,-18.9,-21.44,-17.73,-18.49,54.09,56.85,1.846,2.234,193.8,196.4,271.7,1.575,2.635,2.679,13.83
17,136,2100,1.681,1.58,.056,-30.53,-30.45,-30.45,-30.49,-30.53,-30.78,-31.11,-31.57,-31.79,-32.49,-20.68,-22.22,-19.55,-19.64,52.61,56.41,1.673,2.161,188.1,191,271.2,1.58,2.643,2.496,13.93
17,136,2200,1.145,1.085,-.152,-30.59,-30.53,-30.52,-30.56,-30.61,-30.85,-31.18,-31.63,-31.82,-32.53,-23.68,-23.92,-22.61,-21.87,54.89,57.72,1.832,2.376,180,183.2,270.6,1.585,2.651,2.803,14.67
17,136,2300,.735,.706,-.237,-30.68,-30.61,-30.59,-30.63,-30.68,-30.91,-31.24,-31.68,-31.91,-32.61,-25.78,-25.11,-24.63,-24.03,55.81,58.41,1.42,1.996,169.1,173.1,270.3,1.592,2.662,2.411,14.56
17,137,0,.337,.33,-.232,-30.77,-30.7,-30.66,-30.68,-30.73,-30.93,-31.24,-31.62,-32.04,-32.73,-29.25,-29.1,-28.74,-28.28,68.07,67.59,1.513,1.876,188.4,190.7,269.8,1.595,2.666,2.254,14.42
17,137,100,.173,.169,-.245,-30.89,-30.81,-30.77,-30.77,-30.83,-31.02,-31.32,-31.7,-32.2,-32.86,-30.67,-30.65,-30.18,-29.98,69.91,69.85,1.578,1.724,191.4,194.2,270.7,1.598,2.671,2.084,14.28
17,137,200,.112,.111,-.314,-30.97,-30.9,-30.85,-30.85,-30.92,-31.09,-31.39,-31.77,-32.29,-32.94,-32.72,-32.27,-32.24,-31.72,69.3,69.48,1.71,1.9,183.5,186.7,271.1,1.604,2.681,2.169,14.23
17,137,300,.088,.085,-.226,-31.07,-31,-30.94,-30.94,-31.02,-31.19,-31.49,-31.88,-32.41,-33.03,-34.06,-33.46,-33.54,-32.91,71,71.5,1.319,1.48,159.8,166.6,269.4,1.608,2.687,2.045,14.16
17,137,400,.096,.092,-.3,-31.12,-31.04,-30.98,-30.97,-31.06,-31.23,-31.53,-31.94,-32.49,-33.1,-35.18,-34.45,-34.54,-33.86,69.94,71.5,1.023,1.362,122.9,131.2,270.4,1.612,2.696,1.771,14.11
17,137,500,.193,.187,-.317,-31.17,-31.09,-31.02,-31.01,-31.11,-31.27,-31.58,-31.99,-32.55,-33.15,-36.08,-34.76,-35.38,-34.1,68.42,70.2,1.199,1.606,135.6,143.3,268.3,1.617,2.251,1.973,14.08
17,137,600,.457,.409,-.415,-31.21,-31.11,-31.04,-31.03,-31.13,-31.29,-31.6,-32.04,-32.63,-33.21,-36.79,-36.13,-35.64,-35.02,66.4,67.26,1.294,1.787,138.5,142.5,268.6,1.62,2.705,2.143,14.11
17,137,700,.826,.674,-.534,-31.17,-31.07,-31,-31,-31.1,-31.26,-31.58,-32.03,-32.61,-33.17,-34.98,-34.7,-33.48,-33.32,66.77,68.09,.945,1.358,143,145.1,268.8,1.616,2.699,1.888,14.2
17,137,800,1.222,.999,-.616,-31.07,-30.96,-30.89,-30.91,-30.99,-31.16,-31.48,-31.95,-32.5,-33.07,-33.38,-33.1,-31.88,-31.76,66.62,67.94,.586,1.198,105.7,118.9,269,1.613,2.692,1.842,14.35
17,137,900,1.674,1.408,-.721,-30.98,-30.86,-30.8,-30.82,-30.89,-31.07,-31.4,-31.89,-32.43,-33,-30.32,-30.67,-28.44,-29.16,67.45,67.89,.744,1.106,134.4,136.2,269.4,1.61,2.684,1.522,14.78
17,137,1000,2.194,1.87,-.506,-30.86,-30.73,-30.68,-30.7,-30.75,-30.95,-31.27,-31.75,-32.31,-32.89,-24.13,-28.2,-23.36,-25.45,69.91,65,.804,.933,163.1,155.4,270.5,1.612,2.674,1.339,14.52
17,137,1100,2.627,2.284,.003,-30.74,-30.62,-30.58,-30.61,-30.65,-30.85,-31.17,-31.65,-32.16,-32.76,-26.23,-24.22,-23.56,-23.16,63.73,65.23,.356,.603,71.4,110.1,270.4,1.605,2.664,1.13,14.29
17,137,1200,3.002,2.64,.48,-30.66,-30.54,-30.51,-30.54,-30.57,-30.78,-31.1,-31.58,-32.07,-32.68,-25.32,-23.95,-23.2,-22.55,67.55,66.12,.716,.88,71.7,94.7,269.8,1.599,2.651,1.385,14.2
17,137,1300,3.297,2.911,1.097,-30.58,-30.46,-30.44,-30.47,-30.49,-30.72,-31.04,-31.52,-32,-32.61,-23.22,-22.4,-20.84,-20.89,67.69,67.47,.548,.757,40.93,73.7,270.8,1.593,2.644,1.117,14.13
17,137,1400,3.472,3.096,1.036,-30.5,-30.39,-30.37,-30.41,-30.42,-30.65,-30.97,-31.43,-31.89,-32.54,-22,-20.96,-19.39,-19.46,64.09,64.08,.568,.783,67.04,96.1,271.2,1.588,2.639,1.183,14.07
17,137,1500,3.516,3.163,1.186,-30.47,-30.36,-30.35,-30.39,-30.4,-30.64,-30.97,-31.46,-31.89,-32.52,-20.89,-19.85,-18.31,-18.32,62.69,63.04,.712,.817,55.58,78.1,270.9,1.585,3.362,1.052,14.02
17,137,1600,3.444,3.106,.996,-30.4,-30.29,-30.29,-30.33,-30.33,-30.59,-30.92,-31.41,-31.79,-32.43,-20.34,-19.19,-17.97,-17.79,63.46,63.58,.707,.894,73.8,91.6,272,1.582,2.628,1.346,13.97
17,137,1700,3.261,2.956,.856,-30.37,-30.28,-30.28,-30.33,-30.34,-30.6,-30.93,-31.42,-31.72,-32.39,-19.1,-17.45,-16.33,-16.45,59.35,61.55,.313,.549,35.9,90.4,274,1.58,2.624,1.156,13.94
17,137,1800,2.966,2.709,.762,-30.34,-30.24,-30.26,-30.32,-30.33,-30.61,-30.95,-31.47,-31.66,-32.33,-18.68,-17.75,-15.64,-15.97,55.84,58.19,.43,.64,66.03,53.99,273.7,1.579,4.21,.849,13.9
17,137,1900,2.561,2.353,.39,-30.29,-30.2,-30.22,-30.28,-30.27,-30.56,-30.89,-31.37,-31.56,-32.26,-19.46,-19.92,-16.44,-17.39,56.18,62.24,.602,.889,338.4,95.2,272.2,1.58,2.625,1.294,13.86
17,137,2000,2.142,1.98,.25,-30.29,-30.21,-30.23,-30.29,-30.29,-30.56,-30.89,-31.35,-31.5,-32.23,-20.43,-20.99,-17.62,-19.1,57.05,68.52,.764,1.267,78.7,15.69,272.5,1.584,2.631,1.405,13.82
17,137,2100,1.661,1.553,-.145,-30.35,-30.27,-30.29,-30.35,-30.36,-30.63,-30.96,-31.42,-31.52,-32.26,-22.34,-21.32,-20.05,-20.18,63.19,70.5,1.015,1.468,32.95,37.29,271.6,1.589,2.197,1.908,14.09
17,137,2200,1.216,1.14,-.348,-30.45,-30.38,-30.4,-30.46,-30.49,-30.75,-31.08,-31.52,-31.59,-32.33,-24.74,-22.86,-23.27,-22.12,70.6,76.1,1.222,1.782,41.84,44.74,271.9,1.595,2.646,2.078,14.55
17,137,2300,.77,.728,-.383,-30.56,-30.5,-30.5,-30.55,-30.59,-30.83,-31.16,-31.58,-31.73,-32.45,-26.43,-24.42,-25.33,-23.79,76.4,79.4,1.442,2.066,51.9,55.58,270.1,1.6,2.654,2.757,14.46
17,138,0,.344,.364,-.432,-30.69,-30.63,-30.6,-30.63,-30.67,-30.89,-31.19,-31.56,-31.88,-32.6,-30.47,-26.84,-29.96,-26.5,74.6,79.2,1.723,2.575,66.95,71.9,270.5,1.607,2.667,2.796,14.42
17,138,100,.172,.201,-.389,-30.86,-30.8,-30.76,-30.77,-30.83,-31.02,-31.32,-31.69,-32.11,-32.78,-33.3,-31.8,-32.82,-31.14,70.8,71.8,1.735,2.186,63.88,71.9,268.1,1.614,2.683,2.672,14.29
17,138,200,.107,.115,-.356,-31.02,-30.95,-30.9,-30.9,-30.98,-31.15,-31.44,-31.81,-32.3,-32.94,-35.23,-33.47,-34.8,-33.04,68.98,70.9,1.592,2.095,70,80.7,266.4,1.621,2.693,2.417,14.25
17,138,300,.074,.079,-.307,-31.14,-31.06,-31.01,-31,-31.09,-31.25,-31.55,-31.94,-32.47,-33.09,-36.14,-35.24,-35.67,-34.74,68.14,69.08,1.732,2.233,70.2,79.2,266.4,1.622,2.698,2.548,14.17
17,138,400,.1,.101,-.278,-31.21,-31.13,-31.07,-31.06,-31.16,-31.32,-31.63,-32.04,-32.58,-33.17,-36.62,-35.61,-35.98,-35.01,67.29,68.58,1.552,2.035,75.2,83.3,266.7,1.623,2.7,2.489,14.12
17,138,500,.217,.212,-.297,-31.24,-31.16,-31.1,-31.09,-31.19,-31.35,-31.66,-32.09,-32.63,-33.21,-36.9,-35.51,-36.26,-34.89,67.16,68.59,1.179,1.662,84.7,91.7,267.1,1.625,2.703,1.895,14.09
17,138,600,.428,.39,-.397,-31.25,-31.16,-31.1,-31.09,-31.2,-31.36,-31.68,-32.13,-32.67,-33.23,-36.05,-34.6,-35.28,-33.86,67.77,68.34,1.197,1.548,78.9,87.1,267.5,1.624,2.701,1.764,14.12
17,138,700,.73,.631,-.513,-31.21,-31.11,-31.05,-31.05,-31.15,-31.31,-31.64,-32.1,-32.64,-33.19,-34.8,-33.7,-33.85,-32.83,68.46,68.06,1.488,1.674,67.83,76.1,267.6,1.622,2.697,2.117,14.19
17,138,800,1.175,.999,-.683,-31.14,-31.03,-30.97,-30.98,-31.07,-31.24,-31.56,-32.03,-32.57,-33.11,-32.53,-31.84,-31.44,-30.95,70.7,69.02,1.403,1.55,62.07,70,267.8,1.618,2.691,1.849,14.34
17,138,900,1.644,1.423,-.805,-31.03,-30.91,-30.85,-30.87,-30.95,-31.13,-31.45,-31.93,-32.47,-33.02,-30.05,-29.18,-28.72,-28.25,71.8,69.22,1.472,1.379,67.48,76.1,268.2,1.614,2.686,1.627,14.79
17,138,1000,2.037,1.833,-.865,-30.92,-30.8,-30.75,-30.77,-30.84,-31.02,-31.35,-31.83,-32.36,-32.92,-27.26,-26.37,-25.36,-25.19,71.7,69,1.302,1.255,56.78,66.55,269.1,1.608,2.673,1.568,15.38
17,138,1100,2.527,2.286,-.331,-30.82,-30.7,-30.66,-30.68,-30.73,-30.93,-31.25,-31.73,-32.24,-32.81,-25.19,-23.32,-22.85,-22.24,69.69,68.42,1.246,1.343,49.84,59.42,270.2,1.603,2.662,1.594,14.32
17,138,1200,3.009,2.66,.619,-30.74,-30.62,-30.58,-30.61,-30.65,-30.86,-31.19,-31.67,-32.16,-32.73,-24.18,-20.71,-21.58,-19.9,66.94,66.37,1.43,1.52,44.35,53.69,271.2,1.596,2.651,1.914,14.21
17,138,1300,3.315,2.924,.055,-30.65,-30.53,-30.51,-30.54,-30.57,-30.79,-31.11,-31.59,-32.07,-32.66,-22.31,-18.79,-19.54,-18.16,65.55,64.5,1.583,1.664,49.21,58.26,269.4,1.588,2.64,2.189,14.14
17,138,1400,3.489,3.111,.23,-30.58,-30.47,-30.45,-30.48,-30.51,-30.74,-31.06,-31.53,-31.99,-32.6,-20.8,-17.88,-18.1,-16.98,63.86,61.48,1.739,1.822,41.75,50.04,269.7,1.581,2.632,2.339,14.09
17,138,1500,3.539,3.181,.48,-30.52,-30.41,-30.4,-30.44,-30.46,-30.7,-31.03,-31.51,-31.94,-32.55,-19.52,-17.12,-16.38,-15.25,60.52,57.17,1.741,1.821,34.17,42.56,271.1,1.578,2.627,2.319,14.03
17,138,1600,3.465,3.102,.468,-30.46,-30.35,-30.35,-30.39,-30.4,-30.65,-30.98,-31.47,-31.85,-32.48,-18.84,-17.49,-15.73,-14.98,58.91,56.98,1.668,1.762,28.67,37.02,269.7,1.574,2.624,2.378,13.99
17,138,1700,3.284,2.968,.48,-30.41,-30.31,-30.31,-30.36,-30.36,-30.62,-30.95,-31.43,-31.77,-32.42,-19.15,-19.67,-16.26,-16.56,59.77,60.76,1.598,1.704,16.6,24.88,269.9,1.573,2.623,2.065,13.95
17,138,1800,-6999,2.709,.381,-30.38,-30.29,-30.3,-30.35,-30.35,-30.61,-30.94,-31.41,-31.71,-32.37,-19.84,-20.21,-17.03,-17.49,61.42,62.99,1.347,1.503,53.66,21.09,269.9,1.572,2.625,1.882,13.9
17,138,1900,2.525,2.313,.167,-30.37,-30.28,-30.3,-30.35,-30.36,-30.63,-30.95,-31.43,-31.67,-32.34,-21.21,-21.26,-18.72,-19.47,63.51,68.17,.94,1.28,339.2,95.1,270,1.578,2.631,1.463,13.87
17,138,2000,2.167,1.997,-.014,-30.37,-30.28,-30.3,-30.36,-30.37,-30.64,-30.97,-31.44,-31.61,-32.3,-21.88,-22.14,-19.33,-20.78,60.83,70.6,.898,1.316,317.2,264,270.1,1.583,2.637,1.888,13.83
17,138,2100,1.689,1.573,-.147,-30.41,-30.33,-30.34,-30.39,-30.4,-30.66,-30.98,-31.41,-31.61,-32.32,-23.41,-23.29,-21.06,-21.49,61.18,68.41,1.001,1.492,192.6,34.05,270,1.586,3.339,1.908,13.95
17,138,2200,1.251,1.169,-.349,-30.49,-30.43,-30.44,-30.49,-30.52,-30.78,-31.11,-31.54,-31.66,-32.37,-24.93,-23.95,-22.31,-21.68,56.89,64.43,1.25,1.948,17.75,22.73,269.9,1.597,2.657,2.293,15.22
17,138,2300,.844,.795,-.372,-30.6,-30.54,-30.53,-30.57,-30.62,-30.86,-31.18,-31.6,-31.79,-32.49,-27.81,-26.21,-25.74,-24.52,63.14,70,1.334,2.241,11.07,17.14,269.5,1.605,2.666,2.639,14.75
17,139,0,.424,.421,-.369,-30.73,-30.66,-30.64,-30.66,-30.72,-30.93,-31.24,-31.63,-31.94,-32.62,-31.32,-29.96,-30.11,-28.99,62.52,67.62,1.223,1.925,31.03,35.9,270.4,1.613,2.684,2.457,14.49
17,139,100,.19,.214,-.345,-30.87,-30.81,-30.77,-30.78,-30.85,-31.04,-31.34,-31.71,-32.12,-32.78,-33.21,-32.19,-32.48,-31.46,64.62,66.8,1.074,1.557,29.5,38.18,269.1,1.619,2.693,1.901,14.32
17,139,200,.123,.126,-.325,-31.03,-30.96,-30.91,-30.91,-31,-31.17,-31.46,-31.83,-32.32,-32.94,-34.14,-32.41,-33.57,-31.87,66,69.92,1.112,1.569,43.13,45.15,267.4,1.622,3.34,1.81,14.27
17,139,300,.094,.093,-.202,-31.14,-31.06,-31.01,-31,-31.1,-31.26,-31.57,-31.97,-32.49,-33.08,-35.53,-34.55,-34.98,-33.91,66.61,69.58,1.108,1.455,53.38,63.84,267.2,1.623,2.251,1.842,14.2
17,139,400,.122,.123,-.274,-31.18,-31.11,-31.05,-31.04,-31.14,-31.31,-31.62,-32.03,-32.56,-33.13,-35.79,-34.84,-35.14,-34.26,65.79,69.63,.912,1.23,53.65,65.85,267,1.625,3.338,1.692,14.15
17,139,500,.195,.224,-.308,-31.21,-31.13,-31.07,-31.07,-31.17,-31.33,-31.64,-32.05,-32.6,-33.16,-36.29,-35.29,-35.49,-34.33,63.1,67.38,1.097,1.464,51.7,62.08,266.8,1.628,2.508,1.784,14.12
17,139,600,.429,.423,-.319,-31.24,-31.15,-31.09,-31.08,-31.19,-31.35,-31.66,-32.09,-32.64,-33.19,-36.53,-36.47,-35.61,-35.48,60.81,64.28,1.528,1.647,62.93,72.1,266.7,1.631,2.18,2.045,14.14
17,139,700,.787,.766,-.414,-31.23,-31.13,-31.06,-31.07,-31.17,-31.33,-31.65,-32.1,-32.66,-33.2,-35.56,-35.57,-34.47,-34.56,58.96,62.53,1.87,1.935,70.2,78,267.1,1.629,1.086,2.274,14.23
17,139,800,1.225,1.091,-.46,-31.17,-31.06,-30.99,-31,-31.1,-31.27,-31.59,-32.05,-32.59,-33.12,-33.05,-33.61,-31.77,-32.22,57.85,62.3,1.715,2.016,67.69,74.1,267.3,1.625,3.287,2.6,14.39
17,139,900,1.693,1.465,-.533,-31.05,-30.94,-30.88,-30.9,-30.98,-31.16,-31.49,-31.95,-32.49,-33.03,-31.03,-31.32,-29.37,-29.84,58.66,63.65,2.122,2.33,63.72,69.3,267.5,1.617,3.353,2.914,15.01
17,139,1000,2.181,1.895,-.346,-30.96,-30.84,-30.79,-30.81,-30.88,-31.07,-31.39,-31.85,-32.38,-32.94,-30.09,-29.87,-28,-28.38,56.83,61.91,2.548,2.664,61.1,66.34,268.3,1.611,0,3.489,15.5
17,139,1100,2.699,2.347,-.175,-30.89,-30.78,-30.74,-30.76,-30.82,-31.01,-31.33,-31.79,-32.31,-32.87,-27.92,-27.51,-25.56,-25.81,55.06,61.14,2.186,2.282,51.47,58.16,268.2,1.607,3.804,3.325,14.33
17,139,1200,3.071,2.691,.101,-30.84,-30.72,-30.69,-30.71,-30.77,-30.97,-31.3,-31.78,-32.26,-32.81,-25.98,-24.1,-22.96,-21.47,50.42,52.56,1.858,1.932,33.82,42.28,270.1,1.599,2.226,2.835,14.22
17,139,1300,3.357,2.956,.183,-30.74,-30.63,-30.6,-30.62,-30.66,-30.88,-31.19,-31.64,-32.13,-32.72,-25.15,-23.55,-22.29,-21.39,51.76,53.03,2.29,2.403,32.63,38.58,270.9,1.597,2.028,3.43,14.16
17,139,1400,3.525,3.134,.409,-30.71,-30.6,-30.57,-30.6,-30.64,-30.85,-31.17,-31.64,-32.12,-32.7,-23.94,-24.1,-20.61,-20.78,49.75,51.58,2.049,2.142,24.74,31.7,270.9,1.592,0,3.169,14.1
17,139,1500,3.575,3.207,.474,-30.66,-30.55,-30.53,-30.56,-30.6,-30.83,-31.16,-31.64,-32.08,-32.66,-21.72,-20.68,-18.34,-17.53,48.33,49.82,1.783,1.857,29.06,35.83,269.7,1.588,2.319,3.241,14.04
17,139,1600,3.505,3.151,.526,-30.58,-30.48,-30.46,-30.5,-30.52,-30.76,-31.09,-31.58,-31.99,-32.58,-21.03,-20.41,-17.41,-17,47.84,49.02,1.869,1.952,24.41,31.18,269.8,1.584,.441,2.568,14
17,139,1700,3.31,2.988,.502,-30.51,-30.42,-30.42,-30.46,-30.48,-30.73,-31.06,-31.54,-31.87,-32.49,-20.32,-19.9,-16.71,-16.72,48.27,50.48,1.691,1.773,21.3,28.82,270.9,1.582,0,2.417,13.95
17,139,1800,3.005,2.73,.399,-30.48,-30.39,-30.39,-30.44,-30.45,-30.71,-31.03,-31.51,-31.81,-32.44,-21.23,-22.42,-17.78,-19.18,51.78,56.85,1.618,1.727,54.98,14.09,270.9,1.583,2.402,2.208,13.91
17,139,1900,2.644,2.417,.219,-30.46,-30.37,-30.38,-30.43,-30.44,-30.7,-31.02,-31.48,-31.75,-32.4,-22.01,-23.33,-19.1,-21.73,55.39,66.75,1.573,1.756,80.1,21.38,270.7,1.585,2.309,2.117,13.87
17,139,2000,2.221,2.044,.014,-30.47,-30.39,-30.4,-30.45,-30.47,-30.73,-31.06,-31.52,-31.74,-32.4,-22.32,-24.33,-19.14,-22.64,49.77,65.84,1.128,1.5,144.1,10,270.7,1.587,0,1.875,14.05
17,139,2100,1.752,1.629,-.155,-30.49,-30.41,-30.42,-30.46,-30.49,-30.74,-31.06,-31.5,-31.72,-32.39,-23.99,-25.49,-21.24,-24.17,50.38,68.62,1.182,1.775,83.6,8.33,270.9,1.594,2.048,2.051,14.16
17,139,2200,1.286,1.2,-.313,-30.57,-30.5,-30.5,-30.55,-30.59,-30.84,-31.16,-31.59,-31.77,-32.45,-25.57,-27.22,-23.01,-25.97,48.13,70.2,1.25,1.947,47.26,13.58,270.8,1.606,1.128,2.43,14.16
17,139,2300,.846,.798,-.39,-30.67,-30.61,-30.61,-30.65,-30.71,-30.94,-31.27,-31.7,-31.86,-32.52,-28.38,-28.85,-25.98,-27.59,47.16,72.2,1.517,2.424,21.09,26.47,270.2,1.415,2.897,2.803,14.47
17,140,0,.432,.463,-.483,-30.79,-30.73,-30.71,-30.73,-30.8,-31.01,-31.33,-31.73,-32.01,-32.66,-32.52,-32.2,-31.09,-31.46,56.8,71.6,1.28,2,36.18,43.86,269.3,1.621,1.798,2.45,14.46
17,140,100,.185,.259,-.467,-30.92,-30.86,-30.82,-30.83,-30.91,-31.1,-31.41,-31.79,-32.15,-32.79,-34.24,-33.45,-33.32,-33,59.35,69.2,1.229,1.896,39.58,50.95,268.8,1.625,1.549,2.385,14.32
17,140,200,.138,.145,-.349,-31.06,-31,-30.95,-30.95,-31.04,-31.21,-31.51,-31.87,-32.33,-32.94,-36.85,-35.6,-36,-35.02,58.84,67.56,1.1,1.689,50.03,62.49,269.5,1.636,1.986,1.914,14.29
17,140,300,.101,.109,-.295,-31.2,-31.13,-31.07,-31.06,-31.17,-31.33,-31.63,-32.01,-32.53,-33.1,-38.02,-36.37,-37.39,-35.78,62.88,68.19,1.375,1.893,58.01,64.55,268.4,1.634,3.245,2.149,14.22
17,140,400,.116,.128,-.294,-31.27,-31.2,-31.14,-31.13,-31.24,-31.39,-31.7,-32.1,-32.64,-33.19,-38.45,-36.48,-37.73,-35.81,61.91,67.73,1.207,1.643,55.36,62.9,268.6,1.64,2.162,2.006,14.17
17,140,500,.188,.224,-.276,-31.32,-31.24,-31.17,-31.16,-31.28,-31.43,-31.75,-32.16,-32.71,-33.25,-37.73,-36.26,-36.91,-35.3,61.93,65.77,.726,1.102,66.7,80.1,269.2,1.639,2.615,1.725,14.15
17,140,600,.346,.41,-.303,-31.33,-31.24,-31.17,-31.17,-31.28,-31.44,-31.76,-32.21,-32.75,-33.27,-36.53,-36.63,-35.84,-35.5,59.12,62.42,.504,.769,70.3,86.2,269.6,1.64,2.161,1.183,14.16
17,140,700,.609,.73,-.441,-31.28,-31.18,-31.11,-31.12,-31.23,-31.39,-31.71,-32.17,-32.71,-33.22,-33.25,-34.12,-32.53,-32.74,55.4,62.68,.881,1.261,61.24,72.5,269.6,1.637,0,1.588,14.23
17,140,800,.983,1.132,-.654,-31.17,-31.06,-31,-31.01,-31.11,-31.28,-31.6,-32.07,-32.6,-33.11,-31.62,-33.09,-30.43,-31.36,49.44,58.34,1.215,1.685,53.07,65.33,270,1.634,2.661,1.862,14.39
17,140,900,1.494,1.566,-.465,-31.04,-30.92,-30.87,-30.89,-30.97,-31.15,-31.48,-31.94,-32.47,-33,-29.26,-30.75,-28.01,-28.71,52,57.43,1.2,1.529,44.56,55.73,270.1,1.628,3.097,2.084,14.72
17,140,1000,2.031,1.943,-.225,-30.95,-30.82,-30.77,-30.8,-30.87,-31.06,-31.39,-31.88,-32.39,-32.9,-21.55,-24.41,-20.2,-21.9,46.71,54.94,.701,.863,34.47,53.15,271,1.62,3.716,1.163,15.38
17,140,1100,2.699,2.337,-.114,-30.83,-30.69,-30.65,-30.69,-30.74,-30.94,-31.27,-31.76,-32.24,-32.77,-17.62,-20.79,-14.73,-17.37,39.12,48.76,.395,.47,167.2,36.92,272.2,1.609,2.914,.96,14.35
17,140,1200,3.064,2.675,.28,-30.71,-30.58,-30.55,-30.58,-30.62,-30.83,-31.15,-31.63,-32.11,-32.66,-19.31,-22.59,-15.16,-17.75,34.17,42.41,.495,.543,181,26.05,271.5,1.602,1.181,1.058,14.23
17,140,1300,3.358,2.947,.429,-30.61,-30.48,-30.46,-30.5,-30.51,-30.74,-31.05,-31.51,-32,-32.57,-23.31,-24.08,-18.73,-19.39,42.53,46.03,.408,.258,324.2,85.6,271.7,1.593,1.161,1.026,14.17
17,140,1400,3.529,3.127,.55,-30.53,-30.41,-30.39,-30.42,-30.43,-30.66,-30.97,-31.39,-31.92,-32.51,-23.22,-23.99,-19.45,-20.83,52.47,55.91,1.189,1.236,289.9,77.5,273.1,1.591,0,1.816,14.1
17,140,1500,3.575,3.195,.616,-30.51,-30.4,-30.39,-30.42,-30.42,-30.66,-30.97,-31.4,-31.92,-32.51,-22.58,-23.17,-19.01,-20.37,55.57,58.65,1.357,1.416,261.4,125,273.1,1.589,2.498,1.829,14.05
17,140,1600,3.557,3.146,.63,-30.48,-30.38,-30.37,-30.4,-30.41,-30.65,-30.97,-31.44,-31.89,-32.48,-21.65,-22.1,-18.16,-19.45,56.88,59.81,1.444,1.513,245.5,102.9,271.6,1.585
