
8030126E95184145933G50-3NN081EFF00083

184,1359,3.805,2.944,7.9,1.089,0.934,87,88.6,3.884
4.193,155.6,161.3,793,2.659,3.858,-19.37,-19.66,-20.03,-20.42
-20.5,-20.53,-19.87,-18.16,-14.59,-0.398


8030126E95184135933G50-3NN081EFF00083

184,1259,2.05,1.636,4.754,0.497,0.365,91.1,92.3,4.139
4.486,160.5,164.4,794,2.655,3.857,-19.37,-19.66,-20.04,-20.42
-20.54,-20.55,-19.89,-18.15,-14.57,-0.536


8030126E95184125933G50-3NN081EFF00083

184,1159,1.605,1.325,3.025,0.24,0.13,93.1,94.2,4.192
4.534,162.9,169,794,2.652,3.857,-19.37,-19.66,-20.04,-20.42
-20.53,-20.55,-19.89,-18.16,-14.59,-0.644


8030126E95184115933G50-3NN081EFF00083

184,1059,1.488,1.219,3.089,0.05,-0.022,96.4,97.3,4.482
4.849,168.7,174,794,2.65,3.86,-19.37,-19.66,-20.04,-20.43
-20.52,-20.55,-19.89,-18.16,-14.6,-0.763


8030126E95184105933G49-3NN081EFF00083

184,959,1.108,0.908,2.353,0.014,-0.105,97.6,98.6,5.111
5.526,175,179.1,794,2.65,3.862,-19.37,-19.67,-20.04,-20.43
-20.53,-20.55,-19.9,-18.17,-14.62,-0.815


8030126E95184095933G49-3NN081EFF00083

184,859,0.692,0.57,1.68,-0.043,-0.238,98.1,99.1,4.597
4.991,171.8,176.4,795,2.65,3.863,-19.37,-19.67,-20.04,-20.43
-20.54,-20.56,-19.9,-18.17,-14.63,-0.853


8030126E95184085933G49-3NN081EFF00083

184,759,0.365,0.304,0.91,-0.191,-0.335,98.3,99.2,3.904
4.214,161.2,169,796,2.65,3.863,-19.37,-19.67,-20.04,-20.43
-20.55,-20.56,-19.91,-18.17,-14.64,-0.853


8030126E95184075933G49-3NN081EFF00083

184,659,0.257,0.214,0.575,-0.459,-0.576,98.4,99.2,3.839
4.081,159.3,167,796,2.651,3.868,-19.37,-19.66,-20.04,-20.43
-20.55,-20.56,-19.91,-18.17,-14.64,-0.843


8030126E95184065933G49-3NN081EFF00083

184,559,0.141,0.118,0.227,-0.562,-0.724,98.4,99.2,4.888
5.221,160.4,164,797,2.651,3.872,-19.36,-19.66,-20.03,-20.42
-20.55,-20.56,-19.9,-18.16,-14.64,-0.838


8030126E95184055933G48-3NN081EFF00083

184,459,0.088,0.074,0.214,-0.242,-0.397,98.5,99.3,3.842
4.139,167.2,173.2,798,2.65,3.872,-19.36,-19.66,-20.03,-20.42
-20.55,-20.56,-19.91,-18.17,-14.66,-0.821


8030126E95184045934G49-3NN081EFF00083

184,359,0.126,0.106,0.34,-0.182,-0.294,98.4,99.3,3.99
4.332,166.4,171.7,799,2.649,3.87,-19.37,-19.66,-20.04,-20.42
-20.56,-20.57,-19.91,-18.18,-14.68,-0.792


8030126E95184035933G49-3NN081EFF00083

184,259,0.106,0.089,0.296,-0.176,-0.321,98.4,99.3,4.045
4.364,165.8,167.7,800,2.649,3.872,-19.37,-19.66,-20.03,-20.42
-20.58,-20.58,-19.92,-18.19,-14.69,-0.773


8030126E95184025933G49-3NN081EFF00083

184,159,0.063,0.053,0.109,-0.185,-0.326,98.4,99.2,3.926
4.235,168.5,172.5,800,2.65,3.874,-19.36,-19.66,-20.03,-20.42
-20.58,-20.58,-19.92,-18.19,-14.7,-0.736


8030126E95184015933G49-3NN081EFF00083

184,59,0.136,0.114,0.269,-0.19,-0.395,98.1,98.9,4.227
4.554,162.9,169.1,801,2.649,3.874,-19.36,-19.65,-20.03,-20.42
-20.58,-20.58,-19.92,-18.18,-14.7,-0.706


8030126E95184005933G50-3NN081EFF00083

183,2359,0.344,0.29,0.719,-0.073,-0.24,97.9,98.8,3.672
3.974,162.5,166.3,802,2.648,3.873,-19.36,-19.65,-20.03,-20.42
-20.58,-20.58,-19.93,-18.19,-14.72,-0.715


8030126E95183235933G50-3NN081EFF00083

183,2259,0.365,0.31,0.677,-0.106,-0.229,97.8,98.6,3.831
4.132,176.1,181.4,802,2.649,3.867,-19.35,-19.65,-20.03,-20.41
-20.59,-20.58,-19.93,-18.19,-14.72,-0.767


8030126E95183225933G49-3NN081EFF00083

183,2159,0.514,0.439,0.869,-0.062,-0.144,97.4,98.3,3.435
3.722,171.9,178,803,2.648,3.864,-19.35,-19.65,-20.02,-20.41
-20.59,-20.58,-19.93,-18.19,-14.72,-0.919


8030126E95183215933G50-3NN081EFF00083

183,2059,0.831,0.704,1.335,0.056,-0.067,96.2,97.5,3.987
4.307,178,181.5,803,2.646,3.857,-19.35,-19.65,-20.02,-20.41
-20.57,-20.57,-19.92,-18.18,-14.72,-1.234


8030126E95183205934G50-3NN081EFF00083

183,1959,1.216,1.027,1.914,0.165,-0.002,95,96.3,4.228
4.54,190.4,195,803,2.647,3.849,-19.34,-19.64,-20.01,-20.4
-20.58,-20.57,-19.92,-18.18,-14.71,-1.838


8030126E95183195933G50-3NN081EFF00083

183,1859,1.897,1.582,3.582,0.429,0.264,93,94.6,3.634
3.856,203.9,207.8,804,2.64,3.842,-19.35,-19.64,-20.03,-20.42
-20.61,-20.6,-19.95,-18.22,-14.74,-2.64


8030126E95183185933G49-3NN081EFF00083

183,1759,1.824,1.527,3.196,0.47,0.29,92.6,94.2,3.879
4.135,203.4,207.4,804,2.638,3.839,-19.34,-19.64,-20.02,-20.41
-20.61,-20.59,-19.94,-18.22,-14.73,-3.049


8030126E95183175933G49-2NN081EFF00083

183,1659,2.455,2.027,5.257,0.568,0.4,91.5,93.2,5.263
5.644,201.2,205.4,804,2.64,3.839,-19.35,-19.64,-20.02,-20.41
-20.61,-20.59,-19.95,-18.22,-14.74,-3.267


8030126E95183165933G50-3NN081EFF00083

183,1559,2.872,2.338,6.73,0.676,0.493,91.5,93.2,5.244
5.591,194.2,198.1,805,2.638,3.841,-19.35,-19.65,-20.03,-20.42
-20.62,-20.61,-19.96,-18.25,-14.76,-3.48


8030126E95183155934G49-2NN081EFF00083

183,1459,2.795,2.273,6.912,0.543,0.374,92.1,93.7,5.858
6.269,199.4,203.9,805,2.632,3.835,-19.35,-19.64,-20.02,-20.42
-20.62,-20.61,-19.95,-18.23,-14.75,-3.678


8030126E95183145933G50-3NN081EFF00083

183,1359,2.994,2.438,7.66,0.732,0.494,90.9,92.7,5.297
5.652,194,200.3,805,2.626,3.824,-19.36,-19.66,-20.04,-20.43
-20.64,-20.62,-19.98,-18.27,-14.8,-3.803


8030126E95183135933G49-3NN081EFF00083

183,1259,2.383,1.958,5.839,0.564,0.358,91.1,92.8,6.436
6.867,204.5,208.3,805,2.623,3.814,-19.36,-19.65,-20.03,-20.43
-20.63,-20.61,-19.97,-18.25,-14.78,-3.829


8030126E95183125933G50-3NN081EFF00083

183,1159,2.469,1.993,6.641,0.717,0.584,89.5,91.1,5.921
6.313,203.6,207.1,805,2.621,3.81,-19.36,-19.66,-20.04,-20.43
-20.64,-20.62,-19.97,-18.27,-14.82,-3.872


8030126E95183115933G49-3NN081EFF00083

183,1059,1.625,1.346,4.221,0.477,0.323,89.4,90.9,4.767
5.082,193.3,198,805,2.621,3.809,-19.37,-19.66,-20.04,-20.44
-20.65,-20.63,-19.98,-18.28,-14.83,-3.922


8030126E95183105933G49-3NN081EFF00083

183,959,0.944,0.789,2.035,0.312,0.138,89.3,90.8,4.129
4.427,186.3,191,806,2.621,3.807,-19.37,-19.66,-20.04,-20.44
-20.65,-20.63,-19.99,-18.27,-14.84,-3.977


8030126E95183095933G48-3NN081EFF00083

183,859,0.837,0.7,1.886,0.192,0.064,89.4,90.6,4.447
4.76,192.6,196.4,805,2.622,3.808,-19.38,-19.67,-20.05,-20.45
-20.66,-20.64,-20,-18.31,-14.88,-4.043


8030126E95183085933G49-3NN081EFF00083

183,759,1.029,0.813,-0.507,-0.56,-0.721,88.9,90.5,4.947
5.386,181.5,188.7,805,2.627,3.814,-19.36,-19.66,-20.03,-20.43
-20.64,-20.62,-19.98,-18.26,-14.88,-4.101


8030126E95183075933G48-3NN081EFF00083

183,659,0.364,0.289,-3.111,-0.902,-0.946,91.4,92.4,5.347
5.814,182.9,192,805,2.625,3.816,-19.35,-19.65,-20.02,-20.42
-20.64,-20.62,-19.97,-18.23,-14.81,-4.123


8030126E95183065933G49-3NN081EFF00083

183,559,0.17,0.176,-4.093,-0.028,-0.09,90.8,91.8,5.324
5.792,174.2,184.4,805,2.619,3.809,-19.35,-19.65,-20.02,-20.42
-20.64,-20.61,-19.96,-18.23,-14.81,-4.172


8030126E95183055933G48-3NN081EFF00083

183,459,0.146,0.128,-3.176,0.823,0.756,90.4,91.2,5.612
6.099,176,179.4,805,2.615,3.803,-19.35,-19.65,-20.02,-20.42
-20.64,-20.62,-19.97,-18.25,-14.82,-4.231


8030126E95183045933G49-3NN081EFF00083

183,359,0.065,0.055,-0.124,1.082,1.024,90.1,90.9,5.73
6.213,180.4,184.8,805,2.612,3.799,-19.35,-19.65,-20.03,-20.42
-20.64,-20.62,-19.98,-18.27,-14.83,-4.311


8030126E95183035933G49-3NN081EFF00083

183,259,0.063,0.056,-1.604,1.111,1.093,89.8,90.4,5.844
6.389,176.8,181.2,805,2.611,3.799,-19.35,-19.64,-20.02,-20.42
-20.64,-20.62,-19.98,-18.26,-14.82,-4.424


8030126E95183025934G49-3NN081EFF00083

183,159,0.154,0.13,0.701,1.112,1.087,88.7,89.2,5.383
5.856,162.9,165,805,2.611,3.798,-19.35,-19.64,-20.02,-20.42
-20.64,-20.62,-19.98,-18.25,-14.82,-4.545


8030126E95183015933G49-3NN081EFF00083

183,59,0.35,0.339,-2.245,1.265,1.233,88,88.1,5.732
6.219,166.9,174.4,805,2.611,3.797,-19.35,-19.65,-20.02,-20.42
-20.64,-20.62,-19.98,-18.25,-14.81,-4.679


8030126E95183005900M      081E0000060

-46.91,468.6,6.163,461.3,13.56,43.84,2.08


MESSAGE                           




77.97,7730,331.7,-7411,7.481


3NN081EFF00083@Bv@cSFK_FI`FeLFXGFWIBN

94.2,6.11,6.639,169.4,175,805,2.606,3.795,-19.34,-19.64
-20.02,-20.41,-20.63,-20.61,-19.97,-18.26,-14.82,-5.019


8030126E95182225933G49-3NN081EFF00083

182,2159,1.214,0.999,2.948,1.616,1.596,93.3,94,5.939
6.446,167.5,171.2,805,2.6,3.793,-19.34,-19.64,-20.02,-20.41
-20.63,-20.62,-19.98,-18.27,-14.82,-5.217


8030126E95182215933G48-3NN081EFF00083

182,2059,1.639,1.349,3.681,1.495,1.511,91.8,92.4,6.074
6.606,167.8,171.2,805,2.595,3.799,-19.34,-19.63,-20.02,-20.41
-20.63,-20.62,-19.98,-18.26,-14.82,-5.46


8030126E95182205933G49-3NN081EFF00083

182,1959,1.868,1.538,5.442,1.614,1.607,89.9,90.3,4.98
5.448,163.5,170,806,2.596,3.794,-19.34,-19.63,-20.01,-20.41
-20.63,-20.61,-19.98,-18.26,-14.83,-5.575


8030126E95182195933G48-3NN081EFF00083

182,1859,2.75,2.223,5.633,1.714,1.64,89.6,90.3,4.627
5.057,168.9,173.8,806,2.581,3.803,-19.33,-19.63,-20.02,-20.42
-20.64,-20.63,-20,-18.31,-14.82,-5.709


8030126E95182185900M      081E0000060

-46.91,468.6,6.163,461.3,13.56,43.84,2.08


MESSAGE                           




77.97,7730,7669,-7411,7.48


3NN081EFF00083@Bv@Y{FvFFkDMkFXkFVTBM

89.7,4.456,4.862,167.4,173.2,806,2.562,3.78,-19.35,-19.65
-20.03,-20.43,-20.65,-20.64,-20.02,-18.33,-14.91,-6.733


8030126E95182165933G49-3NN081EFF00083

182,1559,3.021,2.518,6.613,1.378,1.261,91.7,92.6,5.164
5.588,174.4,179.8,806,2.556,3.767,-19.36,-19.66,-20.04,-20.44
-20.66,-20.65,-20.03,-18.35,-14.94,-6.632


8030126E95182155933G48-3NN081EFF00083

182,1459,2.616,2.239,5.05,1.014,0.915,94.5,95.4,5.67
6.094,183.9,187.7,806,2.551,3.752,-19.36,-19.66,-20.05,-20.45
-20.66,-20.65,-20.04,-18.36,-14.94,-6.411


8030126E95182145933G48-3NN081EFF00083

182,1359,1.66,1.454,2.237,0.658,0.525,96.5,97.6,5.952
6.362,190.7,195.6,804,2.547,3.746,-19.36,-19.65,-20.04,-20.44
-20.66,-20.65,-20.03,-18.34,-14.93,-6.029


8030126E95182135933G48-3NN081EFF00083

182,1259,1.267,1.117,1.339,0.566,0.426,97.3,98.4,6.586
7.05,195.8,200.5,804,2.546,3.743,-19.36,-19.65,-20.04,-20.44
-20.66,-20.66,-20.03,-18.34,-14.93,-5.395


8030126E95182125933G48-3NN081EFF00083

182,1159,1.169,1.032,1.266,0.472,0.305,97.7,98.7,5.9
6.304,203.3,206.3,803,2.544,3.741,-19.36,-19.66,-20.04,-20.45
-20.68,-20.67,-20.05,-18.37,-14.95,-5.116


8030126E95182115933G48-3NN081EFF00083

182,1059,0.61,0.552,0.554,0.191,0.09,98.1,98.9,6.262
6.69,191.7,197.2,803,2.543,3.741,-19.36,-19.65,-20.04,-20.44
-20.68,-20.67,-20.05,-18.36,-14.95,-6.108


8030126E95182105933G48-3NN081EFF00083

182,959,0.42,0.415,0.272,0.055,-0.084,98.1,98.9,7.17
7.71,179.6,185.3,803,2.54,3.745,-19.36,-19.65,-20.04,-20.44
-20.68,-20.67,-20.05,-18.35,-14.94,-7.2


8030126E95182095933G49-3NN081EFF00083

182,859,0.417,0.389,0.098,-0.016,-0.172,98,98.9,6.228
6.721,175.3,180.3,803,2.536,3.745,-19.36,-19.65,-20.04,-20.44
-20.68,-20.67,-20.05,-18.36,-14.95,-7.61


8030126E95182085933G49-3NN081EFF00083

182,759,0.54,0.509,0.16,-0.134,-0.258,97.9,98.7,5.449
5.826,185.9,189.4,804,2.531,3.744,-19.36,-19.66,-20.04,-20.45
-20.69,-20.68,-20.06,-18.38,-14.97,-7.62


8030126E95182075933G48-3NN081EFF00083

182,659,0.288,0.273,0.161,-0.353,-0.495,97.8,98.5,6.014
6.374,193.5,199.9,804,2.535,3.747,-19.37,-19.66,-20.05,-20.45
-20.71,-20.7,-20.09,-18.41,-14.99,-7.64


8030126E95182065933G48-3NN081EFF00083

182,559,0.25,0.232,0.245,-0.907,-1.003,97.3,98.1,6.458
6.854,193.5,199.6,803,2.538,3.754,-19.37,-19.67,-20.05,-20.46
-20.71,-20.7,-20.09,-18.41,-14.99,-7.65


8030126E95182055933G49-3NN081EFF00083

182,459,0.048,0.046,0.057,-1.374,-1.501,96.9,97.7,5.626
5.973,186.9,190.6,804,2.535,3.756,-19.37,-19.67,-20.05,-20.46
-20.71,-20.7,-20.09,-18.4,-14.99,-7.66


8030126E95182045933G49-3NN081EFF00083

182,359,0.035,0.033,0.01,-1.655,-1.808,96.7,97.4,5.978
6.365,186.8,193.7,804,2.535,3.758,-19.37,-19.66,-20.05,-20.45
-20.71,-20.7,-20.09,-18.39,-14.98,-7.66


8030126E95182035933G49-3NN081EFF00083

182,259,0.067,0.063,0.027,-1.331,-1.495,96.8,97.6,5.932
6.294,193.5,199.3,804,2.524,3.745,-19.37,-19.66,-20.05,-20.45
-20.71,-20.7,-20.09,-18.4,-14.99,-7.67


8030126E95182025933G49-3NN081EFF00083

182,159,0.122,0.115,0.095,-1.396,-1.536,96.5,97.4,5.76
6.108,191.9,197.1,804,2.537,3.729,-19.37,-19.66,-20.05,-20.45
-20.71,-20.71,-20.1,-18.41,-15,-7.68


8030126E95182015933G49-3NN081EFF00083

182,59,0.208,0.195,0.06,-1.887,-1.989,95.7,96.6,5.995
6.374,184.2,191.9,804,2.537,3.744,-19.35,-19.65,-20.04,-20.44
-20.71,-20.7,-20.09,-18.39,-14.98,-7.68


8030126E95182005933G50-3NN081EFF00083

181,2359,0.367,0.346,0.043,-1.458,-1.563,95.9,97,5.828
6.217,185.9,192.8,804,2.537,3.759,-19.35,-19.65,-20.03,-20.44
-20.71,-20.7,-20.09,-18.4,-14.99,-7.69


8030126E95181235933G49-3NN081EFF00083

181,2259,0.564,0.534,-0.133,-1.487,-1.615,94.8,96,5.769
6.13,186.5,189.2,804,2.537,3.757,-19.35,-19.65,-20.03,-20.44
-20.7,-20.7,-20.09,-18.39,-14.99,-7.69


8030126E95181225933G49-3NN081EFF00083

181,2159,0.935,0.884,-0.229,-1.284,-1.429,94.4,95.6,6.061
6.443,191.5,198.7,804,2.537,3.738,-19.35,-19.64,-20.03,-20.43
-20.7,-20.7,-20.09,-18.39,-14.99,-7.7


8030126E95181215933G49-3NN081EFF00083

181,2059,1.205,1.141,-0.523,-1.028,-1.222,93.3,94.6,5.201
5.506,199.6,203.4,804,2.533,3.747,-19.34,-19.64,-20.03,-20.43
-20.7,-20.69,-20.09,-18.4,-15,-7.7


8030126E95181205933G49-3NN081EFF00083

181,1959,1.809,1.707,-0.616,-0.886,-1.032,91.6,93.1,5.711
6.064,200.3,206,804,2.54,3.753,-19.35,-19.64,-20.03,-20.43
-20.7,-20.7,-20.1,-18.41,-15.01,-7.72


8030126E95181195933G49-3NN081EFF00083

181,1859,1.96,1.856,-0.918,-0.87,-1.06,92,93.6,5.748
6.095,196.1,201.2,804,2.545,3.748,-19.34,-19.64,-20.03,-20.43
-20.7,-20.7,-20.09,-18.41,-15,-7.71


8030126E95181185933G49-3NN081EFF00083

181,1759,2.493,2.348,-0.646,-0.785,-1.04,89.4,91.1,5.302
5.605,200.4,203.5,804,2.542,3.759,-19.35,-19.65,-20.03,-20.44
-20.71,-20.71,-20.11,-18.44,-15.03,-7.73


8030126E95181175933G49-3NN081EFF00083

181,1659,2.87,2.7,-0.718,-0.817,-1.003,88.1,89.7,5.154
5.433,206,206,804,2.538,3.764,-19.36,-19.66,-20.04,-20.46
-20.72,-20.73,-20.13,-18.47,-15.07,-7.76


8030126E95181165933G49-3NN081EFF00083

181,1559,2.846,2.692,-1.418,-1.184,-1.387,89.1,90.6,5.129
5.373,204.9,208.8,805,2.542,3.762,-19.36,-19.66,-20.05,-20.46
-20.73,-20.73,-20.14,-18.48,-15.08,-7.78


8030126E95181155933G50-3NN081EFF00083

181,1459,1.986,1.895,-1.816,-1.486,-1.616,91.5,92.9,5.918
6.092,211.4,212.4,805,2.542,3.749,-19.35,-19.65,-20.03,-20.44
-20.71,-20.72,-20.12,-18.44,-15.04,-7.77


