11,158,330,.069,.135,-.756,-3.325,.869,.304,0,0,-2.027,-1.941,0,0,0,0,4.613,4.985,0,0,0,0,0,-8.48,-8.51,-8.88,-9.2,-9.53,-9.75,-9.6,-7.65,-2.107,-.525,-.036,-.001,-.121,-2.486,-1.948,0
11,158,340,.075,.142,-.767,-3.382,.87,.311,.001,.003,-2.141,-2.057,-2.223,-2.075,87.6,93.7,4.658,4.909,112.8,104.9,0,0,0,-8.49,-8.53,-8.89,-9.22,-9.53,-9.77,-9.61,-7.66,-2.114,-.535,-.037,-.01,-.121,-2.553,-2.053,0
11,158,350,.081,.151,-.771,-3.519,.869,.32,.002,.003,-2.201,-2.117,-2.421,-2.273,92.4,98.9,4.749,4.976,118.7,109.8,0,2.607,2.627,-8.49,-8.53,-8.91,-9.24,-9.55,-9.79,-9.63,-7.68,-2.139,-.551,-.056,-.02,-.118,-2.573,-2.125,0
11,158,400,.082,.156,-.777,-3.625,.865,.33,.001,.005,-2.271,-2.2,-2.493,-2.345,92.3,98.8,4.793,5.017,122.1,110.9,0,2.611,2.626,-8.5,-8.54,-8.92,-9.25,-9.56,-9.8,-9.64,-7.68,-2.152,-.564,-.065,-.028,-.133,-2.648,-2.209,0
11,158,410,.103,.196,-.745,-3.703,.871,.349,.005,.008,-2.4,-2.322,-2.568,-2.441,92.4,98.9,4.665,4.933,121.7,112.6,488.4,2.605,2.625,-8.51,-8.55,-8.93,-9.26,-9.57,-9.8,-9.64,-7.69,-2.161,-.573,-.039,-.035,-.141,-2.736,-2.311,12.2
11,158,420,.148,.271,-.67,-3.656,.891,.376,.005,.007,-2.416,-2.341,-2.601,-2.467,92.6,99.2,4.798,5.046,117.6,109.2,488.4,2.597,2.626,-8.51,-8.56,-8.94,-9.26,-9.57,-9.81,-9.64,-7.69,-2.164,-.581,-.049,-.039,-.141,-2.691,-2.331,12.2
11,158,430,.18,.325,-.624,-3.584,.902,.399,.003,.007,-2.373,-2.297,-2.588,-2.36,92.9,98.8,4.893,5.136,119.4,109.4,488.4,2.603,2.626,-8.52,-8.58,-8.95,-9.27,-9.58,-9.81,-9.65,-7.69,-2.168,-.589,-.069,-.044,-.145,-2.592,-2.271,12.2
11,158,440,.226,.404,-.566,-3.497,.914,.432,.005,.012,-2.347,-2.28,-2.514,-2.347,92.9,98.9,4.904,5.136,117.4,109.6,488.4,2.6,2.626,-8.53,-8.59,-8.96,-9.27,-9.58,-9.81,-9.65,-7.69,-2.168,-.594,-.053,-.047,-.143,-2.497,-2.194,12.2
11,158,450,.302,.53,-.479,-3.39,.93,.476,.004,.013,-2.335,-2.274,-2.494,-2.327,92.9,98.9,4.862,5.078,116.8,107.2,488.4,2.601,2.626,-8.54,-8.6,-8.97,-9.28,-9.58,-9.82,-9.65,-7.69,-2.171,-.6,-.044,-.05,-.144,-2.372,-2.123,12.2
11,158,500,.431,.701,-.476,-3.217,.95,.514,.008,.01,-2.244,-2.205,-2.393,-2.254,92.5,98.6,5.014,5.242,115.2,106.5,488.4,2.601,2.626,-8.54,-8.61,-8.97,-9.27,-9.58,-9.81,-9.64,-7.68,-2.168,-.599,-.045,-.05,-.135,-1.987,-1.839,12.2
11,158,510,.487,.769,-.369,-2.979,.969,.553,.004,.011,-2.083,-2.048,-2.066,-2.006,91.5,97.8,5.188,5.416,119.1,109.7,488.4,2.594,2.626,-8.54,-8.61,-8.99,-9.28,-9.59,-9.82,-9.65,-7.68,-2.165,-.598,-.073,-.043,-.128,-1.639,-1.41,12.2
11,158,520,.523,.807,-.268,-2.81,.988,.592,.007,.013,-1.947,-1.909,-1.959,-1.859,91.1,97.2,5.465,5.717,121.2,114.9,488.4,2.601,2.625,-8.54,-8.61,-9,-9.29,-9.6,-9.82,-9.65,-7.68,-2.164,-.598,-.078,-.044,-.127,-1.471,-1.219,12.2
11,158,530,.446,.713,-.235,-2.645,1.009,.633,.004,.011,-1.823,-1.779,-1.839,-1.752,91.1,97,5.485,5.723,123.1,112.6,488.4,2.599,2.625,-8.53,-8.61,-9.01,-9.3,-9.6,-9.82,-9.65,-7.68,-2.159,-.597,-.054,-.041,-.125,-1.51,-1.185,12.2
11,158,540,.342,.578,-.249,-2.62,1.018,.669,.002,.011,-1.845,-1.806,-1.872,-1.799,91.4,97.2,5.515,5.725,123.6,115.9,488.4,2.602,2.626,-8.53,-8.6,-9,-9.29,-9.59,-9.82,-9.64,-7.67,-2.155,-.595,-.059,-.036,-.122,-1.668,-1.399,12.2
11,158,550,.294,.521,-.277,-2.663,1.014,.725,.008,.02,-1.873,-1.833,-1.986,-1.859,91.4,97.1,5.477,5.715,128,119.1,488.4,2.6,2.625,-8.52,-8.59,-8.99,-9.28,-9.59,-9.81,-9.64,-7.66,-2.148,-.592,-.058,-.033,-.122,-1.795,-1.558,12.2
11,158,600,.291,.524,-.362,-2.87,.977,.791,.011,.02,-1.975,-1.929,-2.071,-1.925,91.7,97.4,5.051,5.302,121.9,111.9,488.4,2.597,2.625,-8.52,-8.58,-8.98,-9.28,-9.58,-9.81,-9.63,-7.66,-2.143,-.595,-.071,-.032,-.114,-1.93,-1.68,12.2
11,158,610,.313,.565,-.409,-3.077,.952,.872,.004,.026,-2.09,-2.034,-2.26,-2.073,91.9,97.6,4.732,4.952,121.7,116,488.8,2.602,2.626,-8.51,-8.56,-8.97,-9.27,-9.58,-9.81,-9.63,-7.65,-2.141,-.596,-.071,-.032,-.11,-2.067,-1.788,12.22
11,158,620,.35,.633,-.4,-3.138,.949,.958,.003,.026,-2.05,-1.995,-2.227,-2.053,91.7,97.4,4.814,5.065,121.3,115,488.8,2.602,2.626,-8.5,-8.56,-8.97,-9.27,-9.58,-9.8,-9.63,-7.65,-2.138,-.599,-.055,-.03,-.111,-2.051,-1.764,12.22
11,158,630,.404,.726,-.338,-3.07,.963,1.06,.004,.033,-1.988,-1.941,-2.12,-1.999,91,96.8,5.075,5.304,121.4,112.1,488.8,2.594,2.626,-8.51,-8.57,-8.97,-9.27,-9.58,-9.8,-9.63,-7.65,-2.136,-.599,-.062,-.03,-.105,-1.921,-1.667,12.22
11,158,640,.502,.894,-.232,-2.985,.981,1.205,.004,.045,-2.047,-2.002,-2.153,-1.999,91,96.6,4.896,5.097,117.4,110.6,488.8,2.598,2.625,-8.51,-8.58,-8.97,-9.27,-9.58,-9.8,-9.63,-7.65,-2.135,-.605,-.063,-.03,-.098,-1.818,-1.601,12.22
11,158,650,.542,.954,-.234,-2.979,.969,1.279,.007,.01,-1.997,-1.948,-2.113,-1.986,90.7,96.4,4.911,5.13,122.4,115.2,488.8,2.593,2.626,-8.52,-8.58,-8.97,-9.27,-9.58,-9.81,-9.63,-7.64,-2.133,-.605,-.041,-.032,-.099,-1.748,-1.496,12.22
11,158,700,.578,.999,-.247,-3.052,.958,1.371,.001,.041,-2.085,-2.035,-2.119,-1.951,90.4,96.1,4.767,4.995,123.8,115.2,488.8,2.591,2.627,-8.51,-8.57,-8.98,-9.28,-9.58,-9.81,-9.63,-7.64,-2.13,-.607,-.018,-.033,-.101,-1.758,-1.444,12.22
11,158,710,.673,1.161,-.166,-3.073,.964,1.527,.004,.039,-2.185,-2.134,-2.247,-2.039,90.5,96.2,4.481,4.714,121,112.2,488.9,2.598,2.626,-8.51,-8.57,-8.97,-9.28,-9.58,-9.81,-9.63,-7.64,-2.128,-.608,-.071,-.03,-.091,-1.697,-1.45,12.25
11,158,720,.774,1.337,-.101,-2.997,.973,1.684,.004,.079,-2.083,-2.034,-2.146,-1.959,90.3,96.1,4.46,4.701,119.6,111.6,488.9,2.595,2.626,-8.51,-8.57,-8.98,-9.27,-9.58,-9.81,-9.62,-7.64,-2.128,-.608,-.071,-.029,-.086,-1.524,-1.342,12.25
11,158,730,.915,1.595,-.032,-2.814,.978,1.931,.005,.096,-1.919,-1.877,-1.939,-1.812,90,95.7,4.726,4.952,123.7,116.5,488.9,2.6,2.626,-8.52,-8.58,-8.98,-9.28,-9.58,-9.81,-9.62,-7.63,-2.125,-.613,-.071,-.03,-.08,-1.248,-.999,12.25
11,158,740,1.184,2.043,.187,-2.56,.998,2.211,.008,.058,-1.845,-1.807,-1.832,-1.665,89.2,94.8,5.038,5.243,124.1,115.3,488.9,2.598,2.624,-8.52,-8.59,-8.99,-9.28,-9.58,-9.81,-9.62,-7.63,-2.116,-.614,-.051,-.032,-.074,-.904,-.652,12.25
11,158,750,1.369,2.325,.381,-2.278,1.021,2.35,.004,.022,-1.719,-1.698,-1.625,-1.424,88.7,94.4,4.4,4.568,123.7,113.8,488.9,2.595,2.625,-8.53,-8.6,-9,-9.28,-9.58,-9.81,-9.62,-7.63,-2.113,-.612,-.062,-.031,-.065,-.449,-.246,12.25
11,158,800,1.104,1.943,.185,-2.136,1.025,2.362,.003,.04,-1.554,-1.523,-1.474,-1.325,89.6,95.2,4.321,4.465,127.5,119.7,488.9,2.599,2.625,-8.52,-8.59,-9,-9.28,-9.58,-9.81,-9.62,-7.62,-2.099,-.608,-.061,-.027,-.055,-.59,-.153,12.25
11,158,810,1.037,1.875,.141,-2.04,1.034,2.498,.004,.033,-1.46,-1.422,-1.418,-1.291,90,95.6,5.467,5.665,133.9,124.6,488.9,2.589,2.623,-8.51,-8.59,-9,-9.28,-9.58,-9.8,-9.61,-7.62,-2.094,-.602,-.049,-.021,-.051,-.715,-.365,12.31
11,158,820,1.072,1.952,.195,-1.949,1.046,2.686,.002,.06,-1.381,-1.348,-1.377,-1.244,90.5,96,5.477,5.684,131.3,121.5,488.9,2.593,2.629,-8.51,-8.59,-8.98,-9.27,-9.57,-9.8,-9.61,-7.61,-2.084,-.596,-.02,-.014,-.043,-.619,-.395,12.31
11,158,830,1.137,2.059,.202,-1.811,1.047,2.805,.004,.021,-1.244,-1.216,-1.224,-1.083,90.7,96.3,5.099,5.264,137.1,130.4,488.9,2.596,2.623,-8.51,-8.59,-8.98,-9.27,-9.57,-9.79,-9.6,-7.6,-2.081,-.596,-.006,-.015,-.04,-.43,-.222,12.31
11,158,840,1.153,2.099,.208,-1.752,1.046,2.946,.002,.055,-1.236,-1.206,-1.21,-1.103,91,96.6,5.104,5.284,141,130.1,488.9,2.596,2.623,-8.51,-8.59,-8.97,-9.27,-9.57,-9.79,-9.6,-7.6,-2.081,-.6,.012,-.014,-.036,-.382,-.159,12.31
11,158,850,1.291,2.34,.27,-1.735,1.031,3.2,.005,.113,-1.25,-1.22,-1.177,-1.003,91,96.7,4.589,4.764,131.4,121.1,488.9,2.595,2.622,-8.51,-8.58,-8.97,-9.26,-9.56,-9.79,-9.6,-7.6,-2.078,-.597,-.04,-.013,-.027,-.189,.075,12.31
11,158,900,1.508,2.685,.369,-1.616,1.013,3.452,.01,.09,-1.146,-1.114,-1.018,-.878,90.7,96.3,4.882,5.064,134,125.4,488.9,2.595,2.626,-8.5,-8.58,-8.97,-9.26,-9.56,-9.78,-9.6,-7.59,-2.075,-.597,-.023,-.012,-.016,.03,.427,12.31
11,158,910,1.33,2.441,.18,-1.669,1.012,3.557,.014,.22,-1.148,-1.122,-1.111,-.897,91.7,97.3,5.323,5.513,142.7,136.9,488.9,2.592,2.622,-8.49,-8.57,-8.97,-9.26,-9.56,-9.78,-9.59,-7.59,-2.071,-.592,.021,-.009,-.011,-.202,.04,12.36
11,158,920,1.62,3.029,.439,-1.242,1.079,4.144,.033,.081,-.9,-.887,-.806,-.693,91.9,97.6,5.061,5.249,146.6,136,488.9,2.592,2.624,-8.51,-8.59,-8.96,-9.25,-9.55,-9.78,-9.59,-7.58,-2.065,-.581,.013,-.006,.009,.236,.307,12.36
11,158,930,1.735,3.335,.644,-.576,1.196,4.532,.013,.172,-.548,-.555,-.488,-.414,92,97.9,5.164,5.307,150.4,141.5,488.9,2.59,2.623,-8.53,-8.62,-8.96,-9.24,-9.54,-9.77,-9.57,-7.57,-2.056,-.571,.055,-.007,.047,.721,.65,12.36
11,158,940,1.623,3.172,.49,-.284,1.215,4.596,.003,.062,-.386,-.402,-.263,-.19,92.4,98.4,4.581,4.656,159.2,149.6,488.9,2.594,2.623,-8.54,-8.64,-8.94,-9.23,-9.54,-9.77,-9.56,-7.56,-2.047,-.563,.11,0,.127,1.024,.911,12.36
11,158,950,1.712,3.303,.648,-.22,1.195,4.745,.023,.1,-.336,-.344,-.172,-.072,91.7,97.8,3.49,3.562,150.2,142.7,488.9,2.588,2.62,-8.53,-8.63,-8.93,-9.22,-9.53,-9.75,-9.56,-7.55,-2.038,-.554,.062,.017,.23,1.439,1.225,12.36
11,158,1000,1.667,3.188,.623,-.135,1.18,4.764,.035,.16,-.274,-.257,-.065,.036,91.7,97.8,3.393,3.455,137.3,129.3,488.9,2.59,2.619,-8.51,-8.61,-8.93,-9.21,-9.51,-9.74,-9.54,-7.53,-2.022,-.541,.004,.034,.286,1.576,1.87,12.36
11,158,1010,1.74,3.377,.703,-.107,1.207,5.026,.002,.102,-.301,-.302,-.173,-.04,92.7,98.6,4.653,4.79,141.6,135.3,488.9,2.592,2.621,-8.49,-8.57,-8.91,-9.2,-9.5,-9.73,-9.53,-7.52,-2.014,-.531,.079,.048,.291,1.287,1.294,12.45
11,158,1020,1.675,3.301,.637,-.117,1.211,5.134,.003,.036,-.313,-.321,-.187,-.12,93.6,99.8,4.517,4.664,145.4,138.4,488.9,2.589,2.621,-8.47,-8.55,-8.88,-9.18,-9.49,-9.72,-9.52,-7.51,-2.004,-.522,.087,.057,.314,1.254,1.195,12.45
11,158,1030,1.409,2.824,.486,-.126,1.21,4.894,.006,.159,-.298,-.308,-.221,-.127,94.9,101,4.678,4.82,146.4,138.1,488.9,2.596,2.619,-8.46,-8.53,-8.87,-9.17,-9.48,-9.71,-9.52,-7.5,-1.996,-.52,.121,.064,.314,1.091,1.1,12.45
11,158,1040,1.119,2.325,.263,-.254,1.195,4.495,.008,.101,-.398,-.419,-.421,-.314,96.3,102.9,5.135,5.259,140,134.7,488.9,2.593,2.627,-8.44,-8.5,-8.86,-9.17,-9.48,-9.71,-9.51,-7.49,-1.992,-.516,.155,.071,.231,.632,.636,12.45
11,158,1050,1.408,2.955,.357,-.298,1.21,5.089,.004,.24,-.341,-.358,-.421,-.294,96.2,103.4,5.276,5.415,138.2,127.5,488.9,2.59,2.621,-8.44,-8.49,-8.85,-9.17,-9.48,-9.71,-9.51,-7.49,-1.99,-.515,.155,.076,.241,.752,.751,12.45
11,158,1100,1.863,3.891,.537,-.275,1.218,5.862,.006,.098,-.267,-.281,-.291,-.15,95.9,103.5,4.799,4.935,137.6,127.8,488.9,2.594,2.617,-8.45,-8.51,-8.86,-9.17,-9.48,-9.71,-9.51,-7.49,-1.992,-.519,.069,.069,.3,1.229,1.222,12.45
11,158,1110,1.872,3.901,.548,-.237,1.211,5.875,.005,.091,-.175,-.2,-.134,-.007,95.8,103.7,4.21,4.35,137.6,130.1,488.7,2.595,2.617,-8.45,-8.52,-8.87,-9.18,-9.48,-9.71,-9.51,-7.49,-1.992,-.518,.043,.068,.334,1.45,1.603,12.49
11,158,1120,1.845,3.846,.555,-.229,1.199,5.897,.003,.197,-.116,-.135,-.127,.06,95.9,104,4.474,4.586,135.5,128,488.7,2.594,2.617,-8.45,-8.51,-8.88,-9.18,-9.49,-9.71,-9.51,-7.49,-1.989,-.517,.083,.07,.323,1.467,1.606,12.49
11,158,1130,1.687,3.498,.469,-.415,1.147,5.751,.015,.108,-.136,-.146,-.074,.06,96,104,4.648,4.769,136.1,129.3,488.7,2.594,2.617,-8.45,-8.52,-8.88,-9.18,-9.49,-9.71,-9.51,-7.49,-1.988,-.52,.109,.069,.319,1.311,1.6,12.49
11,158,1140,1.892,3.947,.651,-.192,1.191,6.172,.026,.248,-.037,-.073,0,.08,95.7,104,4.74,4.861,140.4,135,488.7,2.603,2.619,-8.44,-8.5,-8.87,-9.18,-9.49,-9.71,-9.51,-7.48,-1.987,-.521,.135,.068,.323,1.467,1.521,12.49
11,158,1150,2.14,4.451,.812,.043,1.22,6.579,.012,.142,.135,.081,.267,.254,94.9,103.7,4.903,5.041,144.4,135.9,488.7,2.598,2.623,-8.45,-8.53,-8.89,-9.19,-9.49,-9.71,-9.51,-7.48,-1.991,-.528,.114,.063,.362,1.841,1.836,12.49
11,158,1200,1.439,3.013,.512,.063,1.222,5.675,.006,.376,.136,.088,.251,.193,95.7,103.9,5.217,5.328,151.3,143.3,488.7,2.594,2.621,-8.45,-8.52,-8.88,-9.19,-9.49,-9.71,-9.51,-7.48,-1.991,-.533,.106,.062,.315,1.342,1.449,12.49
11,158,1210,2.109,4.378,.762,.076,1.229,6.665,.005,.597,.193,.133,.294,.294,95.3,103.4,5.445,5.549,157,148,488.7,2.592,2.625,-8.45,-8.51,-8.86,-9.17,-9.48,-9.71,-9.51,-7.47,-1.987,-.529,.142,.065,.347,1.753,1.564,12.49
11,158,1220,1.943,4.024,.607,.062,1.217,6.64,.005,.166,.101,.054,.328,.294,95.4,102.9,5.568,5.623,157.7,151.5,488.7,2.594,2.621,-8.45,-8.52,-8.87,-9.18,-9.49,-9.72,-9.51,-7.48,-1.987,-.535,.136,.059,.367,1.638,1.573,12.49
11,158,1230,2.045,4.233,.654,.041,1.224,6.904,.01,.397,.046,.012,.187,.274,95.7,102.8,5.341,5.316,160.9,153.4,488.7,2.587,2.622,-8.45,-8.52,-8.87,-9.18,-9.49,-9.71,-9.51,-7.47,-1.987,-.536,.167,.06,.39,1.69,1.529,12.49
11,158,1240,2.348,4.887,.64,.021,1.232,7.86,.011,.624,.088,.053,.227,.267,95.6,102.8,5.027,5.122,155.5,150.4,488.7,2.583,2.623,-8.45,-8.52,-8.86,-9.18,-9.48,-9.71,-9.5,-7.47,-1.982,-.534,.189,.062,.439,1.959,1.677,12.49
11,158,1250,2.431,5.051,.863,.139,1.238,7.8,.004,.361,.183,.13,.481,.508,94.7,102.2,4.929,5.06,153.5,144.4,488.7,2.59,2.62,-8.47,-8.55,-8.87,-9.18,-9.49,-9.71,-9.5,-7.46,-1.98,-.536,.137,.06,.498,2.067,2.088,12.49
11,158,1300,1.823,3.796,.578,.119,1.228,6.869,.006,.303,.205,.143,.363,.449,95.4,102.6,4.477,4.565,156.7,147.5,488.7,2.594,2.616,-8.46,-8.53,-8.86,-9.17,-9.48,-9.7,-9.49,-7.46,-1.976,-.529,.091,.071,.472,1.766,1.84,12.49
11,158,1310,2.167,4.499,.718,.139,1.236,7.58,.003,.134,.289,.232,.539,.559,94.7,102,4.055,4.15,148.5,140.3,488.7,2.593,2.617,-8.45,-8.52,-8.85,-9.16,-9.47,-9.7,-9.48,-7.45,-1.965,-.519,.048,.078,.513,2.126,2.11,12.55
11,158,1320,2.523,5.27,.873,.196,1.235,8.33,.007,.288,.339,.345,.646,.68,94.2,101.7,4.538,4.657,148.3,140.2,488.7,2.591,2.617,-8.45,-8.53,-8.86,-9.16,-9.47,-9.69,-9.49,-7.44,-1.963,-.519,.106,.08,.597,2.484,2.411,12.55
11,158,1330,1.717,3.66,.442,.132,1.216,7.02,.004,.335,.208,.211,.384,.39,95.8,102.8,4.7,4.827,152.1,144.8,488.7,2.589,2.62,-8.43,-8.5,-8.84,-9.16,-9.46,-9.69,-9.48,-7.44,-1.964,-.521,.125,.084,.518,1.759,1.689,12.55
11,158,1340,1.54,3.4,.187,.053,1.197,6.815,.008,.093,.147,.13,.167,.233,96.8,103.6,4.689,4.757,159.9,147.4,488.7,2.585,2.618,-8.41,-8.55,-8.85,-9.15,-9.46,-9.69,-9.5,-7.5,-1.967,-.522,.142,.078,.426,1.181,.799,12.55
11,158,1350,1.625,3.751,-.072,-.076,1.214,7.11,.008,.456,.107,.12,.079,.185,98.2,104.4,5.176,5.3,154.2,143,488.7,2.585,2.63,-8.39,-8.38,-8.81,-9.15,-9.46,-9.69,-9.47,-7.4,-1.959,-.52,.232,.106,.317,.812,.191,12.55
11,158,1400,2.611,6.067,-.118,-.024,1.24,9.02,.013,.249,.133,.166,.253,.491,97.7,103.7,5.092,5.175,153.2,144,488.7,2.586,2.607,-8.41,-8.41,-8.82,-9.15,-9.47,-9.69,-9.47,-7.4,-1.956,-.52,.179,.106,.366,1.564,.608,12.55
11,158,1410,2.863,6.581,.125,.079,1.256,9.13,.008,.161,.125,.168,.374,.668,96.9,102.8,4.686,4.69,160.5,153.3,488.7,2.579,2.621,-8.42,-8.46,-8.84,-9.16,-9.47,-9.69,-9.48,-7.42,-1.963,-.527,.179,.09,.372,1.936,1.243,12.47
11,158,1420,3.067,7.01,.392,.169,1.245,9.25,.011,.149,.182,.276,.612,.886,95.7,101.9,4.554,4.558,159.6,153.5,488.7,2.581,2.607,-8.44,-8.49,-8.87,-9.18,-9.48,-9.7,-9.48,-7.43,-1.966,-.532,.165,.084,.486,2.479,1.97,12.47
11,158,1430,2.859,6.499,.427,.203,1.238,8.88,.007,.118,.225,.325,.678,.899,95.3,101.8,4.416,4.427,164.6,154.6,488.7,2.601,2.607,-8.45,-8.51,-8.87,-9.17,-9.48,-9.71,-9.49,-7.44,-1.972,-.537,.101,.077,.496,2.503,2.096,12.47
11,158,1440,2.823,6.373,.506,.166,1.225,8.86,.01,.09,.216,.334,.613,.854,95.4,101.9,4.599,4.632,160.2,151.3,488.7,2.571,2.61,-8.44,-8.5,-8.86,-9.17,-9.48,-9.71,-9.49,-7.43,-1.974,-.54,.116,.076,.49,2.405,2.023,12.47
11,158,1450,2.237,5.084,.382,.181,1.235,8.13,.006,.275,.154,.255,.485,.692,96.2,102.3,4.462,4.511,156.2,148.8,488.7,2.571,2.607,-8.43,-8.49,-8.86,-9.17,-9.48,-9.71,-9.49,-7.43,-1.971,-.539,.055,.079,.449,1.973,1.712,12.47
11,158,1500,3.405,7.89,.585,.182,1.26,10.5,.013,1.159,.368,.504,.706,.912,95.1,101.7,4.049,4.154,152.1,144.7,488.7,2.57,2.607,-8.44,-8.5,-8.85,-9.17,-9.47,-9.7,-9.48,-7.42,-1.965,-.535,.059,.086,.543,3.001,2.147,12.47
11,158,1510,3.827,8.83,.895,.28,1.244,10.46,.03,.323,.579,.754,1.272,1.472,92.4,99.4,3.938,4.024,150.8,143.3,488.6,2.569,2.63,-8.48,-8.57,-8.92,-9.2,-9.49,-9.71,-9.49,-7.43,-1.971,-.544,.052,.071,.649,3.841,3.16,12.75
11,158,1520,3.078,7.05,.55,.112,1.101,8.94,.016,.527,.639,.815,1.255,1.428,92,99,3.737,3.85,154.1,145,488.6,2.571,2.607,-8.46,-8.54,-8.88,-9.18,-9.49,-9.71,-9.48,-7.42,-1.975,-.55,.042,.062,.682,3.539,3.084,12.75
11,158,1530,3.161,7.13,.858,-.014,1.082,9.2,.009,.341,.755,.719,1.118,1.185,92,98.8,3.664,3.77,148.2,139.9,488.6,2.575,2.608,-8.42,-8.49,-8.84,-9.15,-9.46,-9.69,-9.47,-7.41,-1.963,-.54,.047,.074,.674,3.442,2.839,12.75
11,158,1540,3.61,8.1,1.224,.062,1.102,9.96,.006,.231,.692,.737,1.13,1.304,91.1,97.8,3.869,3.982,138.4,125.8,488.6,2.574,2.611,-8.46,-8.55,-8.83,-9.14,-9.44,-9.67,-9.45,-7.39,-1.943,-.524,.067,.087,.771,4.047,3.604,12.75
11,158,1550,3.347,7.46,1.153,.067,1.091,9.49,.005,.305,.705,.801,1.143,1.304,90.6,97,4.065,4.223,135,126.7,488.6,2.58,2.613,-8.48,-8.59,-8.82,-9.12,-9.43,-9.65,-9.44,-7.37,-1.929,-.514,.08,.095,.778,3.874,3.698,12.75
11,158,1600,3.089,6.829,1.027,.067,1.089,9.06,.003,.181,.848,.934,1.178,1.405,89.3,96,4.025,4.164,136.1,128.2,488.6,2.6,2.614,-8.45,-8.55,-8.81,-9.11,-9.42,-9.64,-9.43,-7.36,-1.924,-.508,.091,.1,.755,3.633,3.6,12.75
11,158,1610,3.028,6.65,1.056,.092,1.097,8.99,.007,.149,.887,.947,1.183,1.35,89.1,95.9,4.41,4.552,135.3,127.4,488.2,2.569,2.613,-8.44,-8.52,-8.8,-9.11,-9.41,-9.64,-9.42,-7.35,-1.914,-.497,.116,.109,.728,3.396,3.464,12.75
11,158,1620,2.98,6.483,.884,.095,1.09,8.82,.003,.065,.887,.938,1.176,1.29,88.8,95.8,4.778,4.939,140.4,133.7,488.2,2.567,2.615,-8.42,-8.49,-8.79,-9.1,-9.41,-9.63,-9.42,-7.35,-1.91,-.493,.133,.114,.715,3.137,3.209,12.75
11,158,1630,2.71,5.829,.803,.097,1.111,8.47,.014,.124,.883,.929,1.076,1.21,88.4,95.6,5.112,5.287,143.4,134.7,488.2,2.574,2.609,-8.39,-8.44,-8.78,-9.1,-9.41,-9.63,-9.42,-7.35,-1.912,-.495,.152,.117,.66,2.784,2.787,12.75
11,158,1640,2.893,6.194,.885,.097,1.118,8.73,.006,.041,.836,.885,1.062,1.149,89.1,96.2,5.241,5.425,141.6,133.8,488.2,2.584,2.609,-8.38,-8.44,-8.77,-9.1,-9.4,-9.63,-9.42,-7.34,-1.909,-.492,.131,.12,.664,2.851,2.802,12.75
11,158,1650,3.082,6.57,.975,.068,1.104,9.01,.002,.254,.807,.867,1.096,1.203,89.2,96.2,4.995,5.168,144.3,134.1,488.2,2.582,2.608,-8.39,-8.46,-8.78,-9.09,-9.4,-9.63,-9.41,-7.34,-1.901,-.49,.137,.123,.707,3.078,3.016,12.75
11,158,1700,3.658,7.78,1.499,.1,1.095,9.79,.003,.255,.869,.945,1.185,1.428,88.9,95.8,4.525,4.69,137.5,126.8,488.2,2.577,2.608,-8.42,-8.51,-8.78,-9.09,-9.39,-9.62,-9.4,-7.32,-1.891,-.484,.156,.128,.806,3.884,3.651,12.75
11,158,1710,4.104,8.69,1.719,.155,1.076,10.26,.012,.168,1.026,1.106,1.55,1.724,86.8,93.9,4.512,4.685,130.1,123.5,488.1,2.575,2.608,-8.47,-8.59,-8.79,-9.08,-9.38,-9.61,-9.39,-7.31,-1.88,-.479,.131,.13,.906,4.511,4.444,12.86
11,158,1720,3.804,8.03,1.55,.121,1.033,9.61,.012,.151,1.099,1.188,1.57,1.798,86.3,93.3,4.719,4.882,135.2,128.8,488.1,2.573,2.608,-8.46,-8.58,-8.77,-9.06,-9.37,-9.59,-9.37,-7.29,-1.868,-.475,.175,.132,.866,4.154,4.2,12.86
11,158,1730,3.616,7.65,1.181,.015,.99,9.15,.009,.223,1.124,1.202,1.55,1.744,86.1,93.1,5.121,5.32,141.9,133.1,488.1,2.575,2.607,-8.42,-8.51,-8.76,-9.06,-9.37,-9.59,-9.37,-7.29,-1.87,-.478,.17,.139,.793,3.628,3.394,12.86
11,158,1740,3.409,7.25,.864,-.083,.954,8.75,.006,.152,1.115,1.143,1.497,1.624,85.7,92.8,5.377,5.557,148.8,139.8,488.1,2.577,2.609,-8.38,-8.46,-8.75,-9.07,-9.38,-9.61,-9.39,-7.3,-1.887,-.498,.191,.131,.705,2.993,3.065,12.86
11,158,1750,2.987,6.333,.68,-.162,.961,8.18,.018,.224,.962,.996,1.336,1.403,86.8,93.9,4.781,4.961,150.6,142.8,488.1,2.592,2.611,-8.37,-8.43,-8.74,-9.07,-9.39,-9.61,-9.39,-7.31,-1.893,-.508,.18,.123,.648,2.187,2.895,12.86
11,158,1800,3.05,6.437,.852,-.1,.999,8.4,.019,.61,.986,1.04,1.216,1.373,87,94,5.104,5.266,145.6,139.1,488.1,2.591,2.617,-8.35,-8.4,-8.74,-9.08,-9.39,-9.62,-9.4,-7.31,-1.894,-.515,.215,.125,.63,2.209,2.892,12.86
11,158,1810,4.026,8.53,1.421,.078,1.029,9.46,.021,.501,1.101,1.194,1.564,1.764,85.4,92.5,5.477,5.63,143.6,136.5,488.2,2.58,2.617,-8.41,-8.5,-8.76,-9.08,-9.39,-9.62,-9.39,-7.3,-1.883,-.511,.251,.128,.704,2.539,3.542,12.86
11,158,1820,2.871,6.07,.788,-.022,1.012,7.72,.015,.667,.97,1.053,1.335,1.489,85.6,92.2,5.56,5.758,140.4,135.8,488.2,2.575,2.617,-8.4,-8.48,-8.76,-9.08,-9.39,-9.62,-9.39,-7.3,-1.887,-.515,.186,.125,.659,2.534,3.18,12.86
11,158,1830,2.277,4.695,.64,-.043,1.075,6.961,.014,.071,.853,.914,1.013,1.16,84.4,90.8,5.789,5.982,143.8,136.2,488.2,2.574,2.617,-8.33,-8.37,-8.74,-9.08,-9.39,-9.62,-9.39,-7.3,-1.888,-.517,.135,.132,.581,2.117,2.473,12.86
11,158,1840,2.673,5.47,.932,.193,1.169,7.66,.037,.369,.777,.812,.874,1.014,88.1,94.7,6.356,6.562,145.8,135.4,488.2,2.574,2.618,-8.32,-8.35,-8.73,-9.07,-9.39,-9.61,-9.39,-7.3,-1.884,-.515,.163,.139,.607,2.326,2.454,12.86
11,158,1850,3.277,6.698,1.126,.31,1.22,8.54,.008,.273,.667,.676,.855,.942,92.1,99.2,6.177,6.416,149.9,142.3,488.2,2.574,2.618,-8.34,-8.37,-8.75,-9.09,-9.4,-9.62,-9.39,-7.3,-1.891,-.523,.186,.135,.698,2.636,2.517,12.86
11,158,1900,3.397,7.05,1.16,.276,1.198,8.24,.023,.538,.551,.592,.816,.842,92.2,99.6,6.395,6.66,142.6,131.5,488.2,2.575,2.621,-8.37,-8.42,-8.77,-9.1,-9.41,-9.63,-9.4,-7.3,-1.893,-.529,.133,.129,.7,2.543,2.669,12.86
11,158,1910,2.785,5.909,.847,.092,1.119,7.02,.017,.646,.408,.455,.681,.742,92.6,99.8,6.071,6.297,144.1,133,488.2,2.576,2.62,-8.37,-8.44,-8.79,-9.12,-9.43,-9.65,-9.41,-7.31,-1.904,-.541,.147,.125,.631,2.017,2.456,12.77
11,158,1920,1.956,4.115,.434,-.13,1.085,5.891,.016,.461,.223,.263,.261,.374,94.4,101.1,5.82,6.016,142.2,131.6,488.2,2.575,2.622,-8.34,-8.37,-8.78,-9.12,-9.43,-9.65,-9.41,-7.32,-1.914,-.553,.131,.121,.498,1.396,1.781,12.77
11,158,1930,1.836,3.928,.26,-.352,1.056,5.579,.035,.19,.169,.211,.174,.274,94.6,101.2,5.179,5.377,138.4,128.1,488.2,2.576,2.623,-8.34,-8.37,-8.77,-9.11,-9.43,-9.65,-9.41,-7.31,-1.913,-.554,.128,.118,.47,1.281,1.681,12.77
11,158,1940,2.274,4.933,.324,-.519,1.018,5.995,.019,.133,.122,.191,.214,.354,93.7,100.3,5.04,5.227,134.1,123.9,488.2,2.577,2.62,-8.35,-8.4,-8.79,-9.12,-9.43,-9.66,-9.42,-7.31,-1.918,-.559,.157,.115,.527,1.465,1.93,12.77
11,158,1950,1.908,4.107,.2,-.571,.994,5.42,.025,.315,.106,.189,.267,.428,94.4,100.7,5.498,5.692,132.7,123.7,488.2,2.577,2.621,-8.42,-8.5,-8.87,-9.18,-9.49,-9.7,-9.45,-7.33,-1.936,-.575,.123,.103,.43,1.181,1.95,12.77
11,158,2000,1.773,3.822,.092,-.734,.987,5.219,.008,.04,.046,.119,.082,.261,94.5,100.8,4.919,5.109,132.6,120,488.2,2.577,2.618,-8.36,-8.39,-8.8,-9.13,-9.45,-9.67,-9.43,-7.33,-1.939,-.585,.102,.103,.436,1.128,1.702,12.77
11,158,2010,2.142,4.636,.308,-.66,1.013,5.589,.005,.117,.071,.144,.16,.314,92.9,99.3,4.52,4.693,127.1,122.2,488.1,2.575,2.618,-8.37,-8.42,-8.78,-9.12,-9.43,-9.66,-9.41,-7.31,-1.92,-.57,.165,.111,.51,1.499,1.978,12.64
11,158,2020,1.976,4.333,.069,-.709,.974,5.201,.013,.152,.171,.258,.307,.428,92.3,98.6,5.054,5.232,136.7,128.9,488.1,2.576,2.617,-8.39,-8.45,-8.8,-9.13,-9.44,-9.66,-9.42,-7.31,-1.92,-.575,.158,.103,.51,1.383,2.019,12.64
11,158,2030,2.049,4.578,-.038,-.731,.954,5.115,.002,.058,.365,.444,.488,.568,90.6,96.9,5.314,5.521,144.5,137.4,488.1,2.576,2.616,-8.4,-8.45,-8.81,-9.14,-9.45,-9.67,-9.42,-7.31,-1.931,-.588,.174,.094,.497,1.431,1.889,12.64
11,158,2040,2.193,4.929,.069,-.706,.953,5.142,.001,.067,.408,.505,.628,.748,89.6,95.9,5.361,5.555,142.4,135.2,488.1,2.574,2.617,-8.44,-8.5,-8.82,-9.15,-9.46,-9.68,-9.43,-7.32,-1.934,-.587,.177,.082,.522,1.602,1.873,12.64
11,158,2050,2.183,4.85,.165,-.645,.986,5.035,.034,.246,.301,.411,.548,.675,89.5,95.7,5.181,5.356,139.7,129.8,488.1,2.575,2.616,-8.45,-8.53,-8.82,-9.15,-9.46,-9.67,-9.42,-7.31,-1.932,-.559,.129,.08,.539,1.665,1.872,12.64
11,158,2100,2.27,4.9,.368,-.26,1.064,5.01,.041,.258,.5,.561,.597,.664,90.2,96.2,6.157,6.377,142.4,133.7,488.1,2.575,2.615,-8.4,-8.45,-8.8,-9.13,-9.44,-9.66,-9.41,-7.3,-1.926,-.516,.161,.095,.492,1.715,1.827,12.64
11,158,2110,2.003,4.438,.008,-.599,.978,4.622,.005,.142,.432,.499,.575,.708,89.9,96,6.125,6.306,141.8,133.7,488.1,2.576,2.616,-8.41,-8.46,-8.8,-9.13,-9.45,-9.66,-9.42,-7.3,-1.928,-.486,.152,.088,.482,1.487,1.588,12.63
11,158,2120,1.561,3.423,-.163,-.627,.971,3.971,.005,.286,.538,.598,.568,.695,90.3,96.2,6.602,6.82,148,141.4,488.1,2.576,2.617,-8.39,-8.43,-8.79,-9.13,-9.45,-9.66,-9.42,-7.3,-1.931,-.465,.165,.091,.393,1.216,1.441,12.63
11,158,2130,1.12,2.424,-.25,-.756,.977,3.342,.007,.094,.386,.433,.301,.414,91.8,97.6,6.376,6.598,152.1,145.2,488.1,2.576,2.617,-8.34,-8.36,-8.77,-9.12,-9.44,-9.66,-9.41,-7.3,-1.927,-.45,.194,.099,.288,.727,1.127,12.63
11,158,2140,1.579,3.436,-.012,-.461,1.048,3.623,.053,.064,.411,.441,.388,.461,91.8,97.9,6.186,6.383,149.1,140.4,488.1,2.576,2.618,-8.36,-8.4,-8.78,-9.12,-9.44,-9.66,-9.42,-7.3,-1.929,-.442,.203,.094,.334,1.11,1.225,12.63
11,158,2150,1.28,2.722,-.077,-.574,1.031,3.225,.021,.087,.359,.391,.361,.468,92.2,98.2,6.002,6.201,153.6,146.1,488.1,2.576,2.615,-8.38,-8.42,-8.8,-9.13,-9.45,-9.67,-9.42,-7.3,-1.936,-.443,.241,.081,.317,.921,1.228,12.63
11,158,2200,1.186,2.431,-.023,-.636,1.047,3.079,.016,.033,.236,.268,.123,.222,92.4,98.3,6.116,6.284,151.7,143,488.1,2.577,2.614,-8.38,-8.41,-8.79,-9.13,-9.45,-9.67,-9.42,-7.3,-1.937,-.444,.194,.083,.269,.699,1.037,12.63
11,158,2210,1.109,2.22,.075,-.537,1.082,2.868,.006,.073,.231,.256,.06,.2,92.7,98.4,6.583,6.802,152.7,143.7,488,2.576,2.615,-8.38,-8.41,-8.79,-9.13,-9.45,-9.66,-9.41,-7.3,-1.934,-.436,.255,.081,.244,.656,.922,12.51
11,158,2220,.978,1.941,.054,-.527,1.097,2.596,.003,.104,.279,.304,.114,.247,92.4,98,6.403,6.555,155.2,146.1,488,2.578,2.616,-8.38,-8.42,-8.8,-9.13,-9.45,-9.66,-9.42,-7.3,-1.936,-.434,.186,.079,.22,.616,.885,12.51
11,158,2230,.777,1.542,-.016,-.507,1.109,2.264,.003,.078,.321,.352,.214,.281,91.7,97.2,6.719,6.904,157.2,148.7,488,2.575,2.615,-8.39,-8.43,-8.81,-9.14,-9.45,-9.67,-9.42,-7.3,-1.939,-.438,.196,.073,.182,.523,.826,12.51
11,158,2240,.72,1.43,-.045,-.557,1.107,2.096,.001,.024,.168,.191,.015,.142,92.8,98.3,6.992,7.11,158.5,149.3,488,2.577,2.617,-8.4,-8.44,-8.82,-9.14,-9.46,-9.67,-9.42,-7.3,-1.943,-.444,.222,.069,.153,.362,.63,12.51
11,158,2250,.643,1.271,-.063,-.619,1.104,1.938,.001,.056,.026,.041,-.114,-.028,94.2,99.8,6.62,6.768,158.2,147.9,488,2.578,2.616,-8.41,-8.45,-8.82,-9.15,-9.46,-9.68,-9.43,-7.31,-1.948,-.45,.217,.063,.132,.219,.452,12.51
11,158,2300,.52,1.033,-.047,-.548,1.134,1.723,.03,.074,-.06,-.049,-.257,-.143,95.6,101.2,6.514,6.641,153.5,145.5,488,2.578,2.616,-8.42,-8.46,-8.83,-9.16,-9.47,-9.68,-9.43,-7.31,-1.95,-.453,.208,.06,.108,.122,.29,12.51
11,158,2310,.407,.818,.049,-.25,1.197,1.525,.005,.032,.019,.02,-.202,-.069,96.2,101.6,6.976,7.06,158.8,149.8,487.8,2.577,2.617,-8.43,-8.48,-8.83,-9.16,-9.47,-9.69,-9.43,-7.31,-1.951,-.454,.174,.06,.1,.202,.277,12.42
11,158,2320,.397,.797,.046,-.282,1.194,1.436,.006,.025,-.093,-.095,-.255,-.148,97.2,102.6,6.429,6.318,164.2,155.5,487.8,2.577,2.617,-8.43,-8.49,-8.84,-9.16,-9.47,-9.69,-9.44,-7.31,-1.954,-.459,.148,.059,.095,.132,.187,12.42
11,158,2330,.439,.877,.021,-.34,1.186,1.4,.021,.012,-.193,-.201,-.335,-.254,98.1,103.4,6.09,6.033,161.5,154.8,487.8,2.577,2.617,-8.44,-8.49,-8.85,-9.17,-9.48,-9.69,-9.44,-7.31,-1.956,-.462,.177,.055,.093,.077,.095,12.42
11,158,2340,.481,.953,.043,-.377,1.186,1.351,.01,.029,-.294,-.303,-.448,-.288,98.6,104,6.298,6.312,161,152.5,487.8,2.579,2.617,-8.43,-8.48,-8.84,-9.16,-9.47,-9.68,-9.43,-7.3,-1.947,-.452,.136,.068,.095,.012,.007,12.42
11,158,2350,.405,.808,.06,-.298,1.21,1.226,.004,.021,-.38,-.396,-.58,-.44,99.5,104.9,5.952,5.88,165.8,156,487.8,2.58,2.617,-8.43,-8.49,-8.84,-9.16,-9.47,-9.69,-9.43,-7.3,-1.946,-.456,.089,.063,.086,-.045,-.084,12.42
11,159,0,.388,.775,.078,-.299,1.21,1.143,.005,.032,-.357,-.376,-.564,-.449,99.8,105.1,5.94,5.992,157.8,150.3,487.8,2.577,2.618,-8.45,-8.51,-8.87,-9.18,-9.49,-9.7,-9.44,-7.31,-1.966,-.473,.054,.043,.065,-.05,-.091,12.42
11,159,10,.333,.668,.072,-.284,1.215,1.026,.001,.036,-.381,-.395,-.592,-.552,100.1,105.3,5.917,5.982,159.4,152,487.9,2.581,2.619,-8.45,-8.51,-8.87,-9.18,-9.49,-9.7,-9.45,-7.31,-1.964,-.476,.157,.044,.058,-.089,-.136,12.37
11,159,20,.309,.616,.052,-.31,1.209,.941,.01,.023,-.347,-.364,-.542,-.469,100.3,105.5,5.553,5.676,155.4,147.3,487.9,2.579,2.618,-8.45,-8.51,-8.87,-9.18,-9.49,-9.7,-9.44,-7.31,-1.964,-.477,.162,.043,.055,-.088,-.14,12.37
11,159,30,.285,.563,-.024,-.51,1.171,.859,.007,.024,-.382,-.39,-.585,-.485,99.5,104.9,5.719,5.886,153.5,144.1,487.9,2.578,2.617,-8.45,-8.51,-8.86,-9.18,-9.49,-9.7,-9.44,-7.31,-1.959,-.477,.13,.043,.045,-.189,-.161,12.37
11,159,40,.248,.493,.008,-.453,1.19,.786,.015,.013,-.441,-.452,-.677,-.55,100,105.2,6.426,6.591,152.9,143.3,487.9,2.579,2.618,-8.45,-8.51,-8.86,-9.18,-9.49,-9.7,-9.44,-7.31,-1.96,-.479,.121,.044,.029,-.248,-.281,12.37
11,159,50,.271,.534,-.047,-.566,1.163,.749,.027,.014,-.435,-.444,-.642,-.562,99.9,105.2,6.373,6.523,151.2,142.7,487.9,2.578,2.618,-8.46,-8.51,-8.86,-9.18,-9.49,-9.7,-9.44,-7.31,-1.961,-.479,.146,.044,.025,-.262,-.276,12.37
11,159,100,.282,.554,-.002,-.515,1.183,.698,.022,.018,-.453,-.461,-.696,-.55,99.9,105.3,6.531,6.632,152.8,144.8,487.9,2.579,2.62,-8.46,-8.52,-8.86,-9.18,-9.49,-9.7,-9.44,-7.31,-1.959,-.481,.103,.043,.02,-.268,-.312,12.37
11,159,110,.271,.54,.049,-.326,1.214,.624,.001,.024,-.339,-.354,-.588,-.455,100.1,105.5,6.582,6.711,156.1,144.6,487.8,2.578,2.62,-8.47,-8.53,-8.86,-9.18,-9.49,-9.7,-9.44,-7.3,-1.957,-.482,.134,.035,.019,-.137,-.213,12.34
11,159,120,.216,.435,.032,-.366,1.213,.547,.001,.015,-.331,-.341,-.548,-.481,99.5,105,6.465,6.557,156.5,147.7,487.8,2.58,2.62,-8.47,-8.53,-8.87,-9.18,-9.49,-9.7,-9.44,-7.3,-1.955,-.483,.108,.032,.008,-.167,-.214,12.34
11,159,130,.185,.368,-.021,-.582,1.184,.51,.017,.01,-.43,-.43,-.642,-.548,98.3,103.7,5.659,5.782,145.4,136.7,487.8,2.579,2.62,-8.47,-8.53,-8.87,-9.19,-9.5,-9.71,-9.44,-7.3,-1.956,-.485,.118,.032,-.001,-.302,-.282,12.34
11,159,140,.151,.3,-.063,-.759,1.17,.469,.003,.013,-.496,-.492,-.735,-.615,97.6,102.9,5.188,5.324,146.7,138.9,487.8,2.579,2.623,-8.47,-8.52,-8.88,-9.19,-9.5,-9.71,-9.44,-7.3,-1.956,-.49,.106,.03,-.007,-.427,-.383,12.34
11,159,150,.128,.259,-.085,-.833,1.166,.431,.004,.01,-.53,-.528,-.795,-.668,96.6,102,5.665,5.785,143.5,135.8,487.8,2.579,2.622,-8.47,-8.53,-8.87,-9.19,-9.5,-9.71,-9.44,-7.3,-1.955,-.49,.101,.027,-.021,-.489,-.435,12.34
11,159,200,.091,.19,-.037,-.569,1.201,.377,.013,.02,-.452,-.461,-.692,-.664,98.5,104,6.527,6.649,146.7,139,487.8,2.579,2.624,-8.48,-8.54,-8.88,-9.19,-9.5,-9.71,-9.44,-7.3,-1.956,-.494,.097,.024,-.029,-.396,-.402,12.34
11,159,210,.1,.207,-.06,-.597,1.19,.369,.013,.002,-.397,-.405,-.675,-.575,99.1,104.9,5.954,6.074,152,145.9,487.8,2.583,2.617,-8.48,-8.54,-8.88,-9.19,-9.5,-9.71,-9.44,-7.29,-1.953,-.493,.12,.019,-.026,-.346,-.37,12.31
11,159,220,.124,.251,-.16,-.96,1.136,.36,.011,.004,-.494,-.485,-.689,-.608,98.1,104,6.103,6.228,151.2,143.9,487.8,2.579,2.617,-8.48,-8.54,-8.88,-9.2,-9.51,-9.71,-9.44,-7.3,-1.954,-.495,.121,.01,-.046,-.509,-.409,12.31
11,159,230,.134,.269,-.108,-.855,1.159,.341,.015,.006,-.499,-.495,-.742,-.622,98.3,103.8,6.563,6.708,150,143.1,487.8,2.579,2.617,-8.48,-8.54,-8.89,-9.2,-9.51,-9.71,-9.44,-7.29,-1.955,-.498,.104,.013,-.073,-.499,-.442,12.31
11,159,240,.125,.252,-.075,-.736,1.174,.327,.012,.006,-.527,-.528,-.722,-.648,99.3,104.7,6.427,6.528,154.4,146.7,487.8,2.576,2.617,-8.49,-8.55,-8.89,-9.2,-9.51,-9.71,-9.45,-7.29,-1.952,-.5,.099,.009,-.073,-.471,-.461,12.31
11,159,250,.091,.188,-.067,-.7,1.182,.311,.012,.004,-.567,-.572,-.829,-.642,99.7,105.1,6.739,6.847,155.1,144.6,487.8,2.58,2.617,-8.49,-8.55,-8.89,-9.2,-9.51,-9.72,-9.45,-7.29,-1.954,-.5,.09,.008,-.078,-.497,-.507,12.31
11,159,300,.073,.153,-.031,-.636,1.202,.292,.007,.006,-.599,-.609,-.848,-.735,100,105.4,6.787,6.944,150.7,141.6,487.8,2.579,2.616,-8.49,-8.55,-8.89,-9.2,-9.51,-9.71,-9.44,-7.29,-1.951,-.498,.122,.01,-.085,-.513,-.567,12.31
11,159,310,.068,.145,-.022,-.556,1.213,.276,.001,.005,-.555,-.573,-.842,-.702,100.3,105.8,6.61,6.738,151.3,143.2,487.4,2.58,2.618,-8.49,-8.55,-8.89,-9.2,-9.51,-9.72,-9.44,-7.29,-1.948,-.499,.164,.008,-.051,-.464,-.544,12.29
11,159,320,.075,.159,-.035,-.569,1.204,.285,.012,.005,-.533,-.55,-.782,-.662,100.5,106,7.23,7.35,153.5,145.9,487.4,2.574,2.618,-8.49,-8.56,-8.89,-9.2,-9.51,-9.71,-9.44,-7.29,-1.947,-.497,.055,.009,-.025,-.439,-.503,12.29
11,159,330,.081,.17,-.092,-.832,1.171,.294,.008,.003,-.668,-.68,-.916,-.775,100.3,105.9,7.15,7.28,152.8,144.7,487.4,2.563,2.619,-8.49,-8.55,-8.89,-9.2,-9.51,-9.71,-9.44,-7.29,-1.948,-.5,.081,.005,-.02,-.583,-.62,12.29
11,159,340,.087,.181,-.058,-.815,1.184,.302,.008,.003,-.676,-.688,-.936,-.849,99.9,105.8,7.14,7.31,145.1,137.9,487.4,2.564,2.62,-8.49,-8.55,-8.89,-9.21,-9.51,-9.72,-9.44,-7.28,-1.946,-.499,.054,.006,-.02,-.594,-.647,12.29
11,159,350,.095,.2,-.039,-.742,1.196,.306,.005,.003,-.675,-.686,-.929,-.829,99.9,105.8,7.53,7.69,145.4,136.1,487.4,2.562,2.621,-8.49,-8.55,-8.89,-9.2,-9.51,-9.72,-9.44,-7.28,-1.945,-.498,.033,.005,-.022,-.575,-.641,12.29
11,159,400,.138,.284,-.031,-.735,1.195,.324,.004,.01,-.67,-.681,-.909,-.806,99.9,105.8,7.82,8.01,147.1,139.7,487.4,2.559,2.621,-8.49,-8.56,-8.9,-9.21,-9.51,-9.72,-9.44,-7.28,-1.944,-.5,.069,.005,-.021,-.552,-.629,12.29
11,159,410,.133,.274,-.013,-.714,1.199,.337,.009,.005,-.679,-.687,-.922,-.841,100,105.8,7.75,7.92,149.9,143.4,487.2,2.563,2.62,-8.49,-8.56,-8.89,-9.2,-9.51,-9.72,-9.44,-7.28,-1.943,-.503,.069,.006,-.02,-.55,-.631,12.27
11,159,420,.106,.223,-.017,-.694,1.202,.346,.004,.008,-.698,-.706,-.935,-.774,100.3,105.9,7.63,7.78,154.4,146.5,487.2,2.565,2.621,-8.49,-8.56,-8.9,-9.21,-9.51,-9.72,-9.44,-7.28,-1.941,-.501,.103,.005,-.019,-.555,-.647,12.27
11,159,430,.126,.263,-.042,-.795,1.186,.375,.01,.008,-.732,-.741,-1.009,-.848,100.2,105.8,7.73,7.9,155.2,147.2,487.2,2.561,2.622,-8.5,-8.56,-8.9,-9.21,-9.51,-9.72,-9.44,-7.27,-1.941,-.494,.08,.004,-.02,-.6,-.682,12.27
11,159,440,.132,.275,-.08,-.9,1.169,.406,.018,.009,-.717,-.722,-.962,-.842,99.9,105.7,7.51,7.7,149,140.6,487.2,2.566,2.622,-8.49,-8.56,-8.9,-9.21,-9.52,-9.72,-9.44,-7.27,-1.939,-.488,.137,.002,-.021,-.614,-.667,12.27
11,159,450,.138,.287,-.083,-.978,1.166,.436,.022,.008,-.761,-.763,-1.007,-.914,99.6,105.5,7.23,7.4,149.8,142,487.2,2.584,2.622,-8.49,-8.56,-8.9,-9.21,-9.52,-9.72,-9.44,-7.27,-1.94,-.489,.155,0,-.025,-.664,-.694,12.27
11,159,500,.144,.3,-.038,-.827,1.187,.466,.012,.012,-.695,-.703,-.938,-.846,99.7,105.5,7.22,7.38,147.3,140.7,487.2,2.583,2.621,-8.5,-8.56,-8.89,-9.21,-9.51,-9.71,-9.44,-7.27,-1.937,-.485,.178,.004,-.022,-.572,-.642,12.27
11,159,510,.143,.297,-.097,-.978,1.158,.504,.007,.012,-.693,-.696,-.966,-.833,99.5,105.4,7.27,7.42,145,137,486.8,2.574,2.621,-8.5,-8.56,-8.9,-9.21,-9.52,-9.72,-9.44,-7.27,-1.94,-.487,.193,-.001,-.024,-.61,-.623,12.27
11,159,520,.172,.359,-.077,-.926,1.166,.556,.015,.018,-.643,-.646,-.853,-.786,99.3,105.3,7.25,7.4,143.6,133.1,486.8,2.574,2.621,-8.5,-8.56,-8.9,-9.21,-9.51,-9.72,-9.44,-7.26,-1.937,-.484,.142,.001,-.019,-.556,-.565,12.27
11,159,530,.219,.454,-.033,-.799,1.181,.621,.005,.019,-.615,-.626,-.834,-.727,99.3,105.3,7.53,7.71,140,134.9,486.8,2.566,2.621,-8.5,-8.57,-8.9,-9.21,-9.52,-9.72,-9.44,-7.26,-1.936,-.488,.152,.002,-.02,-.471,-.505,12.27
11,159,540,.244,.505,-.026,-.761,1.184,.684,.006,.014,-.584,-.599,-.833,-.733,99.4,105.4,7.91,8.1,141.1,134.6,486.8,2.564,2.622,-8.5,-8.57,-8.9,-9.21,-9.51,-9.72,-9.44,-7.26,-1.934,-.486,.16,0,-.017,-.431,-.463,12.27
11,159,550,.208,.433,-.092,-.871,1.155,.716,.021,.004,-.593,-.601,-.814,-.68,99.6,105.6,7.95,8.12,150.2,140.7,486.8,2.562,2.621,-8.5,-8.56,-8.9,-9.21,-9.52,-9.72,-9.44,-7.26,-1.935,-.489,.115,0,-.017,-.472,-.475,12.27
11,159,600,.191,.405,-.023,-.678,1.198,.752,.025,.032,-.534,-.544,-.785,-.626,100.1,105.8,7.21,7.31,154.8,145.7,486.8,2.559,2.621,-8.5,-8.56,-8.9,-9.21,-9.52,-9.72,-9.43,-7.25,-1.932,-.487,.145,.001,-.013,-.396,-.452,12.27
11,159,610,.299,.626,.006,-.564,1.198,.886,.006,.039,-.412,-.422,-.606,-.56,99.8,105.8,7.9,8.08,148.8,140.9,486.6,2.56,2.62,-8.51,-8.57,-8.9,-9.21,-9.52,-9.72,-9.43,-7.25,-1.93,-.49,.154,.001,-.016,-.24,-.294,12.27
11,159,620,.51,1.049,.058,-.557,1.187,1.008,.01,.037,-.394,-.4,-.587,-.5,99.4,105.5,7.72,7.87,152,144.5,486.6,2.558,2.619,-8.51,-8.57,-8.9,-9.21,-9.51,-9.72,-9.43,-7.24,-1.927,-.488,.189,.004,-.014,-.13,-.183,12.27
11,159,630,.408,.833,-.118,-.929,1.114,1.043,.029,.008,-.478,-.473,-.581,-.521,99.2,105.2,7.75,7.89,151.4,143.1,486.6,2.555,2.621,-8.5,-8.56,-8.91,-9.21,-9.51,-9.72,-9.43,-7.24,-1.928,-.492,.235,.002,-.011,-.289,-.209,12.27
11,159,640,.272,.567,-.354,-1.564,1.03,1.107,.022,.032,-.628,-.612,-.815,-.695,99.4,105.3,7.34,7.49,150.4,143.2,486.6,2.553,2.621,-8.49,-8.54,-8.9,-9.21,-9.52,-9.72,-9.43,-7.24,-1.93,-.495,.182,.003,-.008,-.609,-.415,12.27
11,159,650,.498,1.044,-.108,-1.23,1.119,1.294,.07,.07,-.599,-.586,-.862,-.742,99.5,105.3,6.631,6.787,149.4,142.2,486.6,2.553,2.621,-8.48,-8.54,-8.89,-9.21,-9.51,-9.71,-9.43,-7.24,-1.923,-.492,.19,.006,-.003,-.411,-.386,12.27
11,159,700,.718,1.523,.141,-.391,1.218,1.511,.005,.069,-.282,-.29,-.454,-.357,99.1,105.3,6.379,6.518,150,144.1,486.6,2.552,2.62,-8.51,-8.57,-8.9,-9.21,-9.51,-9.71,-9.42,-7.23,-1.92,-.49,.184,.002,-.002,.089,.021,12.27
11,159,710,1.234,2.586,.221,-.368,1.182,1.868,.02,.151,-.151,-.151,-.213,-.167,98.1,104.4,8.39,8.58,147.7,139.7,486.3,2.55,2.618,-8.51,-8.58,-8.91,-9.22,-9.52,-9.72,-9.42,-7.23,-1.92,-.488,.157,.001,-.007,.329,.317,12.34
11,159,720,.976,2.057,.188,-.205,1.215,1.813,.004,.088,-.094,-.095,-.194,-.047,98,104.1,8.51,8.68,151.4,144.5,486.3,2.552,2.622,-8.51,-8.58,-8.91,-9.21,-9.51,-9.72,-9.42,-7.23,-1.92,-.487,.134,.008,.003,.255,.403,12.34
11,159,730,.782,1.659,.11,-.244,1.211,1.873,.003,.069,-.131,-.139,-.241,-.154,98.6,104.5,8.26,8.4,156.1,147.2,486.3,2.553,2.622,-8.5,-8.57,-8.9,-9.2,-9.51,-9.71,-9.42,-7.22,-1.915,-.477,.175,.015,.018,.16,.123,12.34
11,159,740,.939,1.998,.136,-.335,1.208,2.145,.003,.086,-.281,-.289,-.394,-.267,98.5,104.5,8.31,8.25,160.2,149.3,486.3,2.556,2.618,-8.49,-8.55,-8.89,-9.19,-9.5,-9.7,-9.41,-7.22,-1.908,-.463,.166,.019,.027,.117,.014,12.34
11,159,750,1.026,2.19,.173,-.349,1.212,2.309,.001,.034,-.345,-.356,-.414,-.287,98.5,104.5,7.67,7.53,162.2,152,486.3,2.559,2.618,-8.49,-8.55,-8.88,-9.19,-9.5,-9.7,-9.41,-7.21,-1.908,-.461,.171,.022,.038,.156,.02,12.34
11,159,800,.777,1.672,.106,-.407,1.211,2.23,.003,.02,-.395,-.406,-.481,-.43,99,104.9,7.28,7.21,161.2,153.3,486.3,2.563,2.62,-8.48,-8.54,-8.88,-9.19,-9.5,-9.7,-9.41,-7.21,-1.905,-.455,.174,.029,.041,.074,.016,12.34
11,159,810,.829,1.786,.129,-.406,1.211,2.417,.001,.074,-.357,-.369,-.481,-.368,98.8,104.8,7.31,7.41,156.8,146.9,486.5,2.559,2.619,-8.48,-8.53,-8.87,-9.18,-9.49,-9.69,-9.4,-7.2,-1.9,-.448,.205,.035,.056,.106,.003,12.4
11,159,820,.723,1.561,.101,-.4,1.212,2.39,.002,.05,-.339,-.351,-.468,-.381,99,104.8,6.719,6.825,154.4,146.1,486.5,2.559,2.617,-8.48,-8.53,-8.87,-9.18,-9.49,-9.69,-9.4,-7.2,-1.9,-.443,.098,.036,.057,.101,.01,12.4
11,159,830,.686,1.485,.095,-.444,1.213,2.429,.002,.077,-.406,-.419,-.481,-.428,99.1,104.9,7.06,7.07,160,150.9,486.5,2.56,2.617,-8.47,-8.53,-8.87,-9.18,-9.49,-9.69,-9.4,-7.2,-1.896,-.436,.046,.04,.059,.044,-.069,12.4
11,159,840,.754,1.622,.125,-.469,1.213,2.643,.002,.049,-.472,-.487,-.615,-.495,99.1,104.9,7.5,7.55,159.4,149.6,486.5,2.56,2.618,-8.47,-8.52,-8.86,-9.18,-9.49,-9.69,-9.39,-7.19,-1.891,-.433,.057,.042,.062,.018,-.116,12.4
11,159,850,.821,1.774,.177,-.449,1.211,2.873,.002,.043,-.475,-.489,-.588,-.488,98.9,104.8,7.84,7.93,154,146.5,486.5,2.556,2.618,-8.48,-8.53,-8.87,-9.19,-9.49,-9.69,-9.4,-7.2,-1.899,-.439,.118,.035,.06,.044,-.112,12.4
11,159,900,.724,1.56,.137,-.441,1.204,2.83,.007,.026,-.439,-.451,-.591,-.483,98.9,104.9,7.88,7.96,155.9,148.2,486.5,2.561,2.618,-8.48,-8.53,-8.86,-9.18,-9.49,-9.69,-9.39,-7.19,-1.896,-.436,.107,.039,.058,.03,-.11,12.4
11,159,910,.622,1.334,.068,-.549,1.188,2.801,.006,.132,-.463,-.474,-.595,-.495,99.1,105,7.94,8.13,156.2,145.7,486.3,2.561,2.618,-8.47,-8.52,-8.86,-9.18,-9.49,-9.69,-9.39,-7.19,-1.892,-.433,.115,.039,.054,-.045,-.163,12.39
11,159,920,1.08,2.315,.225,-.416,1.191,3.426,.008,.078,-.375,-.388,-.461,-.414,98.4,104.6,8.09,8.24,152.4,143.9,486.3,2.56,2.617,-8.48,-8.53,-8.86,-9.18,-9.49,-9.69,-9.39,-7.19,-1.891,-.433,.082,.036,.065,.188,.018,12.39
11,159,930,1.217,2.693,.284,-.301,1.211,3.794,.005,.174,-.307,-.321,-.381,-.247,97.9,104.1,7.98,8.17,148.5,141.7,486.3,2.561,2.618,-8.49,-8.55,-8.87,-9.18,-9.49,-9.69,-9.39,-7.19,-1.894,-.436,.048,.034,.067,.304,.1,12.39
11,159,940,1.223,2.72,.271,-.309,1.217,3.959,.001,.057,-.356,-.363,-.354,-.254,97.7,103.7,8.14,8.31,148.2,140.3,486.3,2.56,2.618,-8.49,-8.55,-8.87,-9.18,-9.49,-9.69,-9.39,-7.18,-1.892,-.434,.066,.033,.091,.267,.237,12.39
11,159,950,1.245,2.769,.273,-.453,1.21,4.151,.006,.113,-.502,-.511,-.562,-.455,97.6,103.5,8.62,8.84,144.4,137.1,486.3,2.558,2.62,-8.49,-8.54,-8.86,-9.18,-9.48,-9.68,-9.38,-7.18,-1.891,-.433,.099,.038,.09,.156,.124,12.39
11,159,1000,1.217,2.72,.232,-.487,1.206,4.326,.003,.123,-.447,-.449,-.548,-.407,97.6,103.7,8.52,8.78,142.9,136.3,486.3,2.561,2.619,-8.48,-8.54,-8.86,-9.18,-9.49,-9.68,-9.39,-7.18,-1.891,-.436,.162,.037,.088,.222,.161,12.39
11,159,1010,1.395,3.101,.313,-.417,1.206,4.648,.002,.084,-.35,-.349,-.421,-.328,96.5,102.6,8.71,8.95,141.4,132.7,486.1,2.564,2.619,-8.49,-8.55,-8.86,-9.18,-9.48,-9.68,-9.38,-7.18,-1.887,-.436,.169,.038,.11,.296,.385,12.47
11,159,1020,1.291,2.905,.26,-.423,1.21,4.619,.002,.06,-.283,-.28,-.374,-.267,95.9,102,8.89,9.11,142.3,132.5,486.1,2.56,2.618,-8.49,-8.54,-8.86,-9.18,-9.49,-9.68,-9.38,-7.17,-1.886,-.436,.167,.039,.104,.232,.429,12.47
11,159,1030,1.256,2.842,.232,-.415,1.211,4.716,.002,.044,-.319,-.328,-.414,-.301,96.8,102.9,9.26,9.51,142.2,133.8,486.1,2.555,2.62,-8.48,-8.54,-8.86,-9.18,-9.49,-9.68,-9.38,-7.17,-1.887,-.438,.165,.04,.079,.18,.341,12.47
11,159,1040,1.308,2.951,.194,-.374,1.211,4.804,.001,.083,-.313,-.33,-.435,-.287,96.9,103.3,8.95,9.17,146.4,136.5,486.1,2.557,2.618,-8.48,-8.53,-8.85,-9.18,-9.48,-9.68,-9.38,-7.17,-1.884,-.438,.18,.042,.101,.211,.328,12.47
11,159,1050,1.682,3.771,.278,-.319,1.213,5.49,.002,.183,-.249,-.269,-.328,-.241,95.9,102.9,9.28,9.52,141.1,134,486.1,2.558,2.619,-8.48,-8.54,-8.85,-9.17,-9.48,-9.68,-9.38,-7.17,-1.884,-.438,.18,.042,.115,.271,.486,12.47
11,159,1100,1.723,3.872,.303,-.213,1.212,5.511,.005,.254,-.138,-.155,-.172,-.121,95.3,102.4,9.27,9.48,145.6,137.1,486.1,2.556,2.619,-8.49,-8.55,-8.86,-9.18,-9.48,-9.68,-9.38,-7.17,-1.886,-.444,.185,.037,.114,.305,.549,12.47
11,159,1110,1.766,4.025,.328,-.204,1.217,5.774,.007,.326,-.128,-.142,-.187,-.087,95.5,102.3,9.33,9.56,149.1,140.5,485.8,2.551,2.621,-8.49,-8.54,-8.85,-9.17,-9.48,-9.68,-9.38,-7.16,-1.884,-.444,.192,.038,.127,.397,.373,12.53
11,159,1120,2.239,5.094,.648,-.101,1.217,6.523,.01,.11,-.085,-.103,-.02,.04,95.4,102.4,9.77,9.99,151.3,142.7,485.8,2.541,2.618,-8.49,-8.55,-8.86,-9.18,-9.48,-9.68,-9.37,-7.16,-1.882,-.444,.137,.039,.13,.505,.468,12.53
11,159,1130,2.156,4.95,.677,-.113,1.218,6.595,.01,.182,-.127,-.143,-.074,.027,96,103,9.54,9.76,152.4,144.5,485.8,2.543,2.619,-8.48,-8.54,-8.86,-9.18,-9.48,-9.68,-9.37,-7.16,-1.881,-.446,.131,.043,.165,.672,.378,12.53
11,159,1140,1.978,4.618,.584,-.115,1.221,6.6,.006,.097,-.126,-.141,-.087,-.007,96.6,103.3,9.33,9.48,154,147.3,485.8,2.55,2.618,-8.48,-8.53,-8.85,-9.17,-9.48,-9.68,-9.37,-7.15,-1.878,-.445,.185,.046,.172,.615,.392,12.53
11,159,1150,1.919,4.531,.565,-.097,1.225,6.691,.005,.102,-.12,-.134,-.074,-.007,96.5,103.2,9.39,9.65,149.1,140.8,485.8,2.552,2.617,-8.47,-8.53,-8.85,-9.17,-9.48,-9.68,-9.37,-7.15,-1.876,-.445,.145,.049,.178,.566,.471,12.53
11,159,1200,2.114,5.017,.626,-.091,1.223,7,.004,.161,-.108,-.12,-.078,.02,96.1,103,9.67,9.96,148.1,139.4,485.8,2.552,2.618,-8.47,-8.52,-8.85,-9.17,-9.48,-9.68,-9.37,-7.15,-1.875,-.44,.139,.051,.18,.877,.429,12.53
11,159,1210,2.443,5.906,.794,-.05,1.225,7.64,.004,.399,-.058,-.068,-.02,.06,95.9,102.8,9.73,10.01,147.6,135.5,485.7,2.555,2.618,-8.47,-8.52,-8.85,-9.17,-9.48,-9.68,-9.37,-7.15,-1.874,-.439,.11,.049,.189,.907,.588,12.62
11,159,1220,2.349,5.658,.728,-.014,1.231,7.78,.002,.22,-.046,-.048,.06,.127,95.4,102.4,10.01,10.3,145.3,137.7,485.7,2.554,2.617,-8.47,-8.53,-8.85,-9.18,-9.48,-9.68,-9.37,-7.15,-1.874,-.44,.147,.049,.189,1.213,.778,12.62
11,159,1230,2.032,4.9,.48,-.075,1.227,7.48,.003,.09,-.061,-.061,-.053,.067,95.7,102.4,10.2,10.44,147.9,140.4,485.7,2.551,2.617,-8.46,-8.51,-8.85,-9.17,-9.48,-9.68,-9.36,-7.14,-1.871,-.437,.177,.054,.177,.581,.706,12.62
11,159,1240,1.942,4.777,.35,-.147,1.225,7.5,.004,.148,-.112,-.122,-.134,-.04,96.3,103,9.82,10.06,148.8,138.3,485.7,2.553,2.618,-8.45,-8.5,-8.85,-9.17,-9.48,-9.68,-9.36,-7.14,-1.87,-.435,.177,.057,.193,.91,.438,12.62
11,159,1250,2.018,5.089,.384,-.131,1.225,7.65,.008,.189,-.104,-.118,-.1,.02,96.3,103.2,9.24,9.42,148.5,140.7,485.7,2.551,2.616,-8.45,-8.5,-8.84,-9.17,-9.48,-9.67,-9.36,-7.13,-1.866,-.433,.22,.057,.194,1.2,.318,12.62
11,159,1300,2.184,5.703,.371,-.079,1.231,8.08,.006,.243,.001,-.017,.001,.126,96.2,103.4,8.61,8.76,153,145.3,485.7,2.551,2.617,-8.46,-8.5,-8.84,-9.17,-9.47,-9.67,-9.36,-7.13,-1.864,-.433,.185,.058,.208,1.484,.159,12.62
11,159,1310,2.172,5.301,.434,-.093,1.228,7.88,.006,.555,-.008,-.03,-.013,.1,96.3,103.4,8.86,9,154.5,147.8,485.7,2.552,2.617,-8.45,-8.5,-8.84,-9.16,-9.47,-9.67,-9.35,-7.12,-1.862,-.431,.2,.058,.189,1.057,.118,12.67
11,159,1320,2.97,6.844,.707,-.03,1.242,9.24,.008,.462,.044,.028,.1,.234,96.3,103.3,9.07,9.19,155.8,149.5,485.7,2.552,2.62,-8.46,-8.52,-8.84,-9.17,-9.47,-9.67,-9.35,-7.12,-1.862,-.433,.174,.06,.223,1.227,.206,12.67
11,159,1330,2.894,6.752,.842,-.011,1.243,9.03,.006,.425,.005,-.005,.087,.201,96.6,103.4,9.47,9.47,160.3,151.8,485.7,2.554,2.613,-8.47,-8.53,-8.84,-9.17,-9.48,-9.67,-9.35,-7.12,-1.866,-.437,.109,.055,.213,1.219,.389,12.67
11,159,1340,3.221,7.58,.972,.043,1.248,9.7,.004,.253,.029,.025,.16,.321,96.3,103.1,9.99,9.97,162.6,153.1,485.7,2.55,2.615,-8.48,-8.54,-8.85,-9.17,-9.47,-9.67,-9.35,-7.12,-1.861,-.436,.106,.056,.215,1.022,.629,12.67
11,159,1350,2.302,5.246,.45,.009,1.226,8.04,.008,.553,-.056,-.066,.033,.1,97.3,103.8,10.42,10.41,158.4,149.7,485.7,2.548,2.623,-8.46,-8.51,-8.84,-9.17,-9.47,-9.67,-9.35,-7.12,-1.861,-.43,.14,.058,.163,.677,.288,12.67
11,159,1400,3.222,7.35,.678,.079,1.248,9.77,.004,.411,.029,.018,.078,.251,96.9,103.6,10.11,10.08,158.7,150.6,485.7,2.544,2.615,-8.45,-8.51,-8.83,-9.16,-9.46,-9.66,-9.35,-7.11,-1.856,-.421,.094,.063,.208,1.239,.627,12.67
11,159,1410,3.676,8.37,.692,.134,1.243,10.56,.009,.531,.084,.078,.227,.388,95.8,102.9,9.98,9.99,159.3,150,485.6,2.546,2.614,-8.47,-8.53,-8.85,-9.17,-9.47,-9.66,-9.34,-7.11,-1.854,-.421,.072,.061,.275,1.332,.8,12.78
11,159,1420,3.079,7.01,.656,.07,1.232,9.61,.006,.272,.027,.028,.127,.241,96.5,103.2,10.38,10.28,161.6,151.2,485.6,2.546,2.609,-8.46,-8.51,-8.84,-9.16,-9.47,-9.66,-9.34,-7.11,-1.856,-.422,.05,.062,.25,.864,.653,12.78
11,159,1430,3.14,7.16,.607,.1,1.239,9.94,.005,.213,.069,.06,.14,.301,96.4,103.2,9.09,9.08,160.1,149,485.6,2.549,2.603,-8.45,-8.5,-8.83,-9.16,-9.46,-9.66,-9.33,-7.1,-1.85,-.419,.108,.068,.252,1.304,.905,12.78
11,159,1440,2.97,6.8,.57,.115,1.231,9.68,.004,.304,.055,.038,.18,.274,96.4,103.1,8.16,8.28,154.6,146.6,485.6,2.546,2.602,-8.46,-8.51,-8.84,-9.16,-9.46,-9.66,-9.34,-7.1,-1.85,-.42,.089,.065,.25,1.035,1.011,12.78
11,159,1450,3.075,7.15,.62,.124,1.234,10.02,.006,.183,.113,.093,.201,.354,96.2,102.9,8.38,8.52,152.7,144.6,485.6,2.546,2.6,-8.46,-8.52,-8.83,-9.15,-9.46,-9.65,-9.33,-7.1,-1.851,-.419,.136,.064,.257,.929,1.022,12.78
11,159,1500,3.335,7.88,.873,.203,1.231,10.3,.009,.653,.147,.11,.282,.367,96,102.7,8.91,9.08,153.1,143.3,485.6,2.548,2.599,-8.46,-8.52,-8.82,-9.15,-9.45,-9.65,-9.33,-7.09,-1.85,-.417,.138,.066,.262,1.603,1.099,12.78
11,159,1510,2.79,6.592,.573,.151,1.227,9.6,.007,.253,.093,.073,.147,.247,96.8,103.3,9.11,9.27,153.6,145.7,485.5,2.549,2.6,-8.45,-8.5,-8.82,-9.14,-9.45,-9.65,-9.33,-7.09,-1.851,-.415,.132,.067,.234,.981,.913,12.76
11,159,1520,2.643,6.233,.486,.17,1.232,9.36,.007,.457,.135,.125,.147,.287,96.6,103.2,8.6,8.72,150.8,143.4,485.5,2.549,2.598,-8.45,-8.5,-8.82,-9.15,-9.45,-9.65,-9.33,-7.08,-1.849,-.415,.121,.068,.236,1.195,1.143,12.76
11,159,1530,2.47,5.795,.501,.176,1.228,8.88,.002,.166,.223,.22,.12,.281,96.2,103.1,8.23,8.37,152.5,144.7,485.5,2.548,2.599,-8.45,-8.5,-8.82,-9.15,-9.46,-9.65,-9.33,-7.08,-1.849,-.418,.1,.064,.216,1.326,1.198,12.76
11,159,1540,2.245,5.256,.325,.17,1.224,8.57,.004,.31,.29,.299,.187,.321,95.4,102.1,8.64,8.72,157.2,148.2,485.5,2.548,2.598,-8.45,-8.5,-8.83,-9.15,-9.46,-9.65,-9.33,-7.08,-1.854,-.422,.108,.06,.212,1.127,1.263,12.76
11,159,1550,2.208,5.183,.211,.088,1.223,8.59,.003,.163,.2,.226,.1,.261,94.9,101.2,9.81,9.51,162.7,155.8,485.5,2.548,2.598,-8.44,-8.48,-8.82,-9.15,-9.46,-9.65,-9.33,-7.08,-1.856,-.425,.099,.062,.191,1.045,1.06,12.76
11,159,1600,2.081,4.852,.234,.036,1.221,8.05,.003,.334,.004,.014,-.025,.095,96,102.1,9.12,8.86,163,155.4,485.5,2.552,2.599,-8.43,-8.48,-8.82,-9.15,-9.46,-9.65,-9.33,-7.09,-1.856,-.427,.075,.059,.194,.977,.772,12.76
11,159,1610,2.189,5.127,.214,.007,1.228,8.46,.007,1.052,-.004,-.006,0,.127,96.2,102.3,8.18,8.1,162.1,152.7,485.6,2.554,2.6,-8.44,-8.49,-8.83,-9.15,-9.46,-9.65,-9.33,-7.08,-1.853,-.431,.071,.058,.229,1.196,.733,12.7
11,159,1620,1.706,4.026,.12,.002,1.227,7.53,.004,.451,.067,.072,-.034,.053,96.4,102.4,7.88,7.78,161,154.3,485.6,2.551,2.6,-8.43,-8.48,-8.83,-9.15,-9.46,-9.65,-9.33,-7.08,-1.857,-.432,.121,.058,.205,.92,.82,12.7
11,159,1630,1.648,3.906,.119,.008,1.227,7.42,.004,.29,.11,.127,.053,.113,96,102.1,8.11,7.75,165.5,157.7,485.6,2.55,2.599,-8.44,-8.49,-8.83,-9.15,-9.46,-9.65,-9.33,-7.08,-1.857,-.434,.075,.056,.19,.803,.863,12.7
11,159,1640,1.849,4.357,.164,.01,1.23,7.89,.002,.386,.089,.107,.046,.127,95.9,102.1,7.96,7.55,165.1,155.5,485.6,2.556,2.599,-8.45,-8.5,-8.83,-9.15,-9.46,-9.65,-9.33,-7.08,-1.853,-.434,.073,.057,.197,1,.915,12.7
11,159,1650,2.175,5.099,.251,.047,1.235,8.59,.003,.071,.112,.12,.127,.227,95.5,101.8,7.81,7.54,165.6,156.5,485.6,2.553,2.601,-8.46,-8.52,-8.84,-9.16,-9.47,-9.65,-9.33,-7.08,-1.854,-.44,.138,.054,.218,1.02,1.107,12.7
11,159,1700,2.255,5.268,.268,.048,1.234,8.58,.001,.055,.083,.089,.148,.246,95.5,101.7,7.75,7.44,165.8,157.6,485.6,2.553,2.6,-8.46,-8.52,-8.84,-9.16,-9.46,-9.65,-9.32,-7.07,-1.854,-.44,.124,.055,.221,1.151,1.111,12.7
11,159,1710,2.466,5.683,.406,.11,1.235,8.46,.005,.374,.088,.094,.186,.307,95.2,101.6,7.83,7.51,166.8,158.1,485.6,2.55,2.6,-8.46,-8.52,-8.84,-9.16,-9.46,-9.65,-9.32,-7.07,-1.851,-.437,.101,.057,.221,1.096,1.158,12.69
11,159,1720,2.329,5.366,.294,.068,1.231,8.26,.002,.146,-.033,-.001,.119,.232,96.1,102.3,7.91,7.31,168.4,160.2,485.6,2.551,2.601,-8.45,-8.51,-8.84,-9.15,-9.46,-9.65,-9.32,-7.06,-1.849,-.438,.092,.061,.218,1.299,.995,12.69
11,159,1730,2.436,5.599,.295,.045,1.228,8.31,.004,.113,-.119,-.095,.051,.185,96.7,102.8,7.92,7.38,172.2,161.9,485.6,2.552,2.602,-8.43,-8.49,-8.83,-9.15,-9.45,-9.65,-9.32,-7.06,-1.848,-.435,.096,.064,.225,1.298,.923,12.69
11,159,1740,2.393,5.484,.345,.016,1.228,8.14,.003,.15,-.181,-.181,.002,.096,97,103.1,7.96,7.57,165.4,157.2,485.6,2.549,2.602,-8.43,-8.49,-8.83,-9.15,-9.46,-9.64,-9.31,-7.06,-1.846,-.433,.146,.066,.229,1.217,.778,12.69
11,159,1750,2.22,5.062,.359,-.03,1.223,7.71,.006,.233,-.174,-.183,-.069,.017,96.9,103.2,8.09,7.91,162.6,155.1,485.6,2.55,2.603,-8.42,-8.48,-8.83,-9.15,-9.46,-9.64,-9.31,-7.05,-1.847,-.431,.111,.068,.225,.937,.612,12.69
11,159,1800,2.073,4.738,.273,-.089,1.222,7.35,.004,.107,-.223,-.202,-.175,-.109,97.2,103.5,7.65,7.24,168.5,158.3,485.6,2.551,2.604,-8.42,-8.46,-8.82,-9.15,-9.46,-9.64,-9.31,-7.05,-1.848,-.433,.136,.066,.217,.967,.398,12.69
11,159,1810,2.199,5.02,.284,-.025,1.229,7.53,.004,.118,-.097,-.09,-.029,.065,97.2,103.2,7.09,6.885,163.1,155.1,485.3,2.551,2.603,-8.43,-8.48,-8.83,-9.15,-9.46,-9.65,-9.32,-7.06,-1.85,-.436,.1,.061,.232,1.173,.731,12.68
11,159,1820,2.064,4.705,.252,.049,1.231,7.17,.003,.033,-.042,-.022,-.001,.119,97.3,103.2,6.707,6.413,167.4,155.9,485.3,2.554,2.602,-8.44,-8.49,-8.83,-9.15,-9.46,-9.65,-9.32,-7.06,-1.852,-.44,.08,.06,.223,1.221,.759,12.68
11,159,1830,2.088,4.773,.296,.054,1.227,7.17,.003,.09,.077,.081,.066,.206,97,103.2,7.1,7.03,161.1,152.3,485.3,2.551,2.604,-8.44,-8.49,-8.84,-9.16,-9.46,-9.65,-9.32,-7.06,-1.854,-.442,.111,.06,.231,1.329,.763,12.68
11,159,1840,1.804,4.135,.283,.076,1.229,6.585,.002,.187,.061,.063,.052,.233,97.5,103.5,6.835,6.675,163,154,485.3,2.554,2.603,-8.44,-8.49,-8.83,-9.16,-9.46,-9.65,-9.32,-7.06,-1.853,-.445,.099,.058,.215,1.366,.837,12.68
11,159,1850,1.928,4.388,.316,.04,1.219,6.601,.004,.082,.057,.059,.033,.187,97.6,103.7,8.36,8.21,164.4,154.7,485.3,2.553,2.604,-8.43,-8.48,-8.83,-9.16,-9.46,-9.65,-9.31,-7.05,-1.856,-.445,.06,.059,.196,.698,.701,12.68
11,159,1900,1.919,4.364,.228,0,1.219,6.507,.002,.064,-.016,-.013,-.027,.134,97.6,103.6,8.09,7.91,163.2,154.5,485.3,2.556,2.602,-8.43,-8.48,-8.83,-9.16,-9.46,-9.65,-9.31,-7.05,-1.855,-.447,.078,.059,.195,1.03,.633,12.68
11,159,1910,1.753,3.991,.217,-.025,1.218,6.114,.003,.065,-.074,-.067,-.04,.027,97.9,103.8,7.87,7.61,164.5,158.5,485.2,2.556,2.605,-8.43,-8.48,-8.83,-9.16,-9.46,-9.65,-9.31,-7.05,-1.856,-.447,.062,.061,.191,1.11,.45,12.65
11,159,1920,1.753,3.983,.253,-.059,1.221,6.036,.004,.047,-.117,-.121,-.12,-.027,97.9,103.8,8.48,8.36,162.4,153.8,485.2,2.556,2.606,-8.43,-8.48,-8.83,-9.16,-9.47,-9.65,-9.31,-7.05,-1.855,-.451,.072,.06,.179,.947,.4,12.65
11,159,1930,1.768,4.017,.201,-.069,1.22,5.904,.002,.059,-.16,-.164,-.174,-.074,97.7,103.7,8.69,8.53,163.9,155,485.2,2.561,2.604,-8.43,-8.48,-8.83,-9.16,-9.47,-9.65,-9.32,-7.05,-1.858,-.453,.049,.058,.168,.704,.353,12.65
11,159,1940,1.803,4.09,.193,-.107,1.219,5.87,.002,.075,-.222,-.224,-.174,-.12,97.7,103.7,8.96,8.72,164.4,156.4,485.2,2.558,2.606,-8.43,-8.48,-8.83,-9.16,-9.47,-9.65,-9.31,-7.05,-1.859,-.456,.047,.058,.158,.621,.221,12.65
11,159,1950,1.643,3.729,.152,-.138,1.222,5.483,.002,.073,-.27,-.263,-.287,-.16,98,104,8.47,8.1,165.8,157.2,485.2,2.563,2.606,-8.44,-8.49,-8.84,-9.16,-9.47,-9.66,-9.31,-7.05,-1.862,-.459,.052,.056,.154,.562,.142,12.65
11,159,2000,1.688,3.805,.253,-.132,1.219,5.341,.003,.115,-.268,-.273,-.294,-.166,98,103.9,8.71,8.51,164.3,155.5,485.2,2.563,2.606,-8.44,-8.49,-8.84,-9.16,-9.47,-9.65,-9.31,-7.05,-1.859,-.46,.047,.054,.155,.226,.188,12.65
11,159,2010,1.519,3.423,.148,-.163,1.221,4.97,.002,.103,-.32,-.317,-.348,-.254,98.1,103.9,8.73,8.37,164.9,156.2,484.9,2.561,2.606,-8.44,-8.5,-8.84,-9.16,-9.47,-9.65,-9.31,-7.04,-1.863,-.466,.06,.053,.142,.576,.118,12.62
11,159,2020,1.366,3.088,.139,-.229,1.219,4.664,.002,.046,-.402,-.401,-.428,-.314,98.4,104.2,8.63,8.31,166.3,155.9,484.9,2.562,2.607,-8.45,-8.5,-8.83,-9.16,-9.47,-9.65,-9.31,-7.04,-1.862,-.466,.071,.052,.135,.413,.068,12.62
11,159,2030,1.258,2.868,.116,-.262,1.221,4.465,.002,.064,-.469,-.462,-.501,-.421,98.7,104.4,8.31,7.81,166.4,157.6,484.9,2.564,2.607,-8.45,-8.5,-8.84,-9.16,-9.47,-9.65,-9.31,-7.04,-1.865,-.467,.066,.052,.139,.384,.06,12.62
11,159,2040,1.27,2.904,.025,-.283,1.219,4.414,.001,.02,-.536,-.526,-.568,-.448,99.1,104.7,8.05,7.51,168.1,159.5,484.9,2.561,2.608,-8.45,-8.5,-8.84,-9.16,-9.47,-9.66,-9.31,-7.04,-1.865,-.468,.07,.052,.137,.304,.035,12.62
11,159,2050,1.21,2.765,.032,-.341,1.215,4.176,.002,.094,-.561,-.547,-.642,-.488,99.1,104.8,8.05,7.5,170.8,160.1,484.9,2.555,2.608,-8.45,-8.5,-8.84,-9.16,-9.47,-9.66,-9.31,-7.04,-1.865,-.471,.081,.051,.135,.259,-.036,12.62
11,159,2100,1.22,2.77,.075,-.384,1.212,3.998,.001,.064,-.61,-.592,-.654,-.512,99,104.8,8.32,7.76,175.4,163.8,484.9,2.547,2.608,-8.45,-8.5,-8.84,-9.17,-9.47,-9.66,-9.31,-7.04,-1.866,-.474,.117,.05,.126,.197,-.119,12.62
11,159,2110,1.265,2.848,.105,-.399,1.215,3.929,.001,.038,-.707,-.688,-.782,-.602,99.3,104.9,8.52,7.98,175.7,166.5,484.9,2.549,2.605,-8.45,-8.51,-8.84,-9.17,-9.47,-9.66,-9.31,-7.04,-1.868,-.477,.093,.047,.119,.133,-.215,12.56
11,159,2120,1.288,2.897,.092,-.398,1.213,3.849,.001,.18,-.75,-.737,-.802,-.635,99.3,104.9,8.38,7.85,173.2,164.2,484.9,2.548,2.609,-8.46,-8.51,-8.84,-9.17,-9.47,-9.66,-9.31,-7.03,-1.871,-.482,.1,.044,.116,.111,-.243,12.56
11,159,2130,.999,2.233,.114,-.436,1.211,3.279,.001,.101,-.825,-.824,-.922,-.729,99.5,105,7.94,7.45,174.9,166.8,484.9,2.549,2.609,-8.46,-8.51,-8.84,-9.17,-9.47,-9.66,-9.31,-7.04,-1.872,-.483,.126,.039,.102,-.045,-.382,12.56
11,159,2140,.719,1.613,.046,-.485,1.205,2.82,.005,.104,-.855,-.861,-.963,-.822,100,105.4,7.26,6.785,174.8,164.1,484.9,2.548,2.609,-8.46,-8.51,-8.84,-9.17,-9.47,-9.66,-9.31,-7.03,-1.874,-.488,.164,.039,.086,-.167,-.491,12.56
11,159,2150,.874,1.977,.069,-.513,1.2,2.817,.004,.027,-.856,-.867,-.969,-.829,100,105.3,7.75,7.27,176.8,164.2,484.9,2.55,2.61,-8.46,-8.52,-8.84,-9.17,-9.48,-9.66,-9.31,-7.04,-1.877,-.49,.122,.036,.084,-.165,-.492,12.56
11,159,2200,.842,1.899,.065,-.588,1.195,2.714,.003,.1,-.9,-.91,-1.029,-.901,99.7,105.1,7.71,7.27,181.6,169.6,484.9,2.549,2.609,-8.47,-8.52,-8.85,-9.17,-9.47,-9.66,-9.31,-7.03,-1.879,-.493,.118,.034,.083,-.234,-.546,12.56
11,159,2210,.706,1.597,.01,-.761,1.182,2.417,.009,.066,-1.005,-1.018,-1.143,-.996,99.6,105,7.38,6.944,184.2,173.9,484.7,2.55,2.61,-8.46,-8.52,-8.85,-9.17,-9.48,-9.66,-9.31,-7.03,-1.879,-.492,.059,.031,.066,-.393,-.707,12.49
11,159,2220,.924,2.129,.037,-.783,1.172,2.471,.009,.107,-1.034,-1.043,-1.123,-.963,99.1,104.6,7.24,6.832,178.2,167.7,484.7,2.548,2.604,-8.48,-8.53,-8.86,-9.18,-9.48,-9.67,-9.31,-7.03,-1.886,-.5,.113,.02,.067,-.352,-.636,12.49
11,159,2230,.563,1.278,-.004,-.844,1.176,2.059,.008,.079,-1.112,-1.116,-1.217,-1.096,99.5,104.9,6.559,6.06,176,166.1,484.7,2.55,2.597,-8.47,-8.53,-8.86,-9.18,-9.48,-9.67,-9.31,-7.04,-1.888,-.502,.015,.019,.06,-.524,-.797,12.49
11,159,2240,.401,.905,-.045,-1.009,1.166,1.867,.006,.035,-1.152,-1.161,-1.337,-1.217,100,105.2,6.202,5.774,174.2,163.9,484.7,2.549,2.597,-8.47,-8.52,-8.86,-9.18,-9.49,-9.67,-9.31,-7.03,-1.888,-.504,.012,.018,.049,-.662,-.934,12.49
11,159,2250,.477,1.074,-.067,-1.141,1.152,1.852,.019,.023,-1.18,-1.188,-1.404,-1.23,100,105.3,6.031,5.617,174.2,165.1,484.7,2.551,2.596,-8.47,-8.52,-8.86,-9.18,-9.49,-9.67,-9.31,-7.03,-1.891,-.506,.005,.015,.039,-.675,-.954,12.49
11,159,2300,.569,1.281,-.015,-1.022,1.167,1.838,.02,.023,-1.169,-1.181,-1.302,-1.168,99.9,105.2,6.257,5.837,169,159.2,484.7,2.553,2.596,-8.48,-8.54,-8.87,-9.19,-9.49,-9.67,-9.32,-7.03,-1.891,-.511,.019,.006,.037,-.618,-.882,12.49
11,159,2310,.631,1.429,-.154,-1.444,1.104,1.82,.011,.045,-1.306,-1.303,-1.39,-1.277,99.4,104.9,6.796,6.282,168.3,161,484.6,2.547,2.597,-8.48,-8.54,-8.87,-9.19,-9.49,-9.68,-9.32,-7.04,-1.898,-.517,.004,.001,.033,-.787,-.99,12.44
11,159,2320,.506,1.146,-.181,-1.601,1.102,1.63,.027,.06,-1.338,-1.334,-1.491,-1.364,99.4,104.9,6.722,6.207,174.5,163.9,484.6,2.549,2.598,-8.48,-8.53,-8.88,-9.2,-9.5,-9.68,-9.33,-7.04,-1.901,-.53,-.011,-.001,.025,-.9,-1.075,12.44
11,159,2330,.523,1.181,-.062,-1.345,1.151,1.487,.015,.035,-1.35,-1.356,-1.511,-1.424,99.5,105,6.777,6.352,175.7,166.2,484.6,2.55,2.598,-8.48,-8.54,-8.88,-9.2,-9.5,-9.68,-9.33,-7.04,-1.904,-.533,-.016,-.002,.021,-.831,-1.112,12.44
11,159,2340,.441,.985,-.062,-1.37,1.151,1.402,.01,.02,-1.466,-1.476,-1.598,-1.484,99.7,105,6.914,6.52,176.8,164.2,484.6,2.551,2.599,-8.48,-8.54,-8.87,-9.19,-9.49,-9.67,-9.31,-7.03,-1.892,-.522,.003,.007,.029,-.93,-1.233,12.44
11,159,2350,.488,1.081,-.043,-1.399,1.155,1.358,.01,.059,-1.53,-1.535,-1.666,-1.499,99.9,105.2,6.903,6.505,177.5,167,484.6,2.552,2.599,-8.48,-8.54,-8.87,-9.19,-9.49,-9.67,-9.32,-7.03,-1.895,-.527,.018,.005,.024,-.95,-1.277,12.44
11,160,0,.446,.985,-.099,-1.559,1.141,1.206,.013,.027,-1.572,-1.581,-1.765,-1.633,100,105.2,6.685,6.302,177.5,167.5,484.6,2.555,2.6,-8.49,-8.55,-8.89,-9.21,-9.51,-9.69,-9.33,-7.04,-1.912,-.546,-.005,-.009,.004,-1.047,-1.365,12.44
11,160,10,.408,.896,-.058,-1.46,1.16,1.077,.004,.048,-1.542,-1.552,-1.707,-1.587,100.2,105.4,6.505,6.119,176.4,164.2,484.7,2.553,2.6,-8.49,-8.55,-8.89,-9.21,-9.51,-9.69,-9.33,-7.04,-1.913,-.55,.015,-.014,-.001,-1.025,-1.348,12.4
11,160,20,.426,.936,-.04,-1.418,1.167,.99,.008,.012,-1.533,-1.543,-1.713,-1.579,100.2,105.4,6.275,5.903,177.8,167.6,484.7,2.551,2.6,-8.49,-8.55,-8.89,-9.21,-9.51,-9.69,-9.33,-7.03,-1.91,-.553,-.014,-.011,.001,-.994,-1.347,12.4
11,160,30,.434,.956,-.002,-1.279,1.182,.914,.003,.037,-1.518,-1.528,-1.705,-1.565,100.2,105.3,6.15,5.729,176.2,166.4,484.7,2.549,2.6,-8.49,-8.56,-8.89,-9.21,-9.51,-9.69,-9.33,-7.03,-1.908,-.551,-.024,-.01,.004,-.951,-1.31,12.4
11,160,40,.451,.987,-.002,-1.294,1.178,.847,.002,.017,-1.518,-1.53,-1.732,-1.558,100.2,105.4,5.794,5.423,177.1,166.6,484.7,2.549,2.6,-8.5,-8.56,-8.89,-9.21,-9.51,-9.69,-9.33,-7.03,-1.909,-.552,-.026,-.011,.001,-.954,-1.324,12.4
11,160,50,.262,.579,-.035,-1.325,1.18,.733,.001,.03,-1.526,-1.542,-1.69,-1.609,100.3,105.4,5.573,5.224,177.8,167.1,484.7,2.546,2.6,-8.5,-8.56,-8.89,-9.21,-9.51,-9.69,-9.33,-7.03,-1.91,-.55,-.012,-.01,-.002,-1.031,-1.372,12.4
11,160,100,.191,.426,-.034,-1.339,1.186,.653,.002,.021,-1.538,-1.553,-1.747,-1.637,100.4,105.5,5.103,4.765,175.3,166.7,484.7,2.546,2.6,-8.5,-8.56,-8.89,-9.21,-9.51,-9.69,-9.33,-7.03,-1.912,-.55,-.015,-.011,-.007,-1.085,-1.429,12.4
11,160,110,.156,.349,-.045,-1.374,1.183,.596,.005,.012,-1.52,-1.54,-1.72,-1.639,100.5,105.7,5.039,4.704,169.6,160.3,484.5,2.542,2.6,-8.5,-8.56,-8.9,-9.21,-9.52,-9.69,-9.33,-7.03,-1.914,-.548,-.026,-.014,-.011,-1.107,-1.443,12.35
11,160,120,.143,.319,-.093,-1.511,1.164,.555,.007,.012,-1.51,-1.529,-1.713,-1.632,100.5,105.6,4.733,4.606,163.3,155.3,484.5,2.537,2.6,-8.5,-8.56,-8.9,-9.22,-9.52,-9.69,-9.33,-7.03,-1.912,-.546,-.028,-.013,-.012,-1.145,-1.427,12.35
11,160,130,.117,.263,-.116,-1.665,1.154,.513,.009,.013,-1.54,-1.553,-1.745,-1.651,100.5,105.6,4.642,4.491,165.5,157,484.5,2.537,2.6,-8.51,-8.57,-8.9,-9.22,-9.52,-9.7,-9.33,-7.03,-1.915,-.547,-.031,-.015,-.015,-1.214,-1.476,12.35
11,160,140,.098,.222,-.083,-1.534,1.172,.468,.002,.011,-1.487,-1.507,-1.716,-1.595,100.6,105.7,4.343,4.309,160.8,152.8,484.5,2.537,2.598,-8.51,-8.57,-8.9,-9.22,-9.52,-9.7,-9.33,-7.03,-1.914,-.545,-.031,-.016,-.017,-1.181,-1.443,12.35
11,160,150,.098,.224,-.055,-1.402,1.184,.436,.004,.01,-1.43,-1.446,-1.627,-1.56,100.7,105.8,4.259,4.24,160.4,152.5,484.5,2.536,2.6,-8.52,-8.58,-8.9,-9.22,-9.52,-9.7,-9.33,-7.02,-1.915,-.545,.022,-.016,-.019,-1.113,-1.389,12.35
11,160,200,.095,.217,-.064,-1.376,1.182,.412,.001,.006,-1.401,-1.42,-1.58,-1.511,100.7,105.8,4.214,4.199,159.8,151.9,484.5,2.537,2.596,-8.52,-8.58,-8.91,-9.22,-9.52,-9.7,-9.33,-7.02,-1.916,-.545,.009,-.019,-.02,-1.089,-1.361,12.35
11,160,210,.089,.202,-.072,-1.397,1.179,.388,.002,.007,-1.395,-1.413,-1.605,-1.505,100.7,105.8,4.338,4.314,160,153.2,484.3,2.536,2.596,-8.52,-8.58,-8.91,-9.22,-9.52,-9.7,-9.33,-7.02,-1.916,-.545,-.006,-.016,-.02,-1.103,-1.357,12.32
11,160,220,.103,.233,-.068,-1.389,1.181,.365,.002,.007,-1.366,-1.387,-1.598,-1.485,100.7,105.8,4.087,4.111,157.5,148.4,484.3,2.536,2.599,-8.52,-8.59,-8.91,-9.22,-9.52,-9.7,-9.33,-7.02,-1.918,-.546,-.034,-.02,-.021,-1.097,-1.337,12.32
11,160,230,.101,.227,-.065,-1.393,1.18,.346,.004,.005,-1.395,-1.414,-1.545,-1.471,100.6,105.8,4.148,4.166,160.1,152,484.3,2.536,2.6,-8.52,-8.59,-8.91,-9.22,-9.52,-9.7,-9.33,-7.02,-1.917,-.546,-.037,-.02,-.023,-1.111,-1.341,12.32
11,160,240,.072,.164,-.084,-1.482,1.172,.328,.002,.006,-1.435,-1.451,-1.632,-1.558,100.6,105.8,4.096,4.133,156.4,148.9,484.3,2.54,2.597,-8.52,-8.59,-8.91,-9.22,-9.53,-9.7,-9.32,-7.02,-1.917,-.547,-.034,-.021,-.023,-1.184,-1.402,12.32
11,160,250,.069,.157,-.102,-1.587,1.163,.314,.001,.003,-1.473,-1.485,-1.665,-1.598,100.6,105.7,3.964,3.99,158,149.4,484.3,2.54,2.596,-8.52,-8.58,-8.91,-9.22,-9.52,-9.7,-9.32,-7.01,-1.915,-.548,-.036,-.021,-.023,-1.243,-1.439,12.32
11,160,300,.076,.173,-.088,-1.568,1.169,.307,.004,.003,-1.453,-1.463,-1.637,-1.565,100.6,105.8,3.702,3.722,157.4,147.6,484.3,2.541,2.595,-8.52,-8.58,-8.91,-9.22,-9.52,-9.7,-9.32,-7.01,-1.917,-.548,-.037,-.021,-.022,-1.225,-1.434,12.32
11,160,310,.064,.145,-.08,-1.523,1.172,.298,.002,.003,-1.468,-1.476,-1.692,-1.625,100.6,105.8,3.737,3.661,163,154,484.3,2.54,2.595,-8.52,-8.59,-8.91,-9.22,-9.52,-9.7,-9.32,-7.01,-1.918,-.541,-.038,-.021,-.026,-1.208,-1.436,12.31
11,160,320,.048,.111,-.099,-1.569,1.166,.297,.009,0,-1.458,-1.466,-1.658,-1.551,100.7,105.8,3.472,3.46,158.2,151.3,484.3,2.543,2.595,-8.52,-8.58,-8.91,-9.22,-9.52,-9.7,-9.32,-7.01,-1.917,-.527,-.036,-.021,-.025,-1.232,-1.438,12.31
11,160,330,.04,.095,-.118,-1.69,1.158,.301,.005,.003,-1.476,-1.478,-1.712,-1.605,100.8,105.9,3.162,3.229,149.4,142.4,484.3,2.543,2.595,-8.52,-8.58,-8.91,-9.22,-9.53,-9.7,-9.32,-7.01,-1.917,-.517,-.037,-.02,-.027,-1.302,-1.463,12.31
11,160,340,.042,.098,-.116,-1.688,1.156,.307,.009,.003,-1.529,-1.528,-1.698,-1.578,100.7,105.8,4.019,4.042,156.3,148.6,484.3,2.547,2.594,-8.52,-8.59,-8.91,-9.22,-9.53,-9.7,-9.32,-7.01,-1.918,-.51,-.039,-.022,-.026,-1.308,-1.482,12.31
11,160,350,.045,.107,-.112,-1.752,1.157,.317,.008,.003,-1.563,-1.565,-1.765,-1.658,100.9,105.9,3.645,3.658,157.7,150.7,484.3,2.544,2.595,-8.52,-8.58,-8.91,-9.22,-9.52,-9.7,-9.32,-7,-1.916,-.499,-.035,-.02,-.023,-1.356,-1.542,12.31
11,160,400,.049,.116,-.064,-1.527,1.18,.326,.008,.005,-1.47,-1.48,-1.683,-1.611,101.1,106,3.548,3.549,155.6,147.5,484.3,2.539,2.595,-8.52,-8.58,-8.9,-9.22,-9.52,-9.69,-9.31,-6.997,-1.912,-.495,-.033,-.016,-.02,-1.236,-1.452,12.31
11,160,410,.055,.129,-.06,-1.445,1.183,.341,.005,.004,-1.463,-1.478,-1.612,-1.538,101.1,106,3.718,3.734,156.5,148.8,483.8,2.538,2.594,-8.52,-8.59,-8.91,-9.22,-9.52,-9.69,-9.31,-6.996,-1.914,-.491,-.033,-.017,-.024,-1.202,-1.38,12.29
11,160,420,.083,.188,-.073,-1.506,1.177,.356,.007,.005,-1.489,-1.5,-1.672,-1.565,101,105.9,3.95,3.96,154.5,147.6,483.8,2.538,2.595,-8.52,-8.59,-8.91,-9.22,-9.52,-9.69,-9.31,-6.994,-1.913,-.493,-.031,-.016,-.022,-1.224,-1.407,12.29
11,160,430,.111,.245,-.039,-1.416,1.188,.374,.003,.005,-1.458,-1.467,-1.652,-1.565,101.1,106,3.785,3.743,161.1,154.4,483.8,2.539,2.595,-8.52,-8.59,-8.91,-9.22,-9.52,-9.69,-9.31,-6.994,-1.913,-.49,-.034,-.019,-.022,-1.148,-1.381,12.29
11,160,440,.106,.236,-.037,-1.34,1.192,.394,.001,.007,-1.411,-1.423,-1.578,-1.505,101,106,3.981,4.012,159.1,151.1,483.8,2.538,2.594,-8.53,-8.59,-8.91,-9.22,-9.52,-9.69,-9.31,-6.993,-1.918,-.492,-.035,-.021,-.026,-1.105,-1.323,12.29
11,160,450,.086,.196,-.041,-1.325,1.192,.418,.001,.006,-1.41,-1.424,-1.612,-1.431,101.1,106,3.656,3.634,161.5,152.8,483.8,2.538,2.594,-8.53,-8.6,-8.91,-9.22,-9.52,-9.7,-9.31,-6.993,-1.921,-.495,-.038,-.022,-.03,-1.113,-1.334,12.29
11,160,500,.082,.189,-.031,-1.283,1.197,.442,.003,.008,-1.401,-1.411,-1.57,-1.503,101.1,106,3.902,3.77,166.8,157.7,483.8,2.538,2.594,-8.53,-8.6,-8.91,-9.22,-9.53,-9.7,-9.31,-6.992,-1.919,-.493,-.04,-.021,-.028,-1.072,-1.33,12.29
11,160,510,.098,.225,-.013,-1.21,1.202,.477,.001,.011,-1.398,-1.41,-1.545,-1.478,101.1,106,4.001,3.849,166.2,155.9,484,2.538,2.594,-8.53,-8.6,-8.91,-9.22,-9.52,-9.69,-9.31,-6.988,-1.919,-.491,-.037,-.021,-.026,-1.03,-1.292,12.28
11,160,520,.148,.333,.015,-1.028,1.205,.535,.001,.02,-1.356,-1.373,-1.531,-1.431,101.1,106,3.662,3.547,166.2,158.8,484,2.538,2.595,-8.53,-8.6,-8.91,-9.22,-9.52,-9.7,-9.31,-6.986,-1.92,-.493,-.039,-.023,-.027,-.916,-1.201,12.28
11,160,530,.155,.347,-.017,-1.05,1.204,.582,.001,.009,-1.352,-1.372,-1.525,-1.384,101.1,105.9,3.778,3.736,164.3,155.6,484,2.538,2.597,-8.53,-8.61,-8.91,-9.22,-9.52,-9.69,-9.31,-6.985,-1.921,-.494,-.04,-.024,-.029,-.925,-1.164,12.28
11,160,540,.161,.362,.01,-1.024,1.209,.629,.001,.018,-1.266,-1.275,-1.444,-1.344,101.1,106.1,3.736,3.587,166.4,158.4,484,2.538,2.595,-8.53,-8.6,-8.91,-9.22,-9.52,-9.69,-9.31,-6.982,-1.918,-.495,-.036,-.023,-.027,-.847,-1.063,12.28
11,160,550,.18,.403,.007,-.943,1.21,.689,.001,.019,-1.168,-1.175,-1.284,-1.19,101.2,106.1,3.998,3.822,167.8,159.2,484,2.537,2.596,-8.53,-8.6,-8.91,-9.22,-9.52,-9.69,-9.3,-6.978,-1.918,-.492,-.035,-.021,-.025,-.753,-.922,12.28
11,160,600,.18,.405,-.001,-.9,1.21,.749,.001,.018,-1.115,-1.129,-1.238,-1.196,101.3,106.1,3.81,3.812,162.3,153.3,484,2.537,2.596,-8.53,-8.6,-8.91,-9.22,-9.52,-9.69,-9.3,-6.976,-1.918,-.491,-.035,-.019,-.024,-.719,-.87,12.28
11,160,610,.18,.406,-.021,-.936,1.208,.823,.001,.017,-1.114,-1.129,-1.264,-1.117,101.2,106.1,3.819,3.842,159.5,152.1,484,2.536,2.596,-8.53,-8.6,-8.91,-9.22,-9.52,-9.69,-9.3,-6.974,-1.919,-.495,-.035,-.022,-.021,-.744,-.91,12.27
11,160,620,.19,.427,-.033,-.943,1.208,.897,.001,.025,-1.077,-1.085,-1.19,-1.117,101.3,106.2,3.661,3.651,162.2,150.5,484,2.537,2.599,-8.53,-8.6,-8.91,-9.22,-9.52,-9.69,-9.3,-6.972,-1.917,-.494,-.034,-.019,-.02,-.711,-.912,12.27
11,160,630,.259,.58,-.037,-.925,1.209,.988,.001,.025,-1.082,-1.091,-1.197,-1.117,101.2,106.1,3.913,3.904,162.6,155.2,484,2.537,2.599,-8.53,-8.6,-8.91,-9.22,-9.52,-9.69,-9.3,-6.97,-1.917,-.495,-.034,-.019,-.019,-.657,-.879,12.27
11,160,640,.326,.727,-.046,-.899,1.208,1.093,.002,.033,-1.046,-1.047,-1.15,-1.07,101.2,106.1,3.949,3.802,167.2,160.1,484,2.538,2.597,-8.53,-8.6,-8.91,-9.22,-9.52,-9.68,-9.29,-6.968,-1.916,-.496,-.032,-.018,-.018,-.559,-.804,12.27
11,160,650,.394,.875,-.075,-.934,1.201,1.21,.002,.035,-1.052,-1.054,-1.137,-1.003,101.1,106,3.651,3.565,165.6,157,484,2.542,2.597,-8.52,-8.6,-8.91,-9.22,-9.51,-9.68,-9.29,-6.964,-1.918,-.497,-.033,-.018,-.016,-.527,-.765,12.27
11,160,700,.317,.705,-.082,-.956,1.198,1.259,.007,.013,-1.075,-1.076,-1.155,-1.04,101.1,106,3.769,3.693,166.5,157.3,484,2.548,2.596,-8.52,-8.59,-8.9,-9.22,-9.52,-9.68,-9.29,-6.961,-1.918,-.497,-.032,-.018,-.017,-.575,-.793,12.27
11,160,710,.403,.893,-.072,-.98,1.199,1.395,.005,.024,-1.134,-1.138,-1.259,-1.065,101,106,3.621,3.576,164,154.9,484.2,2.548,2.596,-8.52,-8.59,-8.9,-9.21,-9.51,-9.68,-9.29,-6.959,-1.916,-.497,-.031,-.015,-.012,-.561,-.822,12.27
11,160,720,.509,1.139,-.068,-.878,1.21,1.562,.003,.071,-1.113,-1.104,-1.188,-1.067,101,105.9,3.739,3.558,172.1,162.1,484.2,2.549,2.597,-8.52,-8.59,-8.9,-9.21,-9.51,-9.68,-9.29,-6.956,-1.917,-.496,-.03,-.014,-.01,-.394,-.755,12.27
11,160,730,.839,1.869,-.16,-.772,1.213,1.874,.004,.052,-1.123,-1.126,-1.134,-.974,100.6,105.7,4.066,3.997,165.4,157.4,484.2,2.549,2.597,-8.53,-8.6,-8.9,-9.22,-9.51,-9.68,-9.29,-6.954,-1.919,-.5,-.033,-.018,-.009,-.222,-.609,12.27
11,160,740,.808,1.799,-.103,-.788,1.209,1.962,.002,.009,-1.145,-1.142,-1.134,-1.007,100.4,105.6,4.042,3.865,167.1,159.6,484.2,2.548,2.597,-8.53,-8.6,-8.91,-9.22,-9.51,-9.68,-9.29,-6.954,-1.919,-.496,-.034,-.019,-.001,-.198,-.623,12.27
11,160,750,.724,1.612,-.054,-.827,1.205,2.021,.001,.028,-1.174,-1.184,-1.162,-1.068,100.3,105.6,4.136,4.099,163,156.5,484.2,2.538,2.595,-8.52,-8.59,-8.9,-9.21,-9.51,-9.68,-9.28,-6.951,-1.919,-.493,-.028,-.017,.003,-.32,-.686,12.27
11,160,800,.709,1.577,-.127,-.881,1.202,2.12,.002,.021,-1.214,-1.207,-1.203,-1.091,100.4,105.5,4.02,3.825,170.5,160.6,484.2,2.536,2.595,-8.52,-8.59,-8.9,-9.21,-9.51,-9.67,-9.28,-6.944,-1.917,-.49,.039,-.015,.009,-.28,-.725,12.27
11,160,810,.702,1.556,-.111,-1.007,1.191,2.215,.005,.032,-1.266,-1.271,-1.3,-1.16,100.2,105.4,4.22,4.184,165.8,156.7,484.3,2.536,2.594,-8.51,-8.58,-8.89,-9.2,-9.5,-9.67,-9.27,-6.944,-1.915,-.491,.031,-.01,.016,-.379,-.803,12.29
11,160,820,.801,1.771,-.131,-1.066,1.183,2.424,.004,.09,-1.26,-1.268,-1.253,-1.16,100.1,105.4,4.219,4.306,162.5,152.5,484.3,2.535,2.595,-8.51,-8.57,-8.89,-9.2,-9.5,-9.67,-9.27,-6.937,-1.914,-.49,-.024,-.01,.02,-.366,-.75,12.29
11,160,830,.962,2.119,-.076,-.957,1.191,2.692,.003,.059,-1.196,-1.201,-1.146,-1.012,99.8,105.2,3.792,3.834,158.5,149.1,484.3,2.536,2.594,-8.51,-8.58,-8.89,-9.2,-9.5,-9.66,-9.27,-6.935,-1.915,-.489,-.024,-.009,.03,-.168,-.568,12.29
11,160,840,1.013,2.245,.026,-.915,1.192,2.868,.003,.063,-1.172,-1.174,-1.088,-1.001,99.5,105,4.024,4.043,162,152.6,484.3,2.538,2.595,-8.52,-8.59,-8.89,-9.2,-9.5,-9.67,-9.27,-6.934,-1.913,-.492,-.025,-.01,.036,-.112,-.461,12.29
11,160,850,1.087,2.42,.036,-.887,1.196,3.085,.003,.048,-1.181,-1.179,-1.088,-.974,99.4,105,4.217,4.196,166.6,156.7,484.3,2.538,2.595,-8.52,-8.59,-8.89,-9.2,-9.5,-9.67,-9.27,-6.93,-1.915,-.49,-.026,-.01,.041,-.043,-.477,12.29
11,160,900,1.08,2.414,.044,-.849,1.204,3.203,.002,.047,-1.125,-1.143,-1.036,-.926,99.4,104.9,4.358,4.421,159.7,150.7,484.3,2.539,2.601,-8.51,-8.59,-8.89,-9.2,-9.5,-9.66,-9.26,-6.925,-1.912,-.484,-.022,-.007,.049,-.058,-.452,12.29
11,160,910,1.103,2.455,.055,-.792,1.203,3.344,.005,.04,-1.053,-1.077,-1.048,-.861,99.4,105,4.292,4.366,158.2,150.6,484.4,2.536,2.606,-8.51,-8.58,-8.89,-9.2,-9.49,-9.66,-9.26,-6.921,-1.911,-.481,-.016,-.002,.055,.054,-.387,12.34
11,160,920,1.122,2.501,.073,-.895,1.191,3.483,.003,.053,-1.059,-1.096,-.995,-.875,99.2,104.8,4.517,4.651,155.6,149.9,484.4,2.538,2.595,-8.5,-8.58,-8.88,-9.19,-9.49,-9.66,-9.25,-6.916,-1.91,-.48,-.008,.007,.061,.008,-.391,12.34
11,160,930,1.167,2.604,.121,-.906,1.195,3.666,.003,.031,-1.046,-1.096,-1.016,-.909,99.1,104.8,4.683,4.829,154.3,147.9,484.4,2.538,2.598,-8.5,-8.57,-8.88,-9.19,-9.49,-9.66,-9.25,-6.916,-1.909,-.481,-.009,.008,.072,-.023,-.402,12.34
11,160,940,1.21,2.698,.153,-.777,1.203,3.834,.002,.072,-.939,-.983,-.909,-.789,99.1,104.9,4.657,4.774,157.2,147.9,484.4,2.537,2.596,-8.5,-8.57,-8.88,-9.19,-9.49,-9.66,-9.25,-6.911,-1.908,-.481,-.008,.009,.079,.114,-.293,12.34
11,160,950,1.306,2.9,.189,-.652,1.205,4.078,.002,.073,-.795,-.843,-.749,-.682,99.1,104.9,5.247,5.4,157,149.5,484.4,2.537,2.594,-8.5,-8.58,-8.88,-9.19,-9.49,-9.66,-9.25,-6.908,-1.905,-.482,-.004,.011,.081,.247,-.165,12.34
11,160,1000,1.406,3.124,.091,-.477,1.21,4.326,.004,.09,-.659,-.711,-.656,-.555,99.1,105,5.254,5.4,155.1,146.3,484.4,2.537,2.592,-8.5,-8.57,-8.88,-9.19,-9.49,-9.65,-9.25,-6.904,-1.905,-.481,0,.014,.092,.413,-.039,12.34
11,160,1010,1.428,3.178,.021,-.389,1.215,4.528,.003,.035,-.566,-.602,-.495,-.421,99.2,105,5.619,5.739,159.5,150.5,484.5,2.537,2.591,-8.5,-8.58,-8.88,-9.19,-9.49,-9.65,-9.24,-6.9,-1.903,-.482,.006,.023,.099,.462,.038,12.49
11,160,1020,1.425,3.176,-.024,-.227,1.223,4.678,.002,.05,-.445,-.471,-.408,-.287,99.5,105.2,5.803,5.831,159.5,151.2,484.5,2.536,2.59,-8.5,-8.57,-8.87,-9.19,-9.49,-9.65,-9.24,-6.897,-1.902,-.483,.022,.023,.11,.512,.102,12.49
11,160,1030,1.453,3.245,-.258,-.06,1.222,4.869,.003,.074,-.397,-.395,-.414,-.227,99.6,105.4,6.31,6.118,167.2,157.1,484.5,2.538,2.589,-8.49,-8.56,-8.87,-9.18,-9.48,-9.64,-9.24,-6.892,-1.898,-.481,.04,.025,.11,.581,.136,12.49
11,160,1040,1.562,3.496,-.621,-.084,1.221,5.176,.002,.088,-.418,-.402,-.401,-.187,99.4,105.2,6.409,6.108,171.8,160.4,484.5,2.541,2.589,-8.49,-8.55,-8.86,-9.18,-9.48,-9.64,-9.23,-6.891,-1.896,-.482,.104,.028,.124,.629,.146,12.49
11,160,1050,1.667,3.744,-.934,-.02,1.223,5.449,.003,.066,-.458,-.443,-.388,-.227,99.4,105.2,6.786,6.396,175.8,165.1,484.5,2.536,2.587,-8.48,-8.55,-8.86,-9.17,-9.48,-9.64,-9.23,-6.885,-1.894,-.481,.174,.032,.137,.655,.113,12.49
11,160,1100,1.708,3.837,-1.03,.009,1.228,5.63,.002,.026,-.42,-.404,-.301,-.15,99.3,105.1,6.128,5.793,177.1,166,484.5,2.535,2.587,-8.48,-8.55,-8.85,-9.17,-9.47,-9.64,-9.23,-6.88,-1.896,-.481,.188,.033,.161,.758,.244,12.49
11,160,1110,1.651,3.706,-.959,.006,1.228,5.659,.003,.045,-.412,-.397,-.287,-.14,99.3,105.1,5.891,5.553,175,165,484.7,2.533,2.586,-8.49,-8.56,-8.85,-9.17,-9.47,-9.64,-9.23,-6.879,-1.896,-.485,.15,.029,.163,.845,.302,12.58
11,160,1120,1.654,3.706,-1.009,-.004,1.229,5.771,.003,.103,-.4,-.389,-.281,-.114,99.2,105.1,5.596,5.246,172.9,163,484.7,2.531,2.587,-8.49,-8.56,-8.85,-9.17,-9.47,-9.63,-9.22,-6.876,-1.896,-.485,.109,.031,.17,.888,.333,12.58
11,160,1130,1.775,3.975,-.966,-.125,1.23,6.081,.003,.142,-.453,-.437,-.274,-.087,99,105,5.63,5.272,171.6,162,484.7,2.532,2.588,-8.48,-8.55,-8.85,-9.17,-9.46,-9.63,-9.22,-6.874,-1.894,-.486,.129,.033,.178,.903,.327,12.58
11,160,1140,1.87,4.193,-.969,-.238,1.227,6.351,.003,.07,-.505,-.487,-.294,-.12,98.7,104.8,5.91,5.563,171.2,162.5,484.7,2.532,2.589,-8.48,-8.55,-8.85,-9.17,-9.46,-9.63,-9.22,-6.871,-1.897,-.489,.099,.033,.181,.909,.329,12.58
11,160,1150,2.028,4.516,-.847,-.254,1.226,6.643,.002,.067,-.548,-.537,-.354,-.167,98.4,104.6,6.156,5.785,169.4,160.7,484.7,2.533,2.589,-8.48,-8.55,-8.85,-9.17,-9.47,-9.63,-9.22,-6.87,-1.898,-.49,.182,.032,.188,1.016,.382,12.58
11,160,1200,2.11,4.69,-.774,-.266,1.223,6.877,.002,.088,-.571,-.557,-.339,-.188,98.2,104.5,6.165,5.792,169.4,158.9,484.7,2.533,2.589,-8.48,-8.55,-8.85,-9.17,-9.47,-9.64,-9.22,-6.869,-1.898,-.491,.174,.03,.192,1.255,.426,12.58
11,160,1210,2.335,5.171,-.659,-.211,1.227,7.34,.003,.207,-.508,-.497,-.307,-.134,97.9,104.3,5.711,5.39,170.1,161.7,484.7,2.533,2.589,-8.49,-8.56,-8.86,-9.17,-9.47,-9.64,-9.22,-6.869,-1.901,-.496,.087,.028,.207,1.641,.63,12.65
11,160,1220,2.476,5.448,-.532,-.076,1.228,7.61,.004,.156,-.401,-.396,-.18,.114,97.2,104,5.361,5.053,167.9,159.4,484.7,2.533,2.589,-8.49,-8.58,-8.87,-9.18,-9.48,-9.64,-9.22,-6.871,-1.906,-.5,.042,.021,.223,1.905,.964,12.65
11,160,1230,2.189,4.809,-.414,-.162,1.217,7.28,.002,.07,-.472,-.484,-.221,-.013,97.1,103.8,5.461,5.271,166.4,156.8,484.7,2.534,2.59,-8.48,-8.55,-8.86,-9.18,-9.48,-9.64,-9.22,-6.87,-1.91,-.505,.078,.021,.221,1.579,.846,12.65
11,160,1240,2.091,4.588,-.253,-.23,1.216,7.22,.002,.104,-.49,-.522,-.281,-.127,97.1,103.8,5.601,5.51,162.4,153.1,484.7,2.534,2.591,-8.46,-8.53,-8.85,-9.17,-9.47,-9.64,-9.22,-6.865,-1.908,-.5,.137,.025,.214,1.426,.73,12.65
11,160,1250,2.378,5.195,-.191,-.15,1.222,7.68,.003,.214,-.389,-.431,-.174,-.047,96.6,103.7,5.586,5.511,163.7,155.3,484.7,2.533,2.59,-8.46,-8.54,-8.85,-9.17,-9.47,-9.63,-9.21,-6.86,-1.905,-.501,.099,.027,.224,1.614,.909,12.65
11,160,1300,2.507,5.424,-.065,-.065,1.209,7.79,.01,.108,-.334,-.374,-.116,.045,96,103.3,5.625,5.515,161.9,153.8,484.7,2.533,2.59,-8.48,-8.56,-8.85,-9.17,-9.46,-9.63,-9.21,-6.859,-1.905,-.504,.057,.024,.231,1.774,1.055,12.65
11,160,1310,2.705,5.783,.143,.001,1.195,8.08,.013,.09,-.191,-.257,-.013,.174,95.3,102.8,5.122,5.082,161.3,152.2,484.7,2.533,2.59,-8.49,-8.57,-8.85,-9.16,-9.46,-9.62,-9.2,-6.851,-1.905,-.503,.09,.023,.245,2.08,1.362,12.7
11,160,1320,3.157,6.716,.482,.076,1.18,8.69,.006,.313,-.02,-.112,.134,.434,93.6,101.7,4.975,5.028,153.4,145.3,484.7,2.533,2.59,-8.49,-8.59,-8.85,-9.16,-9.46,-9.62,-9.2,-6.847,-1.902,-.505,.04,.023,.278,2.462,1.815,12.7
11,160,1330,3.097,6.622,.649,.135,1.191,8.67,.005,.133,-.005,-.084,.294,.461,92.8,101,5.027,5.134,149.8,142.9,484.7,2.532,2.59,-8.5,-8.6,-8.85,-9.16,-9.46,-9.62,-9.19,-6.841,-1.901,-.502,.026,.025,.297,2.337,1.946,12.7
11,160,1340,3.089,6.62,.723,.117,1.194,8.84,.005,.09,-.005,-.067,.292,.479,92.2,100.4,5.468,5.575,150.7,141.2,484.7,2.533,2.59,-8.48,-8.56,-8.84,-9.16,-9.45,-9.61,-9.19,-6.829,-1.894,-.495,.092,.038,.317,2.263,1.954,12.7
11,160,1350,2.944,6.345,.6,.025,1.194,8.84,.004,.12,-.005,-.06,.195,.356,92.4,100.2,5.403,5.474,153.6,143.9,484.7,2.534,2.591,-8.46,-8.54,-8.83,-9.15,-9.45,-9.61,-9.18,-6.825,-1.893,-.489,.133,.046,.317,2.184,1.785,12.7
11,160,1400,3.339,7.19,.645,.056,1.191,9.49,.007,.275,.079,.032,.37,.502,91.8,99.7,5.295,5.359,157.6,150.9,484.7,2.534,2.591,-8.46,-8.54,-8.82,-9.14,-9.44,-9.6,-9.18,-6.818,-1.888,-.49,.179,.042,.341,2.552,2.049,12.7
11,160,1410,3.823,8.16,.883,.186,1.191,10.17,.005,.359,.123,.12,.551,.705,90.7,98.2,5.411,5.353,162.7,153.8,484.4,2.535,2.592,-8.48,-8.58,-8.83,-9.14,-9.44,-9.6,-9.17,-6.815,-1.889,-.493,.27,.035,.363,3.025,2.396,12.81
11,160,1420,3.971,8.43,1.098,.161,1.133,10.02,.021,.639,.159,.145,.65,.81,90.5,97.4,5.48,5.418,163.1,151.8,484.4,2.535,2.592,-8.49,-8.59,-8.82,-9.13,-9.42,-9.59,-9.16,-6.809,-1.889,-.494,.266,.034,.37,3.212,2.497,12.81
11,160,1430,3.79,7.99,.944,.101,1.081,9.75,.024,.915,.132,.151,.649,.843,89.7,96.3,5.027,4.879,161.9,155.8,484.4,2.536,2.593,-8.5,-8.6,-8.79,-9.11,-9.41,-9.57,-9.15,-6.798,-1.886,-.493,.229,.037,.38,3.27,2.509,12.81
11,160,1440,4.11,8.71,1.289,-.048,.988,10.08,.028,.707,.174,.155,.669,.856,89.5,95.8,5.348,5.304,161.1,152.7,484.4,2.536,2.594,-8.5,-8.61,-8.77,-9.09,-9.39,-9.55,-9.14,-6.784,-1.874,-.485,.279,.047,.397,3.306,2.493,12.81
11,160,1450,3.687,7.75,1.185,.004,1.05,9.62,.054,.756,.128,.077,.535,.642,90,96.1,5.42,5.458,157.5,149.9,484.4,2.538,2.595,-8.47,-8.57,-8.76,-9.07,-9.38,-9.55,-9.13,-6.774,-1.868,-.478,.25,.055,.377,2.807,2.247,12.81
11,160,1500,3.951,8.35,1.155,-.189,.958,10.07,.03,.291,.182,.147,.666,.753,89.5,95.6,4.93,4.929,160.2,150.8,484.4,2.539,2.595,-8.46,-8.56,-8.76,-9.08,-9.38,-9.55,-9.13,-6.774,-1.871,-.48,.231,.055,.401,3.004,2.448,12.81
11,160,1510,4.08,8.59,1.224,-.21,.936,10.27,.007,.336,.282,.256,.835,.895,89.2,95.4,4.232,4.261,161.8,153.3,484.1,2.539,2.596,-8.46,-8.55,-8.76,-9.08,-9.38,-9.55,-9.13,-6.775,-1.876,-.487,.157,.053,.439,3.345,2.808,13.01
11,160,1520,4.13,8.71,1.242,-.163,.935,10.22,.005,.213,.313,.267,.936,1.036,88.5,94.9,4.072,4.134,156.6,146.3,484.1,2.539,2.597,-8.47,-8.57,-8.74,-9.07,-9.37,-9.54,-9.12,-6.766,-1.872,-.484,.141,.051,.465,3.409,3.185,13.01
11,160,1530,3.339,7.01,.861,-.35,.917,8.98,.006,.414,.124,.089,.662,.795,89.1,95.3,3.982,4.068,149.2,141.1,484.1,2.54,2.598,-8.44,-8.52,-8.75,-9.08,-9.38,-9.55,-9.13,-6.768,-1.874,-.486,.058,.053,.442,2.761,2.973,13.01
11,160,1540,3.191,6.689,.875,-.368,.949,8.82,.008,.354,.121,.126,.528,.715,90.1,96,3.892,3.995,142,136.3,484.1,2.54,2.598,-8.41,-8.48,-8.75,-9.08,-9.39,-9.55,-9.13,-6.762,-1.871,-.481,.072,.068,.442,2.569,2.945,13.01
11,160,1550,3.046,6.361,.767,-.357,.98,8.74,.011,.465,.175,.157,.541,.748,89.9,95.8,3.66,3.782,148.4,139,484.1,2.54,2.599,-8.41,-8.48,-8.76,-9.09,-9.39,-9.56,-9.13,-6.76,-1.869,-.477,.075,.075,.451,2.621,2.965,13.01
11,160,1600,2.432,5.049,.468,-.398,1.026,7.93,.03,.244,.121,.112,.371,.554,90.8,96.3,3.65,3.76,150.3,142.2,484.1,2.541,2.599,-8.4,-8.46,-8.77,-9.1,-9.4,-9.57,-9.13,-6.768,-1.878,-.487,.066,.069,.42,2.133,2.54,13.01
11,160,1610,2.414,5.022,.582,-.102,1.124,8.08,.033,.08,.247,.24,.548,.742,91.2,96.8,2.94,2.997,147,138.8,483.7,2.541,2.599,-8.4,-8.47,-8.78,-9.11,-9.41,-9.57,-9.14,-6.769,-1.881,-.493,.069,.068,.456,2.609,2.84,12.77
11,160,1620,2.298,4.864,.544,.071,1.188,8.24,.003,.044,.221,.231,.461,.682,90.8,96.2,3.492,3.561,141,133.4,483.7,2.54,2.598,-8.42,-8.48,-8.79,-9.11,-9.41,-9.57,-9.13,-6.762,-1.876,-.487,.075,.075,.482,2.531,3.036,12.77
11,160,1630,2.319,4.94,.651,.027,1.192,8.41,.004,.038,.248,.301,.468,.742,90.4,95.8,2.977,3.053,136.7,128.8,483.7,2.54,2.599,-8.41,-8.48,-8.8,-9.12,-9.41,-9.58,-9.13,-6.759,-1.875,-.486,.08,.082,.524,2.84,3.315,12.77
11,160,1640,2.387,5.078,.611,.063,1.19,8.49,.004,.052,.336,.412,.601,.915,90.2,95.6,2.613,2.68,136.4,127.1,483.7,2.54,2.599,-8.42,-8.5,-8.82,-9.12,-9.41,-9.57,-9.13,-6.755,-1.872,-.486,.085,.086,.573,3.176,3.949,12.77
11,160,1650,2.442,5.184,.6,.199,1.204,8.41,.006,.075,.42,.491,.768,1.056,90,95.2,2.438,2.525,139.2,131.4,483.7,2.54,2.599,-8.43,-8.51,-8.83,-9.13,-9.41,-9.57,-9.13,-6.754,-1.874,-.488,.085,.085,.613,3.446,4.301,12.77
11,160,1700,2.433,5.183,.632,.29,1.21,8.34,.005,.032,.504,.542,.865,1.13,90.5,96.3,2.271,2.344,136.9,129.3,483.7,2.54,2.599,-8.41,-8.48,-8.83,-9.13,-9.42,-9.58,-9.13,-6.761,-1.883,-.499,.076,.078,.633,3.699,4.317,12.77
11,160,1710,2.688,5.739,.795,.31,1.206,8.71,.003,.126,.526,.537,.962,1.156,90.6,96.6,2.911,2.974,142.2,134,482.9,2.54,2.599,-8.4,-8.47,-8.81,-9.13,-9.42,-9.58,-9.14,-6.761,-1.886,-.503,.078,.077,.625,3.626,4.091,12.74
11,160,1720,2.949,6.277,.758,.339,1.217,9.06,.004,.154,.602,.645,1.056,1.256,90.8,96.8,3.012,3.106,147.1,136.3,482.9,2.542,2.599,-8.39,-8.45,-8.82,-9.13,-9.43,-9.59,-9.14,-6.766,-1.894,-.512,.07,.071,.618,3.812,3.916,12.74
11,160,1730,2.564,5.454,.844,.338,1.21,8.18,.004,.13,.482,.561,.855,1.083,92,98.2,3.348,3.441,136.1,127.8,482.9,2.543,2.599,-8.39,-8.46,-8.81,-9.13,-9.42,-9.58,-9.13,-6.756,-1.887,-.506,.08,.083,.575,3.211,3.833,12.74
11,160,1740,2.594,5.528,.897,.321,1.214,8.22,.005,.075,.471,.569,.762,.942,92.9,99.2,3.58,3.689,133.1,126.5,482.9,2.547,2.599,-8.38,-8.44,-8.8,-9.12,-9.42,-9.57,-9.13,-6.746,-1.883,-.503,.087,.092,.527,2.947,3.605,12.74
11,160,1750,2.605,5.554,.759,.329,1.222,8.16,.006,.041,.545,.579,.862,1.009,93.1,99.4,3.192,3.301,137,126.9,482.9,2.545,2.6,-8.38,-8.43,-8.8,-9.12,-9.42,-9.58,-9.13,-6.745,-1.884,-.504,.087,.091,.532,3.079,3.594,12.74
11,160,1800,2.772,5.913,.906,.371,1.226,8.29,.006,.141,.629,.709,1.044,1.214,92.4,98.9,3.01,3.078,138.9,127.5,482.9,2.544,2.6,-8.39,-8.44,-8.8,-9.12,-9.42,-9.58,-9.13,-6.748,-1.891,-.511,.082,.084,.582,3.294,3.901,12.74
11,160,1810,2.383,5.084
