182,2009,223,1430,351.3,201.1,311.9,316.9,3.006,4.655,4.655
182,2009,223,1440,347.1,204.2,311.5,315.7,2.984,4.448,5.782
182,2009,223,1450,471.2,270.7,310.2,315.4,3.247,4.768,5.978
182,2009,223,1500,499.3,286.7,310.2,315.4,3.732,4.508,5.537
208,2009,223,1500,2.453,6.3,6.6763,6.7318,6.4966,-100,6.9004,6.5654,-61.536,-133.58,-185.56,-194.17,-211.89,-217.05,2.465,13.45
182,2009,223,1510,481.4,276.7,308.4,315.3,3.714,4.607,5.978
182,2009,223,1520,471.4,269,306.8,315.2,3.74,4.443,5.831
182,2009,223,1530,492.8,280.1,303.8,315.1,3.778,4.623,5.635
182,2009,223,1540,486.6,276.1,303.2,315.2,3.862,4.358,5.341
182,2009,223,1550,449.9,256.2,304.3,315.2,3.844,4.226,5.243
182,2009,223,1600,459.7,258.7,298.3,315.1,3.689,4.341,5.292
208,2009,223,1600,2.691,7.22,6.7491,6.7879,6.5483,-100,6.9743,6.636,-61.5,-133.57,-188.26,-197.23,-213.91,-219.59,2.503,13.46
182,2009,223,1610,546.1,302.8,301.5,315.4,3.985,4.572,5.831
182,2009,223,1620,506.3,282.4,304.8,315.4,4.007,4.208,5.194
182,2009,223,1630,564.2,310.2,298,315.3,4.259,4.486,5.733
182,2009,223,1640,530.4,291.2,294.9,315.3,4.208,4.192,5.145
182,2009,223,1650,573.1,310.2,290.6,315.4,4.404,4.117,5.047
182,2009,223,1700,517.3,281.6,295.1,315.1,4.342,4.459,5.586
208,2009,223,1700,2.945,7.88,6.8946,6.8403,6.5829,-100,7.0499,6.7116,-61.402,-133.52,-190.63,-199.19,-215.08,-220.57,2.505,13.47
174,2009,223,1710,513.1,274.5,295.9,315.7,4.256,4.634,5.88
174,2009,223,1720,439.6,239,289.4,314.8,3.764,4.88,6.027
174,2009,223,1730,537.6,281.3,271,314.9,3.738,4.589,5.684
174,2009,223,1740,504.3,261.4,240.4,313.9,3.906,5.104,6.125
174,2009,223,1750,582.7,297.4,234.1,313.7,4.121,4.977,6.076
174,2009,223,1800,563.3,286.8,233,313.5,4.307,4.886,5.88
208,2009,223,1800,2.49,7.48,7.0626,6.8056,6.5589,-100,7.1682,6.5084,-53.977,-117.41,-169.73,-176.07,2.509,14.47
174,2009,223,1810,546.3,277.6,232.5,313.5,4.317,4.779,5.929
174,2009,223,1820,531.5,269.9,232.4,313.3,4.268,4.719,6.174
174,2009,223,1830,515.7,261.4,232.2,313.3,4.305,4.451,5.782
174,2009,223,1840,498.6,252.5,232,313,4.232,4.872,6.272
174,2009,223,1850,487.2,245.8,231.6,313,4.164,4.798,6.076
174,2009,223,1900,472.4,237.2,231.5,312.9,4.145,4.726,5.88
208,2009,223,1900,2.182,7.93,7.1802,6.8851,6.6677,-100,7.2866,6.6023,-61.383,-133.52,-194.07,-201.23,2.516,14.26
174,2009,223,1910,457.5,228.6,231,312.7,4.075,4.835,6.37
174,2009,223,1920,440.3,218.8,230.7,312.6,4.032,4.539,5.978
174,2009,223,1930,424.6,210.1,230.2,312.5,4.054,4.431,5.635
174,2009,223,1940,408.2,201,229.8,312.2,3.977,4.397,5.439
174,2009,223,1950,387.8,189.2,229,312,3.834,4.534,5.831
174,2009,223,2000,361.5,175.2,228.4,311.8,3.626,4.785,6.321
208,2009,223,2000,1.959,6.953,7.061,6.8647,6.6618,-100,7.1597,6.5253,-61.384,-133.52,-194.88,-201.96,2.513,14.03
174,2009,223,2010,350.4,170.1,228.3,311.6,3.429,5.144,6.468
174,2009,223,2020,338.3,165.3,228,311.5,3.287,5.385,6.713
174,2009,223,2030,324.1,159.8,227.7,311.4,3.256,5.393,6.811
174,2009,223,2040,307.7,153.5,227.4,311.2,3.187,5.459,6.713
174,2009,223,2050,289.6,146.6,227,311,3.104,5.439,6.615
174,2009,223,2100,272,139.4,226.5,310.8,2.977,5.364,6.909
208,2009,223,2100,1.93,4.976,6.9165,6.7923,6.576,-100,6.8644,6.4429,-61.377,-133.56,-195.47,-202.75,2.517,14.17
174,2009,223,2110,254.7,131.9,226.3,310.7,2.881,5.34,6.615
174,2009,223,2120,236.1,123.8,225.7,310.4,2.797,5.01,6.615
174,2009,223,2130,217.3,115.8,225.4,310.1,2.681,4.738,6.027
174,2009,223,2140,201.2,109.3,225.2,309.8,2.516,4.767,5.88
174,2009,223,2150,184.9,102.7,225.1,309.5,2.397,4.668,5.684
174,2009,223,2200,168,95.4,224.6,309.1,2.241,4.167,5.292
208,2009,223,2200,1.713,4.375,6.6908,6.6209,6.4501,-100,6.7097,6.3336,-61.416,-133.57,-195.57,-203.38,2.522,14.17
174,2009,223,2210,151,87.5,224.3,308.5,2.114,3.361,4.557
174,2009,223,2220,134.1,79.5,223.7,307.8,1.969,2.861,3.773
174,2009,223,2230,119.1,72.2,223.5,307.2,1.65,3.068,3.773
174,2009,223,2240,104.4,64.88,222.9,306.5,1.365,2.807,3.528
174,2009,223,2250,91.7,58.42,222.6,306.5,1.097,3.735,4.753
174,2009,223,2300,79.7,52.03,222.2,306.4,.835,4.153,4.949
208,2009,223,2300,.762,3.628,6.1678,6.1157,5.9725,-100,6.119,5.8561,-61.471,-133.63,-194.73,-203.75,2.527,14.04
174,2009,223,2310,67.96,45.69,221.9,306.1,.668,4.011,4.851
174,2009,223,2320,57,39.57,221.5,305.9,.49,4.241,5.39
174,2009,223,2330,46.86,33.92,220.6,305.5,.227,4.513,5.586
174,2009,223,2340,37.21,28.07,220,305.1,-.023,4.568,5.929
174,2009,223,2350,29.4,23.09,219.9,305.2,-.143,5.056,6.664
174,2009,224,0,22.51,18.48,219.6,304.9,-.35,5.606,6.713
208,2009,224,0,.161,1.435,5.756,5.7471,5.6151,-100,5.6617,5.5041,-61.527,-133.64,-193.5,-204.22,2.528,13.83
174,2009,224,10,17.16,14.93,219.5,304.6,-.527,5.779,7.01
174,2009,224,20,10.88,10.2,219.2,304.3,-.79,5.923,7.06
174,2009,224,30,8.12,8.5,219,303.7,-.98,5.774,7.2
174,2009,224,40,4.682,5.428,219.2,303.6,-1.14,5.999,7.4
174,2009,224,50,2.729,4.248,219.2,303.2,-1.313,5.949,7.2
174,2009,224,100,1.229,3.304,218.8,302.7,-1.392,5.642,7.25
208,2009,224,100,-.567,-.286,5.3108,5.3075,5.1744,-100,5.1711,5.0679,-61.594,-133.7,-192.74,-204.38,2.529,13.58
174,2009,224,110,.025,2.652,218.6,302.4,-1.466,5.562,6.664
174,2009,224,120,-.743,2.22,218.7,302.1,-1.543,5.533,6.958
174,2009,224,130,-.999,1.943,218.8,302.3,-1.443,5.859,7.4
174,2009,224,140,-1.492,1.688,218.6,301.9,-1.438,5.944,7.01
174,2009,224,150,-1.785,1.402,217.9,301.2,-1.642,5.524,7.4
174,2009,224,200,-1.793,1.619,217.6,300.9,-1.777,5.319,7.55
208,2009,224,200,-1.028,-.998,5.0941,5.0842,4.9566,-100,4.9377,4.8423,-61.628,-133.7,-192.22,-204.41,2.53,13.39
174,2009,224,210,-1.435,1.599,217.9,301.7,-1.595,6.819,8.67
174,2009,224,220,-1.739,1.154,217.8,301.8,-1.549,7.35,9.31
174,2009,224,230,-1.787,1.134,217.7,301.7,-1.54,7.7,10.14
174,2009,224,240,-1.85,1.022,217.6,301.2,-1.572,8.08,9.75
174,2009,224,250,-1.79,.982,217.6,300.9,-1.702,8.04,10
174,2009,224,300,-1.914,.899,216.9,300.1,-1.88,7.32,8.92
208,2009,224,300,-1.057,-1.095,5.0171,5.0204,4.8862,-100,4.8717,4.7841,-61.683,-133.72,-191.92,-204.08,2.531,13.2
174,2009,224,310,-1.807,1.143,216.7,300.1,-1.919,7.18,9.51
174,2009,224,320,-1.736,1.239,216.9,300.3,-1.816,7.33,9.55
174,2009,224,330,-1.881,1.063,216.7,300.2,-1.696,7.59,9.55
174,2009,224,340,-1.915,.976,216.5,299.9,-1.781,7.87,9.9
174,2009,224,350,-1.903,.985,216.7,299.9,-1.829,8.38,10.39
174,2009,224,400,-1.844,.995,216.4,299.9,-1.759,8.67,11.71
208,2009,224,400,-1.176,-1.345,4.9407,4.9385,4.8009,-100,4.7743,4.6855,-61.715,-133.77,-192.29,-204.08,2.533,13.02
174,2009,224,410,-1.965,.866,215.6,299.1,-2.013,8.51,10.34
174,2009,224,420,-1.855,.956,215.8,299.2,-2.026,8.91,11.76
174,2009,224,430,-1.79,.993,215.4,299,-2.056,9.16,11.37
174,2009,224,440,-1.793,.95,214.7,298.8,-2.109,9,11.71
174,2009,224,450,-1.679,1.04,214.3,298.5,-2.185,8.77,10.88
174,2009,224,500,-1.577,1.081,214,298.2,-2.292,9.18,12.25
208,2009,224,500,-1.539,-1.67,4.7397,4.7386,4.601,-100,4.5799,4.489,-61.74,-133.77,-192.61,-204.24,2.535,12.87
174,2009,224,510,-1.361,1.191,213.6,297.7,-2.418,8.98,11.22
174,2009,224,520,-.913,1.617,214,297.9,-2.39,9.27,11.71
174,2009,224,530,-.26,1.917,214.5,297.9,-2.316,9.47,12.35
174,2009,224,540,.471,2.462,214.5,297.6,-2.346,9.66,12.05
174,2009,224,550,1.502,3.196,214.2,297.5,-2.422,9.43,12.05
174,2009,224,600,2.932,4.214,213.9,297.2,-2.436,9.67,12.45
208,2009,224,600,-1.801,-1.96,4.6037,4.6004,4.4639,-100,4.4451,4.3607,-61.79,-133.76,-192.97,-204.56,2.537,12.78
174,2009,224,610,4.517,5.135,213.6,296.9,-2.485,9.54,11.37
174,2009,224,620,6.379,6.706,213.6,296.9,-2.496,9.88,12.64
174,2009,224,630,10.82,12.08,213.5,296.9,-2.344,10.23,12.79
174,2009,224,640,16.24,20.37,213,296.6,-2.244,10.23,12.49
174,2009,224,650,21.48,26.98,212.7,296.2,-2.308,10.29,13.08
174,2009,224,700,29.15,35.31,212.2,295.7,-2.376,10.19,12.49
208,2009,224,700,-1.938,-1.654,4.5459,4.5825,4.4293,-100,4.4704,4.3539,-61.775,-133.75,-193.17,-204.69,2.539,13
174,2009,224,710,36.39,39.24,212.1,295.6,-2.371,10.81,13.33
174,2009,224,720,44.61,45.24,211.7,295.4,-2.32,10.85,13.38
174,2009,224,730,53.05,51.65,211.3,295,-2.392,10.52,13.47
174,2009,224,740,61.57,57.29,211,294.8,-2.38,10.42,13.28
174,2009,224,750,73.3,66.29,210.7,294.4,-2.464,10.49,13.77
174,2009,224,800,85.5,75.5,210.8,294.3,-2.459,10.26,13.38
208,2009,224,800,-2.252,-1.095,4.477,4.4992,4.3117,-100,4.4426,4.2984,-61.795,-133.75,-193.59,-204.97,2.542,13.88
174,2009,224,810,100.2,86.3,211,294.6,-2.274,10.32,13.03
174,2009,224,820,114,95.7,211.1,294.8,-2.097,10.21,12.69
174,2009,224,830,129.6,106.5,211,294.8,-2.035,10.1,13.23
174,2009,224,840,146.4,117.5,210.9,294.8,-1.964,10.33,13.33
174,2009,224,850,163.2,128.1,210.6,294.7,-1.973,10.17,13.38
174,2009,224,900,179.9,138.1,210.6,294.8,-1.943,10.42,13.62
208,2009,224,900,-2.113,-.503,4.6319,4.6331,4.45,-100,4.6131,4.4333,-61.781,-133.75,-193.91,-205.28,2.538,13.59
174,2009,224,910,196.9,147.7,210.8,295,-1.893,10.37,13.23
174,2009,224,920,215.1,157.9,210.6,295.1,-1.85,10.75,13.18
174,2009,224,930,233,167.7,210.7,295.5,-1.712,10.34,13.08
174,2009,224,940,248.8,175.9,210.9,295.9,-1.627,10.51,13.18
174,2009,224,950,262.6,182.5,211.1,296,-1.528,10.37,13.13
174,2009,224,1000,273.9,187.6,211.1,296.1,-1.563,10.36,13.13
208,2009,224,1000,-1.892,-.089,4.7432,4.7476,4.6012,-100,4.7365,4.5823,-61.752,-133.72,-193.84,-205.08,2.537,13.54
174,2009,224,1010,297.3,200.4,211.5,296.6,-1.414,10.45,13.77
174,2009,224,1020,317.5,211,211.5,297.1,-1.294,10.91,14.41
174,2009,224,1030,328.3,215.5,211.8,297.4,-1.227,11.49,16.22
174,2009,224,1040,344.8,223.7,212,297.8,-1.196,11.55,14.75
174,2009,224,1050,357.3,229.5,212.3,298.2,-1.139,11.54,14.45
174,2009,224,1100,388.6,246.3,212.7,298.9,-.937,10.8,14.06
208,2009,224,1100,-1.366,.457,4.7754,4.9817,4.8674,-100,4.9196,4.8541,-61.67,-133.68,-194.19,-205.02,2.535,13.5
174,2009,224,1110,406.5,255.1,213.1,299.7,-.646,10.11,12.98
174,2009,224,1120,424.7,263.9,213,301,-.287,9.31,12.05
174,2009,224,1130,440.7,271.4,213.6,301.7,-.044,9.46,12.3
174,2009,224,1140,455.7,278.4,213.7,302,-.032,10.06,12.54
174,2009,224,1150,467.8,283.8,213.9,302.7,.04,10.09,13.67
174,2009,224,1200,486.4,292.9,213.7,303.1,.097,10.42,13.23
208,2009,224,1200,-.485,2.251,5.0951,5.4501,5.3569,-100,5.3303,5.3514,-61.569,-133.62,-194.37,-204.87,2.531,13.43
174,2009,224,1210,509.9,304.4,213.8,303.8,.258,10.01,13.18
174,2009,224,1220,521.8,309.2,214.3,304.5,.451,10.58,13.52
174,2009,224,1230,533.6,314,214.4,305.4,.62,10.69,13.92
174,2009,224,1240,548.4,320.6,214.6,306.2,.847,11.06,14.7
174,2009,224,1250,563.2,327.2,214.7,306.8,.989,10.47,13.57
174,2009,224,1300,574.4,331.6,214.8,307.5,1.087,10,12.45
208,2009,224,1300,.371,3.381,5.576,5.8789,5.8256,-100,5.7136,5.8157,-61.447,-133.57,-195.3,-204.6,2.528,13.38
174,2009,224,1310,582.8,334.3,215.3,308.3,1.172,9.66,12.2
174,2009,224,1320,591.2,337.5,215.7,308.9,1.284,9.89,12.45
174,2009,224,1330,606.2,344.2,215.6,309.2,1.304,9.86,12.94
174,2009,224,1340,616,347.9,216.1,309.6,1.359,10.18,13.87
174,2009,224,1350,626.9,352.5,216,310.1,1.373,10.27,12.74
174,2009,224,1400,632.9,354.4,216.3,310.6,1.443,9.99,13.08
208,2009,224,1400,.986,3.982,5.9346,6.0655,6.0123,-100,5.9812,6.0367,-61.335,-133.51,-196.85,-204.99,2.524,13.38
174,2009,224,1410,637.6,355.6,216.7,310.8,1.465,9.94,13.38
174,2009,224,1420,643.4,357.6,216.7,311.1,1.486,9.78,12.94
174,2009,224,1430,653.4,361.8,217.3,311.4,1.63,10.58,14.21
174,2009,224,1440,657.7,362.4,217.5,311.6,1.639,10.06,13.18
174,2009,224,1450,661.8,363,217.3,312,1.704,9.8,14.06
174,2009,224,1500,665.9,363.7,217.9,312.2,1.753,9.92,12.69
208,2009,224,1500,1.381,3.55,6.131,6.1621,6.1366,-100,6.1566,6.1599,-61.235,-133.47,-198.05,-205.41,2.523,13.42
174,2009,224,1510,668,363.7,218,312.3,1.789,9.96,13.03
174,2009,224,1520,667.6,362.4,218.3,312.4,1.813,10.17,12.74
174,2009,224,1530,663.7,359,218.6,312.5,1.875,10.11,13.03
174,2009,224,1540,663.3,357.2,218.8,312.7,1.998,9.98,12.89
174,2009,224,1550,664,355.7,219,312.7,2.073,9.93,12.45
174,2009,224,1600,663.5,353.8,219.1,312.9,2.193,10.05,12.59
208,2009,224,1600,1.782,3.315,6.2608,6.3119,6.1277,-100,6.2886,6.293,-61.136,-133.44,-198.38,-205.74,2.521,13.47
174,2009,224,1610,660.4,350.4,219.2,312.9,2.302,9.76,12.3
174,2009,224,1620,656.6,347.1,219.2,313,2.413,9.82,12.94
174,2009,224,1630,652.5,343.7,219.3,313,2.493,9.85,12.49
174,2009,224,1640,646.6,339.3,219.7,312.9,2.567,9.95,13.18
174,2009,224,1650,639.8,334.6,219.5,312.9,2.665,9.98,12.49
174,2009,224,1700,632.8,329.5,219.3,312.8,2.755,9.58,11.91
208,2009,224,1700,2.262,4.045,6.7136,6.5272,6.3131,-100,6.4529,6.4862,-61.082,-133.44,-198.52,-205.97,2.521,13.53
174,2009,224,1710,624.5,324.1,219.5,312.9,2.854,9.32,12.74
174,2009,224,1720,615.2,318.3,220,312.7,2.926,9.36,11.96
174,2009,224,1730,606.1,313.1,219.8,312.7,3.028,9.75,12.84
174,2009,224,1740,596,307.3,220,312.6,3.122,9.74,13.23
174,2009,224,1750,585.3,301.2,219.9,312.5,3.158,9.69,12.54
174,2009,224,1800,573,294.1,220,312.3,3.203,9.55,12.94
208,2009,224,1800,2.459,5.084,7.0862,6.7346,6.4938,-100,7.0274,6.3962,-61.082,-133.44,-198.72,-206.14,2.518,13.61
174,2009,224,1810,560.9,287,220,312.3,3.272,9.17,12.98
174,2009,224,1820,548.5,279.8,220.1,312.2,3.333,9.67,12.59
174,2009,224,1830,535.1,272.1,219.8,312.1,3.35,9.29,11.86
174,2009,224,1840,518.6,263,219.5,311.9,3.361,9.24,11.71
174,2009,224,1850,470.5,239.1,219.3,311.6,3.195,8.79,10.88
174,2009,224,1900,471.3,238,219.9,311.6,3.16,8.53,11.12
208,2009,224,1900,2.514,5.345,7.1184,6.8821,6.6713,-100,7.1128,6.5803,-61.082,-133.44,-199.01,-206.23,2.516,13.63
174,2009,224,1910,434.2,219.1,220.3,311.4,3.241,8.11,10.58
174,2009,224,1920,401,202.6,221.2,311.4,2.952,8.91,11.07
174,2009,224,1930,300.6,155.4,222.6,311.3,2.529,8.8,10.98
174,2009,224,1940,204.1,111.6,227.8,311.3,2.037,8.94,11.56
174,2009,224,1950,192.8,108.2,237.4,311.8,1.746,8.63,11.37
174,2009,224,2000,174.4,101.1,244.3,311.8,1.607,7.77,9.9
208,2009,224,2000,1.973,4.038,6.7016,6.6184,6.4298,-100,6.6871,6.3266,-61.152,-133.49,-199.1,-206.51,2.516,14.35
174,2009,224,2010,182.7,107.5,257.4,312.4,1.555,8.07,10.63
174,2009,224,2020,195.5,114.9,264.8,313,1.592,8.42,10.73
174,2009,224,2030,163.1,97.7,261.9,312.8,1.579,7.74,9.85
174,2009,224,2040,132.5,81.2,266.6,312.4,1.389,7.57,9.26
174,2009,224,2050,165,98.3,275.3,312.9,1.437,8.22,10.58
174,2009,224,2100,321,173.3,277.5,313.3,2.148,8.05,10.04
208,2009,224,2100,1.62,2.779,6.4439,6.4494,6.2653,-100,6.4516,6.222,-61.214,-133.53,-197.56,-206.76,2.515,14.23
174,2009,224,2110,352.3,185.8,262.4,313.1,2.867,8.57,11.12
174,2009,224,2120,249,133.9,240.3,312.2,2.558,8.16,10.19
174,2009,224,2130,175.1,97.4,233,311.4,2.022,8.04,10.04
174,2009,224,2140,133.2,76.9,231.3,310.7,1.411,7.55,9.26
174,2009,224,2150,165.7,92.1,231.8,310.6,1.446,7.54,9.51
174,2009,224,2200,162.1,90.6,232.4,310.7,1.439,8.09,10.09
208,2009,224,2200,1.618,3.494,6.557,6.5337,6.3485,-100,6.5692,6.2808,-61.194,-133.54,-197.33,-206.45,2.515,13.77
174,2009,224,2210,178.4,98.5,233,310.8,1.741,7.91,9.95
174,2009,224,2220,173.2,97,235.7,310.7,1.696,8.03,9.85
174,2009,224,2230,124.6,71.9,234,310.3,1.416,8.09,10
174,2009,224,2240,92.8,55.6,231.7,310,.765,7.84,9.6
174,2009,224,2250,115.1,67.89,229.1,310,1.093,7.87,10.49
174,2009,224,2300,76.3,47.03,226,309.2,.917,6.495,8.18
208,2009,224,2300,1.055,2.845,6.2786,6.2619,6.1033,-100,6.2664,6.0356,-61.25,-133.57,-197.24,-206.39,2.517,13.75
174,2009,224,2310,57.62,36.84,224.1,308.5,.502,6.247,7.59
174,2009,224,2320,59.33,37.61,224.8,308.2,.479,6.132,7.84
174,2009,224,2330,37.52,24.11,227.9,308.1,.103,6.457,8.48
174,2009,224,2340,27.05,17.81,231,308.3,-.206,6.708,8.77
174,2009,224,2350,20.91,14.34,232.2,308.5,-.269,6.862,8.82
174,2009,225,0,20.25,15.3,231.2,308.6,-.102,7.4,9.65
208,2009,225,0,.417,1.058,5.8247,5.8303,5.6938,-100,5.7493,5.6228,-61.316,-133.63,-196.72,-206.17,2.518,13.65
174,2009,225,10,14.14,11.69,229.6,308,-.088,7.03,8.77
174,2009,225,20,7.39,6.478,229.2,307.4,-.475,7.09,9.36
174,2009,225,30,5.247,4.927,230.6,307.2,-.727,7.12,9.41
174,2009,225,40,3.341,4.107,231.9,306.8,-.893,6.585,8.18
174,2009,225,50,1.762,3.203,233.9,306.9,-.884,6.714,8.43
174,2009,225,100,.4,2.393,235.8,307,-.872,7.04,8.97
208,2009,225,100,-.104,-.052,5.5115,5.5192,5.3939,-100,5.4072,5.3395,-61.361,-133.64,-195.5,-205.34,2.521,13.44
174,2009,225,110,-.528,1.85,235,307,-.869,7.21,9.46
174,2009,225,120,-1.072,1.532,233.9,306.7,-.934,7.01,9.02
174,2009,225,130,-1.406,1.285,233.8,306.5,-1.014,7.03,8.48
174,2009,225,140,-1.472,1.225,233.9,306.7,-.963,7.32,9.85
174,2009,225,150,-1.759,1.007,232.9,306.5,-.929,7.14,9.31
174,2009,225,200,-1.84,.987,231,306.1,-1.006,7.02,8.67
208,2009,225,200,-.335,-.564,5.3747,5.388,5.2659,-100,5.2593,5.206,-61.416,-133.68,-194.25,-204.16,2.523,13.24
174,2009,225,210,-1.858,.95,229.8,305.9,-1.077,6.936,8.43
174,2009,225,220,-1.87,.95,229.9,305.5,-1.153,6.92,8.77
174,2009,225,230,-1.867,.998,228.3,305.5,-1.169,7.07,8.97
174,2009,225,240,-1.881,.982,226.3,305.1,-1.18,7.27,8.92
174,2009,225,250,-1.951,.958,225.5,304.8,-1.27,7.54,9.41
174,2009,225,300,-1.883,1.002,226.1,304.8,-1.311,7.69,9.8
208,2009,225,300,-.57,-.819,5.2591,5.2713,5.1471,-100,5.1371,5.085,-61.462,-133.7,-193.17,-202.86,2.524,13.06
174,2009,225,310,-1.861,.944,226.6,304.5,-1.382,7.65,9.36
174,2009,225,320,-1.889,.927,226.3,304,-1.481,7.28,9.16
174,2009,225,330,-1.866,.971,227.2,304.1,-1.53,7.17,9.7
174,2009,225,340,-1.878,.954,227.9,303.8,-1.558,6.883,9.02
174,2009,225,350,-1.86,.937,227.5,303.5,-1.639,6.718,8.48
174,2009,225,400,-1.86,.982,227.2,303.2,-1.689,6.585,7.84
208,2009,225,400,-.913,-1.138,5.0728,5.0839,4.9585,-100,4.9485,4.8986,-61.484,-133.7,-192.69,-202.01,2.526,12.9
174,2009,225,410,-1.853,.982,228.7,303.2,-1.705,6.9,8.72
174,2009,225,420,-1.824,.962,230.2,303.3,-1.702,7.3,9.11
174,2009,225,430,-1.846,.931,229.3,303.2,-1.709,7.49,9.02
174,2009,225,440,-1.83,.979,227.5,303.3,-1.679,7.64,9.65
174,2009,225,450,-1.802,.97,226.4,303.3,-1.633,7.96,9.75
174,2009,225,500,-1.773,.985,226.1,303,-1.696,8.01,10
208,2009,225,500,-1.032,-1.298,5.0028,5.0139,4.8852,-100,4.8763,4.8219,-61.549,-133.7,-192.18,-201.14,2.527,12.78
174,2009,225,510,-1.708,.976,226.6,302.7,-1.783,8.02,10.34
174,2009,225,520,-1.325,1.124,227.2,302.5,-1.842,7.93,9.7
174,2009,225,530,-.958,1.504,228.3,302.5,-1.852,8.17,10.53
174,2009,225,540,-.19,1.822,229.6,302.5,-1.817,8.36,10.39
174,2009,225,550,.463,2.185,230.5,302.6,-1.764,8.29,10.68
174,2009,225,600,1.69,2.797,230.6,302.4,-1.76,8.17,10.14
208,2009,225,600,-1.185,-1.397,4.9247,4.9414,4.8105,-100,4.8071,4.7572,-61.572,-133.75,-191.83,-200.52,2.527,12.72
174,2009,225,610,2.32,3.56,229.4,302,-1.838,7.98,9.85
174,2009,225,620,4.003,4.641,226.7,301.7,-1.919,8.01,9.9
174,2009,225,630,6.184,5.958,224.5,301.5,-1.916,8.09,9.85
174,2009,225,640,9.68,8.25,223.4,301.3,-1.912,8.26,10.09
174,2009,225,650,14.26,11.45,222.7,301.1,-1.926,7.98,10.34
174,2009,225,700,19.41,15.27,222.7,301.1,-1.887,8.08,10.19
208,2009,225,700,-1.328,-1.444,4.8527,4.8671,4.734,-100,4.7418,4.6719,-61.615,-133.77,-192.08,-200.54,2.528,12.79
174,2009,225,710,24.67,19.23,222.9,301.1,-1.805,7.9,9.8
174,2009,225,720,36.05,30.1,223.1,301.1,-1.665,7.86,10.63
174,2009,225,730,49.55,42.35,222.5,301.3,-1.366,8.04,10.53
174,2009,225,740,48.32,37.74,222.1,301.3,-1.402,8.02,10.14
174,2009,225,750,55.27,42.47,222.2,301.8,-1.325,8.64,11.27
174,2009,225,800,74.9,59.14,221.7,301.7,-1.104,8.8,11.32
208,2009,225,800,-1.067,-.451,5.0501,5.0657,4.9137,-100,5.0058,4.8737,-61.61,-133.77,-192.26,-200.45,2.528,13.9
174,2009,225,810,93,72.6,222.3,301.8,-.937,8.65,10.93
174,2009,225,820,122.7,93.6,224.8,302.2,-.65,8.46,10.63
174,2009,225,830,101.5,72.8,226.6,302.4,-.797,8.71,10.78
174,2009,225,840,102.1,72.8,225.4,302.1,-1.048,8.54,10.93
174,2009,225,850,139.5,100.8,223.7,302.1,-.886,8.67,10.83
174,2009,225,900,133.3,94.8,223.6,302.3,-.771,9.08,11.42
208,2009,225,900,-.749,.65,5.2715,5.2904,5.1206,-100,5.2892,5.0962,-61.616,-133.71,-192.48,-200.49,2.527,13.62
174,2009,225,910,159.7,112.8,222.8,302.4,-.739,9.05,11.22
174,2009,225,920,177.2,124.8,221,302.6,-.504,8.91,10.78
174,2009,225,930,192.3,134.1,220.6,303.1,-.285,9,11.17
174,2009,225,940,232.4,159.5,220.6,303.5,-.076,9.18,11.96
174,2009,225,950,235.8,160.1,220.9,303.8,.105,8.89,11.66
174,2009,225,1000,250,167.8,221.4,304.3,.214,8.71,11.22
208,2009,225,1000,-.346,1.557,5.5488,5.5588,5.409,-100,5.5943,5.3824,-61.559,-133.7,-194.21,-201.35,2.527,13.51
174,2009,225,1010,238.6,159.4,221.7,304.4,.189,8.67,11.02
174,2009,225,1020,287.5,188.6,222.1,305,.391,8.32,10.88
174,2009,225,1030,320.3,207,222.6,305.8,.701,8.27,10.63
174,2009,225,1040,343.1,219.1,222,306.6,.946,8.56,11.02
174,2009,225,1050,362.4,228.6,222.5,307.4,1.143,8.4,10.73
174,2009,225,1100,380.2,236.9,223.3,308.2,1.317,8.34,10.68
208,2009,225,1100,.387,3.381,5.7788,5.9418,5.8254,-100,5.9995,5.8165,-61.469,-133.66,-195.79,-202.28,2.524,13.43
174,2009,225,1110,391.3,241.2,224.1,308.9,1.502,8.43,11.22
174,2009,225,1120,367,225.8,224,309.1,1.48,8.28,10.34
174,2009,225,1130,383.7,234.2,224.4,309.4,1.464,7.63,10.29
174,2009,225,1140,388.6,235.5,225,310,1.681,7.37,9.75
174,2009,225,1150,345,210.8,225.1,309.8,1.541,7.13,9.16
174,2009,225,1200,365.1,221.5,225.2,310.2,1.769,6.2,8.38
208,2009,225,1200,1.064,4.871,5.9612,6.2386,6.1454,-100,6.2441,6.1476,-61.381,-133.6,-196.75,-203.07,2.52,13.43
174,2009,225,1210,412.3,246.7,226.1,311,1.979,6.853,8.28
174,2009,225,1220,378.8,227.7,227,311.1,2.003,6.524,8.23
174,2009,225,1230,475.4,279.8,228.6,312.1,2.372,6.616,8.28
174,2009,225,1240,503.2,293.5,230.4,312.3,2.564,7.07,9.02
174,2009,225,1250,540.1,311.7,232.1,312.6,2.78,6.739,8.48
174,2009,225,1300,556.6,318.9,233.7,312.7,2.898,6.696,8.62
208,2009,225,1300,1.77,6.33,6.2797,6.5615,6.5072,-100,6.5205,6.5127,-61.279,-133.56,-197.46,-203.67,2.517,13.34
174,2009,225,1310,577,328.4,234.6,313,2.952,6.705,9.31
174,2009,225,1320,592.7,335.5,235.5,313.3,3.037,6.825,9.31
174,2009,225,1330,594.5,335.4,236.1,313.5,3.123,6.642,8.48
174,2009,225,1340,593.3,334.3,236.9,313.8,3.133,6.869,8.57
174,2009,225,1350,625.8,350.6,238.4,314,3.156,6.576,9.46
174,2009,225,1400,469.5,269.2,238.9,313.5,2.928,6.45,8.13
208,2009,225,1400,2.153,6.954,6.4695,6.6248,6.5616,-100,6.6404,6.6093,-61.145,-133.5,-197.87,-203.86,2.517,13.33
174,2009,225,1410,424.4,246.3,241.4,313.8,2.572,6.109,7.59
174,2009,225,1420,435.4,250.9,242.5,314,2.709,6.009,8.23
174,2009,225,1430,624.8,349.1,244.6,314.9,2.957,6.088,7.79
174,2009,225,1440,580.7,324.6,243.7,314.6,3.198,6.287,8.18
174,2009,225,1450,613.4,339.8,245.1,314.7,3.289,6.153,7.69
174,2009,225,1500,577.4,320.2,246.6,314.6,3.197,6.045,7.5
208,2009,225,1500,2.202,6.169,6.5805,6.6027,6.5051,-100,6.7125,6.5494,-61.089,-133.48,-199.34,-204.85,2.518,13.43
174,2009,225,1510,646.6,355,247.3,314.8,3.314,6.139,8.13
174,2009,225,1520,589.2,324.8,246.4,314.6,3.347,6.17,8.08
174,2009,225,1530,538.2,298.2,246.8,314.5,3.229,6.324,8.43
174,2009,225,1540,576.8,317.1,249.7,314.7,3.252,6.076,7.79
174,2009,225,1550,629,342.8,251.6,315,3.53,5.564,7.06
174,2009,225,1600,611.3,333.6,250.5,314.8,3.748,5.244,6.811
208,2009,225,1600,2.461,6.34,6.6805,6.6883,6.4798,-100,6.8092,6.6462,-60.988,-133.45,-200,-205.47,2.516,13.42
174,2009,225,1610,517.1,285.5,248.4,314.5,3.692,5.003,6.664
174,2009,225,1620,540.7,294.1,248.8,314.5,3.665,4.935,6.223
174,2009,225,1630,541.9,293.2,249.1,314.5,3.819,4.798,6.566
174,2009,225,1640,569.3,305.5,251.8,314.5,4.008,4.924,6.321
174,2009,225,1650,556.1,298.6,253.1,314.6,3.97,5.031,6.517
174,2009,225,1700,526.3,283.2,251.7,314.4,4.025,4.772,6.076
208,2009,225,1700,2.582,7.13,6.968,6.7783,6.5465,-100,6.8704,6.714,-60.933,-133.44,-200.41,-205.86,2.516,13.49
174,2009,225,1710,432,236.1,248.4,314,3.687,4.955,6.272
174,2009,225,1720,475.8,255.5,250,314.2,3.678,4.361,5.586
174,2009,225,1730,583.6,306.9,251.7,314.4,4.116,4.581,5.733
174,2009,225,1740,583.6,305.2,250.5,314.1,4.541,4.66,6.811
174,2009,225,1750,526.3,276.2,247.7,313.7,4.273,5.043,6.468
174,2009,225,1800,524.4,273,246,313.6,4.157,4.984,6.321
208,2009,225,1800,2.543,7.61,7.1738,6.8444,6.5882,-100,7.2071,6.556,-60.918,-133.45,-200.85,-206.23,2.518,14.2
174,2009,225,1810,518,268,244.9,313.6,4.132,4.964,6.468
174,2009,225,1820,463.6,240.7,245,313.5,4.134,4.964,6.321
174,2009,225,1830,471,243.1,244.6,313.4,3.887,5.167,6.713
174,2009,225,1840,439.1,226.1,242.9,313.2,3.923,4.996,6.076
174,2009,225,1850,438.9,224.6,241.8,313.2,3.701,5.145,6.762
174,2009,225,1900,489.7,245.9,241.7,313,4.034,5.1,6.566
208,2009,225,1900,2.192,7.36,7.1557,6.8696,6.6444,-100,7.2212,6.6167,-60.911,-133.45,-201.3,-206.46,2.522,14.49
174,2009,225,1910,383.2,194.9,239.3,312.8,3.838,5.03,6.517
174,2009,225,1920,338.2,172.6,237.9,312.8,3.43,4.673,6.027
174,2009,225,1930,351,177.2,239.1,312.9,3.309,4.639,5.733
174,2009,225,1940,319.2,163,240.9,313,3.235,4.274,5.292
174,2009,225,1950,273.6,142.4,242.3,312.9,3.042,3.733,4.753
174,2009,225,2000,306.9,155.3,242.3,312.8,3.056,4.032,4.949
208,2009,225,2000,1.882,6.123,6.9047,6.7272,6.5154,-100,6.9357,6.4422,-60.9,-133.46,-201.69,-206.74,2.542,14.26
174,2009,225,2010,296.3,149.8,241.6,312.8,3.162,3.776,4.753
174,2009,225,2020,294.3,148.9,241.9,312.8,3.235,3.684,5.047
174,2009,225,2030,311.5,157.1,241.8,312.4,3.205,4.569,5.635
174,2009,225,2040,306.7,155.5,241.1,312.3,3.22,5.155,6.027
174,2009,225,2050,299.3,152.4,239.8,312.2,3.273,5.284,6.37
174,2009,225,2100,276.6,142.2,239.1,312.2,3.235,5.356,6.566
208,2009,225,2100,1.938,5.641,6.9429,6.7554,6.5491,-100,6.9085,6.4747,-60.894,-133.51,-201.76,-206.97,2.54,14.26
174,2009,225,2110,256.2,132.2,238.5,312.3,3.225,5.261,6.321
174,2009,225,2120,182.4,98.1,238.5,312.5,2.923,4.149,5.39
174,2009,225,2130,147.4,82.2,240.2,312.4,2.322,4.28,5.292
174,2009,225,2140,142.9,80.6,242.5,312.6,1.97,4.562,5.586
174,2009,225,2150,147.3,83,243.7,312.6,1.94,4.621,5.88
174,2009,225,2200,160.4,89.5,244.5,312.5,2.086,4.88,6.174
208,2009,225,2200,1.856,4.346,6.6832,6.6122,6.4425,-100,6.6843,6.3726,-60.944,-133.51,-201.98,-207.16,2.545,14.2
174,2009,225,2210,137,77.8,245.5,312.6,2.001,5.253,7.06
174,2009,225,2220,107,62.88,244.8,312.5,1.627,5.586,7.01
174,2009,225,2230,86.1,52.38,241.4,312.3,1.44,5.898,7.45
174,2009,225,2240,72.8,45.2,238.9,312.2,1.34,6.155,7.35
174,2009,225,2250,79.2,48.92,237.6,312.2,1.543,6.02,7.4
174,2009,225,2300,74.2,45.69,237.2,311.7,1.602,5.54,7.01
208,2009,225,2300,1.522,3.015,6.4491,6.4325,6.2794,-100,6.4125,6.2117,-61.006,-133.57,-201.58,-207.13,2.548,14.04
174,2009,225,2310,57.57,35.76,238.5,311.6,1.289,5.464,6.811
174,2009,225,2320,54.59,34.34,239.5,311.9,1.276,5.406,6.664
174,2009,225,2330,44.62,28.53,239.2,311.1,1.131,4.847,5.929
174,2009,225,2340,38.52,25.23,239.2,310.8,.955,4.918,6.125
174,2009,225,2350,30.96,20.69,240.1,311,.891,5.311,6.713
174,2009,226,0,21.52,14.54,240.2,310.9,.715,5.729,7.15
208,2009,226,0,1.203,2.229,6.2463,6.2508,6.1099,-100,6.1731,6.0322,-61.072,-133.57,-200.78,-206.66,2.549,13.82
174,2009,226,10,15.87,11.63,238.9,310.4,.535,5.705,7.25
174,2009,226,20,9.21,7.52,238,310.1,.327,5.537,7.4
174,2009,226,30,4.728,4.83,236.9,309.4,.083,4.934,6.517
174,2009,226,40,2.512,3.828,236.8,309.3,-.075,5.108,6.321
174,2009,226,50,.731,2.902,236.9,308.8,-.156,4.675,6.027
174,2009,226,100,-.284,2.227,237,308.5,-.318,4.848,6.517
208,2009,226,100,.624,.615,5.8802,5.8891,5.7548,-100,5.7426,5.6672,-61.128,-133.64,-200.15,-206.25,2.552,13.58
174,2009,226,110,-.876,1.883,236,308.7,-.337,5.556,6.909
174,2009,226,120,-1.188,1.687,234.6,309.1,-.244,6.394,8.43
174,2009,226,130,-1.288,1.563,234.1,309.4,-.056,6.981,8.87
174,2009,226,140,-1.796,1.114,234.3,308.9,-.119,6.532,7.84
174,2009,226,150,-1.844,1.016,234.7,308.5,-.224,6.413,8.23
174,2009,226,200,-1.787,1.029,235.3,308.4,-.285,6.614,8.77
208,2009,226,200,.465,.175,5.7902,5.8002,5.6748,-100,5.6526,5.5727,-61.172,-133.64,-199.1,-205.47,2.551,13.37
174,2009,226,210,-1.812,.981,235.4,308.4,-.287,6.894,8.33
174,2009,226,220,-1.85,.936,235.3,308.3,-.321,7,8.67
174,2009,226,230,-1.849,.924,235.3,308,-.38,7.28,8.72
174,2009,226,240,-1.846,.93,235.4,307.7,-.496,7.08,8.43
174,2009,226,250,-1.858,.93,235.3,307.2,-.631,6.803,8.48
174,2009,226,300,-1.863,.931,235.1,306.9,-.714,6.579,8.33
208,2009,226,300,.161,-.079,5.6336,5.6424,5.5204,-100,5.5049,5.4305,-61.216,-133.67,-198.6,-204.95,2.551,13.17
174,2009,226,310,-1.843,.928,235.3,306.7,-.826,7.05,9.11
174,2009,226,320,-1.806,.942,235.6,306.7,-.831,7.15,9.36
174,2009,226,330,-1.857,.922,235.8,306.3,-.921,6.767,8.62
174,2009,226,340,-1.835,.934,235.8,306.1,-.988,6.607,8.13
174,2009,226,350,-1.812,.942,235.6,306.1,-.998,6.89,8.87
174,2009,226,400,-1.812,.936,235.1,305.9,-1.027,7.16,9.02
208,2009,226,400,-.32,-.528,5.3835,5.389,5.2603,-100,5.2548,5.1893,-61.262,-133.7,-198.56,-204.71,2.554,13
174,2009,226,410,-1.755,.928,234.5,305.9,-1.018,7.68,9.55
174,2009,226,420,-1.812,.919,233.7,305.7,-1.01,7.7,10.09
174,2009,226,430,-1.824,.939,232.3,305.1,-1.122,7.24,9.11
174,2009,226,440,-1.85,.936,231.1,304.6,-1.261,7.01,9.46
174,2009,226,450,-1.846,.933,230.2,304.2,-1.366,7.2,8.82
174,2009,226,500,-1.835,.933,230,303.7,-1.51,7.14,8.92
208,2009,226,500,-.621,-.795,5.2225,5.2292,5.1005,-100,5.0927,5.0295,-61.295,-133.7,-198.38,-204.38,2.555,12.85
174,2009,226,510,-1.758,.971,230.7,303.6,-1.569,7.41,9.11
174,2009,226,520,-1.506,1.035,230.7,303.4,-1.621,7.39,9.41
174,2009,226,530,-1.31,1.223,230.4,303,-1.699,7.12,9.11
174,2009,226,540,-.93,1.694,230.6,303,-1.719,7.52,9.8
174,2009,226,550,-.386,1.849,230.2,302.8,-1.773,7.5,9.7
174,2009,226,600,.536,2.538,230.2,302.7,-1.791,7.74,9.85
208,2009,226,600,-1.062,-1.267,4.9894,5.0005,4.8752,-100,4.8707,4.8064,-61.35,-133.7,-198.43,-204.22,2.556,12.76
174,2009,226,610,1.773,3.276,229.5,302.5,-1.823,7.67,9.65
174,2009,226,620,3.645,4.484,229.1,302.4,-1.844,7.62,9.55
174,2009,226,630,5.54,5.773,228.5,302.1,-1.848,7.39,9.16
174,2009,226,640,8.75,8.29,228.2,301.8,-1.905,7.42,9.21
174,2009,226,650,13.54,12.99,227.8,301.5,-1.928,7.36,9.06
174,2009,226,700,20.22,20.95,227.2,301.2,-1.9,7.23,9.16
208,2009,226,700,-1.317,-1.32,4.8529,4.8806,4.7431,-100,4.7675,4.6843,-61.373,-133.7,-198.21,-203.94,2.557,12.84
174,2009,226,710,25.68,24.93,226.8,301.4,-1.759,7.83,10
174,2009,226,720,26.01,21.87,226.7,301.2,-1.845,8.04,10.44
174,2009,226,730,32.95,28.38,226.2,300.9,-1.911,7.74,10.04
174,2009,226,740,45.99,41.2,226,300.9,-1.736,8.17,10.24
174,2009,226,750,57.76,51.7,225.5,300.9,-1.553,7.92,10.19
174,2009,226,800,75.8,67.45,224.8,300.8,-1.336,7.83,9.9
208,2009,226,800,-1.361,-.546,4.9132,4.9254,4.7634,-100,4.891,4.7434,-61.412,-133.7,-198.22,-203.85,2.558,14.16
174,2009,226,810,75,64.56,224.8,301,-1.277,8.11,10.19
174,2009,226,820,87.5,73.8,224.4,300.8,-1.283,7.81,10.34
174,2009,226,830,113.1,93.7,223.8,300.9,-1.071,8.09,9.7
174,2009,226,840,131.4,106.5,223.5,301.1,-.886,8.19,10.44
174,2009,226,850,145.1,115,223.3,301.4,-.708,8.06,9.95
174,2009,226,900,153.7,119.3,223.3,301.8,-.571,8.11,10.19
208,2009,226,900,-1.002,.957,5.2071,5.1982,5.0296,-100,5.2349,5.0196,-61.368,-133.7,-198.2,-203.7,2.558,13.58
174,2009,226,910,168.4,128.1,223.4,302.1,-.445,8.21,10.39
174,2009,226,920,192.3,143.1,223.2,302.5,-.236,7.77,9.85
174,2009,226,930,213.3,155.5,223.1,303,-.01,8.1,10.09
174,2009,226,940,229.8,164.3,223.3,303.4,.111,8.32,11.12
174,2009,226,950,248.2,174.2,223.3,303.9,.254,8.31,10.58
174,2009,226,1000,265.6,183.2,223.2,304.3,.418,8.31,10.19
208,2009,226,1000,-.28,2.258,5.6331,5.6064,5.4689,-100,5.7129,5.4456,-61.326,-133.68,-198.2,-203.76,2.554,13.48
174,2009,226,1010,284.5,193.3,223.2,304.8,.557,8.29,10.39
174,2009,226,1020,302.7,202.6,223.4,305.3,.719,8.09,10.09
174,2009,226,1030,319.5,210.7,223.2,305.7,.819,8.51,10.73
174,2009,226,1040,335.3,217.9,222.6,306.3,.923,8.25,11.17
174,2009,226,1050,357.8,229,221.6,307,1.115,8.02,9.9
174,2009,226,1100,376,237.6,221,307.6,1.301,8.09,10.68
208,2009,226,1100,.42,3.737,5.8333,5.9598,5.8533,-100,6.0407,5.8344,-61.236,-133.64,-198.97,-204.47,2.551,13.38
174,2009,226,1110,393.1,245.6,221.2,308.2,1.461,8.2,10.73
174,2009,226,1120,409.1,252.8,221.7,309,1.682,7.5,9.41
174,2009,226,1130,425.8,260.5,222,309.7,1.932,7.54,9.95
174,2009,226,1140,440.3,266.9,222.1,310,2.11,7.8,9.8
174,2009,226,1150,455.2,273.4,223,310.5,2.245,7.47,9.75
174,2009,226,1200,470.7,280.1,223.7,311,2.464,7.19,9.36
208,2009,226,1200,1.368,5.569,6.0567,6.4039,6.3307,-100,6.3795,6.3118,-61.125,-133.57,-199.71,-205.32,2.549,13.33
174,2009,226,1210,485.4,286.5,224.5,311.3,2.581,7.34,9.26
174,2009,226,1220,499.5,292.5,225.1,311.5,2.671,7.01,9.02
174,2009,226,1230,513.8,298.8,225.4,311.8,2.723,7.54,9.55
174,2009,226,1240,527.3,304.5,225.7,312,2.799,7.38,10.04
174,2009,226,1250,539.4,309.7,226.5,312.3,2.871,7.4,9.46
174,2009,226,1300,551.5,314.9,227.6,312.5,2.867,7.71,9.6
208,2009,226,1300,2.091,7,6.3792,6.6788,6.6399,-100,6.6078,6.6233,-61.013,-133.51,-200.12,-205.62,2.543,13.31
174,2009,226,1310,562.4,319.3,228,312.8,2.93,7.36,9.7
174,2009,226,1320,572.8,323.5,228.4,313,2.953,7.34,9.21
174,2009,226,1330,581.9,327,228.9,313.3,3.017,7.18,8.82
174,2009,226,1340,590.7,330.6,229.1,313.4,3.041,6.936,9.06
174,2009,226,1350,599.7,334.1,229.2,313.8,3.091,6.677,8.43
174,2009,226,1400,607.2,337,229.6,314,3.158,6.06,7.55
208,2009,226,1400,2.249,7.44,6.5104,6.6424,6.6091,-100,6.649,6.6279,-60.906,-133.46,-200.8,-206,2.537,13.34
174,2009,226,1410,614.2,339.8,230.1,314,3.062,6.562,8.53
174,2009,226,1420,619.8,342,230.7,314.1,2.974,6.712,8.87
174,2009,226,1430,624.3,343.1,231.2,314.2,3.056,6.209,7.79
174,2009,226,1440,628,343.4,231.6,314.4,3.149,6.054,7.25
174,2009,226,1450,630.2,343.2,232,314.4,3.198,5.838,8.04
174,2009,226,1500,634.8,344.1,232.4,314.5,3.207,5.725,7.3
208,2009,226,1500,2.216,6.622,6.5687,6.5565,6.5498,-100,6.6652,6.5654,-60.81,-133.44,-201.42,-206.43,2.533,13.4
174,2009,226,1510,636.2,343.5,232.7,314.6,3.198,5.877,7.64
174,2009,226,1520,636.8,342.7,233,314.6,3.184,5.908,7.35
174,2009,226,1530,637.4,341.4,233.3,314.8,3.218,5.924,7.59
174,2009,226,1540,636.7,339,233.4,314.6,3.248,6.109,8.08
174,2009,226,1550,634.4,336,233.5,314.7,3.201,6.16,7.89
174,2009,226,1600,632.1,332.8,233.5,314.7,3.297,5.749,7.15
208,2009,226,1600,2.281,5.732,6.5575,6.5686,6.3844,-100,6.6318,6.5808,-60.721,-133.38,-202.08,-206.85,2.532,13.47
174,2009,226,1610,630.6,330.1,233.5,314.5,3.395,5.93,7.4
174,2009,226,1620,627.3,326.8,233.4,314.5,3.381,6.251,7.74
174,2009,226,1630,622,322.4,233.3,314.4,3.364,6.461,7.84
174,2009,226,1640,599,310,233.2,314.5,3.437,6.283,7.64
174,2009,226,1650,612.3,313.9,233.3,314.4,3.619,5.957,7.74
174,2009,226,1700,595.7,304.1,233.2,314.2,3.743,5.605,7.55
208,2009,226,1700,2.537,6.338,6.9173,6.6488,6.4292,-100,6.6455,6.6588,-60.635,-133.38,-202.66,-207.34,2.539,13.64
174,2009,226,1710,593.3,301.1,233,314,3.836,5.521,6.909
174,2009,226,1720,580.2,294.1,232.8,313.6,3.768,6.005,7.5
174,2009,226,1730,580,292.9,233,313.5,3.736,6.066,8.04
174,2009,226,1740,573.7,289,233.1,313.4,3.802,5.867,7.06
174,2009,226,1750,558.6,280.8,233.3,313.2,3.915,5.82,7.55
174,2009,226,1800,527.3,265.1,233,313.1,3.858,5.741,7.4
208,2009,226,1800,2.402,7.13,7.2245,6.7697,6.509,-100,7.1967,6.428,-60.626,-133.39,-202.94,-207.59,2.537,14.11
174,2009,226,1810,533.9,266.9,233.2,313.1,3.858,5.794,7.45
174,2009,226,1820,486.4,243.6,232.7,313,3.805,5.783,7.1
174,2009,226,1830,469.1,234.5,233,312.9,3.625,5.992,7.25
174,2009,226,1840,480.9,238.6,233.2,312.8,3.659,6.172,7.5
174,2009,226,1850,485.7,238.7,233.4,312.8,3.789,5.901,7.4
174,2009,226,1900,467.1,228.2,233,312.5,3.755,6.039,7.69
208,2009,226,1900,2.334,6.991,7.1559,6.8442,6.6202,-100,7.1981,6.5669,-60.637,-133.4,-203.09,-207.77,2.536,14.3
174,2009,226,1910,446.5,216.5,232.7,312.4,3.66,5.867,7.25
174,2009,226,1920,435.3,209,232.4,312.3,3.657,6.116,7.69
174,2009,226,1930,386.3,186.2,232.1,312.2,3.48,6.361,7.84
174,2009,226,1940,380.4,180.4,232.3,312.2,3.351,6.215,7.69
174,2009,226,1950,347,162.7,232.1,312.1,3.237,6.24,7.59
174,2009,226,2000,339.1,156,232.1,312,3.143,6.117,7.79
208,2009,226,2000,2.184,6.009,7.0425,6.8418,6.6155,-100,7.0703,6.4635,-60.64,-133.43,-203.32,-207.9,2.536,14.24
174,2009,226,2010,327,149,232,311.8,3.181,6.101,8.13
174,2009,226,2020,309.4,142.3,231.9,311.9,3.103,6.281,7.89
174,2009,226,2030,300.3,139.7,231.7,311.8,3.018,6.459,8.08
174,2009,226,2040,287.6,136.1,231.3,311.7,2.965,6.054,7.64
174,2009,226,2050,266.5,129.5,231.1,311.8,2.946,5.7,7.25
174,2009,226,2100,254,125.8,231,311.6,2.883,5.543,6.909
208,2009,226,2100,2.139,5.063,6.9471,6.7785,6.5544,-100,6.8927,6.4634,-60.643,-133.44,-203.6,-208.27,2.534,14.25
174,2009,226,2110,237.3,119.5,231.1,311.7,2.852,5.594,7.01
174,2009,226,2120,224.6,114.9,230.9,311.6,2.889,5.219,6.664
174,2009,226,2130,209.5,109.2,230.9,311.6,2.908,5.132,7.06
174,2009,226,2140,191.9,102.3,230.9,311.6,2.737,5.505,6.909
174,2009,226,2150,170.4,93.4,230.7,311.6,2.576,5.548,7.15
174,2009,226,2200,152.4,85.6,230.9,311.7,2.467,5.957,7.84
208,2009,226,2200,1.99,4.779,6.8659,6.7716,6.603,-100,6.8848,6.4954,-60.686,-133.49,-203.66,-208.36,2.533,14.16
174,2009,226,2210,136.1,78.3,230.9,311.8,2.338,6.236,7.64
174,2009,226,2220,115.5,68.2,230.8,311.7,2.166,6.04,7.45
174,2009,226,2230,96.4,58.61,230.8,311.6,1.94,6.128,8.28
174,2009,226,2240,86.1,53.26,230.9,311.5,1.814,6.273,7.94
174,2009,226,2250,73.5,46.41,230.8,311.2,1.688,5.785,7.35
174,2009,226,2300,63.98,41.31,230.7,311,1.518,5.994,7.94
208,2009,226,2300,1.651,3.534,6.5737,6.5448,6.3884,-100,6.536,6.2986,-60.739,-133.52,-203.62,-208.45,2.534,14
174,2009,226,2310,47.37,31.6,230.5,310.3,1.156,5.574,7.1
174,2009,226,2320,43.29,29.58,230.6,310.3,.936,5.782,7.4
174,2009,226,2330,37.36,26.31,230.4,309.9,.907,5.086,6.566
174,2009,226,2340,28.1,20.49,230.8,309.9,.705,5.901,7.5
174,2009,226,2350,16.89,12.91,230.7,309.4,.319,5.511,7.01
174,2009,227,0,14.39,11.89,230.7,309.2,.182,5.53,7.15
208,2009,227,0,.922,1.803,6.1055,6.1,5.9624,-100,6.0023,5.8781,-60.806,-133.57,-203.01,-208.15,2.536,13.77
174,2009,227,10,8.26,7.55,231,309.1,.069,5.738,7.4
174,2009,227,20,5.539,5.772,230.9,308.9,-.004,5.57,7.74
174,2009,227,30,3.221,4.354,231.2,309,-.1,5.991,7.64
174,2009,227,40,1.171,3.145,230.9,308.7,-.154,6.039,8.33
174,2009,227,50,-.293,2.294,230.7,308.3,-.315,6.121,7.94
174,2009,227,100,-.942,1.84,230.6,308.1,-.412,6.29,8.04
208,2009,227,100,.464,.258,5.7826,5.7871,5.6606,-100,5.6395,5.5685,-60.872,-133.59,-201.81,-207.4,2.538,13.53
174,2009,227,110,-1.352,1.699,230.4,307.9,-.475,6.273,8.13
174,2009,227,120,-1.733,1.443,230.3,307.6,-.542,6.453,7.99
174,2009,227,130,-1.81,1.225,230.1,307.4,-.576,6.564,8.43
174,2009,227,140,-1.864,1.078,229.9,307.1,-.681,6.876,9.26
174,2009,227,150,-1.861,1.089,229.5,306.9,-.708,6.855,9.11
174,2009,227,200,-1.874,1.009,229.3,306.6,-.77,6.928,8.43
208,2009,227,200,.038,-.269,5.5703,5.5725,5.4449,-100,5.4283,5.3684,-60.917,-133.64,-200.52,-206.52,2.539,13.33
174,2009,227,210,-1.863,1.012,229.2,306.5,-.777,6.923,8.33
174,2009,227,220,-1.861,.992,229.3,306.6,-.771,7.23,9.36
174,2009,227,230,-1.858,.993,229.1,306.5,-.755,7.48,9.55
174,2009,227,240,-1.884,.947,228.9,306.1,-.818,7.35,9.8
174,2009,227,250,-1.849,.948,228.8,305.9,-.918,7.52,9.11
174,2009,227,300,-1.857,.939,228.8,305.6,-.966,7.29,9.36
208,2009,227,300,-.217,-.507,5.4378,5.44,5.3157,-100,5.3035,5.2414,-60.951,-133.64,-199.95,-205.92,2.541,13.15
174,2009,227,310,-1.866,.961,228.5,305.2,-1.063,7.19,9.21
174,2009,227,320,-1.88,.941,228.1,304.8,-1.175,7.2,9.11
174,2009,227,330,-1.873,.981,228,304.6,-1.185,7.04,8.57
174,2009,227,340,-1.887,.955,227.8,304.3,-1.273,7.24,9.41
174,2009,227,350,-1.856,.978,227.9,304.3,-1.232,7.25,9.11
174,2009,227,400,-1.847,.965,227.8,304,-1.301,7.29,9.11
208,2009,227,400,-.568,-.86,5.2369,5.2491,5.1182,-100,5.1027,5.0394,-61.017,-133.64,-199.96,-205.77,2.542,12.97
174,2009,227,410,-1.804,1.027,227.9,304.2,-1.23,7.52,9.26
174,2009,227,420,-1.88,.933,227.6,303.8,-1.252,7.53,9.16
174,2009,227,430,-1.88,.927,227,303.3,-1.411,7.47,9.06
174,2009,227,440,-1.849,1.001,226.8,303,-1.533,7.22,9.36
174,2009,227,450,-1.875,1.004,226.6,302.5,-1.596,6.923,8.97
174,2009,227,500,-1.739,1.106,226.6,302.6,-1.56,7.25,9.41
208,2009,227,500,-.778,-1.061,5.1359,5.1393,5.0128,-100,4.9895,4.9196,-61.04,-133.68,-199.97,-205.72,2.543,12.83
174,2009,227,510,-1.802,1.009,226.4,302.4,-1.553,7.29,9.36
174,2009,227,520,-1.796,.99,225.9,301.8,-1.705,6.916,8.97
174,2009,227,530,-1.591,1.231,225.7,301.5,-1.764,6.695,8.97
174,2009,227,540,-1.254,1.561,225.9,301.2,-1.891,6.807,8.92
174,2009,227,550,-.737,1.844,226,301.2,-1.883,6.915,8.77
174,2009,227,600,-.066,2.21,225.9,301,-1.876,6.699,8.67
208,2009,227,600,-1.16,-1.306,4.9277,4.9332,4.7979,-100,4.7912,4.708,-61.083,-133.7,-200.18,-205.79,2.545,12.75
174,2009,227,610,1.018,3.171,226,300.8,-1.941,6.913,8.92
174,2009,227,620,2.598,4.292,226.1,300.7,-1.923,7,9.41
174,2009,227,630,4.771,5.605,226.3,300.8,-1.849,7.14,9.31
174,2009,227,640,7.47,8.43,225.8,300.4,-1.878,6.796,8.57
174,2009,227,650,12.84,17.22,225.1,300,-1.824,6.738,9.02
174,2009,227,700,18.56,23.73,225,299.8,-1.814,7.07,9.11
208,2009,227,700,-1.314,-1.324,4.8454,4.8809,4.7322,-100,4.7444,4.6479,-61.136,-133.7,-200.3,-205.84,2.545,12.86
174,2009,227,710,24.55,27.79,224.8,299.6,-1.776,6.753,8.62
174,2009,227,720,32.63,34.97,224.6,299.8,-1.612,7.07,8.57
174,2009,227,730,42.27,43.75,224.7,300,-1.399,7.57,9.9
174,2009,227,740,51.8,51.19,224.3,299.9,-1.335,7.78,10.24
174,2009,227,750,62.08,59.01,223.9,299.6,-1.351,7.8,9.85
174,2009,227,800,73.1,67.27,223.5,299.5,-1.333,7.61,10.19
208,2009,227,800,-1.299,-.055,4.9874,4.9808,4.8077,-100,4.9719,4.7844,-61.145,-133.7,-200.42,-205.9,2.546,13.64
174,2009,227,810,85.1,75.8,223.5,299.5,-1.235,7.81,10.04
174,2009,227,820,98,84.9,223.2,299.6,-1.077,6.933,9.11
174,2009,227,830,112,94.5,223.1,299.8,-.877,6.856,9.31
174,2009,227,840,127,104.4,223.5,300.5,-.638,7.54,10.19
174,2009,227,850,141.7,113.5,223.1,300.3,-.519,7.24,9.11
174,2009,227,900,157.5,123.3,223,300.5,-.513,7.38,9.75
208,2009,227,900,-.859,.789,5.2647,5.2592,5.0906,-100,5.2592,5.0695,-61.126,-133.7,-200.48,-205.99,2.545,13.58
174,2009,227,910,173.9,133.1,223.2,300.9,-.394,7.42,10.14
174,2009,227,920,191.5,143.3,223.9,301.6,-.233,8.7,10.93
174,2009,227,930,208.5,152.8,224.1,302,-.152,8.95,11.47
174,2009,227,940,225.6,162.1,224.5,302.3,-.091,9.28,11.86
174,2009,227,950,242.7,171,224.6,302.5,-.032,8.95,11.22
174,2009,227,1000,260.1,180.1,224.8,302.9,.091,8.54,10.98
208,2009,227,1000,-.408,1.492,5.5498,5.5443,5.4078,-100,5.5576,5.3834,-61.06,-133.64,-200.67,-206.17,2.543,13.5
174,2009,227,1010,278.1,189.3,225,303.6,.349,8.27,10.93
174,2009,227,1020,296.5,198.6,225.3,304.1,.501,8.63,10.49
174,2009,227,1030,315.1,207.7,225.4,304.7,.671,8.15,10.58
174,2009,227,1040,333.8,216.4,225.7,305,.739,8.4,10.93
174,2009,227,1050,353.7,225.4,226.2,305.4,.757,7.7,10.29
174,2009,227,1100,373.7,234.6,227.2,306.6,1.039,6.942,8.87
208,2009,227,1100,.304,2.608,5.7323,5.8632,5.76,-100,5.8432,5.7567,-60.97,-133.59,-201.33,-206.66,2.542,13.41
174,2009,227,1110,368.3,228.4,228.6,307.7,1.436,6.341,8.72
174,2009,227,1120,355,218.2,229.6,308.4,1.56,7.09,9.55
174,2009,227,1130,354.2,216.2,230.9,308.7,1.379,7.94,10.63
174,2009,227,1140,413.7,249,231.4,309.2,1.449,8.27,10.44
174,2009,227,1150,432.5,258.6,231,309.4,1.59,8.13,10.24
174,2009,227,1200,421,251.1,230.8,309.7,1.708,7.63,9.36
208,2009,227,1200,.959,4.182,5.9101,6.1996,6.1098,-100,6.1386,6.1064,-60.859,-133.56,-201.92,-207.09,2.54,13.38
174,2009,227,1210,451.5,267,230.6,310.4,1.834,8.18,10.53
174,2009,227,1220,468.1,274.7,229.7,310.8,2.042,7.6,9.95
174,2009,227,1230,504.9,292.9,229.9,311.3,2.266,7.55,9.9
174,2009,227,1240,514.6,296.6,229.9,311.6,2.452,7.31,9.55
174,2009,227,1250,531.9,304,230,311.8,2.578,7.16,9.9
174,2009,227,1300,545.8,309.8,230.3,312.1,2.706,7.17,9.85
208,2009,227,1300,1.688,5.532,6.2165,6.5204,6.4761,-100,6.4128,6.4794,-60.758,-133.49,-202.46,-207.35,2.536,13.32
174,2009,227,1310,556.2,313.7,230.4,312.4,2.681,7.55,9.95
174,2009,227,1320,566.8,318.1,230.6,312.6,2.61,8.08,10.88
174,2009,227,1330,576.1,321.6,230.6,312.8,2.611,7.68,9.8
174,2009,227,1340,585.4,325.4,230.9,313.1,2.602,8.13,10.63
174,2009,227,1350,594.5,329.1,231.1,313.4,2.594,8.2,10.24
174,2009,227,1400,601.9,331.7,231.2,313.6,2.629,7.47,10.14
208,2009,227,1400,1.948,5.962,6.3971,6.5369,6.5014,-100,6.5014,6.5247,-60.627,-133.44,-203.03,-207.54,2.535,13.33
174,2009,227,1410,609.4,334.8,231.5,313.7,2.621,8.21,10.83
174,2009,227,1420,616.5,337.9,231.2,313.9,2.538,8.65,10.68
174,2009,227,1430,622,339.9,231.4,314,2.516,8.86,10.83
174,2009,227,1440,625.3,340.4,231.6,314.1,2.53,8.75,11.56
174,2009,227,1450,628.5,340.7,231.6,314.1,2.503,8.66,11.32
174,2009,227,1500,631.7,341.2,231.9,314.2,2.447,8.6,11.02
208,2009,227,1500,2.004,5.129,6.4602,6.4801,6.4524,-100,6.5378,6.4302,-60.527,-133.38,-203.99,-207.96,2.538,13.4
174,2009,227,1510,633.7,341.2,232.4,314.3,2.512,8.39,10.93
174,2009,227,1520,635.1,341,232.6,314.4,2.574,8.58,10.39
174,2009,227,1530,635.8,339.9,232.5,314.3,2.615,8.4,11.07
174,2009,227,1540,635.1,337.8,232.2,314.4,2.681,8.05,10.78
174,2009,227,1550,634.2,335.4,232.6,314.3,2.731,7.7,10.04
174,2009,227,1600,632.7,332.7,232.7,314.3,2.825,7.42,9.65
208,2009,227,1600,2.167,4.654,6.478,6.5035,6.3205,-100,6.5423,6.4946,-60.436,-133.36,-204.69,-208.35,2.544,13.44
174,2009,227,1610,631.3,330.2,232.5,314.4,2.926,7.18,9.21
174,2009,227,1620,630.4,327.9,232.6,314.2,3.039,7.09,8.97
174,2009,227,1630,620.8,321.5,232.6,314,3.102,7.32,9.51
174,2009,227,1640,596.3,308.2,233,313.8,3.091,7.33,9.26
174,2009,227,1650,575,296.7,235.6,313.6,3.19,6.781,8.62
174,2009,227,1700,376.3,203.5,238.9,313,2.867,6.474,8.18
208,2009,227,1700,2.35,5.49,6.7801,6.5727,6.3663,-100,6.596,6.5804,-60.375,-133.33,-204.99,-208.67,2.541,13.55
174,2009,227,1710,375.6,202.6,244,313.3,2.583,6.163,7.89
174,2009,227,1720,541.6,281.3,252.9,314.1,2.926,6.226,8.38
174,2009,227,1730,532.3,276,255.9,313.8,3.477,6.602,8.04
174,2009,227,1740,481.7,253.3,259.5,313.9,3.238,6.802,8.18
174,2009,227,1750,415,220.8,261.1,314,3.037,6.216,8.04
174,2009,227,1800,377.1,202.3,255.2,313.8,2.983,5.748,7.74
208,2009,227,1800,2.321,5.447,6.8892,6.6795,6.4399,-100,6.9091,6.4299,-60.396,-133.37,-205.12,-208.9,2.544,13.62
174,2009,227,1810,599.3,302.9,252.4,313.8,3.75,5.389,6.811
174,2009,227,1820,478.5,245.7,246.6,313.3,3.918,5.262,6.713
174,2009,227,1830,383.9,200.9,245.3,313,3.533,5.397,7.3
174,2009,227,1840,341.5,180.7,246,313.1,2.91,5.445,6.86
174,2009,227,1850,454,229.8,243.8,313,3.499,5.527,6.713
174,2009,227,1900,288.6,154.2,241.3,312.6,3.021,5.504,6.909
208,2009,227,1900,2.152,6.322,6.986,6.7619,6.5355,-100,7.0425,6.5189,-60.394,-133.37,-205.11,-209.05,2.54,14.4
174,2009,227,1910,245.9,133.6,240.8,312.5,2.607,5.209,6.664
174,2009,227,1920,319.3,167.5,241.8,312.7,2.547,5.438,6.958
174,2009,227,1930,327.8,168.2,241.9,312.4,3.013,5.656,6.958
174,2009,227,1940,246.4,132.3,244.8,312.4,2.502,5.546,6.811
174,2009,227,1950,248.3,132.7,244.4,312.3,2.333,5.678,7.01
174,2009,227,2000,287.5,147.6,243.9,312.2,2.4,5.143,6.468
208,2009,227,2000,1.923,4.571,6.7197,6.6088,6.4068,-100,6.7286,6.3336,-60.417,-133.42,-205.5,-209.3,2.539,14.29
174,2009,227,2010,360.4,176,240.9,311.8,3.059,5.152,6.37
174,2009,227,2020,297.3,147.5,234.3,311,3.042,5.272,6.86
174,2009,227,2030,277.7,139,231.9,310.8,2.774,5.406,6.811
174,2009,227,2040,249.5,127.3,231.5,310.5,2.525,5.493,6.615
174,2009,227,2050,253.8,129.5,231.8,310.4,2.449,5.782,7.3
174,2009,227,2100,262.5,133.5,232.3,310.3,2.449,5.974,7.35
208,2009,227,2100,1.714,4.745,6.7556,6.6114,6.4051,-100,6.7412,6.3163,-60.416,-133.44,-205.39,-209.41,2.54,14.32
174,2009,227,2110,237.2,122.2,232.5,310.1,2.324,5.929,7.45
174,2009,227,2120,207.8,109.8,232.5,309.9,2.008,6.061,7.35
174,2009,227,2130,202.1,107.7,231.8,309.7,1.918,6.002,7.89
174,2009,227,2140,192.1,103.5,230.9,309.4,1.87,5.792,7.06
174,2009,227,2150,178,97.3,230.4,309.1,1.794,5.801,7.84
174,2009,227,2200,159.9,89.2,229.7,308.9,1.66,5.81,7.4
208,2009,227,2200,1.25,3.864,6.4872,6.4107,6.2287,-100,6.5161,6.1511,-60.473,-133.46,-205.67,-209.63,2.543,14.19
174,2009,227,2210,142.1,80.9,229.1,308.4,1.528,5.217,7.4
174,2009,227,2220,125.1,72.7,228.7,307.9,1.375,4.866,6.664
174,2009,227,2230,109.4,64.92,228.2,307.5,1.186,4.916,6.468
174,2009,227,2240,93.6,56.91,227.7,306.8,.955,4.52,5.88
174,2009,227,2250,79.8,49.98,227.6,306.7,.724,4.975,6.174
174,2009,227,2300,67.52,43.55,227.8,306.5,.513,5.543,7.3
208,2009,227,2300,.579,2.925,6.0933,6.0566,5.9024,-100,6.0744,5.8159,-60.54,-133.5,-205.71,-209.76,2.545,14.02
174,2009,227,2310,55.84,37.14,228.4,306.4,.299,5.803,7.5
174,2009,227,2320,45.39,31.08,229,306.1,.167,5.864,7.35
174,2009,227,2330,35.37,25.12,229.1,305.3,-.108,5.249,7.15
174,2009,227,2340,23.34,17.29,229.1,304.5,-.557,4.764,6.37
174,2009,227,2350,18.37,14.15,229.2,304.5,-.808,5.345,6.811
174,2009,228,0,11.9,9.76,229.1,304.6,-.907,5.677,7.2
208,2009,228,0,-.157,.845,5.554,5.5574,5.4176,-100,5.4597,5.3322,-60.606,-133.55,-205.46,-209.86,2.548,13.78
174,2009,228,10,8.08,7.56,228.1,303.8,-1.053,5.494,7.2
174,2009,228,20,4.059,4.833,227.1,303.2,-1.33,5.223,6.762
174,2009,228,30,1.83,3.622,226.5,302.6,-1.513,5.001,6.811
174,2009,228,40,.175,2.667,226.1,301.9,-1.71,4.821,6.517
174,2009,228,50,-.899,1.914,226.2,301.5,-1.908,4.959,6.076
174,2009,228,100,-1.086,1.826,226.8,301.4,-2.012,5.383,6.86
208,2009,228,100,-1.008,-1.04,5.0155,5.0266,4.8991,-100,4.8724,4.7948,-60.673,-133.57,-204.27,-209.63,2.551,13.55
174,2009,228,110,-1.438,1.569,227,301.3,-2.026,5.958,7.69
174,2009,228,120,-1.677,1.237,227,301.1,-2.072,6.119,7.69
174,2009,228,130,-1.79,1.066,227.9,300.7,-2.131,6.099,7.59
174,2009,228,140,-1.728,1.097,227.9,300.6,-2.164,6.12,8.18
174,2009,228,150,-1.852,.944,226.8,300,-2.272,5.87,7.59
174,2009,228,200,-1.889,.967,226.3,299.5,-2.426,5.591,7.55
208,2009,228,200,-1.532,-1.725,4.7277,4.7343,4.6001,-100,4.5823,4.5202,-60.718,-133.59,-201.72,-208.65,2.553,13.34
174,2009,228,210,-1.883,1.004,226.6,299.1,-2.545,5.301,7.25
174,2009,228,220,-1.853,.958,229.5,298.9,-2.643,5.198,6.566
174,2009,228,230,-1.714,.927,237.8,299.1,-2.757,5.496,7.35
174,2009,228,240,-1.219,.927,241.9,299.8,-2.66,5.96,7.5
174,2009,228,250,-1.259,.914,243.3,299.8,-2.624,6.185,8.18
174,2009,228,300,-.984,.914,254.2,300.1,-2.677,5.387,7.1
208,2009,228,300,-2.072,-2.185,4.4589,4.4644,4.3313,-100,4.3379,4.2703,-60.747,-133.63,-199.88,-207.83,2.555,13.16
174,2009,228,310,-.876,.802,265.2,300.7,-2.724,6,7.69
174,2009,228,320,-.843,.599,272,301.2,-2.713,6.02,7.79
174,2009,228,330,-.599,.64,274.3,301.5,-2.659,6.179,7.59
174,2009,228,340,-.868,.49,271.1,301.4,-2.618,6.24,8.04
174,2009,228,350,-.927,.677,267.3,301.2,-2.619,6.103,7.59
174,2009,228,400,-.91,.569,268.4,301.2,-2.62,6.15,7.74
208,2009,228,400,-2.189,-2.204,4.438,4.4679,4.3292,-100,4.3869,4.3226,-60.786,-133.62,-199.11,-207.11,2.557,12.99
174,2009,228,410,-.864,.647,271.8,301.5,-2.588,6.167,7.99
174,2009,228,420,-.896,.746,269.6,301.6,-2.531,6.097,7.64
174,2009,228,430,-.927,.782,260.4,301,-2.556,5.597,7.06
174,2009,228,440,-1.029,.868,253.2,300.2,-2.67,5.477,6.909
174,2009,228,450,-1.003,.915,250.1,299.7,-2.768,5.571,7.3
174,2009,228,500,-.928,.918,249.8,299.6,-2.773,5.975,7.69
208,2009,228,500,-2.13,-2.189,4.4553,4.4742,4.3399,-100,4.3832,4.3243,-60.814,-133.62,-199.14,-206.79,2.557,12.83
174,2009,228,510,-.925,.905,256.9,299.8,-2.76,6.018,7.94
174,2009,228,520,-.806,.893,263.3,300.1,-2.761,5.771,8.04
174,2009,228,530,-.621,.856,265.3,300.1,-2.793,6.158,8.23
174,2009,228,540,-.297,.907,265.2,299.8,-2.864,6.281,8.13
174,2009,228,550,-.009,.927,267.1,299.7,-2.922,6.08,8.28
174,2009,228,600,.416,.944,269.6,299.8,-2.94,5.819,7.89
208,2009,228,600,-2.382,-2.339,4.3294,4.3626,4.2206,-100,4.2739,4.2084,-60.843,-133.63,-199.35,-206.65,2.558,12.74
174,2009,228,610,1.18,1.568,272.1,299.8,-2.965,6.04,7.94
174,2009,228,620,2.367,2.15,274.1,300,-2.914,5.941,7.84
174,2009,228,630,3.882,3.271,271.3,299.8,-2.943,5.348,7.84
174,2009,228,640,6.054,4.819,264.1,299.6,-2.902,5.58,7.06
174,2009,228,650,8.46,6.113,253,298.6,-2.924,6.681,8.38
174,2009,228,700,14.46,12.43,253.9,297.9,-3.087,6.689,8.82
208,2009,228,700,-2.485,-2.439,4.2737,4.3026,4.1639,-100,4.2216,4.155,-60.895,-133.68,-199.6,-206.56,2.558,12.78
174,2009,228,710,19.36,16.11,258.6,298.1,-3.012,6.72,8.77
174,2009,228,720,23.93,19.71,253.6,297.6,-3.129,6.813,9.16
174,2009,228,730,28.42,22.44,248,297.2,-3.074,6.967,9.02
174,2009,228,740,31.1,20.78,245,296.6,-3.307,6.616,8.67
174,2009,228,750,39.21,26.05,245.8,296.5,-3.363,6.704,8.62
174,2009,228,800,59.32,41.41,250.7,296.7,-3.28,6.775,8.97
208,2009,228,800,-2.816,-2.426,4.0845,4.1167,3.9635,-100,4.0434,3.9702,-60.905,-133.68,-200.01,-206.75,2.56,13.34
174,2009,228,810,64.41,41.02,253.9,296.9,-3.23,7.19,9.11
174,2009,228,820,76.2,48.11,257.5,297.3,-3.202,7.12,9.7
174,2009,228,830,81.7,51.44,257.4,297.7,-3.095,7.17,9.02
174,2009,228,840,85.9,54.01,252.6,297.6,-3.039,7.16,9.02
174,2009,228,850,99.4,62.84,249.3,297.3,-2.996,6.999,9.55
174,2009,228,900,136.2,91.7,245,297.4,-2.713,6.732,8.48
208,2009,228,900,-2.762,-2.248,4.1081,4.1647,3.9993,-100,4.1125,4.0282,-60.905,-133.64,-199.79,-206.61,2.56,13.67
174,2009,228,910,115.6,76.2,237.8,296.9,-2.757,6.898,9.02
174,2009,228,920,136.6,95.7,230.3,296.1,-2.723,7.26,9.11
174,2009,228,930,161.8,115.9,226.5,295.5,-2.666,7.18,9.26
174,2009,228,940,204.7,145.7,222.2,295.5,-2.286,7.46,9.36
174,2009,228,950,191.3,136.2,221,295.6,-2.02,7.53,9.75
174,2009,228,1000,229.9,160.7,221,295.4,-2.216,7.47,9.6
208,2009,228,1000,-2.422,-1.293,4.361,4.3788,4.2345,-100,4.3632,4.2645,-60.871,-133.62,-200.44,-206.69,2.559,13.56
174,2009,228,1010,284.5,193.8,220.8,295.8,-1.84,7.64,10.09
174,2009,228,1020,267.3,181,220.9,296.2,-1.738,7.51,9.9
174,2009,228,1030,319.6,210.7,220.7,296.5,-1.71,7.34,9.75
174,2009,228,1040,336.8,219.4,220.8,297.1,-1.486,7.58,10.04
174,2009,228,1050,352.9,227,220.5,297.6,-1.341,7.34,9.41
174,2009,228,1100,365.2,232.1,220.7,298.3,-1.2,7.46,9.85
208,2009,228,1100,-1.946,.37,4.5524,4.6689,4.5735,-100,4.6778,4.6268,-60.776,-133.57,-201.15,-206.77,2.558,13.43
174,2009,228,1110,332.8,212,221.1,298.5,-1.234,7.44,9.65
174,2009,228,1120,345.8,218.3,221.5,299.1,-1.183,7.09,8.97
174,2009,228,1130,405.4,250.6,221.8,300.2,-.899,7.2,9.21
174,2009,228,1140,433.2,264.4,222.2,301.8,-.389,7.14,9.26
174,2009,228,1150,446.5,270,222.6,302.8,-.083,6.809,9.95
174,2009,228,1200,460.5,276,222.8,303.5,.026,7.1,9.6
208,2009,228,1200,-1.145,2.014,4.739,5.0929,5.0353,-100,5.0275,5.083,-60.704,-133.54,-202.07,-207.21,2.554,13.36
174,2009,228,1210,474.8,282.3,223.2,304.4,.189,7.08,9.26
174,2009,228,1220,488.1,287.8,224,305.5,.418,6.633,8.23
174,2009,228,1230,500.9,292.9,225,306.6,.654,6.412,8.23
174,2009,228,1240,513.7,298.2,225.6,307.5,.899,6.683,9.36
174,2009,228,1250,526,303.2,226.2,307.8,.931,6.642,8.72
174,2009,228,1300,537.4,307.5,226.4,308.6,1.137,6.332,8.53
208,2009,228,1300,.012,3.914,5.3308,5.6891,5.6681,-100,5.5849,5.7457,-60.559,-133.46,-202.66,-207.4,2.548,13.34
174,2009,228,1310,548.4,311.8,227.2,309.3,1.283,6.043,8.33
174,2009,228,1320,558.8,315.5,227.4,309.9,1.499,6.078,8.04
174,2009,228,1330,568.9,319.6,228,310.4,1.562,6.273,7.79
174,2009,228,1340,578.3,323.2,228.4,310.9,1.624,6.276,8.04
174,2009,228,1350,586.8,326.5,228.9,311.3,1.632,6.362,8.53
174,2009,228,1400,594.3,329.2,229.5,311.7,1.713,6.275,7.84
208,2009,228,1400,.651,4.934,5.7793,5.9435,5.9313,-100,5.9346,6.0311,-60.425,-133.4,-203.56,-207.82,2.545,13.38
174,2009,228,1410,601.1,331.3,230.1,312.3,1.852,5.914,7.69
174,2009,228,1420,606.7,332.8,230.5,312.7,2.015,5.659,7.59
174,2009,228,1430,611.5,334,231,312.9,2.133,5.543,7.3
174,2009,228,1440,616,335.1,231,313.2,2.197,5.5,7.1
174,2009,228,1450,619.2,335.2,231.1,313.4,2.281,5.243,6.517
174,2009,228,1500,621.6,335,231.2,313.7,2.378,4.959,6.272
208,2009,228,1500,1.056,4.846,6.0801,6.1022,6.1011,-100,6.2154,6.1466,-60.315,-133.37,-204.23,-208.16,2.541,13.4
174,2009,228,1510,623.9,334.9,231.7,314,2.489,4.847,6.174
174,2009,228,1520,624.3,334,231.7,313.9,2.542,4.946,6.419
174,2009,228,1530,623.9,332.4,231.9,314,2.583,5.112,6.566
174,2009,228,1540,622.9,330.2,232.1,314.1,2.639,5.196,6.566
174,2009,228,1550,620.6,327,232,314.3,2.828,4.566,5.684
174,2009,228,1600,617.5,323.4,232.1,314.2,3.014,4.36,5.488
208,2009,228,1600,1.335,4.81,6.2137,6.2481,6.0706,-100,6.3202,6.3446,-60.233,-133.31,-204.74,-208.38,2.54,13.48
174,2009,228,1610,614.3,320.1,232.5,314.3,3.097,4.381,5.439
174,2009,228,1620,609.9,316.1,232.1,314.5,3.35,3.597,4.9
174,2009,228,1630,604.3,311.1,232.2,314.7,3.737,3.239,4.165
174,2009,228,1640,598.7,306.5,232.1,314.4,3.857,3.437,4.263
174,2009,228,1650,592.5,301.8,232.3,314.1,3.839,3.639,4.655
174,2009,228,1700,585.4,296.9,232.3,314,3.831,3.756,4.9
208,2009,228,1700,1.594,6.377,6.7097,6.3813,6.1639,-100,6.398,6.5322,-60.172,-133.31,-204.98,-208.54,2.539,13.62
174,2009,228,1710,577.3,291.7,231.9,313.8,3.851,3.586,4.508
174,2009,228,1720,568,286.1,232.1,313.9,4.008,3.427,4.41
174,2009,228,1730,558.6,280.8,231.8,313.6,4.033,3.536,4.214
174,2009,228,1740,548,275.1,231.5,313.3,4.032,3.502,4.312
174,2009,228,1750,536.8,268.3,231.5,313.3,4.091,3.423,4.557
174,2009,228,1800,525.8,261.6,231.7,313.3,4.166,3.238,4.018
208,2009,228,1800,1.589,7.27,7.0403,6.5145,6.2549,-100,6.9737,6.2094,-60.221,-133.36,-204.99,-208.55,2.542,14.51
174,2009,228,1810,513.7,255.1,232,313.3,4.373,2.982,3.822
174,2009,228,1820,503.2,249.6,232.4,313.1,4.411,3.134,3.871
174,2009,228,1830,496.9,246,234.6,313,4.385,3.237,3.92
174,2009,228,1840,482.5,238.1,235.3,313.2,4.502,3.025,3.969
174,2009,228,1850,439.1,217.2,234.1,313,4.509,2.827,3.577
174,2009,228,1900,419.7,206.7,231.9,312.7,4.39,2.87,3.626
208,2009,228,1900,1.555,7.63,7.0737,6.6766,6.457,-100,7.077,6.4515,-60.177,-133.36,-204.9,-208.55,2.543,14.2
174,2009,228,1910,404,198.7,231.1,312.2,4.142,2.998,3.773
174,2009,228,1920,397.6,194.4,230.7,312.3,4.177,2.762,3.479
174,2009,228,1930,384.8,186.7,231.3,312.4,4.382,2.216,2.989
174,2009,228,1940,367.6,176.9,231.1,312.1,4.639,2.079,2.597
174,2009,228,1950,352.2,167.6,230.8,311.6,4.602,1.961,2.401
174,2009,228,2000,335,158,230.8,311.3,4.683,1.732,2.205
208,2009,228,2000,1.131,7.48,7.0124,6.6841,6.4834,-100,6.9747,6.2782,-60.189,-133.39,-205.26,-208.76,2.544,14.01
174,2009,228,2010,321,151.8,230.3,310.8,4.708,1.716,2.156
174,2009,228,2020,306.7,146.2,230.2,310.5,4.815,1.503,2.107
174,2009,228,2030,281.8,136.4,230.2,310,4.887,1.336,1.813
174,2009,228,2040,258,126.6,229.6,309,4.875,1.086,1.519
174,2009,228,2050,233.8,115.6,228.6,307.3,5.288,.576,1.127
174,2009,228,2100,211.5,105.1,228.7,306.6,5.531,.618,1.078
208,2009,228,2100,1.777,7.32,7.0225,6.7342,6.6377,-100,6.9471,6.4103,-60.258,-133.4,-205.3,-208.76,2.545,14.21
174,2009,228,2110,195.1,97.6,229.1,306.2,4.65,1.496,2.499
174,2009,228,2120,184.7,94.9,229,306.4,3.259,2.109,2.646
174,2009,228,2130,175.4,92.4,228.6,306.4,2.551,2.172,2.94
174,2009,228,2140,163.9,88.1,228.5,306.3,2.218,2.258,2.989
174,2009,228,2150,145.7,80.2,228,305.5,1.954,1.93,2.45
174,2009,228,2200,129.1,73,227.8,304.5,1.716,1.676,2.156
208,2009,228,2200,1.114,4.718,6.2441,6.0833,5.958,-100,6.1698,5.8382,-60.311,-133.45,-206.07,-209.42,2.547,14.14
174,2009,228,2210,111.8,64.91,227.9,303.6,1.332,1.866,2.499
174,2009,228,2220,97.8,58.34,227.6,303.4,.836,2.255,2.793
174,2009,228,2230,83.5,51.29,227.4,303,.439,2.167,2.842
174,2009,228,2240,74.6,46.68,227.5,303,.108,2.585,3.479
174,2009,228,2250,66.81,42.49,227.6,303.3,-.134,3.138,4.018
174,2009,228,2300,56.2,36.82,227.4,302.8,-.445,3.086,3.871
208,2009,228,2300,-.196,1.93,5.5733,5.5178,5.3936,-100,5.4856,5.3092,-60.345,-133.48,-206.01,-209.92,2.552,13.98
174,2009,228,2310,46.29,31.28,227,302,-.747,3.094,3.724
174,2009,228,2320,34.95,24.82,226.4,301.1,-1.079,2.679,3.479
174,2009,228,2330,25.88,19.6,225.7,299.6,-1.453,2.03,2.989
174,2009,228,2340,16.94,14.26,224.4,297,-1.906,.972,2.107
174,2009,228,2350,12.18,11.16,224.5,297.4,-2.278,1.943,3.479
174,2009,229,0,8.8,8.73,225.1,299.1,-2.376,3.025,4.263
208,2009,229,0,-1.637,-.285,4.8273,4.8151,4.6864,-100,4.7119,4.6165,-60.429,-133.52,-204.53,-209.81,2.556,13.74
174,2009,229,10,5.048,5.886,225,299.3,-2.466,3.128,4.508
174,2009,229,20,2.681,4.457,225.1,298.4,-2.76,3.009,4.116
174,2009,229,30,1.304,3.497,225.2,298.3,-2.907,3.077,4.116
174,2009,229,40,.127,2.779,225.6,298.1,-3.047,3.363,4.361
174,2009,229,50,-.324,2.505,225.8,298.1,-3.093,3.392,4.214
174,2009,229,100,-.967,1.853,225.6,297.6,-3.207,3.318,4.165
208,2009,229,100,-2.581,-2.018,4.3363,4.3386,4.1988,-100,4.1921,4.1267,-60.496,-133.57,-200.53,-208.47,2.56,13.51
174,2009,229,110,-1.487,1.853,225.7,297.4,-3.281,3.613,4.41
174,2009,229,120,-1.823,1.781,225.1,297,-3.373,3.557,4.361
174,2009,229,130,-1.854,1.52,224.6,296.3,-3.539,3.495,4.41
174,2009,229,140,-1.865,1.474,224.8,295.7,-3.713,3.324,4.459
174,2009,229,150,-1.931,1.339,225.2,294.6,-3.933,2.888,3.724
174,2009,229,200,-1.84,1.689,226.9,294.8,-4.035,3.37,4.459
208,2009,229,200,-3.243,-2.848,3.9506,3.9606,3.8207,-100,3.8185,3.7675,-60.523,-133.56,-197.86,-206.8,2.563,13.32
174,2009,229,210,-1.837,1.667,228.2,295.4,-3.955,3.734,4.802
174,2009,229,220,-1.854,1.536,228.9,295.1,-3.948,3.466,4.508
174,2009,229,230,-1.854,1.145,230.1,294.9,-4.019,3.474,4.263
174,2009,229,240,-1.849,1.132,231.3,294.9,-4.054,3.681,4.606
174,2009,229,250,-1.832,.993,231.9,294.9,-4.09,3.94,4.9
174,2009,229,300,-1.852,.993,231.9,294.6,-4.117,3.645,4.704
208,2009,229,300,-3.649,-3.252,3.7459,3.7636,3.6238,-100,3.6327,3.5761,-60.55,-133.56,-196.7,-205.66,2.565,13.13
174,2009,229,310,-1.834,1.003,231.1,294.3,-4.203,3.703,4.9
174,2009,229,320,-1.854,.976,229.7,294,-4.25,3.875,4.949
174,2009,229,330,-1.854,.956,227.8,293.5,-4.338,3.846,5.047
174,2009,229,340,-1.854,1.016,225.8,293.2,-4.392,4.014,5.047
174,2009,229,350,-1.854,.999,224,292.8,-4.468,4.159,5.586
174,2009,229,400,-1.854,1.004,222.7,292.4,-4.535,4.228,5.194
208,2009,229,400,-3.982,-3.566,3.5439,3.5594,3.4218,-100,3.4263,3.3763,-60.606,-133.61,-195.95,-204.61,2.568,12.95
174,2009,229,410,-1.854,.972,221.7,291.9,-4.639,4.312,5.439
174,2009,229,420,-1.854,.939,221,291.4,-4.783,4.26,5.635
174,2009,229,430,-1.854,1.013,220.5,291.2,-4.857,4.478,5.733
174,2009,229,440,-1.854,.992,219.9,290.8,-4.931,4.497,5.782
174,2009,229,450,-1.852,1.01,219.4,290.6,-5.006,4.564,5.929
174,2009,229,500,-1.841,1.114,218.6,290.5,-5.013,4.767,6.272
208,2009,229,500,-4.5,-4.054,3.2192,3.2281,3.0894,-100,3.1116,3.0594,-60.65,-133.61,-195.68,-204.06,2.57,12.82
174,2009,229,510,-1.848,1.089,217.9,290.2,-5.043,4.818,5.929
174,2009,229,520,-1.79,1.166,217.2,289.9,-5.12,4.976,6.272
174,2009,229,530,-1.569,1.347,216.8,289.7,-5.168,5.029,6.419
174,2009,229,540,-1.282,1.554,216.6,289.5,-5.201,5.178,6.615
174,2009,229,550,-.936,1.756,216.5,289.2,-5.283,5.642,6.762
174,2009,229,600,-.593,1.86,216.5,289.1,-5.306,5.834,7.45
208,2009,229,600,-4.811,-4.399,3.0194,3.035,2.8963,-100,2.9118,2.8652,-60.716,-133.61,-195.19,-203.35,2.574,12.72
174,2009,229,610,.148,2.317,216.6,288.8,-5.358,5.644,7.64
174,2009,229,620,1.315,3.06,216.8,288.7,-5.402,5.898,7.5
174,2009,229,630,2.696,4.107,216.8,288.6,-5.416,5.946,7.59
174,2009,229,640,4.372,5.014,216.8,288.3,-5.474,6,7.64
174,2009,229,650,6.324,6.526,217.2,288.1,-5.518,6.042,7.64
174,2009,229,700,8.99,8.61,217.5,288.1,-5.487,5.834,7.2
208,2009,229,700,-5.05,-4.654,2.8408,2.8563,2.7198,-100,2.7564,2.7021,-60.896,-133.61,-195.08,-203.07,2.577,12.73
174,2009,229,710,12.08,11.08,216.8,287.6,-5.549,5.828,7.35
174,2009,229,720,15.25,13.27,216.7,287.7,-5.539,5.933,7.4
174,2009,229,730,18.66,15.88,216.2,287.6,-5.49,6.059,8.33
174,2009,229,740,22.27,18.53,216.1,287.4,-5.483,6.158,7.84
174,2009,229,750,26.2,21.48,215.8,287,-5.555,6.204,7.74
174,2009,229,800,31.12,25.1,216.5,286.9,-5.587,6.1,8.13
208,2009,229,800,-5.161,-4.731,2.7498,2.7842,2.6388,-100,2.6721,2.6266,-60.97,-133.61,-195.17,-202.91,2.578,12.93
174,2009,229,810,40.39,32.23,218.1,287,-5.53,6.31,8.23
174,2009,229,820,91.2,78.5,217.5,287.1,-5.021,6.3,7.69
174,2009,229,830,106.5,89.2,218,287.6,-4.571,6.456,8.23
174,2009,229,840,93.8,74.7,218.7,288,-4.62,6.457,8.08
174,2009,229,850,132.6,106.4,217,288.5,-4.218,6.358,8.43
174,2009,229,900,136.5,108,216.7,288.6,-4.133,6.168,7.89
208,2009,229,900,-4.505,-3.507,3.1614,3.1814,3.0094,-100,3.1537,3.0704,-60.936,-133.61,-195.19,-202.71,2.577,13.66
174,2009,229,910,171.7,132.8,217.3,289.5,-3.68,6.181,7.64
174,2009,229,920,189.9,143.3,217.6,290.1,-3.394,6.17,7.99
174,2009,229,930,206.6,152.9,217.3,290.7,-3.183,6.052,7.89
174,2009,229,940,222.3,161.5,217.3,291.5,-2.886,6.109,7.84
174,2009,229,950,237.8,170.1,217.3,292.4,-2.589,6.107,7.59
174,2009,229,1000,238.2,168.7,217.4,293.1,-2.399,6.052,7.79
208,2009,229,1000,-3.126,-1.629,3.9537,3.9626,3.8127,-100,3.9659,3.8804,-60.869,-133.58,-194.88,-202,2.572,13.54
174,2009,229,1010,274,189.6,218,294,-2.039,5.652,7.35
174,2009,229,1020,295.3,200.4,220.4,295,-1.715,5.794,7.2
174,2009,229,1030,325.7,216.2,228.1,296.8,-1.373,5.979,7.74
174,2009,229,1040,380.7,244.3,239.6,299.3,-.912,5.707,7.5
174,2009,229,1050,476,295.2,257.3,303.3,-.01,5.734,7.2
174,2009,229,1100,486.3,297.8,269.4,305.7,.575,5.835,7.45
208,2009,229,1100,-1.454,.924,4.8126,4.9114,4.7816,-100,4.9414,4.9003,-60.765,-133.53,-197.37,-202.88,2.564,13.43
174,2009,229,1110,342.2,211,274.1,305.5,-.025,5.982,7.84
174,2009,229,1120,283.9,175.8,275.5,305.7,-.474,5.49,7.3
174,2009,229,1130,268.1,165.5,275.5,306.1,-.551,5.216,7.01
174,2009,229,1140,272.5,167.4,275.7,306.4,-.523,5.637,7.3
174,2009,229,1150,274.1,167.9,276,306.9,-.431,5.045,6.811
174,2009,229,1200,279.2,170.5,275.4,307.5,-.269,4.876,6.517
208,2009,229,1200,-.636,.908,5.0975,5.2029,4.9966,-100,5.2085,5.1264,-60.726,-133.5,-199.04,-204.14,2.559,13.58
174,2009,229,1210,305.6,184.4,274.8,308.2,-.108,4.994,6.762
174,2009,229,1220,321.8,194.2,276,308.8,.086,5.229,7.06
174,2009,229,1230,308.3,187.4,277,308.8,.131,5.464,9.11
174,2009,229,1240,291.5,177.2,275.5,309,.115,5.21,7.06
174,2009,229,1250,285.2,171,268.7,309,.134,5.106,7.35
174,2009,229,1300,290.8,173.5,257.9,308.8,.168,4.913,6.468
208,2009,229,1300,-.174,1.586,5.3906,5.4837,5.273,-100,5.5026,5.3994,-60.683,-133.5,-200,-205.18,2.554,13.57
174,2009,229,1310,295.9,177.1,241.7,307.7,.144,4.405,6.076
174,2009,229,1320,428.1,251.2,229.3,308.7,.606,4.097,5.439
174,2009,229,1330,528.3,302.6,223.9,310.2,1.359,4.042,5.047
174,2009,229,1340,584.7,328.7,223.9,311.7,2.139,4.013,5.096
174,2009,229,1350,585.4,327,223.9,311.8,2.294,3.991,5.733
174,2009,229,1400,591.2,328.5,223.8,311.8,2.278,4.391,5.488
208,2009,229,1400,.187,5.013,5.677,5.809,5.7691,-100,5.8456,5.9,-60.579,-133.42,-199.95,-205.23,2.55,13.33
174,2009,229,1410,597.7,329.6,224.2,313.4,2.329,3.94,5.145
174,2009,229,1420,604.3,333.3,225.2,315.1,2.491,3.616,4.998
174,2009,229,1430,605.8,331.9,225.4,313.3,2.701,3.245,4.165
174,2009,229,1440,596.5,325.1,225.9,313.6,2.867,3.053,4.165
174,2009,229,1450,607.4,329.4,226.3,313.7,2.884,3.126,4.312
174,2009,229,1500,606.5,327.4,226.3,314.1,2.993,2.925,4.263
208,2009,229,1500,.692,6.05,5.9793,5.9893,5.9893,-100,6.0293,6.0736,-60.393,-133.35,-200.55,-205.55,2.353,13.32
174,2009,229,1510,610.9,328.4,226.2,314,2.98,3.077,4.508
174,2009,229,1520,618.5,331,226.9,314.3,3.035,3.072,4.165
174,2009,229,1530,618.7,329.7,226.4,314.3,3.112,3.108,3.969
174,2009,229,1540,617,326.7,226.7,314.5,3.271,2.85,3.675
174,2009,229,1550,616.2,324.5,227,314.3,3.372,3.003,3.871
174,2009,229,1600,611.8,320.3,227.7,314.9,3.545,2.511,3.136
208,2009,229,1600,1.024,5.34,6.0718,6.0973,5.9376,-100,6.054,6.3125,-60.304,-133.31,-202.05,-206.41,2.558,13.42
174,2009,229,1610,605.5,314.9,227.4,315,3.905,2.319,2.989
174,2009,229,1620,600.6,308.4,227.5,315.4,4.103,2.331,2.94