152,2009,217,10,.25761,.20408,-.63402,-.0615,-.40329
152,2009,217,20,.21035,.17478,-.62896,-.05766,-.54374
152,2009,217,30,.16975,.14917,-.6258,-.0559,-.63321
152,2009,217,40,.1324,.12255,-.62079,-.0531,-.76775
152,2009,217,50,.09872,.09924,-.6154,-.04995,-.91909
152,2009,217,100,.0739,.08172,-.61224,-.04698,-1.043
213,2009,217,100,16.55,17.56,-200,-200,-200,-200,-200,-200,5.648,14.83,.279,13.66,2.452
152,2009,217,110,.05121,.06064,-.60708,-.0435,-1.1826
152,2009,217,120,.03016,.0364,-.60162,-.03782,-1.3157
152,2009,217,130,.02057,.03146,-.60052,-.03701,-1.3547
152,2009,217,140,.01353,.02673,-.60025,-.03712,-1.3624
152,2009,217,150,.00676,.02174,-.60181,-.03874,-1.3547
152,2009,217,200,.00133,.01912,-.59902,-.03897,-1.4051
213,2009,217,200,19.49,19.29,-200,-200,-200,-200,-200,-200,6.72,14.76,.062,13.46,2.455
152,2009,217,210,-.00082,.01694,-.59854,-.03979,-1.4115
152,2009,217,220,-.00314,.01459,-.59995,-.04074,-1.386
152,2009,217,230,-.0063,.01298,-.60011,-.0415,-1.4026
152,2009,217,240,-.00718,.01221,-.599,-.04118,-1.4835
152,2009,217,250,-.00727,.01204,-.6009,-.04179,-1.4932
152,2009,217,300,-.00769,.01183,-.60118,-.04277,-1.5292
213,2009,217,300,20.22,19.85,-200,-200,-200,-200,-200,-200,7.27,14.75,0,13.29,2.454
152,2009,217,310,-.00822,.01108,-.60175,-.04321,-1.5482
152,2009,217,320,-.00877,.01031,-.6024,-.04467,-1.535
152,2009,217,330,-.00961,.00966,-.60122,-.0451,-1.5808
152,2009,217,340,-.00991,.00877,-.59831,-.04438,-1.6764
152,2009,217,350,-.00874,.00933,-.59753,-.04334,-1.7569
152,2009,217,400,-.00765,.01012,-.59712,-.04292,-1.7745
213,2009,217,400,20.3,20.01,-200,-200,-200,-200,-200,-200,8.04,14.75,-.007,13.13,2.456
152,2009,217,410,-.00711,.01089,-.59791,-.04391,-1.797
152,2009,217,420,-.00605,.01149,-.59703,-.04416,-1.8246
152,2009,217,430,-.0055,.01221,-.59635,-.04433,-1.8539
152,2009,217,440,-.00336,.01328,-.59803,-.04504,-1.8867
152,2009,217,450,-.00055,.01448,-.60042,-.04604,-1.9106
152,2009,217,500,.00259,.01762,-.59898,-.04473,-2.0365
213,2009,217,500,20.32,20.07,-200,-200,-200,-200,-200,-200,8.79,14.75,.007,12.98,2.457
152,2009,217,510,.00758,.02091,-.59913,-.04477,-2.0842
152,2009,217,520,.01486,.02668,-.60186,-.04672,-2.0781
152,2009,217,530,.02352,.03231,-.60184,-.04488,-2.1896
152,2009,217,540,.03387,.03876,-.60138,-.04477,-2.2621
152,2009,217,550,.04723,.05264,-.59958,-.04461,-2.2977
152,2009,217,600,.0806,.10192,-.60535,-.04896,-2.1527
213,2009,217,600,20.29,20.1,-200,-200,-200,-200,-200,-200,9.02,14.74,.098,12.89,2.458
152,2009,217,610,.11131,.13691,-.60871,-.05298,-2.0391
152,2009,217,620,.14654,.17017,-.61125,-.05543,-1.9342
152,2009,217,630,.18505,.20664,-.61569,-.05902,-1.738
152,2009,217,640,.22964,.25278,-.61957,-.06241,-1.6478
152,2009,217,650,.28374,.31877,-.62371,-.06621,-1.51
152,2009,217,700,.34587,.37729,-.62929,-.07027,-1.4344
213,2009,217,700,20.48,21.39,-200,-200,-200,-200,-200,-200,9.23,14.75,.377,13.46,2.458
152,2009,217,710,.39488,.39573,-.63015,-.07058,-1.4367
152,2009,217,720,.47666,.45508,-.63219,-.07147,-1.3762
152,2009,217,730,.55277,.51202,-.63802,-.07517,-1.214
152,2009,217,740,.63689,.57418,-.64256,-.07743,-1.0874
152,2009,217,750,.72475,.63588,-.64639,-.07943,-1.0157
152,2009,217,800,.81878,.69938,-.64868,-.08048,-.96523
213,2009,217,800,20.32,22.16,-200,-200,-200,-200,-200,-200,9.19,14.76,.869,13.64,2.458
152,2009,217,810,.91902,.76598,-.65196,-.08166,-.90471
152,2009,217,820,1.0241,.83384,-.65528,-.08336,-.80119
152,2009,217,830,1.1331,.90319,-.65924,-.08645,-.6411
152,2009,217,840,1.2454,.97222,-.66239,-.08747,-.58382
152,2009,217,850,1.3614,1.0424,-.66505,-.08842,-.4612
152,2009,217,900,1.4778,1.1102,-.66832,-.0902,-.31942
213,2009,217,900,20.09,22.41,-200,-200,-200,-200,-200,-200,9.73,14.84,1.539,13.52,2.458
152,2009,217,910,1.5974,1.1804,-.67371,-.09309,-.12041
152,2009,217,920,1.7228,1.2517,-.67355,-.0942,-.00085
152,2009,217,930,1.8482,1.3214,-.67398,-.09464,.10391
152,2009,217,940,1.9749,1.3912,-.6768,-.09651,.25013
152,2009,217,950,2.1,1.4589,-.67916,-.09664,.31068
152,2009,217,1000,2.2261,1.5263,-.68086,-.0968,.35014
213,2009,217,1000,19.94,22.54,-200,-200,-200,-200,-200,-200,10.16,14.85,2.29,13.47,2.456
152,2009,217,1010,2.3548,1.5945,-.68092,-.09648,.41364
152,2009,217,1020,2.4816,1.6606,-.68132,-.09659,.52336
152,2009,217,1030,2.6074,1.7252,-.68466,-.09693,.64033
152,2009,217,1040,2.7332,1.7896,-.68622,-.09659,.75933
152,2009,217,1050,2.8598,1.8539,-.68653,-.09704,.898
152,2009,217,1100,2.9851,1.9173,-.68709,-.09732,1.0189
213,2009,217,1100,19.59,22.99,-200,-200,-200,-200,-200,-200,10.86,14.92,3.045,13.39,2.458
152,2009,217,1110,3.104,1.9761,-.69147,-.09788,1.1647
152,2009,217,1120,3.2225,2.0349,-.69406,-.09847,1.2987
152,2009,217,1130,3.3401,2.0917,-.69628,-.09861,1.4137
152,2009,217,1140,3.455,2.1495,-.69653,-.09894,1.5346
152,2009,217,1150,3.567,2.2061,-.69701,-.09918,1.6563
152,2009,217,1200,3.6721,2.2542,-.69869,-.10069,1.8244
213,2009,217,1200,19.43,23.67,-200,-200,-200,-200,-200,-200,10.38,14.96,3.724,13.34,2.459
152,2009,217,1210,3.7742,2.2992,-.70186,-.10245,1.9899
152,2009,217,1220,3.8728,2.3413,-.70424,-.10407,2.1426
152,2009,217,1230,3.9694,2.3822,-.70727,-.1064,2.2944
152,2009,217,1240,4.0638,2.4207,-.70856,-.107,2.3728
152,2009,217,1250,4.1535,2.4563,-.70567,-.10586,2.3937
152,2009,217,1300,4.2369,2.4879,-.70668,-.10546,2.4613
213,2009,217,1300,19.09,24.03,-200,-200,-200,-200,-200,-200,9.4,15.03,4.278,13.31,2.458
152,2009,217,1310,4.3138,2.5204,-.70407,-.10548,2.5296
152,2009,217,1320,4.3904,2.5496,-.70415,-.10501,2.597
152,2009,217,1330,4.4611,2.5797,-.70371,-.10592,2.6658
152,2009,217,1340,4.5211,2.5994,-.70474,-.10659,2.7499
152,2009,217,1350,4.5765,2.6241,-.70405,-.10767,2.8384
152,2009,217,1400,4.6276,2.6331,-.70451,-.10674,2.9086
213,2009,217,1400,18.6,23.46,-200,-200,-200,-200,-200,-200,8.82,15.03,4.651,13.29,2.454
152,2009,217,1410,4.6757,2.6658,-.70333,-.10975,3.0018
152,2009,217,1420,4.7168,2.6837,-.70558,-.11149,3.0718
152,2009,217,1430,4.7536,2.6988,-.7044,-.11177,3.0716
152,2009,217,1440,4.7862,2.7037,-.70404,-.11102,3.0787
152,2009,217,1450,4.8138,2.7067,-.70175,-.11032,3.0979
152,2009,217,1500,4.8307,2.7062,-.70161,-.11133,3.1252
213,2009,217,1500,18.18,22.81,-200,-200,-200,-200,-200,-200,7.47,15.03,4.842,13.31,2.444
152,2009,217,1510,4.8472,2.7064,-.69796,-.10938,3.0761
152,2009,217,1520,4.8582,2.7028,-.69695,-.10929,3.1189
152,2009,217,1530,4.8606,2.693,-.6974,-.1108,3.1561
152,2009,217,1540,4.8531,2.6765,-.69868,-.11347,3.2344
152,2009,217,1550,4.8459,2.6594,-.69974,-.11438,3.2547
152,2009,217,1600,4.8301,2.6338,-.69956,-.11604,3.3058
213,2009,217,1600,18.23,22.03,-200,-200,-200,-200,-200,-200,7.28,15.03,4.861,13.4,2.441
152,2009,217,1610,4.8089,2.5933,-.7015,-.11805,3.3514
152,2009,217,1620,4.7813,2.5635,-.70463,-.12096,3.436
152,2009,217,1630,4.7498,2.5401,-.70697,-.12271,3.4754
152,2009,217,1640,4.7052,2.4998,-.70948,-.126,3.5381
152,2009,217,1650,4.6598,2.4589,-.71276,-.12944,3.6175
152,2009,217,1700,4.6076,2.4078,-.71636,-.1326,3.6622
213,2009,217,1700,18.4,22.67,-200,-200,-200,-200,-200,-200,7.22,15.03,4.819,13.48,2.447
152,2009,217,1710,4.5554,2.3709,-.71988,-.13615,3.739
152,2009,217,1720,4.4914,2.3376,-.7224,-.13895,3.7777
152,2009,217,1730,4.4233,2.3003,-.7274,-.14275,3.8694
152,2009,217,1740,4.3488,2.2595,-.73295,-.1485,3.9989
152,2009,217,1750,4.2756,2.2216,-.73304,-.14876,3.966
152,2009,217,1800,4.1939,2.1759,-.73425,-.15008,3.9934
213,2009,217,1800,18.35,23.69,-200,-200,-200,-200,-200,-200,6.234,15.03,4.579,14.81,2.448
152,2009,217,1810,4.1096,2.129,-.73274,-.14893,3.9337
152,2009,217,1820,4.0173,2.0772,-.73008,-.14757,3.8786
152,2009,217,1830,3.9198,2.0229,-.73158,-.14893,3.8956
152,2009,217,1840,3.8203,1.9672,-.73124,-.14921,3.8821
152,2009,217,1850,3.7124,1.9069,-.73071,-.14971,3.8744
152,2009,217,1900,3.6076,1.8452,-.72955,-.14924,3.8382
213,2009,217,1900,17.86,23.17,-200,-200,-200,-200,-200,-200,6.282,15.03,4.143,13.77,2.448
152,2009,217,1910,3.5016,1.7861,-.72983,-.14782,3.7736
152,2009,217,1920,3.3923,1.7212,-.73008,-.14682,3.7274
152,2009,217,1930,3.2797,1.6545,-.73212,-.14692,3.7009
152,2009,217,1940,3.1598,1.5802,-.73365,-.14754,3.6781
152,2009,217,1950,3.0347,1.4962,-.73622,-.15004,3.7107
152,2009,217,2000,2.9107,1.4221,-.73965,-.15347,3.7553
213,2009,217,2000,17.66,22.27,-200,-200,-200,-200,-200,-200,6.087,15.03,3.543,14.28,2.456
152,2009,217,2010,2.7845,1.3371,-.73961,-.1531,3.7142
152,2009,217,2020,2.6599,1.2858,-.73877,-.15001,3.6469
152,2009,217,2030,2.5397,1.2282,-.73454,-.14476,3.5058
152,2009,217,2040,2.4198,1.1749,-.72902,-.13943,3.359
152,2009,217,2050,2.2953,1.1302,-.72692,-.13677,3.2705
152,2009,217,2100,2.1664,1.0887,-.7268,-.13471,3.2144
213,2009,217,2100,17.31,21.23,-200,-200,-200,-200,-200,-200,5.696,15.02,2.837,14.13,2.45
152,2009,217,2110,2.0433,1.0374,-.72403,-.13199,3.1335
152,2009,217,2120,1.9174,.98603,-.72272,-.12931,3.0501
152,2009,217,2130,1.7943,.93722,-.72024,-.12656,2.9682
152,2009,217,2140,1.6687,.88706,-.71896,-.12346,2.8597
152,2009,217,2150,1.5445,.83679,-.71874,-.12241,2.7926
152,2009,217,2200,1.4248,.7902,-.7159,-.11939,2.6907
213,2009,217,2200,17.71,21.34,-200,-200,-200,-200,-200,-200,5.898,15.03,2.093,14.24,2.45
152,2009,217,2210,1.3078,.74524,-.71217,-.11618,2.5731
152,2009,217,2220,1.1906,.6967,-.70852,-.11235,2.4245
152,2009,217,2230,1.0763,.64579,-.70492,-.10936,2.2874
152,2009,217,2240,.9672,.59474,-.70108,-.10652,2.157
152,2009,217,2250,.86347,.54444,-.69688,-.10253,1.9975
152,2009,217,2300,.76241,.49171,-.69459,-.10084,1.8189
213,2009,217,2300,17.94,21.17,-200,-200,-200,-200,-200,-200,5.637,14.98,1.355,14.12,2.45
152,2009,217,2310,.67381,.44528,-.68385,-.09113,1.5167
152,2009,217,2320,.5883,.39942,-.68037,-.08735,1.3096
152,2009,217,2330,.50707,.35549,-.67654,-.08474,1.0746
152,2009,217,2340,.43344,.31376,-.66879,-.0777,.80494
152,2009,217,2350,.36232,.27094,-.66438,-.07483,.63972
152,2009,218,0,.29656,.22948,-.65662,-.06933,.39678
213,2009,218,0,18.19,20.52,-200,-200,-200,-200,-200,-200,5.247,14.92,.709,13.96,2.452
152,2009,218,10,.23821,.19203,-.64835,-.06276,.10892
152,2009,218,20,.19078,.16108,-.64045,-.05669,-.12974
152,2009,218,30,.14954,.13225,-.63484,-.05316,-.22416
152,2009,218,40,.11382,.10626,-.63306,-.05228,-.23772
152,2009,218,50,.08339,.08561,-.63422,-.05203,-.25208
152,2009,218,100,.05884,.06695,-.63122,-.0505,-.43064
213,2009,218,100,19.01,19.87,-200,-200,-200,-200,-200,-200,6.242,14.84,.259,13.73,2.455
152,2009,218,110,.03391,.04115,-.62322,-.04414,-.69514
152,2009,218,120,.02162,.03226,-.61814,-.04107,-.87627
152,2009,218,130,.01262,.02698,-.61483,-.03913,-1.0324
152,2009,218,140,.00594,.02263,-.61128,-.03834,-1.1922
152,2009,218,150,.00107,.0198,-.60835,-.03689,-1.2757
152,2009,218,200,-.00179,.01804,-.60801,-.03816,-1.2904
213,2009,218,200,19.67,19.45,-200,-200,-200,-200,-200,-200,5.97,14.82,.043,13.53,2.455
152,2009,218,210,-.00495,.01575,-.60563,-.03773,-1.3826
152,2009,218,220,-.00658,.01381,-.60339,-.0375,-1.5242
152,2009,218,230,-.00991,.01323,-.6027,-.03874,-1.7215
152,2009,218,240,-.00869,.01494,-.59808,-.03458,-1.7984
152,2009,218,250,-.0085,.01386,-.60228,-.03828,-1.6178
152,2009,218,300,-.00986,.01294,-.60436,-.03996,-1.5607
213,2009,218,300,20.11,19.74,-200,-200,-200,-200,-200,-200,5.003,14.75,0,13.36,2.456
152,2009,218,310,-.01085,.01277,-.60461,-.0402,-1.5755
152,2009,218,320,-.01182,.0124,-.60386,-.04078,-1.587
152,2009,218,330,-.01153,.01256,-.60519,-.04188,-1.5502
152,2009,218,340,-.01232,.01151,-.60515,-.04258,-1.5996
152,2009,218,350,-.01124,.01221,-.60371,-.04215,-1.6216
152,2009,218,400,-.01019,.012,-.60334,-.04261,-1.6441
213,2009,218,400,20.55,20.18,-200,-200,-200,-200,-200,-200,6.043,14.75,-.007,13.19,2.456
152,2009,218,410,-.00919,.012,-.60082,-.04215,-1.6656
152,2009,218,420,-.00809,.01211,-.60037,-.04332,-1.7553
152,2009,218,430,-.00673,.01291,-.597,-.04142,-1.8637
152,2009,218,440,-.00496,.01354,-.59663,-.04186,-1.9319
152,2009,218,450,-.00157,.01551,-.59625,-.04131,-2.0356
152,2009,218,500,.0008,.01884,-.59429,-.04079,-2.1542
213,2009,218,500,20.35,20.14,-200,-200,-200,-200,-200,-200,6.644,14.75,.003,13.04,2.459
152,2009,218,510,.00639,.02176,-.5938,-.04049,-2.1553
152,2009,218,520,.01219,.02598,-.59505,-.04132,-2.2093
152,2009,218,530,.01943,.03112,-.59459,-.04061,-2.3176
152,2009,218,540,.03009,.03731,-.59588,-.04092,-2.2775
152,2009,218,550,.04067,.04642,-.59893,-.04253,-2.2149
152,2009,218,600,.0691,.08638,-.60494,-.04692,-2.1109
213,2009,218,600,20.37,20.21,-200,-200,-200,-200,-200,-200,7.13,14.75,.089,12.93,2.461
152,2009,218,610,.10099,.13133,-.61287,-.05308,-2.0047
152,2009,218,620,.13229,.1587,-.61446,-.05495,-2.025
152,2009,218,630,.16508,.18703,-.61785,-.05693,-1.9371
152,2009,218,640,.20828,.23304,-.62156,-.06055,-1.9004
152,2009,218,650,.25957,.29604,-.62337,-.06193,-1.9526
152,2009,218,700,.32064,.35141,-.62731,-.06381,-1.8924
213,2009,218,700,20.37,21.31,-200,-200,-200,-200,-200,-200,7.08,14.75,.351,13.41,2.463
152,2009,218,710,.38491,.39118,-.63204,-.06701,-1.809
152,2009,218,720,.45463,.44295,-.63624,-.06925,-1.7318
152,2009,218,730,.53276,.50545,-.64342,-.07366,-1.5118
152,2009,218,740,.61828,.57101,-.64844,-.07781,-1.3711
152,2009,218,750,.70839,.63725,-.65349,-.08118,-1.2451
152,2009,218,800,.80131,.70238,-.66146,-.08579,-1.0982
213,2009,218,800,20.38,22.16,-200,-200,-200,-200,-200,-200,7.1,14.75,.85,13.59,2.463
152,2009,218,810,.90011,.76857,-.66492,-.08764,-.9259
152,2009,218,820,1.0062,.83749,-.67211,-.09085,-.74309
152,2009,218,830,1.1111,.90468,-.67987,-.09374,-.6092
152,2009,218,840,1.2214,.97331,-.68604,-.09734,-.39015
152,2009,218,850,1.3343,1.0411,-.69116,-.1001,-.16412
152,2009,218,900,1.4495,1.1089,-.69436,-.10351,.03953
213,2009,218,900,20.41,22.8,-200,-200,-200,-200,-200,-200,6.933,14.84,1.509,13.5,2.461
152,2009,218,910,1.57,1.1792,-.69523,-.10406,.19895
152,2009,218,920,1.6925,1.2485,-.69451,-.10612,.39867
152,2009,218,930,1.8148,1.3157,-.69185,-.1067,.5323
152,2009,218,940,1.9326,1.379,-.70206,-.11041,.79276
152,2009,218,950,2.057,1.4455,-.70598,-.11333,1.0205
152,2009,218,1000,2.1809,1.5104,-.71059,-.11465,1.1685
213,2009,218,1000,20.18,23.28,-200,-200,-200,-200,-200,-200,6.728,14.9,2.247,13.43,2.46
152,2009,218,1010,2.3106,1.5788,-.71001,-.11405,1.2476
152,2009,218,1020,2.4387,1.6444,-.71064,-.11461,1.4348
152,2009,218,1030,2.5664,1.7094,-.71403,-.11602,1.6236
152,2009,218,1040,2.6927,1.7733,-.71842,-.11739,1.8142
152,2009,218,1050,2.8154,1.8337,-.72212,-.11913,2.0404
152,2009,218,1100,2.9394,1.8936,-.7236,-.12212,2.2962
213,2009,218,1100,19.8,23.94,-200,-200,-200,-200,-200,-200,6.905,14.96,3.005,13.34,2.457
152,2009,218,1110,3.068,1.9574,-.72433,-.1238,2.5161
152,2009,218,1120,3.1888,2.0146,-.72713,-.128,2.7751
152,2009,218,1130,3.302,2.066,-.73021,-.13138,2.95
152,2009,218,1140,3.4111,2.1153,-.72935,-.13341,3.0305
152,2009,218,1150,3.515,2.1617,-.73292,-.13573,3.1669
152,2009,218,1200,3.6227,2.2093,-.73188,-.13692,3.2316
213,2009,218,1200,19.48,24.65,-200,-200,-200,-200,-200,-200,7.14,15.03,3.675,13.29,2.453
152,2009,218,1210,3.7268,2.2558,-.73444,-.13887,3.3793
152,2009,218,1220,3.8337,2.3044,-.73277,-.14014,3.4457
152,2009,218,1230,3.9298,2.3457,-.73178,-.13976,3.4993
152,2009,218,1240,4.0144,2.3792,-.73354,-.14094,3.5761
152,2009,218,1250,4.1011,2.4164,-.72668,-.13881,3.5465
152,2009,218,1300,4.1833,2.4503,-.72346,-.13598,3.5165
213,2009,218,1300,18.7,24.42,-200,-200,-200,-200,-200,-200,6.454,15.03,4.225,13.26,2.453
152,2009,218,1310,4.2574,2.4786,-.72495,-.13593,3.5435
152,2009,218,1320,4.335,2.5118,-.72486,-.13425,3.5493
152,2009,218,1330,4.4078,2.5415,-.72362,-.13497,3.6309
152,2009,218,1340,4.4702,2.5634,-.72371,-.1362,3.7006
152,2009,218,1350,4.5315,2.5859,-.72268,-.13649,3.7542
152,2009,218,1400,4.5818,2.6021,-.72297,-.13661,3.7939
213,2009,218,1400,18.2,23.82,-200,-200,-200,-200,-200,-200,6.822,15.06,4.606,13.25,2.457
152,2009,218,1410,4.6268,2.6164,-.7235,-.13669,3.8415
152,2009,218,1420,4.672,2.6318,-.72282,-.13644,3.8453
152,2009,218,1430,4.7039,2.6385,-.72236,-.13575,3.8591
152,2009,218,1440,4.7406,2.6456,-.71547,-.13291,3.8015
152,2009,218,1450,4.7756,2.6532,-.71358,-.13229,3.8113
152,2009,218,1500,4.7996,2.6554,-.71088,-.13219,3.8292
213,2009,218,1500,17.74,22.81,-200,-200,-200,-200,-200,-200,5.934,15.07,4.809,13.34,2.454
152,2009,218,1510,4.8096,2.6479,-.7065,-.13098,3.8033
152,2009,218,1520,4.8123,2.6376,-.70473,-.12818,3.7191
152,2009,218,1530,4.8218,2.6318,-.70494,-.12719,3.6859
152,2009,218,1540,4.8256,2.621,-.70211,-.12663,3.6715
152,2009,218,1550,4.8157,2.6025,-.69755,-.12616,3.6319
152,2009,218,1600,4.7987,2.5794,-.69909,-.12757,3.6486
213,2009,218,1600,17.9,21.49,-200,-200,-200,-200,-200,-200,6.538,15.06,4.829,13.39,2.452
152,2009,218,1610,4.7864,2.5605,-.69928,-.12762,3.6426
152,2009,218,1620,4.767,2.5396,-.70298,-.13157,3.7732
152,2009,218,1630,4.7324,2.5089,-.70799,-.13551,3.8631
152,2009,218,1640,4.6926,2.4773,-.71021,-.13865,3.9424
152,2009,218,1650,4.6495,2.4438,-.71893,-.14526,4.1164
152,2009,218,1700,4.5956,2.4043,-.7256,-.15003,4.2288
213,2009,218,1700,18.31,22.05,-200,-200,-200,-200,-200,-200,6.978,15.1,4.796,13.52,2.451
152,2009,218,1710,4.5347,2.3612,-.72911,-.15373,4.2979
152,2009,218,1720,4.4767,2.3256,-.72954,-.15585,4.333
152,2009,218,1730,4.4116,2.2852,-.73325,-.16002,4.4464
152,2009,218,1740,4.3434,2.2455,-.73293,-.16298,4.4692
152,2009,218,1750,4.2753,2.2076,-.73253,-.16186,4.4179
152,2009,218,1800,4.1881,2.1566,-.74053,-.16585,4.5256
213,2009,218,1800,17.85,23.24,-200,-200,-200,-200,-200,-200,5.454,15.03,4.56,14.3,2.455
152,2009,218,1810,4.0887,2.0955,-.75017,-.17311,4.7785
152,2009,218,1820,3.9929,2.0398,-.7547,-.18074,4.9764
152,2009,218,1830,3.9001,1.9879,-.75683,-.18315,5.0121
152,2009,218,1840,3.8061,1.9372,-.75429,-.18119,4.8903
152,2009,218,1850,3.7051,1.8806,-.75294,-.17997,4.8429
152,2009,218,1900,3.6009,1.8212,-.75623,-.1809,4.8469
213,2009,218,1900,17.11,23.8,-200,-200,-200,-200,-200,-200,4.083,15.03,4.127,14.36,2.456
152,2009,218,1910,3.501,1.7632,-.75537,-.18194,4.863
152,2009,218,1920,3.397,1.7007,-.752,-.18222,4.8408
152,2009,218,1930,3.2752,1.6272,-.74951,-.17877,4.6951
152,2009,218,1940,3.1436,1.5505,-.74406,-.17375,4.5184
152,2009,218,1950,3.0218,1.4788,-.74588,-.17079,4.4071
152,2009,218,2000,2.8952,1.4056,-.74695,-.1683,4.3355
213,2009,218,2000,16.61,22.45,-200,-200,-200,-200,-200,-200,4.183,15.03,3.543,14.12,2.457
152,2009,218,2010,2.7554,1.3293,-.74785,-.16691,4.2465
152,2009,218,2020,2.6221,1.2674,-.74881,-.16489,4.1846
152,2009,218,2030,2.4928,1.2125,-.75021,-.16505,4.1901
152,2009,218,2040,2.3676,1.1644,-.75352,-.16409,4.1201
152,2009,218,2050,2.2428,1.1198,-.7499,-.15858,3.951
152,2009,218,2100,2.1154,1.0684,-.74765,-.15368,3.7798
213,2009,218,2100,16.71,21.2,-200,-200,-200,-200,-200,-200,4.252,15.03,2.811,13.98,2.459
152,2009,218,2110,1.986,1.0135,-.7436,-.14767,3.5778
152,2009,218,2120,1.858,.959,-.74066,-.14546,3.3989
152,2009,218,2130,1.7304,.90709,-.73576,-.13943,3.217
152,2009,218,2140,1.6074,.85913,-.72976,-.13329,3.044
152,2009,218,2150,1.4862,.8113,-.72747,-.12927,2.9003
152,2009,218,2200,1.3671,.7641,-.72436,-.12683,2.7893
213,2009,218,2200,17.19,21.37,-200,-200,-200,-200,-200,-200,4.56,15.03,2.037,14.21,2.459
152,2009,218,2210,1.2577,.72163,-.72001,-.12386,2.6851
152,2009,218,2220,1.1459,.67389,-.71742,-.12098,2.5187
152,2009,218,2230,1.0404,.62792,-.71219,-.11719,2.3902
152,2009,218,2240,.93671,.5796,-.70569,-.11336,2.1953
152,2009,218,2250,.83788,.53157,-.69817,-.10798,1.9843
152,2009,218,2300,.74347,.48262,-.69311,-.10234,1.7525
213,2009,218,2300,17.65,21.26,-200,-200,-200,-200,-200,-200,4.866,14.97,1.302,14.1,2.46
152,2009,218,2310,.65257,.43415,-.68934,-.09592,1.5753
152,2009,218,2320,.56189,.38422,-.68678,-.09333,1.4939
152,2009,218,2330,.47803,.33661,-.68288,-.09284,1.4216
152,2009,218,2340,.40103,.29205,-.67646,-.09082,1.1554
152,2009,218,2350,.33562,.25271,-.66696,-.08477,.84894
152,2009,219,0,.28185,.22149,-.65852,-.07737,.69605
213,2009,219,0,18.37,20.58,-200,-200,-200,-200,-200,-200,4.997,14.93,.689,13.94,2.462
152,2009,219,10,.23012,.18895,-.65709,-.07514,.76353
152,2009,219,20,.18027,.15523,-.65303,-.07128,.6468
152,2009,219,30,.1407,.12716,-.65257,-.07089,.73647
152,2009,219,40,.10193,.09852,-.64873,-.07264,.47386
152,2009,219,50,.07334,.0788,-.63535,-.06429,.13251
152,2009,219,100,.04824,.05585,-.62647,-.05948,-.16443
213,2009,219,100,19.23,20.1,-200,-200,-200,-200,-200,-200,5.707,14.9,.253,13.72,2.462
152,2009,219,110,.03247,.03616,-.60741,-.04927,-.45051
152,2009,219,120,.02589,.03291,-.59841,-.04846,-.44461
152,2009,219,130,.01888,.02871,-.60058,-.04853,-.42404
152,2009,219,140,.00989,.02245,-.58965,-.04648,-.53768
152,2009,219,150,.00512,.01982,-.57303,-.04727,-.48146
152,2009,219,200,.00046,.01679,-.57243,-.04732,-.50621
213,2009,219,200,19.88,19.58,-200,-200,-200,-200,-200,-200,5.708,14.84,.033,13.52,2.463
152,2009,219,210,-.00548,.01372,-.59496,-.04828,-.48733
152,2009,219,220,-.00782,.01294,-.61173,-.05174,-.42693
152,2009,219,230,-.01087,.01162,-.61758,-.05242,-.51413
152,2009,219,240,-.01224,.00967,-.61316,-.04819,-.7199
152,2009,219,250,-.01142,.01166,-.6149,-.04841,-.55332
152,2009,219,300,-.01279,.01074,-.61395,-.05138,-.5125
213,2009,219,300,20.37,20.09,-200,-200,-200,-200,-200,-200,6.184,14.84,0,13.34,2.464
152,2009,219,310,-.01331,.00898,-.61299,-.05169,-.58881
152,2009,219,320,-.01197,.01107,-.61035,-.04731,-.5786
152,2009,219,330,-.01088,.01119,-.61633,-.05112,-.31246
152,2009,219,340,-.01269,.00804,-.61409,-.05172,-.48404
152,2009,219,350,-.01213,.00887,-.60802,-.0493,-.65104
152,2009,219,400,-.01209,.0095,-.60417,-.05011,-.72257
213,2009,219,400,20.52,20.28,-200,-200,-200,-200,-200,-200,6.571,14.84,-.007,13.18,2.464
152,2009,219,410,-.01219,.0096,-.60064,-.04949,-.85703
152,2009,219,420,-.01028,.01125,-.59765,-.04782,-.91677
152,2009,219,430,-.00808,.0119,-.60278,-.04671,-.95401
152,2009,219,440,-.00609,.01264,-.60625,-.04764,-.95298
152,2009,219,450,-.00397,.01335,-.60708,-.0497,-.92788
152,2009,219,500,-.00072,.01565,-.60068,-.04843,-1.0045
213,2009,219,500,20.4,20.12,-200,-200,-200,-200,-200,-200,7.19,14.84,.003,13.02,2.467
152,2009,219,510,.00443,.01941,-.60017,-.0491,-1.0014
152,2009,219,520,.00952,.02329,-.60008,-.04919,-1.1036
152,2009,219,530,.01586,.02887,-.59619,-.04865,-1.2798
152,2009,219,540,.02538,.03419,-.59754,-.04806,-1.3598
152,2009,219,550,.03486,.04118,-.59615,-.04728,-1.4497
152,2009,219,600,.05168,.05742,-.59519,-.04706,-1.4453
213,2009,219,600,20.31,20.12,-200,-200,-200,-200,-200,-200,7.11,14.78,.069,12.91,2.468
152,2009,219,610,.08422,.10451,-.60004,-.05276,-1.2634
152,2009,219,620,.1188,.15035,-.60899,-.05979,-1.1552
152,2009,219,630,.15519,.18648,-.60777,-.05949,-1.1794
152,2009,219,640,.19901,.23749,-.61305,-.06399,-1.0237
152,2009,219,650,.25592,.31202,-.61717,-.06756,-.8351
152,2009,219,700,.30531,.3515,-.6206,-.07125,-.66162
213,2009,219,700,20.48,21.31,-200,-200,-200,-200,-200,-200,7.37,14.81,.348,13.44,2.469
152,2009,219,710,.38052,.40548,-.62508,-.07446,-.45895
152,2009,219,720,.44632,.44971,-.63087,-.0801,-.23907
152,2009,219,730,.51871,.50511,-.63675,-.0825,-.16448
152,2009,219,740,.59885,.56579,-.6436,-.08542,-.06885
152,2009,219,750,.68247,.62461,-.64866,-.0885,-.01476
152,2009,219,800,.77672,.68945,-.65148,-.08918,.08155
213,2009,219,800,20.48,22.42,-200,-200,-200,-200,-200,-200,7.82,14.84,.83,13.58,2.468
152,2009,219,810,.87782,.75768,-.6575,-.09104,.22295
152,2009,219,820,.98129,.82555,-.66301,-.09402,.32884
152,2009,219,830,1.0855,.89179,-.6686,-.09673,.44082
152,2009,219,840,1.1967,.96122,-.67605,-.10044,.69727
152,2009,219,850,1.3098,1.0295,-.68471,-.10365,.8767
152,2009,219,900,1.4228,1.0956,-.69353,-.1067,1.0402
213,2009,219,900,20.23,22.87,-200,-200,-200,-200,-200,-200,7.49,14.9,1.486,13.48,2.467
152,2009,219,910,1.5443,1.1655,-.70083,-.10919,1.1891
152,2009,219,920,1.6623,1.2302,-.7074,-.11227,1.3788
152,2009,219,930,1.7925,1.3025,-.71044,-.11145,1.5168
152,2009,219,940,1.918,1.3688,-.71382,-.11275,1.6389
152,2009,219,950,2.0473,1.4374,-.71418,-.11221,1.7187
152,2009,219,1000,2.1726,1.5017,-.71547,-.11316,1.8445
213,2009,219,1000,19.98,23.29,-200,-200,-200,-200,-200,-200,7.46,14.94,2.234,13.4,2.464
152,2009,219,1010,2.2983,1.5658,-.71728,-.11352,2.0209
152,2009,219,1020,2.4195,1.6254,-.72253,-.11699,2.2567
152,2009,219,1030,2.5445,1.686,-.72601,-.11998,2.4224
152,2009,219,1040,2.6677,1.7439,-.73053,-.1229,2.603
152,2009,219,1050,2.7959,1.8047,-.73094,-.12507,2.7188
152,2009,219,1100,2.9205,1.8626,-.73433,-.12942,2.9501
213,2009,219,1100,19.76,23.84,-200,-200,-200,-200,-200,-200,8.23,15.03,2.979,13.33,2.46
152,2009,219,1110,3.0389,1.9163,-.73915,-.13494,3.1156
152,2009,219,1120,3.153,1.968,-.74098,-.13908,3.2362
152,2009,219,1130,3.2701,2.0224,-.74405,-.14116,3.349
152,2009,219,1140,3.384,2.0761,-.74098,-.13784,3.2694
152,2009,219,1150,3.4926,2.1271,-.73957,-.13622,3.2501
152,2009,219,1200,3.6037,2.178,-.73817,-.13868,3.3581
213,2009,219,1200,19.26,24.42,-200,-200,-200,-200,-200,-200,7.92,15.03,3.654,13.27,2.459
152,2009,219,1210,3.7034,2.2204,-.73714,-.13937,3.4019
152,2009,219,1220,3.8016,2.2628,-.73415,-.1408,3.4939
152,2009,219,1230,3.8977,2.3049,-.72761,-.13853,3.4838
152,2009,219,1240,3.9857,2.34,-.7248,-.13699,3.4694
152,2009,219,1250,4.0707,2.3738,-.72323,-.13456,3.4298
152,2009,219,1300,4.1506,2.4052,-.71779,-.13276,3.3921
213,2009,219,1300,18.59,24.17,-200,-200,-200,-200,-200,-200,7.32,15.03,4.186,13.26,2.458
152,2009,219,1310,4.2251,2.4344,-.72034,-.13241,3.4731
152,2009,219,1320,4.2996,2.4634,-.72101,-.13491,3.5751
152,2009,219,1330,4.3634,2.4884,-.71727,-.13511,3.6542
152,2009,219,1340,4.4252,2.5135,-.70913,-.13421,3.6437
152,2009,219,1350,4.4817,2.5339,-.71264,-.13699,3.7994
152,2009,219,1400,4.5307,2.5494,-.7167,-.14094,3.9701
213,2009,219,1400,18.03,23.73,-200,-200,-200,-200,-200,-200,6.256,15.06,4.556,13.31,2.462
152,2009,219,1410,4.5876,2.5709,-.71774,-.14439,4.0177
152,2009,219,1420,4.6422,2.5955,-.70291,-.12979,3.6133
152,2009,219,1430,4.6866,2.6079,-.70273,-.12546,3.5281
152,2009,219,1440,4.7166,2.6111,-.7047,-.12613,3.5928
152,2009,219,1450,4.7275,2.6041,-.70292,-.12652,3.6025
152,2009,219,1500,4.7645,2.6127,-.70153,-.1252,3.5928
213,2009,219,1500,17.59,22.52,-200,-200,-200,-200,-200,-200,6.27,15.05,4.776,13.36,2.46
152,2009,219,1510,4.7869,2.6162,-.7003,-.1235,3.5566
152,2009,219,1520,4.7932,2.6064,-.69879,-.12308,3.5387
152,2009,219,1530,4.7946,2.595,-.70175,-.12558,3.6371
152,2009,219,1540,4.7859,2.5776,-.70548,-.12924,3.7398
152,2009,219,1550,4.7413,2.5419,-.70836,-.13231,3.8198
152,2009,219,1600,4.7504,2.5334,-.70952,-.13401,3.8235
213,2009,219,1600,17.76,21.84,-200,-200,-200,-200,-200,-200,5.803,15.05,4.796,13.41,2.458
152,2009,219,1610,4.6756,2.4813,-.71008,-.13656,3.8199
152,2009,219,1620,4.5422,2.4037,-.71138,-.13793,3.8351
152,2009,219,1630,4.6751,2.4556,-.7183,-.14828,4.1419
152,2009,219,1640,4.6329,2.4216,-.72779,-.15805,4.431
152,2009,219,1650,4.577,2.3822,-.72999,-.16064,4.4514
152,2009,219,1700,4.3055,2.2398,-.73022,-.15908,4.3755
213,2009,219,1700,18.02,22.88,-200,-200,-200,-200,-200,-200,5.238,15.08,4.756,13.65,2.459
152,2009,219,1710,4.4221,2.2802,-.73166,-.16091,4.494
152,2009,219,1720,4.4035,2.2632,-.73411,-.16509,4.5903
152,2009,219,1730,4.334,2.2303,-.73531,-.1687,4.609
152,2009,219,1740,4.2585,2.1868,-.73575,-.1696,4.6331
152,2009,219,1750,4.1744,2.1376,-.74181,-.17529,4.7734
152,2009,219,1800,4.0892,2.0893,-.74739,-.17929,4.8894
213,2009,219,1800,17.67,23.6,-200,-200,-200,-200,-200,-200,4.597,15.03,4.474,14.39,2.462
152,2009,219,1810,4.0048,2.0422,-.74546,-.1775,4.7482
152,2009,219,1820,3.9162,1.9921,-.74092,-.17583,4.6117
152,2009,219,1830,3.823,1.9411,-.74132,-.17802,4.6435
152,2009,219,1840,3.7278,1.8879,-.7381,-.17338,4.5672
152,2009,219,1850,3.6266,1.8303,-.74042,-.17332,4.5856
152,2009,219,1900,3.5173,1.7661,-.74697,-.17663,4.6547
213,2009,219,1900,17.18,23.55,-200,-200,-200,-200,-200,-200,4.474,15.03,4.038,14.28,2.465
152,2009,219,1910,3.408,1.6854,-.74323,-.17317,4.5788
152,2009,219,1920,3.305,1.6204,-.72933,-.16794,4.1995
152,2009,219,1930,3.197,1.5585,-.72399,-.1615,4.0177
152,2009,219,1940,3.0848,1.4917,-.72275,-.15097,3.8706
152,2009,219,1950,2.9636,1.4402,-.73119,-.15573,3.8888
152,2009,219,2000,2.8492,1.3701,-.7322,-.15494,3.8382
213,2009,219,2000,16.77,22.15,-200,-200,-200,-200,-200,-200,4.813,15.03,3.451,14.1,2.478
152,2009,219,2010,2.7309,1.3068,-.73759,-.15689,3.8878
152,2009,219,2020,2.595,1.2433,-.74809,-.16519,4.0786
152,2009,219,2030,2.461,1.1884,-.75057,-.16447,3.946
152,2009,219,2040,2.3382,1.1438,-.74482,-.15547,3.6383
152,2009,219,2050,2.2131,1.1009,-.73585,-.14427,3.2903
152,2009,219,2100,2.09,1.0532,-.73071,-.13269,2.9673
213,2009,219,2100,16.63,21.05,-200,-200,-200,-200,-200,-200,4.54,15.01,2.782,13.99,2.482
152,2009,219,2110,1.9693,1.0024,-.72944,-.12477,2.6994
152,2009,219,2120,1.8454,.95143,-.73329,-.12229,2.5744
152,2009,219,2130,1.7184,.8983,-.73905,-.12471,2.5473
152,2009,219,2140,1.5966,.85067,-.7355,-.11973,2.3621
152,2009,219,2150,1.475,.80339,-.72656,-.11165,2.0824
152,2009,219,2200,1.3528,.7554,-.72087,-.10745,1.9173
213,2009,219,2200,17.15,20.79,-200,-200,-200,-200,-200,-200,5.521,14.97,2.021,14.21,2.484
152,2009,219,2210,1.2317,.7049,-.71602,-.10468,1.7686
152,2009,219,2220,1.116,.65348,-.71164,-.10153,1.6159
152,2009,219,2230,1.0044,.60284,-.70606,-.09719,1.4427
152,2009,219,2240,.89731,.55274,-.70319,-.09491,1.3338
152,2009,219,2250,.79139,.49925,-.70202,-.09425,1.2355
152,2009,219,2300,.69593,.44912,-.70222,-.09115,1.1174
213,2009,219,2300,17.68,20.97,-200,-200,-200,-200,-200,-200,5.003,14.93,1.279,14.1,2.484
152,2009,219,2310,.60542,.3998,-.69981,-.08605,.92984
152,2009,219,2320,.51936,.35286,-.69489,-.08081,.73767
152,2009,219,2330,.43954,.30854,-.69126,-.0758,.53975
152,2009,219,2340,.36874,.26773,-.68607,-.06919,.35119
152,2009,219,2350,.30472,.22941,-.68676,-.06637,.22247
152,2009,220,0,.24413,.19163,-.68964,-.06554,-.00078
213,2009,220,0,18.42,20.38,-200,-200,-200,-200,-200,-200,5.887,14.9,.64,13.93,2.484
152,2009,220,10,.19302,.16043,-.68868,-.06071,-.2613
152,2009,220,20,.1521,.13452,-.68996,-.05564,-.32988
152,2009,220,30,.11309,.10694,-.69052,-.05611,-.43293
152,2009,220,40,.08156,.08446,-.6857,-.05316,-.57489
152,2009,220,50,.04768,.05726,-.68317,-.05141,-.77715
152,2009,220,100,.02935,.03982,-.67856,-.04554,-1.0608
213,2009,220,100,19.19,19.79,-200,-200,-200,-200,-200,-200,6.033,14.84,.21,13.71,2.486
152,2009,220,110,.01848,.03261,-.67302,-.04017,-1.1884
152,2009,220,120,.00971,.02673,-.67144,-.04099,-1.1381
152,2009,220,130,.00205,.02101,-.66751,-.04122,-1.1905
152,2009,220,140,-.00191,.01866,-.65967,-.03936,-1.2615
152,2009,220,150,-.00457,.01673,-.65722,-.04069,-1.1986
152,2009,220,200,-.00767,.01395,-.65647,-.04215,-1.2357
213,2009,220,200,20.03,19.68,-200,-200,-200,-200,-200,-200,6.5,14.81,.026,13.51,2.489
152,2009,220,210,-.0092,.0131,-.65293,-.0409,-1.2537
152,2009,220,220,-.01134,.01235,-.64639,-.04145,-1.2684
152,2009,220,230,-.01178,.01193,-.63964,-.04013,-1.2224
152,2009,220,240,-.0119,.01102,-.63486,-.04225,-1.1015
152,2009,220,250,-.01242,.00996,-.62234,-.04262,-1.0565
152,2009,220,300,-.01289,.0083,-.60949,-.04337,-1.0664
213,2009,220,300,20.52,20.11,-200,-200,-200,-200,-200,-200,7.11,14.83,-.007,13.34,2.487
152,2009,220,310,-.01287,.00806,-.59788,-.04201,-1.1245
152,2009,220,320,-.01303,.00738,-.59227,-.04218,-1.159
152,2009,220,330,-.01282,.00814,-.58619,-.04227,-1.2027
152,2009,220,340,-.01287,.00796,-.58729,-.043,-1.1941
152,2009,220,350,-.01165,.00898,-.60066,-.04517,-1.0447
152,2009,220,400,-.01268,.00758,-.61256,-.04764,-1.0355
213,2009,220,400,20.59,20.19,-200,-200,-200,-200,-200,-200,7.59,14.83,-.007,13.17,2.487
152,2009,220,410,-.01265,.0081,-.6188,-.04784,-1.1105
152,2009,220,420,-.01265,.00855,-.62283,-.05012,-1.1007
152,2009,220,430,-.01224,.00956,-.61536,-.04986,-1.1598
152,2009,220,440,-.01078,.01065,-.60675,-.05064,-1.1375
152,2009,220,450,-.00811,.01192,-.59498,-.05118,-1.0473
152,2009,220,500,-.00704,.01199,-.57844,-.05056,-1.0958
213,2009,220,500,20.62,20.25,-200,-200,-200,-200,-200,-200,7.38,14.81,0,13.02,2.486
152,2009,220,510,-.00178,.01429,-.56008,-.05004,-1.0791
152,2009,220,520,.00738,.01867,-.54048,-.04879,-1.0818
152,2009,220,530,.02095,.02598,-.52385,-.04819,-1.1287
152,2009,220,540,.02884,.03224,-.51394,-.04864,-1.1237
152,2009,220,550,.05206,.04308,-.51531,-.04856,-1.0996
152,2009,220,600,.08305,.06094,-.53144,-.05083,-1.072
213,2009,220,600,20.53,20.32,-200,-200,-200,-200,-200,-200,7.63,14.8,.092,12.91,2.488
152,2009,220,610,.1062,.08638,-.55376,-.05327,-1.0452
152,2009,220,620,.13516,.13309,-.5786,-.05752,-1.0853
152,2009,220,630,.16642,.18077,-.60442,-.06233,-1.0523
152,2009,220,640,.19737,.22262,-.61647,-.06427,-1.0295
152,2009,220,650,.2406,.28636,-.62535,-.06792,-.97295
152,2009,220,700,.29628,.34531,-.63141,-.07097,-.93559
213,2009,220,700,20.32,21.14,-200,-200,-200,-200,-200,-200,7.83,14.81,.325,13.38,2.488
152,2009,220,710,.35571,.38,-.63601,-.07274,-.88172
152,2009,220,720,.41728,.42133,-.64116,-.07573,-.75031
152,2009,220,730,.48823,.4767,-.64888,-.0792,-.64928
152,2009,220,740,.57084,.54087,-.65593,-.0822,-.5371
152,2009,220,750,.66093,.60713,-.66126,-.08429,-.44348
152,2009,220,800,.75374,.67221,-.66874,-.08818,-.30142
213,2009,220,800,20.27,22.22,-200,-200,-200,-200,-200,-200,8.15,14.84,.8,13.62,2.489
152,2009,220,810,.85543,.74193,-.67361,-.08959,-.25851
152,2009,220,820,.95821,.80937,-.67793,-.09179,-.2013
152,2009,220,830,1.0637,.87649,-.68451,-.09502,-.03106
152,2009,220,840,1.1719,.94311,-.69232,-.09929,.13585
152,2009,220,850,1.2879,1.0125,-.69423,-.09869,.13447
152,2009,220,900,1.4077,1.0831,-.6954,-.09816,.15773
213,2009,220,900,20.04,22.69,-200,-200,-200,-200,-200,-200,7.83,14.84,1.46,13.51,2.487
152,2009,220,910,1.5249,1.1495,-.69709,-.09836,.2024
152,2009,220,920,1.6456,1.2161,-.70095,-.09945,.30967
152,2009,220,930,1.7695,1.2836,-.70362,-.09955,.36543
152,2009,220,940,1.8936,1.35,-.70687,-.10075,.50645
152,2009,220,950,2.019,1.4152,-.71049,-.10359,.71992
152,2009,220,1000,2.1409,1.4772,-.71553,-.10766,1.0167
213,2009,220,1000,19.76,22.78,-200,-200,-200,-200,-200,-200,8.02,14.88,2.205,13.42,2.49
152,2009,220,1010,2.2638,1.5383,-.71843,-.10948,1.1666
152,2009,220,1020,2.3863,1.5988,-.72004,-.1095,1.2999
152,2009,220,1030,2.513,1.6623,-.72116,-.10999,1.4068
152,2009,220,1040,2.6354,1.7224,-.7206,-.1084,1.4246
152,2009,220,1050,2.7593,1.7822,-.71894,-.10741,1.519
152,2009,220,1100,2.8797,1.8381,-.72118,-.1089,1.6583
213,2009,220,1100,19.56,23.47,-200,-200,-200,-200,-200,-200,8.11,14.93,2.936,13.36,2.487
152,2009,220,1110,2.9985,1.8933,-.72665,-.11129,1.811
152,2009,220,1120,3.1205,1.9518,-.72544,-.11105,1.8873
152,2009,220,1130,3.2386,2.0074,-.72241,-.10956,1.9235
152,2009,220,1140,3.3531,2.0605,-.72679,-.11041,2.0277
152,2009,220,1150,3.4631,2.1086,-.73502,-.11495,2.2126
152,2009,220,1200,3.5685,2.1554,-.73499,-.11474,2.2713
213,2009,220,1200,19.23,23.97,-200,-200,-200,-200,-200,-200,8.97,14.99,3.622,13.31,2.484
152,2009,220,1210,3.6694,2.1988,-.73125,-.11368,2.2989
152,2009,220,1220,3.7673,2.2399,-.73004,-.11541,2.3639
152,2009,220,1230,3.864,2.2831,-.72705,-.11349,2.3649
152,2009,220,1240,3.9572,2.325,-.72098,-.10992,2.3017
152,2009,220,1250,4.0529,2.367,-.71878,-.10989,2.3365
152,2009,220,1300,4.1385,2.4032,-.71821,-.11077,2.4293
213,2009,220,1300,18.81,23.99,-200,-200,-200,-200,-200,-200,9.04,15.03,4.179,13.31,2.481
152,2009,220,1310,4.2123,2.4319,-.72008,-.1132,2.5562
152,2009,220,1320,4.2851,2.4626,-.72011,-.11408,2.633
152,2009,220,1330,4.3491,2.4882,-.72196,-.1142,2.6979
152,2009,220,1340,4.4132,2.514,-.7232,-.11495,2.7626
152,2009,220,1350,4.4812,2.5459,-.72005,-.10973,2.6665
152,2009,220,1400,4.5371,2.5687,-.71676,-.10529,2.5957
213,2009,220,1400,18.51,23.93,-200,-200,-200,-200,-200,-200,7.66,15,4.566,13.32,2.48
152,2009,220,1410,4.5879,2.5895,-.71811,-.10537,2.6282
152,2009,220,1420,4.6361,2.6096,-.71929,-.10493,2.6478
152,2009,220,1430,4.6818,2.6275,-.72122,-.10407,2.667
152,2009,220,1440,4.722,2.6393,-.72029,-.10227,2.6707
152,2009,220,1450,4.7611,2.6501,-.71871,-.10246,2.7043
152,2009,220,1500,4.7989,2.6594,-.71675,-.10408,2.7683
213,2009,220,1500,18.2,22.8,-200,-200,-200,-200,-200,-200,6.946,15.02,4.822,13.34,2.481
152,2009,220,1510,4.8421,2.6702,-.71575,-.10507,2.8288
152,2009,220,1520,4.9081,2.6918,-.71766,-.10556,2.8674
152,2009,220,1530,4.7178,2.5795,-.72368,-.10636,2.8806
152,2009,220,1540,3.9439,2.1845,-.72383,-.09768,2.5388
152,2009,220,1550,4.8018,2.6047,-.72319,-.10118,2.7445
152,2009,220,1600,4.7872,2.5832,-.73267,-.10952,2.9623
213,2009,220,1600,18.09,22.08,-200,-200,-200,-200,-200,-200,6.265,15,4.963,13.47,2.478
152,2009,220,1610,4.7513,2.5512,-.73725,-.11398,3.0613
152,2009,220,1620,4.7143,2.52,-.73966,-.11632,3.089
152,2009,220,1630,4.6716,2.4871,-.74022,-.11837,3.1202
152,2009,220,1640,4.625,2.4513,-.74475,-.12371,3.2676
152,2009,220,1650,4.5776,2.415,-.74904,-.1301,3.3972
152,2009,220,1700,4.5271,2.3785,-.75058,-.13229,3.4485
213,2009,220,1700,18.34,22.99,-200,-200,-200,-200,-200,-200,6.038,15.02,4.763,13.65,2.48
152,2009,220,1710,4.4714,2.341,-.75243,-.13446,3.4974
152,2009,220,1720,4.4077,2.2995,-.75622,-.13849,3.6096
152,2009,220,1730,4.3388,2.2572,-.75828,-.13947,3.6588
152,2009,220,1740,4.2661,2.2144,-.76138,-.14206,3.7166
152,2009,220,1750,4.185,2.1678,-.76473,-.14547,3.8067
152,2009,220,1800,4.0998,2.1184,-.76761,-.14945,3.9041
213,2009,220,1800,18.08,23.87,-200,-200,-200,-200,-200,-200,5.285,14.99,4.501,14.69,2.483
152,2009,220,1810,4.0156,2.0705,-.76819,-.15014,3.8922
152,2009,220,1820,3.9073,2.0092,-.76749,-.1506,3.8851
152,2009,220,1830,3.5705,1.8423,-.76758,-.14986,3.8234
152,2009,220,1840,3.6731,1.8815,-.77507,-.1538,3.92
152,2009,220,1850,3.6202,1.8469,-.78078,-.15675,3.9438
152,2009,220,1900,3.5143,1.7866,-.78047,-.15562,3.8819
213,2009,220,1900,17.49,23.52,-200,-200,-200,-200,-200,-200,4.753,15.03,4.048,14.34,2.484
152,2009,220,1910,3.4017,1.7218,-.7826,-.15625,3.8798
152,2009,220,1920,3.3066,1.6632,-.77825,-.15263,3.7433
152,2009,220,1930,3.197,1.5992,-.77534,-.14901,3.6194
152,2009,220,1940,3.0763,1.531,-.77785,-.1503,3.632
152,2009,220,1950,2.9557,1.4575,-.77972,-.15137,3.6125
152,2009,220,2000,2.8325,1.3846,-.77882,-.15017,3.5398
213,2009,220,2000,17.14,22.38,-200,-200,-200,-200,-200,-200,4.995,15.03,3.438,14.13,2.492
152,2009,220,2010,2.7093,1.3225,-.77797,-.14901,3.4793
152,2009,220,2020,2.5821,1.2661,-.77722,-.14787,3.4191
152,2009,220,2030,2.4607,1.2178,-.77135,-.14311,3.2886
152,2009,220,2040,2.3315,1.1659,-.76945,-.14221,3.2326
152,2009,220,2050,2.206,1.1187,-.76547,-.14048,3.135
152,2009,220,2100,2.0857,1.0692,-.76287,-.13784,3.0288
213,2009,220,2100,17.15,21.15,-200,-200,-200,-200,-200,-200,5.065,15.01,2.762,14.05,2.484
152,2009,220,2110,1.9701,1.0204,-.75975,-.1357,2.9358
152,2009,220,2120,1.7913,.94476,-.75436,-.13019,2.7677
152,2009,220,2130,1.6232,.873,-.74957,-.12554,2.5524
152,2009,220,2140,1.5198,.83,-.74634,-.12407,2.4261
152,2009,220,2150,1.2662,.71426,-.73659,-.11889,2.1407
152,2009,220,2200,1.2313,.70454,-.72965,-.11528,1.9704
213,2009,220,2200,17.46,21.18,-200,-200,-200,-200,-200,-200,4.755,14.98,2.017,14.21,2.482
152,2009,220,2210,1.243,.71309,-.73236,-.1205,2.1173
152,2009,220,2220,.9974,.58873,-.72541,-.11882,1.943
152,2009,220,2230,.63252,.39869,-.70018,-.10169,1.1738
152,2009,220,2240,.56393,.36693,-.67777,-.0824,.51543
152,2009,220,2250,.61391,.39934,-.67405,-.0783,.45477
152,2009,220,2300,.65972,.42756,-.67706,-.08373,.60684
213,2009,220,2300,17.76,20.68,-200,-200,-200,-200,-200,-200,4.06,14.89,1.279,14.08,2.483
152,2009,220,2310,.46637,.31582,-.66569,-.07926,.29426
152,2009,220,2320,.38333,.26722,-.65666,-.07144,.02446
152,2009,220,2330,.2223,.1676,-.63756,-.05809,-.60241
152,2009,220,2340,.2208,.17033,-.62906,-.05129,-.85762
152,2009,220,2350,.19383,.15343,-.62775,-.05107,-.87714
152,2009,221,0,.13542,.11355,-.62169,-.04845,-1.1135
213,2009,221,0,18.6,19.72,-200,-200,-200,-200,-200,-200,4.398,14.83,.489,13.88,2.488
152,2009,221,10,.10385,.09158,-.61368,-.04299,-1.351
152,2009,221,20,.0824,.07804,-.61026,-.04105,-1.4872
152,2009,221,30,.08137,.08247,-.61325,-.04382,-1.3957
152,2009,221,40,.05381,.06099,-.61556,-.04564,-1.3344
152,2009,221,50,.03268,.04143,-.6166,-.04164,-1.3381
152,2009,221,100,.02009,.03336,-.61936,-.04233,-1.3515
213,2009,221,100,19.73,19.68,-200,-200,-200,-200,-200,-200,4.598,14.76,.115,13.66,2.49
152,2009,221,110,.00841,.02617,-.61388,-.04041,-1.5964
152,2009,221,120,.00102,.02103,-.61002,-.03931,-1.7866
152,2009,221,130,-.00406,.01926,-.6071,-.03717,-1.8945
152,2009,221,140,-.00657,.01728,-.60625,-.03694,-1.8878
152,2009,221,150,-.00934,.01414,-.60667,-.03903,-1.8937
152,2009,221,200,-.01184,.01319,-.60264,-.03947,-1.9583
213,2009,221,200,20.11,19.83,-200,-200,-200,-200,-200,-200,4.722,14.75,.013,13.48,2.49
152,2009,221,210,-.01185,.01323,-.60061,-.03936,-1.912
152,2009,221,220,-.01237,.01294,-.60059,-.04126,-1.8435
152,2009,221,230,-.01365,.01043,-.59393,-.04075,-2.0423
152,2009,221,240,-.01312,.01237,-.58981,-.03803,-2.0585
152,2009,221,250,-.01261,.01248,-.59288,-.04087,-1.9093
152,2009,221,300,-.01365,.01127,-.59306,-.04237,-1.9401
213,2009,221,300,20.46,20.15,-200,-200,-200,-200,-200,-200,4.827,14.75,-.007,13.31,2.492
152,2009,221,310,-.01378,.01135,-.59098,-.04272,-2.0322
152,2009,221,320,-.014,.01132,-.58622,-.03974,-2.1239
152,2009,221,330,-.01329,.01216,-.58934,-.04128,-2.005
152,2009,221,340,-.01362,.01127,-.58871,-.04173,-2.0282
152,2009,221,350,-.01305,.0119,-.58972,-.04041,-1.9628
152,2009,221,400,-.01315,.01089,-.59118,-.04221,-1.9126
213,2009,221,400,20.63,20.24,-200,-200,-200,-200,-200,-200,5.014,14.75,-.013,13.14,2.493
152,2009,221,410,-.01301,.00981,-.58977,-.0418,-1.9607
152,2009,221,420,-.01292,.0103,-.58844,-.04153,-1.9723
152,2009,221,430,-.01158,.01115,-.58458,-.0409,-1.9424
152,2009,221,440,-.01056,.01118,-.58198,-.04191,-1.8857
152,2009,221,450,-.00834,.01198,-.5805,-.04234,-1.8289
152,2009,221,500,-.00699,.01254,-.57737,-.0431,-1.8698
213,2009,221,500,20.72,20.4,-200,-200,-200,-200,-200,-200,6.277,14.75,-.007,12.99,2.492
152,2009,221,510,-.00479,.01327,-.57349,-.04307,-1.9166
152,2009,221,520,-.00079,.01638,-.56698,-.04191,-1.977
152,2009,221,530,.0049,.01991,-.56587,-.04367,-1.9939
152,2009,221,540,.00916,.02444,-.56174,-.04256,-2.1221
152,2009,221,550,.02057,.03208,-.55615,-.04098,-2.1446
152,2009,221,600,.03511,.03945,-.55224,-.04106,-2.1412
213,2009,221,600,20.56,20.32,-200,-200,-200,-200,-200,-200,6.007,14.75,.043,12.86,2.493
152,2009,221,610,.05381,.05338,-.54761,-.04054,-2.0917
152,2009,221,620,.08383,.07635,-.54505,-.04234,-2.0576
152,2009,221,630,.14143,.14793,-.55012,-.04713,-1.9366
152,2009,221,640,.1886,.19604,-.55624,-.05261,-1.7655
152,2009,221,650,.22819,.23193,-.55787,-.05393,-1.7316
152,2009,221,700,.31713,.33225,-.56447,-.05849,-1.604
213,2009,221,700,20.56,21.08,-200,-200,-200,-200,-200,-200,6.219,14.75,.351,13.24,2.495
152,2009,221,710,.38608,.37253,-.56692,-.06123,-1.4788
152,2009,221,720,.44602,.40582,-.56681,-.06313,-1.3982
152,2009,221,730,.49091,.4316,-.56764,-.06346,-1.3897
152,2009,221,740,.58625,.51429,-.57767,-.06752,-1.2442
152,2009,221,750,.63576,.54833,-.58717,-.07017,-1.1557
152,2009,221,800,.7267,.61945,-.59704,-.07419,-1.0605
213,2009,221,800,20.38,22.26,-200,-200,-200,-200,-200,-200,6.3,14.75,.781,13.61,2.493
152,2009,221,810,.82716,.69283,-.60212,-.07629,-.95686
152,2009,221,820,.92537,.75936,-.60872,-.07943,-.73912
152,2009,221,830,1.0163,.81599,-.61515,-.08283,-.6012
152,2009,221,840,1.1113,.8725,-.61798,-.08443,-.48438
152,2009,221,850,1.2085,.92877,-.6172,-.08556,-.39103
152,2009,221,900,1.3446,1.014,-.61825,-.08781,-.23028
213,2009,221,900,20.24,22.62,-200,-200,-200,-200,-200,-200,7.11,14.84,1.421,13.53,2.492
152,2009,221,910,1.4052,1.0438,-.62094,-.09037,-.03412
152,2009,221,920,1.4357,1.0548,-.62186,-.09054,.00073
152,2009,221,930,1.5955,1.1572,-.62887,-.09269,.18052
152,2009,221,940,1.6179,1.1607,-.63508,-.09376,.22968
152,2009,221,950,1.4284,1.0211,-.63001,-.08919,.10738
152,2009,221,1000,1.6181,1.1399,-.62986,-.08817,.13753
213,2009,221,1000,19.94,22.58,-200,-200,-200,-200,-200,-200,6.855,14.84,1.906,13.5,2.487
152,2009,221,1010,2.0806,1.4323,-.64807,-.0973,.6573
152,2009,221,1020,2.2078,1.5006,-.66228,-.10608,1.1035
152,2009,221,1030,2.3362,1.5689,-.66928,-.1087,1.368
152,2009,221,1040,2.4733,1.6413,-.67408,-.10995,1.5969
152,2009,221,1050,2.5566,1.6782,-.6782,-.11124,1.7818
152,2009,221,1100,2.4508,1.6007,-.67738,-.10971,1.801
213,2009,221,1100,19.91,24.02,-200,-200,-200,-200,-200,-200,6.536,14.93,2.582,13.4,2.484
152,2009,221,1110,2.4157,1.5685,-.67196,-.10662,1.7451
152,2009,221,1120,2.8879,1.8399,-.67762,-.11043,2.053
152,2009,221,1130,2.9815,1.8817,-.68388,-.11559,2.2973
152,2009,221,1140,3.1989,1.9966,-.69091,-.11945,2.5283
152,2009,221,1150,3.2812,2.0291,-.69769,-.12415,2.7404
152,2009,221,1200,3.5031,2.1426,-.70177,-.12875,2.9062
213,2009,221,1200,19.46,24.37,-200,-200,-200,-200,-200,-200,6.664,15.01,3.576,13.36,2.48
152,2009,221,1210,3.6228,2.1963,-.70533,-.13209,3.0572
152,2009,221,1220,3.7229,2.2394,-.70858,-.13307,3.1867
152,2009,221,1230,3.8297,2.2843,-.71127,-.13531,3.3189
152,2009,221,1240,3.9217,2.3204,-.71399,-.1362,3.383
152,2009,221,1250,4.0077,2.353,-.71664,-.13656,3.4463
152,2009,221,1300,4.0553,2.3659,-.71918,-.13795,3.5083
213,2009,221,1300,18.57,24.43,-200,-200,-200,-200,-200,-200,5.802,15.03,4.113,13.33,2.479
152,2009,221,1310,4.1539,2.4086,-.71999,-.13629,3.5281
152,2009,221,1320,4.2534,2.4523,-.72071,-.1364,3.557
152,2009,221,1330,4.2998,2.4677,-.72061,-.13291,3.4923
152,2009,221,1340,4.3663,2.493,-.72071,-.13068,3.477
152,2009,221,1350,4.427,2.5166,-.71639,-.12773,3.4102
152,2009,221,1400,4.4736,2.5316,-.71316,-.12435,3.3811
213,2009,221,1400,17.77,23.75,-200,-200,-200,-200,-200,-200,5.834,15.03,4.494,13.35,2.479
152,2009,221,1410,4.5187,2.5464,-.71932,-.12758,3.5081
152,2009,221,1420,4.5633,2.5621,-.71811,-.12662,3.4998
152,2009,221,1430,4.6021,2.5738,-.71506,-.12488,3.4927
152,2009,221,1440,4.6388,2.5817,-.71202,-.1233,3.4543
152,2009,221,1450,4.6687,2.5857,-.71109,-.12156,3.4085
152,2009,221,1500,4.6914,2.5874,-.70989,-.1191,3.3539
213,2009,221,1500,17.5,22.63,-200,-200,-200,-200,-200,-200,5.676,15.03,4.697,13.38,2.486
152,2009,221,1510,4.6966,2.5791,-.71107,-.12071,3.4202
152,2009,221,1520,4.702,2.5714,-.711,-.12255,3.4666
152,2009,221,1530,4.7096,2.565,-.71032,-.1224,3.4657
152,2009,221,1540,4.7162,2.5559,-.71125,-.12311,3.4967
152,2009,221,1550,4.6959,2.5308,-.7121,-.12538,3.5343
152,2009,221,1600,4.6658,2.5005,-.71746,-.13025,3.678
213,2009,221,1600,17.83,21.88,-200,-200,-200,-200,-200,-200,5.739,15.03,4.717,13.45,2.484
152,2009,221,1610,4.6365,2.471,-.71983,-.13423,3.8152
152,2009,221,1620,4.619,2.4496,-.72314,-.1394,3.9564
152,2009,221,1630,4.5949,2.4266,-.72356,-.13988,3.9264
152,2009,221,1640,4.5649,2.4016,-.72502,-.14083,3.9174
152,2009,221,1650,4.5173,2.3642,-.73312,-.1484,4.0852
152,2009,221,1700,4.4562,2.3206,-.73922,-.15384,4.1828
213,2009,221,1700,17.94,22.79,-200,-200,-200,-200,-200,-200,5.217,15.03,4.651,13.64,2.479
152,2009,221,1710,4.4161,2.2925,-.73659,-.14946,4.0721
152,2009,221,1720,4.3561,2.2546,-.73806,-.14951,4.0791
152,2009,221,1730,4.2892,2.2142,-.73913,-.15412,4.1945
152,2009,221,1740,4.2142,2.1684,-.74193,-.16077,4.3923
152,2009,221,1750,4.1169,2.113,-.74637,-.1699,4.6289
152,2009,221,1800,4.0343,2.069,-.74188,-.16775,4.5058
213,2009,221,1800,17.93,23.59,-200,-200,-200,-200,-200,-200,5.16,15.03,4.428,13.82,2.477
152,2009,221,1810,3.956,2.0243,-.74228,-.16561,4.439
152,2009,221,1820,3.8642,1.9705,-.74896,-.16986,4.5227
152,2009,221,1830,3.7718,1.9181,-.74886,-.16694,4.4368
152,2009,221,1840,3.677,1.8637,-.75482,-.17085,4.5208
152,2009,221,1850,3.5751,1.805,-.75582,-.17177,4.5348
152,2009,221,1900,3.4632,1.7391,-.75943,-.17514,4.6143
213,2009,221,1900,17.6,23.24,-200,-200,-200,-200,-200,-200,5.038,15.03,3.989,14.27,2.481
152,2009,221,1910,3.3523,1.6728,-.76433,-.17755,4.6847
152,2009,221,1920,3.2381,1.6046,-.76797,-.18022,4.7579
152,2009,221,1930,3.1272,1.5406,-.76623,-.17924,4.6702
152,2009,221,1940,2.9571,1.4559,-.75164,-.167,4.2508
152,2009,221,1950,2.8014,1.3717,-.73955,-.15569,3.9136
152,2009,221,2000,2.6782,1.299,-.74028,-.15399,3.8812
213,2009,221,2000,17.36,21.85,-200,-200,-200,-200,-200,-200,5.413,15.03,3.398,14.32,2.485
152,2009,221,2010,2.4899,1.2089,-.74165,-.15178,3.7923
152,2009,221,2020,2.3656,1.1567,-.74085,-.14838,3.7055
152,2009,221,2030,2.2788,1.1221,-.73951,-.14668,3.6526
152,2009,221,2040,2.1557,1.0722,-.74423,-.14788,3.664
152,2009,221,2050,2.0422,1.0315,-.74542,-.14613,3.6076
152,2009,221,2100,1.9304,.98498,-.74212,-.13979,3.3816
213,2009,221,2100,17.69,20.61,-200,-200,-200,-200,-200,-200,6.191,15.03,2.572,14.27,2.491
152,2009,221,2110,1.8386,.94529,-.74276,-.13858,3.3457
152,2009,221,2120,1.7281,.8967,-.74327,-.13922,3.3247
152,2009,221,2130,1.5518,.81902,-.73763,-.13734,3.2384
152,2009,221,2140,.92111,.5341,-.72263,-.11967,2.6147
152,2009,221,2150,.90098,.531,-.70858,-.10655,2.1416
152,2009,221,2200,.90563,.5394,-.71236,-.1103,2.2484
213,2009,221,2200,17.91,20.43,-200,-200,-200,-200,-200,-200,5.207,15.01,1.883,14.15,2.49
152,2009,221,2210,1.082,.62867,-.72553,-.12066,2.5174
152,2009,221,2220,.96561,.57345,-.72783,-.1218,2.61
152,2009,221,2230,.82748,.50502,-.7251,-.12044,2.3695
152,2009,221,2240,.72148,.45296,-.71774,-.11259,2.0739
152,2009,221,2250,.65216,.41806,-.71352,-.10712,1.9227
152,2009,221,2300,.56415,.37079,-.71097,-.10592,1.8225
213,2009,221,2300,18.57,20.88,-200,-200,-200,-200,-200,-200,4.921,14.97,1.119,14.06,2.49
152,2009,221,2310,.42063,.28865,-.70375,-.09868,1.5986
152,2009,221,2320,.32892,.23534,-.69503,-.09208,1.2302
152,2009,221,2330,.27344,.20201,-.68509,-.08234,.98603
152,2009,221,2340,.23088,.17588,-.68168,-.08141,.96011
152,2009,221,2350,.18794,.14853,-.67929,-.08168,.77035
152,2009,222,0,.16399,.1335,-.67441,-.07965,.58049
213,2009,222,0,19.09,19.9,-200,-200,-200,-200,-200,-200,5.327,14.93,.486,13.87,2.491
152,2009,222,10,.15385,.12886,-.67351,-.08035,.61693
152,2009,222,20,.11267,.101,-.67274,-.08024,.41797
152,2009,222,30,.07615,.07475,-.66374,-.07179,.11527
152,2009,222,40,.05552,.06199,-.65964,-.06947,-.06002
152,2009,222,50,.02726,.03763,-.65121,-.06485,-.41257
152,2009,222,100,.01273,.02894,-.64605,-.06,-.76964
213,2009,222,100,19.43,19.78,-200,-200,-200,-200,-200,-200,5.147,14.86,.161,13.64,2.494
152,2009,222,110,.00629,.02567,-.64085,-.05241,-.86354
152,2009,222,120,-.00081,.01991,-.64467,-.05292,-.83685
152,2009,222,130,-.00539,.01673,-.64484,-.05109,-.82412
152,2009,222,140,-.00851,.01384,-.64625,-.05182,-.84611
152,2009,222,150,-.01142,.01224,-.64424,-.05212,-.91318
152,2009,222,200,-.01167,.01138,-.64621,-.05108,-.91925
213,2009,222,200,20.05,19.74,-200,-200,-200,-200,-200,-200,5.854,14.84,.01,13.46,2.495
152,2009,222,210,-.01288,.00931,-.64385,-.04915,-1.0557
152,2009,222,220,-.01434,.00817,-.64595,-.05141,-1.1517
152,2009,222,230,-.01309,.00937,-.64083,-.04677,-1.2758
152,2009,222,240,-.01272,.00823,-.64339,-.04938,-1.2787
152,2009,222,250,-.01407,.00807,-.63986,-.04839,-1.4622
152,2009,222,300,-.01193,.008,-.63933,-.04669,-1.4828
213,2009,222,300,20.08,20.05,-200,-200,-200,-200,-200,-200,6.696,14.78,-.007,13.29,2.497
152,2009,222,310,-.01282,.00722,-.63838,-.04756,-1.6157
152,2009,222,320,-.01286,.0073,-.63565,-.04508,-1.7961
152,2009,222,330,-.01282,.00723,-.63413,-.04386,-1.9288
152,2009,222,340,-.01276,.007,-.63168,-.04241,-2.1162
152,2009,222,350,-.01196,.00738,-.6297,-.04199,-2.1835
152,2009,222,400,-.01172,.00749,-.62704,-.04196,-2.2539
213,2009,222,400,19.83,20.14,-200,-200,-200,-200,-200,-200,7.17,14.75,-.007,13.12,2.5
152,2009,222,410,-.01118,.00734,-.62728,-.04257,-2.2821
152,2009,222,420,-.01158,.00742,-.62548,-.04125,-2.4487
152,2009,222,430,-.01015,.00886,-.6265,-.04205,-2.4403
152,2009,222,440,-.01063,.00851,-.62699,-.04371,-2.4991
152,2009,222,450,-.00929,.00943,-.62419,-.04148,-2.6585
152,2009,222,500,-.00677,.0116,-.62316,-.04121,-2.7482
213,2009,222,500,19.96,20.13,-200,-200,-200,-200,-200,-200,7.44,14.69,-.007,12.97,2.503
152,2009,222,510,-.00445,.01283,-.61985,-.03986,-2.8642
152,2009,222,520,.00039,.0149,-.61867,-.04046,-2.8519
152,2009,222,530,.00535,.01893,-.61923,-.04158,-2.7943
152,2009,222,540,.01119,.0229,-.61976,-.04241,-2.7921
152,2009,222,550,.01959,.02923,-.62049,-.04245,-2.8652
152,2009,222,600,.03118,.03578,-.62198,-.04208,-2.9044
213,2009,222,600,20.25,20.2,-200,-200,-200,-200,-200,-200,8.89,14.65,.036,12.84,2.505
152,2009,222,610,.04349,.0461,-.62209,-.04262,-2.9297
152,2009,222,620,.07339,.08456,-.62397,-.04457,-2.9733
152,2009,222,630,.11117,.1377,-.62935,-.04954,-2.9037
152,2009,222,640,.14698,.18189,-.62915,-.05046,-2.9381
152,2009,222,650,.19689,.2487,-.63446,-.05399,-2.8333
152,2009,222,700,.25541,.30762,-.63877,-.05763,-2.8364
213,2009,222,700,20.23,20.8,-200,-200,-200,-200,-200,-200,9.11,14.65,.282,13.22,2.511
152,2009,222,710,.31137,.33862,-.64024,-.05849,-2.8495
152,2009,222,720,.37244,.38044,-.64502,-.06136,-2.7764
152,2009,222,730,.44256,.43623,-.64789,-.06331,-2.6663
152,2009,222,740,.51935,.49474,-.65195,-.06706,-2.5249
152,2009,222,750,.6047,.55842,-.65495,-.06926,-2.4169
152,2009,222,800,.69399,.62305,-.65751,-.07241,-2.3069
213,2009,222,800,20.21,21.73,-200,-200,-200,-200,-200,-200,8.82,14.66,.741,13.67,2.512
152,2009,222,810,.78879,.68775,-.65932,-.07404,-2.1769
152,2009,222,820,.88507,.75191,-.65999,-.07687,-2.0342
152,2009,222,830,.98814,.81881,-.6652,-.0796,-1.8606
152,2009,222,840,1.0959,.88718,-.66995,-.0817,-1.731
152,2009,222,850,1.2103,.95807,-.67095,-.08268,-1.5869
152,2009,222,900,1.3285,1.0297,-.67356,-.08472,-1.4597
213,2009,222,900,20.18,22.49,-200,-200,-200,-200,-200,-200,8.61,14.74,1.388,13.53,2.508
152,2009,222,910,1.4428,1.0958,-.67905,-.08784,-1.3324
152,2009,222,920,1.5662,1.1655,-.6808,-.08853,-1.2592
152,2009,222,930,1.691,1.2345,-.68229,-.08841,-1.1866
152,2009,222,940,1.8172,1.3034,-.68411,-.08874,-1.0929
152,2009,222,950,1.9436,1.3707,-.6863,-.08897,-.99531
152,2009,222,1000,2.0679,1.4355,-.69037,-.09038,-.82827
213,2009,222,1000,19.83,22.64,-200,-200,-200,-200,-200,-200,8.74,14.76,2.129,13.46,2.51
152,2009,222,1010,2.1913,1.4983,-.69254,-.092,-.67041
152,2009,222,1020,2.3174,1.5619,-.69429,-.09261,-.51985
152,2009,222,1030,2.4438,1.6249,-.69808,-.09282,-.33954
152,2009,222,1040,2.566,1.6836,-.70219,-.09414,-.1706
152,2009,222,1050,2.6867,1.741,-.70642,-.09584,.0205
152,2009,222,1100,2.8126,1.8019,-.70863,-.09609,.15185
213,2009,222,1100,19.6,23.37,-200,-200,-200,-200,-200,-200,8.11,14.84,2.874,13.39,2.506
152,2009,222,1110,2.9317,1.8582,-.71173,-.09579,.31225
152,2009,222,1120,3.05,1.9144,-.71351,-.09575,.51412
152,2009,222,1130,3.1675,1.9704,-.71512,-.09575,.68548
152,2009,222,1140,3.2784,2.0214,-.71773,-.09641,.89411
152,2009,222,1150,3.3882,2.0716,-.72078,-.098,1.1108
152,2009,222,1200,3.4964,2.1196,-.72328,-.09865,1.2271
213,2009,222,1200,19.39,24.34,-200,-200,-200,-200,-200,-200,7.78,14.9,3.55,13.32,2.501
152,2009,222,1210,3.6014,2.1653,-.72427,-.09945,1.3547
152,2009,222,1220,3.7043,2.2097,-.72446,-.09993,1.4818
152,2009,222,1230,3.8022,2.2513,-.72511,-.09874,1.5985
152,2009,222,1240,3.8908,2.2852,-.72771,-.10184,1.8069
152,2009,222,1250,3.9782,2.3203,-.72614,-.10142,1.9026
152,2009,222,1300,4.0609,2.3527,-.72763,-.10254,2.005
213,2009,222,1300,19.04,24.52,-200,-200,-200,-200,-200,-200,7.37,14.95,4.101,13.29,2.497
152,2009,222,1310,4.1408,2.3848,-.72649,-.1025,2.0757
152,2009,222,1320,4.2158,2.4138,-.72672,-.10225,2.1749
152,2009,222,1330,4.2865,2.4422,-.72548,-.10245,2.2238
152,2009,222,1340,4.3467,2.464,-.72694,-.10416,2.3312
152,2009,222,1350,4.4064,2.487,-.72661,-.10367,2.3878
152,2009,222,1400,4.4579,2.5062,-.72512,-.10258,2.4294
213,2009,222,1400,18.59,24.15,-200,-200,-200,-200,-200,-200,6.692,15,4.482,13.3,2.496
152,2009,222,1410,4.5069,2.5255,-.72514,-.10268,2.5095
152,2009,222,1420,4.5477,2.5404,-.72437,-.10352,2.5699
152,2009,222,1430,4.582,2.5512,-.72466,-.10512,2.6583
152,2009,222,1440,4.6113,2.5523,-.7249,-.10542,2.7497
152,2009,222,1450,4.6335,2.5491,-.724,-.09979,2.7648
152,2009,222,1500,4.6546,2.5605,-.72434,-.10829,2.7899
213,2009,222,1500,17.91,22.67,-200,-200,-200,-200,-200,-200,5.717,15,4.665,13.38,2.496
152,2009,222,1510,4.6694,2.5592,-.72119,-.10645,2.787
152,2009,222,1520,4.6776,2.5561,-.72092,-.10717,2.8449
152,2009,222,1530,4.6734,2.5417,-.72388,-.11036,2.9591
152,2009,222,1540,4.6683,2.526,-.72541,-.11369,3.0432
152,2009,222,1550,4.6512,2.5011,-.7303,-.12033,3.2132
152,2009,222,1600,4.635,2.4794,-.7321,-.12288,3.268
213,2009,222,1600,16.18,20.43,-200,-200,-200,-200,-200,-200,5.123,14.98,4.681,13.46,2.492
152,2009,222,1610,4.6118,2.4548,-.73295,-.12377,3.3056
152,2009,222,1620,4.5815,2.426,-.73583,-.12768,3.4119
152,2009,222,1630,4.5471,2.3964,-.73933,-.13139,3.5125
152,2009,222,1640,4.507,2.345,-.74146,-.12578,3.5978
152,2009,222,1650,4.4603,2.3298,-.74362,-.13776,3.6699
152,2009,222,1700,4.4077,2.2904,-.74771,-.14328,3.7748
213,2009,222,1700,15.55,20.39,-200,-200,-200,-200,-200,-200,4.597,15.02,4.622,13.64,2.491
152,2009,222,1710,4.3486,2.2488,-.75271,-.14883,3.8936
152,2009,222,1720,4.2872,2.2099,-.75484,-.15189,3.9631
152,2009,222,1730,4.2265,2.1744,-.75498,-.15264,3.9271
152,2009,222,1740,4.1563,2.134,-.75553,-.15358,3.9249
152,2009,222,1750,4.0758,2.0832,-.76059,-.15745,4.0458
164,2009,222,1800,3.9836,1.9946,-.76736,-.15717,4.1694
213,2009,222,1800,1.93,6.858,-200,-200,-200,-200,-200,-200,4.208,14.96,4.802,14.39,.312
164,2009,222,1810,3.9088,1.9538,-.77169,-.16283,4.2429
164,2009,222,1820,3.816,1.888,-.77257,-.16176,4.2839
164,2009,222,1830,3.7221,1.842,-.77744,-.16842,4.3778
164,2009,222,1840,3.6218,1.7833,-.78095,-.17196,4.4557
164,2009,222,1850,3.5081,1.7529,-.78354,-.17915,4.4984
164,2009,222,1900,3.4021,1.692,-.78979,-.18434,4.6041
213,2009,222,1900,-6999,-6999,-200,-200,-200,-200,-200,-200,3.863,15,4.949,14.17,2.493
164,2009,222,1910,3.3101,1.6354,-.79364,-.18834,4.7133
164,2009,222,1920,2.5865,1.3083,-.77874,-.17211,4.0948
162,222,1930,300.3,149.2,225.3,312.1,2.989,3.638,4.381
164,2009,222,1940,2.7582,1.3545,-.73757,-.13317,3.0775
164,2009,222,1950,2.8669,1.3924,-.7488,-.14808,3.4007
164,2009,222,2000,2.7794,1.3286,-.76026,-.16037,3.7045
213,2009,222,2000,.511,5.526,-200,-200,-200,-200,-200,-200,3.671,14.99,4.165,13.99,1.87
164,2009,222,2010,2.5926,1.2375,-.76809,-.16675,3.8182
164,2009,222,2020,2.4884,1.1916,-.77038,-.1698,3.8714
164,2009,222,2030,2.3412,1.1297,-.77532,-.17388,4.0371
164,2009,222,2040,2.1811,1.061,-.786,-.18793,4.4429
164,2009,222,2050,2.0391,1.0023,-.79783,-.20417,4.8469
164,2009,222,2100,1.9078,.94652,-.80491,-.21448,5.0076
213,2009,222,2100,.355,4.714,-200,-200,-200,-200,-200,-200,2.314,15,3.92,13.95,2.494
164,2009,222,2110,1.7817,.89225,-.80731,-.21516,4.9643
164,2009,222,2120,1.654,.83734,-.80249,-.21353,4.8122
164,2009,222,2130,1.5308,.78669,-.79377,-.20987,4.5243
164,2009,222,2140,1.4349,.76022,-.74905,-.15775,3.0832
164,2009,222,2150,1.3289,.7268,-.71941,-.12566,2.1902
164,2009,222,2200,1.2113,.67992,-.70997,-.11743,1.8909
213,2009,222,2200,.43,4.486,-200,-200,-200,-200,-200,-200,2.785,14.96,4.606,13.96,2.496
164,2009,222,2210,1.0962,.62886,-.70568,-.11593,1.7148
164,2009,222,2220,.9839,.57713,-.69918,-.11211,1.4279
164,2009,222,2230,.87599,.52576,-.6908,-.10795,1.1284
164,2009,222,2240,.77219,.475,-.68318,-.10123,.88089
164,2009,222,2250,.67538,.42525,-.67697,-.09636,.67047
164,2009,222,2300,.58596,.37852,-.66888,-.08935,.41058
213,2009,222,2300,-.211,2.902,-200,-200,-200,-200,-200,-200,3.423,14.87,4.312,13.83,2.498
164,2009,222,2310,.50968,.3382,-.66377,-.08179,.25951
164,2009,222,2320,.42889,.29459,-.65973,-.0776,.09847
164,2009,222,2330,.3582,.25472,-.65281,-.07269,-.0993
164,2009,222,2340,.24803,.18428,-.63907,-.06317,-.50288
164,2009,222,2350,.23637,.1788,-.62705,-.05669,-.81565
164,2009,223,0,.17616,.13904,-.61645,-.05258,-1.1418
213,2009,223,0,-.755,1.12,-200,-200,-200,-200,-200,-200,4.158,14.82,5.096,13.64,2.5
164,2009,223,10,.12954,.11019,-.60292,-.04573,-1.4937
164,2009,223,20,.09043,.08296,-.59126,-.04015,-1.7289
164,2009,223,30,.0576,.05942,-.58721,-.03518,-1.9442
164,2009,223,40,.03231,.0399,-.57805,-.03177,-2.2383
164,2009,223,50,.01808,.03281,-.57604,-.02996,-2.5169
164,2009,223,100,.00933,.02764,-.5769,-.02629,-2.6533
213,2009,223,100,-1.657,-1.363,-200,-200,-200,-200,-200,-200,3.923,14.73,4.704,13.39,2.503
164,2009,223,110,.00203,.02309,-.57662,-.02498,-2.6547
164,2009,223,120,-.00525,.01952,-.57466,-.02524,-2.7047
164,2009,223,130,-.00809,.01558,-.57167,-.02595,-2.8046
164,2009,223,140,-.01142,.01352,-.56461,-.02642,-2.8888
164,2009,223,150,-.01254,.01317,-.5595,-.02435,-2.9325
164,2009,223,200,-.01307,.01309,-.56108,-.02381,-2.8892
213,2009,223,200,-2.14,-2.461,-200,-200,-200,-200,-200,-200,4.06,14.67,5.243,13.17,2.506
164,2009,223,210,-.01314,.0126,-.5639,-.02553,-2.9235
164,2009,223,220,-.01315,.01271,-.56394,-.02487,-2.9872
164,2009,223,230,-.01313,.01278,-.56259,-.02454,-2.9698
164,2009,223,240,-.01339,.01179,-.56104,-.02645,-3.0291
164,2009,223,250,-.01318,.01271,-.56241,-.02574,-3.0542
164,2009,223,300,-.01314,.01245,-.55485,-.02547,-3.0265
213,2009,223,300,-2.32,-2.624,-200,-200,-200,-200,-200,-200,4.462,14.65,5.39,12.96,2.507
164,2009,223,310,-.01314,.01214,-.55824,-.02576,-2.983
164,2009,223,320,-.01313,.01054,-.53238,-.02586,-2.9708
164,2009,223,330,-.01313,.00967,-.51828,-.02515,-2.997
164,2009,223,340,-.01314,.0086,-.52962,-.02579,-3.0779
164,2009,223,350,-.01313,.00919,-.54078,-.02634,-3.1587
164,2009,223,400,-.01319,.01156,-.54742,-.02639,-3.202
213,2009,223,400,-2.402,-2.689,-200,-200,-200,-200,-200,-200,4.604,14.65,5.439,12.79,2.507
164,2009,223,410,-.01313,.01217,-.54396,-.02691,-3.2394
164,2009,223,420,-.01313,.01182,-.54188,-.02627,-3.255
164,2009,223,430,-.01303,.01231,-.52459,-.02672,-3.2306
164,2009,223,440,-.01192,.01283,-.51572,-.02606,-3.1904
164,2009,223,450,-.01088,.01299,-.51158,-.02731,-3.1694
164,2009,223,500,-.00677,.01313,-.49572,-.0275,-3.0709
213,2009,223,500,-2.494,-2.829,-200,-200,-200,-200,-200,-200,4.537,14.65,5.243,12.71,2.508
164,2009,223,510,-.00645,.01313,-.47575,-.02797,-3.0361
164,2009,223,520,.00011,.01538,-.45717,-.02662,-2.9023
164,2009,223,530,.00172,.01934,-.46142,-.03079,-2.788
164,2009,223,540,.00975,.02088,-.41266,-.02807,-2.8239
164,2009,223,550,.02304,.02819,-.36394,-.02437,-2.7958
164,2009,223,600,.04497,.03686,-.31175,-.0211,-2.7156
213,2009,223,600,-2.229,-2.459,-200,-200,-200,-200,-200,-200,4.388,14.66,5.341,12.71,2.507
164,2009,223,610,.06811,.04883,-.28389,-.01977,-2.5737
164,2009,223,620,.09537,.06735,-.25924,-.01996,-2.4205
164,2009,223,630,.13623,.12445,-.27631,-.02628,-2.1528
164,2009,223,640,.18689,.17403,-.26856,-.03288,-1.8372
164,2009,223,650,.28364,.24789,-.19239,-.03351,-1.5098
164,2009,223,700,.34909,.31919,-.22143,-.03974,-1.1646
213,2009,223,700,-1.59,-.952,-200,-200,-200,-200,-200,-200,4.261,14.77,5.243,13.08,2.505
164,2009,223,710,.41183,.35003,-.28616,-.04681,-1.0207
164,2009,223,720,.49741,.39779,-.29424,-.04789,-.95222
164,2009,223,730,.6501,.50001,-.26557,-.0479,-.7517
164,2009,223,740,.61265,.42237,-.26485,-.04451,-.77222
164,2009,223,750,.60626,.40456,-.28112,-.03965,-.97295
164,2009,223,800,.67704,.45626,-.30927,-.04125,-.90462
213,2009,223,800,-.899,.758,-200,-200,-200,-200,-200,-200,4.879,14.83,6.027,13.69,2.502
164,2009,223,810,.79347,.53052,-.30063,-.04142,-.87447
164,2009,223,820,.99829,.64553,-.20476,-.03805,-.68927
164,2009,223,830,1.1072,.721,-.1458,-.03729,-.40551
164,2009,223,840,.93231,.60039,-.13852,-.03855,-.28176
164,2009,223,850,1.0524,.66672,-.14397,-.03479,-.28694
164,2009,223,900,.98541,.64426,-.11844,-.03462,-.17437
213,2009,223,900,-.457,.922,-200,-200,-200,-200,-200,-200,5.114,14.84,6.713,13.66,2.501
164,2009,223,910,.80956,.5398,-.08043,-.03464,-.13428
164,2009,223,920,.74044,.48601,-.07753,-.02787,-.23567
164,2009,223,930,.67832,.44982,-.11463,-.02472,-.44701
164,2009,223,940,.65544,.4353,-.12186,-.02877,-.40065
164,2009,223,950,.68553,.44848,-.13251,-.02965,-.31755
164,2009,223,1000,.95668,.60397,-.14059,-.03141,-.06774
213,2009,223,1000,-.155,.821,-200,-200,-200,-200,-200,-200,5.084,14.84,6.37,14.12,2.499
164,2009,223,1010,.9931,.63414,-.14154,-.03639,.19807
164,2009,223,1020,1.0353,.65861,-.13978,-.03922,.35537
164,2009,223,1030,1.1926,.74162,-.1557,-.0407,.51312
164,2009,223,1040,1.6492,1.0044,-.15252,-.04397,.89063
164,2009,223,1050,1.3118,.83299,-.13619,-.04999,1.0046
164,2009,223,1100,1.2096,.76902,-.12947,-.04885,.9706
213,2009,223,1100,.563,2.16,-200,-200,-200,-200,-200,-200,4.436,14.92,5.488,13.68,2.497
164,2009,223,1110,1.2858,.81227,-.12083,-.04845,1.0023
164,2009,223,1120,1.3052,.83092,-.11654,-.04957,1.0564
164,2009,223,1130,1.3656,.86952,-.1106,-.04928,1.0904
164,2009,223,1140,1.5845,.9934,-.1106,-.05281,1.3097
164,2009,223,1150,1.6015,1.0126,-.11293,-.05791,1.4634
164,2009,223,1200,1.6494,1.0375,-.11483,-.06144,1.5581
213,2009,223,1200,.973,2.856,-200,-200,-200,-200,-200,-200,4.354,14.93,5.782,13.72,2.495
164,2009,223,1210,1.6512,1.0301,-.12509,-.06384,1.6191
164,2009,223,1220,1.7759,1.0919,-.15575,-.06829,1.772
164,2009,223,1230,2.2873,1.3748,-.17131,-.07912,2.1744
164,2009,223,1240,2.3557,1.4246,-.15816,-.09098,2.5294
164,2009,223,1250,2.3751,1.4347,-.15315,-.09742,2.7904