"TOA5","1","CR1000","23835","CR1000.Std.16","CPU:GOES 09.CR1","53420","Table046"
"TIMESTAMP","RECORD","LoggerID","Year","Day_of_Year","Hour","sw_in_Avg(1)","sw_ref_Avg","net_rad_Avg","tc_snow_Avg(1)","tc_snow_Avg(2)","tc_snow_Avg(3)","tc_snow_Avg(4)","tc_snow_Avg(5)","tc_snow_Avg(6)","tc_snow_Avg(7)","tc_snow_Avg(8)","tc_snow_Avg(9)","tc_snow_Avg(10)","tc_air_Avg(1)","tc_air_Avg(2)","t_air_Avg(1)","t_air_Avg(2)","rh_Avg(1)","rh_Avg(2)","U_Avg(1)","U_Avg(2)","Dir_Avg(1)","Dir_Avg(2)","pressure_Avg","SD_1_Avg","SD_2_Avg","sw_in_Max(1)","sw_in_Std(1)","net_rad_Std","tc_air_Max(1)","tc_air_Max(2)","tc_air_Min(1)","tc_air_Min(2)","U_Max(1)","U_Max(2)","U_Std(1)","U_Std(2)","TRef_Avg","Battery"
"TS","RN","","","","","","","","","","","","","","","","","","","","","","","","","","","","","","","","","","","","","","","","","","",""
"","","Smp","Smp","Smp","Smp","Avg","Avg","Avg","Avg","Avg","Avg","Avg","Avg","Avg","Avg","Avg","Avg","Avg","Avg","Avg","Avg","Avg","Avg","Avg","Avg","Avg","Avg","Avg","Avg","Avg","Avg","Max","Std","Std","Max","Max","Min","Min","Max","Max","Std","Std","Avg","Smp"
"2009-05-07 19:00:00",0,1,2009,127,19,2.421,5.552,-0.866,-7.919,-8.29,-8.8,-9.51,-10.24,-10.86,-11.28,-11.29,-11.4,-11.47,-13.19,-13.2,-11.93,-11.77,75.99,79.56,4.102,4.335,0,0,575,"NAN","NAN",2.507,0.048,0.119,-12.89,-12.98,-13.54,-13.5,4.959,5.259,0.526,0.538,-7.882,13.49
"2009-05-07 21:00:00",1,1,2009,127,21,1.665,3.593,-0.616,-8.02,-8.38,-8.91,-9.63,-10.38,-10.99,-11.43,-11.41,-11.29,-11.38,-13.78,-13.69,-13.19,-12.95,79.9,83.4,4.45,4.795,131.8,134.4,592.3,1.94,2.139,1.885,0.128,0.064,-13.29,-13.29,-14.38,-14.22,5.416,5.789,0.459,0.461,-7.906,13.23
"2009-05-07 22:00:00",2,1,2009,127,22,1.215,2.484,-0.51,-8.08,-8.43,-8.92,-9.6,-10.3,-10.93,-11.32,-11.24,-11.25,-11.37,-14.84,-14.62,-14.55,-14.15,81,84.3,3.783,4.186,124.6,127.6,600,2.04,2.172,1.44,0.128,0.037,-14.22,-14.06,-15.37,-15.12,4.697,4.972,0.231,0.215,-9.79,12.98
"2009-05-07 23:00:00",3,1,2009,127,23,0.796,1.435,-0.432,-8.12,-8.47,-8.96,-9.64,-10.35,-10.98,-11.37,-11.3,-11.31,-11.42,-15.83,-15.52,-15.63,-15.15,80.9,83.7,3.555,3.978,118.5,122.4,600,2.044,2.175,0.995,0.114,0.025,-15.22,-14.89,-16.57,-16.18,4.364,4.697,0.37,0.364,-12.3,12.83
"2009-05-08 00:00:00",4,1,2009,128,0,0.41,0.59,-0.363,-8.14,-8.48,-8.98,-9.65,-10.36,-10.99,-11.38,-11.33,-11.36,-11.45,-16.71,-16.37,-16.44,-15.95,80.1,83.1,2.687,3.045,120.1,123.3,600,2.048,"NAN",0.605,0.109,0.036,-15.08,-14.85,-17.65,-17.38,4.162,4.573,0.639,0.649,-14.22,12.71
"2009-05-08 01:00:00",5,1,2009,128,1,0.13,0.144,-0.447,-8.17,-8.51,-8.99,-9.66,-10.37,-11,-11.39,-11.32,-11.33,-11.43,-17.76,-17.53,-17.74,-17.32,81.7,84.4,3.767,4.144,105.2,107.3,600,2.05,"NAN",0.238,0.057,0.059,-17.02,-16.84,-19.11,-18.95,5.266,5.521,0.634,0.648,-16.61,12.63
"2009-05-08 02:00:00",6,1,2009,128,2,0.026,0.044,-0.539,-8.23,-8.58,-9.07,-9.72,-10.43,-11.06,-11.46,-11.45,-11.42,-11.48,-17.24,-17.06,-17.27,-16.93,80.7,83.4,5.688,6.115,106.9,111.1,600,2.048,2.181,0.044,0.009,0.019,-16.67,-16.51,-18.66,-18.44,7.226,7.461,0.857,0.879,-18.22,12.59
"2009-05-08 03:00:00",7,1,2009,128,3,0.008,0.012,-0.533,-8.24,-8.59,-9.08,-9.73,-10.44,-11.07,-11.47,-11.47,-11.45,-11.5,-17.01,-16.82,-17,-16.68,80.4,83.1,5.631,6.045,116.5,120.6,600,2.047,2.18,0.014,0.002,0.023,-16.74,-16.55,-17.36,-17.16,6.742,7.213,0.558,0.569,-18.21,12.56
"2009-05-08 04:00:00",8,1,2009,128,4,0.006,0.009,-0.538,-8.24,-8.59,-9.08,-9.73,-10.45,-11.07,-11.47,-11.48,-11.45,-11.5,-16.98,-16.82,-17.01,-16.7,80.3,82.9,6.499,6.944,114.2,118,600,2.047,2.181,0.007,0.001,0.02,-16.45,-16.29,-17.66,-17.48,7.964,8.58,0.643,0.661,-18.17,12.53
"2009-05-08 05:00:00",9,1,2009,128,5,0.016,0.027,-0.541,-8.23,-8.59,-9.08,-9.74,-10.45,-11.08,-11.48,-11.49,-11.46,-11.5,-16.57,-16.44,-16.57,-16.29,82.2,85,8.37,8.88,113,116.3,600,2.041,2.178,0.031,0.007,0.016,-16.25,-16.14,-16.89,-16.75,9.73,10.37,0.738,0.725,-17.83,12.53
"2009-05-08 06:00:00",10,1,2009,128,6,0.082,0.121,-0.504,-8.23,-8.58,-9.07,-9.73,-10.44,-11.07,-11.46,-11.47,-11.45,-11.5,-16.61,-16.49,-16.58,-16.31,82.9,85.7,8.72,9.24,113.6,117.2,600,2.038,2.175,0.197,0.052,0.035,-16.28,-16.14,-17.06,-16.97,10.7,11.51,0.864,0.902,-17.52,12.52
"2009-05-08 07:00:00",11,1,2009,128,7,0.334,0.522,-0.446,-8.22,-8.58,-9.06,-9.71,-10.44,-11.06,-11.46,-11.45,-11.5,-11.48,-16.98,-16.9,-16.82,-16.58,82.8,85.9,10.01,10.61,111.6,115.6,600,2.044,"NAN",0.483,0.088,0.007,-16.65,-16.58,-17.25,-17.16,11.47,12.25,0.588,0.609,-17.4,12.54
"2009-05-08 08:00:00",12,1,2009,128,8,0.69,1.258,-0.472,-8.22,-8.59,-9.07,-9.71,-10.44,-11.07,-11.47,-11.46,-11.54,-11.48,-16.86,-16.8,-16.64,-16.39,82.4,85.6,10.58,11.2,111.9,114,600,2.046,2.183,0.908,0.113,0.028,-16.47,-16.42,-17.23,-17.15,12.28,12.96,0.671,0.688,-17.27,12.59
"2009-05-08 09:00:00",13,1,2009,128,9,1.12,2.331,-0.559,-8.21,-8.59,-9.06,-9.69,-10.42,-11.07,-11.46,-11.47,-11.56,-11.47,-16.47,-16.43,-16.16,-15.91,82.3,85.5,11.08,11.71,111.8,114.9,600,2.044,2.181,1.36,0.125,0.035,-16.04,-16.02,-17.02,-16.99,13.22,13.9,0.779,0.805,-16.69,12.7
"2009-05-08 10:00:00",14,1,2009,128,10,1.61,3.595,-0.587,-8.21,-8.59,-9.06,-9.67,-10.41,-11.06,-11.46,-11.46,-11.59,-11.44,-15.65,-15.64,-15.33,-15.06,82.7,85.9,11.81,12.5,115.3,117.9,600,2.04,"NAN",1.852,0.14,0.049,-14.93,-14.9,-16.46,-16.4,13.69,14.4,0.818,0.841,-15.8,12.9
"2009-05-08 11:00:00",15,1,2009,128,11,1.853,4.253,-0.533,-8.2,-8.59,-9.05,-9.65,-10.37,-11.08,-11.47,-11.46,-11.56,-11.43,-14.5,-14.49,-14.21,-13.93,82.8,85.8,12.54,13.28,115.3,118.8,600,2.036,"NAN",2.376,0.246,0.079,-13.85,-13.82,-15.24,-15.29,14.45,15.42,0.815,0.846,-14.61,13.24
"2009-05-08 12:00:00",16,1,2009,128,12,2.529,5.947,-0.632,-8.2,-8.58,-9.06,-9.68,-10.42,-11.07,-11.48,-11.5,-11.56,-11.43,-13.22,-13.19,-12.87,-12.58,80.8,83.4,12.02,12.74,116.1,118.8,600,2.031,2.171,2.773,0.123,0.065,-12.55,-12.46,-14.28,-14.18,14.48,15.26,0.814,0.87,-13.26,13.77
"2009-05-08 13:00:00",17,1,2009,128,13,2.844,6.84,-0.715,-8.19,-8.57,-9.06,-9.66,-10.4,-11.08,-11.47,-11.48,-11.48,-11.37,-12.18,-12.16,-11.8,-11.54,80.6,83,13.01,13.8,121.6,124.8,600,2.02,2.092,3.197,0.205,0.088,-11.5,-11.55,-12.74,-12.73,15.24,16.27,0.871,0.916,-11.71,14.13
"2009-05-08 14:00:00",18,1,2009,128,14,2.971,7.229,-0.755,-8.17,-8.56,-9.05,-9.65,-10.37,-11.05,-11.45,-11.41,-11.38,-11.32,-11.23,-11.2,-10.88,-10.68,81.1,83.9,13.2,14.04,125.5,129.3,600,1.987,2.141,3.329,0.297,0.128,-10.5,-10.49,-11.99,-11.96,15.48,16.38,0.903,0.943,-10.24,14.09
"2009-05-08 15:00:00",19,1,2009,128,15,2.82,6.358,-0.311,-8.16,-8.55,-9.03,-9.63,-10.37,-11.01,-11.41,-11.37,-11.4,-11.31,-10.21,-10.15,-9.97,-9.72,81.3,83.9,12.8,13.56,127.5,131.3,600,2.02,2.159,3.173,0.184,0.095,-9.38,-9.29,-10.9,-10.85,15.44,15.69,0.87,0.895,-9.19,13.87
"2009-05-08 16:00:00",20,1,2009,128,16,3.113,7.024,-0.341,-8.15,-8.53,-9.01,-9.64,-10.38,-11.01,-11.41,-11.38,-11.38,-11.31,-9.06,-8.99,-8.74,-8.51,80.4,82.7,12.74,13.49,129,131.3,600,2.018,2.154,3.764,0.306,0.084,-8.45,-8.37,-9.84,-9.71,14.88,15.69,0.846,0.878,-8.05,14
"2009-05-08 17:00:00",21,1,2009,128,17,2.7,6.102,-0.279,-8.13,-8.52,-8.99,-9.61,-10.36,-11,-11.39,-11.33,-11.37,-11.28,-8.27,-8.22,-8.01,-7.812,83.3,86.1,13.48,14.22,132.2,136.1,600,2.015,2.151,4.518,0.667,0.111,-7.922,-7.792,-8.74,-8.67,16.14,16.8,0.923,0.958,-6.91,13.55
"2009-05-08 18:00:00",22,1,2009,128,18,1.606,3.651,-0.254,-8.13,-8.51,-8.96,-9.57,-10.33,-10.98,-11.35,-11.15,-11.38,-11.02,-7.465,-7.441,-7.444,-7.259,94.2,98.3,13.76,14.06,145.1,147.9,600,2.007,2.147,1.997,0.117,0.058,-6.59,-6.557,-8.37,-8.4,16.28,17.18,0.973,1.268,-6.709,13.38
"2009-05-08 19:00:00",23,1,2009,128,19,1.712,3.886,-0.294,-8.14,-8.52,-9,-9.6,-10.34,-10.97,-11.37,-11.35,-11.39,-11.26,-6.37,-6.382,-6.257,-6.099,96.1,100.2,11.69,11.36,164.7,165.5,600,2.014,2.135,2.683,0.312,0.065,-5.883,-5.794,-6.85,-6.815,14.8,14.02,1.024,0.876,-6.019,13.42
"2009-05-08 20:00:00",24,1,2009,128,20,1.654,3.704,-0.263,-8.12,-8.49,-8.99,-9.62,-10.32,-10.96,-11.35,-11.36,-11.34,-11.34,-5.838,-5.837,-5.725,-5.532,96.4,100.7,8.64,9.18,174.8,177.6,600,1.935,2.13,2.69,0.335,0.065,-5.682,-5.658,-6.012,-6.017,11.32,12.32,1.488,1.196,-5.172,13.09
"2009-05-08 21:00:00",25,1,2009,128,21,1.076,2.406,-0.215,-8.11,-8.47,-8.97,-9.61,-10.32,-10.93,-11.33,-11.34,-11.31,-11.36,-5.521,-5.521,-5.458,-5.306,97.3,101.6,7.528,8,175.3,177.5,600,2.001,2.127,1.42,0.141,0.044,-5.295,-5.277,-5.721,-5.723,9.53,10.39,0.992,0.869,-4.811,12.95
"2009-05-08 22:00:00",26,1,2009,128,22,0.731,1.621,-0.128,-8.1,-8.48,-8.97,-9.59,-10.27,-10.94,-11.33,-11.29,-11.27,-11.28,-5.452,-5.461,-5.46,-5.304,97.9,102,9.56,10.2,175.7,176.4,600,2.011,2.128,1.012,0.134,0.028,-5.251,-5.221,-5.753,-5.77,11.76,11.96,0.792,0.748,-4.772,12.82
"2009-05-08 23:00:00",27,1,2009,128,23,0.448,0.982,-0.138,-8.09,-8.47,-8.96,-9.59,-10.26,-10.93,-11.32,-11.26,-11.25,-11.26,-5.952,-5.953,-6.006,-5.855,97.6,101.7,9.61,10.19,174.6,177.1,600,2.011,2.13,0.571,0.033,0.03,-5.634,-5.628,-6.416,-6.386,11.34,12,0.863,0.684,-5.181,12.74
"2009-05-09 00:00:00",28,1,2009,129,0,0.186,0.411,-0.113,-8.1,-8.48,-8.96,-9.6,-10.26,-10.94,-11.33,-11.27,-11.23,-11.27,-6.688,-6.678,-6.769,-6.628,97.2,101.2,9.49,10.19,175.6,177.9,600,2.014,1.846,0.448,0.054,0.045,-6.192,-6.201,-7.163,-7.116,12.21,12.66,1.007,1.003,-5.908,12.66
"2009-05-09 01:00:00",29,1,2009,129,1,0.056,0.122,-0.165,-8.11,-8.47,-8.96,-9.61,-10.3,-10.93,-11.32,-11.27,-11.23,-11.3,-7.792,-7.774,-7.87,-7.719,96.5,100.1,9.75,9.7,168.3,170.5,600,2.001,2.136,0.109,0.019,0.042,-7.066,-7.041,-8.55,-8.55,11.1,11.3,0.599,0.636,-6.871,12.6
"2009-05-09 02:00:00",30,1,2009,129,2,0.019,0.045,-0.164,-8.12,-8.48,-8.96,-9.61,-10.31,-10.93,-11.32,-11.24,-11.21,-11.28,-8.93,-8.91,-9.03,-8.87,95.9,99.5,10.75,10.31,162.7,164.2,600,1.976,2.141,0.037,0.008,0.043,-8.46,-8.46,-9.47,-9.43,12.98,12.69,0.769,0.793,-8.04,12.57
"2009-05-09 03:00:00",31,1,2009,129,3,0.005,0.02,-0.099,-8.14,-8.51,-8.99,-9.62,-10.32,-10.95,-11.34,-11.26,-11.24,-11.25,-9.62,-9.6,-9.73,-9.61,95.4,99.1,11.32,10.94,163.5,164.1,600,1.975,2.143,0.01,0.002,0.037,-9.28,-9.25,-9.88,-9.86,13.2,12.71,0.706,0.672,-9.07,12.54
"2009-05-09 04:00:00",32,1,2009,129,4,0.003,0.012,-0.02,-8.16,-8.54,-9.02,-9.64,-10.27,-10.98,-11.37,-11.3,-11.25,-11.25,-9.94,-9.94,-10,-9.87,95.8,99.1,11.03,11.06,168.7,169.7,600,1.905,2.146,0.003,0,0.017,-9.72,-9.67,-10.09,-10.11,13.25,13.15,0.828,0.774,-9.63,12.52
"2009-05-09 05:00:00",33,1,2009,129,5,0.009,0.022,-0.02,-8.17,-8.55,-9.03,-9.65,-10.27,-11,-11.38,-11.34,-11.25,-11.28,-9.97,-9.97,-10.01,-9.87,95.8,99.1,9.48,10.49,178.1,180.1,600,1.889,2.145,0.017,0.004,0.017,-9.8,-9.77,-10.1,-10.11,13.27,13.3,1.5,1.107,-9.86,12.51
"2009-05-09 06:00:00",34,1,2009,129,6,0.041,0.092,-0.02,-8.17,-8.56,-9.04,-9.65,-10.28,-11,-11.39,-11.35,-11.26,-11.29,-10.01,-10,-10,-9.87,95.7,99,7.815,9.29,185.2,186.7,600,1.952,2.145,0.075,0.017,0.017,-9.72,-9.67,-10.34,-10.32,11.52,12.74,1.494,1.192,-9.86,12.49
"2009-05-09 07:00:00",35,1,2009,129,7,0.137,0.308,-0.042,-8.17,-8.56,-9.04,-9.65,-10.29,-10.99,-11.38,-11.36,-11.26,-11.29,-10.36,-10.34,-10.35,-10.25,95.4,98.7,8.35,9.57,181.5,183.8,600,1.962,2.146,0.228,0.05,0.019,-10.18,-10.12,-10.65,-10.61,11.26,12.45,1.302,1.093,-10.02,12.49
"2009-05-09 08:00:00",36,1,2009,129,8,0.274,0.618,-0.07,-8.18,-8.54,-9.03,-9.67,-10.33,-10.97,-11.36,-11.36,-11.27,-11.32,-10.79,-10.78,-10.79,-10.66,95,98.3,10.16,10.2,169.6,170.2,600,1.896,2.148,0.401,0.043,0.009,-10.51,-10.53,-11,-10.99,12.29,11.98,0.925,0.729,-10.28,12.51
"2009-05-09 09:00:00",37,1,2009,129,9,0.619,1.403,-0.127,-8.18,-8.54,-9.03,-9.67,-10.34,-10.97,-11.37,-11.35,-11.26,-11.32,-10.98,-10.98,-10.95,-10.82,94.6,97.9,10.54,10.38,167.9,168.8,600,1.878,2.111,0.965,0.153,0.031,-10.9,-10.89,-11.1,-11.07,12.47,12.12,0.774,0.718,-10.52,12.55
"2009-05-09 10:00:00",38,1,2009,129,10,0.964,2.195,-0.188,-8.19,-8.55,-9.04,-9.68,-10.33,-10.98,-11.38,-11.37,-11.27,-11.33,-11.07,-11.07,-10.98,-10.83,94.1,97.5,9.02,9.39,173,175.7,600,1.529,2.116,1.277,0.134,0.031,-10.98,-10.97,-11.19,-11.25,11.35,11.28,1.031,0.751,-10.45,12.6
"2009-05-09 11:00:00",39,1,2009,129,11,1.479,3.372,-0.247,-8.19,-8.55,-9.05,-9.68,-10.35,-10.98,-11.38,-11.38,-11.29,-11.34,-11.08,-11.11,-10.91,-10.76,93.6,96.9,5.026,6.376,193,192.8,600,1.531,2.102,1.957,0.193,0.042,-10.89,-10.91,-11.29,-11.36,8.79,9.58,1.483,1.204,-10.24,12.58
"2009-05-09 12:00:00",40,1,2009,129,12,2.051,4.776,-0.469,-8.18,-8.54,-9.04,-9.67,-10.36,-10.97,-11.37,-11.39,-11.29,-11.35,-11.29,-11.32,-10.95,-10.75,92.5,95.7,4.696,6.131,188.9,190.9,600,1.69,2.113,2.636,0.226,0.159,-11.04,-11.09,-11.5,-11.5,8.62,9.24,1.102,0.835,-9.95,12.59
"2009-05-09 13:00:00",41,1,2009,129,13,2.325,5.439,-0.55,-8.17,-8.54,-9.03,-9.67,-10.36,-10.96,-11.37,-11.4,-11.3,-11.36,-11.23,-11.27,-10.84,-10.62,91.8,95,3.639,4.686,192.3,194.5,600,1.859,2.086,3.173,0.294,0.101,-10.96,-10.99,-11.55,-11.58,7.213,8.06,1.007,0.856,-9.53,12.63
"2009-05-09 14:00:00",42,1,2009,129,14,2.78,6.607,-0.717,-8.17,-8.53,-9.02,-9.66,-10.36,-10.96,-11.37,-11.42,-11.28,-11.34,-11.06,-11.14,-10.52,-10.36,90.6,93.8,3.439,3.873,201.9,201,600,1.727,2.063,3.285,0.288,0.149,-10.77,-10.87,-11.31,-11.39,5.932,5.671,0.878,0.427,-8.94,12.82
"2009-05-09 15:00:00",43,1,2009,129,15,3.256,7.775,-0.942,-8.15,-8.51,-9.01,-9.66,-10.37,-10.97,-11.39,-11.46,-11.28,-11.34,-10.87,-10.96,-10.17,-9.96,88,91.5,2.627,3.481,197.4,197.7,600,1.861,2.065,4.29,0.358,0.182,-10.45,-10.55,-11.1,-11.19,4.985,4.907,0.67,0.466,-8.12,13.45
"2009-05-09 16:00:00",44,1,2009,129,16,2.699,6.292,-0.428,-8.13,-8.48,-8.97,-9.62,-10.32,-10.92,-11.33,-11.34,-11.23,-11.31,-11.14,-11.18,-10.63,-10.5,88.6,92.5,4.921,5.449,220.3,222.4,600,1.855,2.07,4.64,0.515,0.242,-10.77,-10.84,-11.46,-11.46,7.415,7.853,1.553,1.215,-7.761,13.58
"2009-05-09 17:00:00",45,1,2009,129,17,3.019,7.153,-0.471,-8.15,-8.49,-8.99,-9.63,-10.33,-10.94,-11.35,-11.39,-11.25,-11.32,-11.49,-11.51,-10.83,-10.67,87.1,90.8,5.507,5.796,234.1,238.5,600,1.855,2.07,4.076,0.486,0.191,-11.12,-11.11,-11.87,-11.91,7.023,7.455,0.602,0.643,-8.06,13.66
"2009-05-09 18:00:00",46,1,2009,129,18,2.753,6.501,-0.513,-8.14,-8.49,-8.98,-9.64,-10.33,-10.94,-11.35,-11.39,-11.22,-11.3,-11.74,-11.65,-11.11,-10.95,86.8,90.1,5.391,5.675,225.5,230.5,600,1.856,2.075,3.512,0.418,0.197,-11.46,-11.35,-12.02,-11.96,6.775,7.147,0.605,0.641,-8.13,13.41
"2009-05-09 19:00:00",47,1,2009,129,19,2.501,5.773,-0.278,-8.15,-8.5,-8.99,-9.63,-10.32,-10.92,-11.33,-11.35,-11.24,-11.32,-11.87,-11.83,-11.3,-11.13,87.1,90.3,4.836,5.111,227.8,233.3,600,1.858,2.079,4.182,0.376,0.199,-11.51,-11.47,-12.11,-12.06,6.194,6.782,0.471,0.503,-8.58,13.68
"2009-05-09 20:00:00",48,1,2009,129,20,1.875,4.281,-0.341,-8.15,-8.5,-8.99,-9.63,-10.32,-10.92,-11.33,-11.34,-11.24,-11.31,-12.15,-12.07,-11.63,-11.36,87.7,91.2,3.613,3.824,222.6,226.9,600,1.863,2.079,3.621,0.318,0.135,-11.53,-11.51,-12.49,-12.44,4.704,5.011,0.436,0.48,-8.9,13.15
"2009-05-09 21:00:00",49,1,2009,129,21,1.263,2.84,-0.215,-8.16,-8.52,-9.01,-9.64,-10.33,-10.92,-11.32,-11.32,-11.23,-11.31,-12.43,-12.37,-12.06,-11.81,90,93.8,3.11,3.287,225.8,228.9,600,1.867,2.087,1.461,0.093,0.093,-12.22,-12.15,-12.65,-12.63,4.554,4.717,0.407,0.451,-9.75,12.97
"2009-05-09 22:00:00",50,1,2009,129,22,1.095,2.419,-0.257,-8.17,-8.52,-9.02,-9.66,-10.34,-10.94,-11.34,-11.34,-11.25,-11.33,-13.07,-12.86,-12.53,-12.15,89.3,93.7,1.995,2.084,218.2,218.2,600,1.873,2.091,2.12,0.34,0.11,-12.11,-12,-14.67,-14.4,3.11,3.247,0.408,0.465,-10.48,12.83
"2009-05-09 23:00:00",51,1,2009,129,23,0.413,0.917,-0.115,-8.18,-8.53,-9.02,-9.66,-10.35,-10.95,-11.34,-11.32,-11.24,-11.33,-13.69,-13.65,-13.48,-13.24,91.4,95.3,1.068,1.163,185.2,186.8,600,1.875,2.087,0.618,0.096,0.046,-13.17,-13.17,-14.54,-14.38,3.391,3.476,0.753,0.762,-11.67,12.72
"2009-05-10 00:00:00",52,1,2009,130,0,0.205,0.453,-0.127,-8.21,-8.56,-9.05,-9.69,-10.38,-10.98,-11.37,-11.37,-11.27,-11.35,-13.41,-13.4,-13.38,-13.2,92.9,96.4,3.818,3.859,169.6,171.2,600,1.875,2.085,0.336,0.061,0.03,-13.11,-13.11,-13.57,-13.55,6.631,7.187,1.134,1.017,-12.56,12.63
"2009-05-10 01:00:00",53,1,2009,130,1,0.07,0.152,-0.105,-8.21,-8.57,-9.05,-9.7,-10.38,-10.98,-11.37,-11.37,-11.27,-11.35,-14.11,-14.05,-14.09,-13.86,92.9,96.1,1.969,2.208,200.4,200.9,600,1.878,2.072,0.116,0.025,0.054,-13.43,-13.45,-14.46,-14.3,4.88,5.272,1.212,1.1,-13.33,12.57
"2009-05-10 02:00:00",54,1,2009,130,2,0.022,0.046,-0.189,-8.2,-8.56,-9.04,-9.69,-10.37,-10.97,-11.36,-11.34,-11.25,-11.34,-16.15,-15.94,-15.98,-15.65,91,94.5,1.906,2.151,173.6,175.7,600,1.881,2.08,0.034,0.007,0.095,-14.23,-14.2,-17.9,-17.57,3.992,3.691,0.563,0.456,-14.43,12.53
"2009-05-10 03:00:00",55,1,2009,130,3,0.008,0.016,-0.227,-8.21,-8.56,-9.04,-9.69,-10.37,-10.97,-11.36,-11.31,-11.23,-11.33,-18.35,-17.9,-18.45,-17.84,90.2,93.9,1.342,1.619,176.2,176.5,600,1.891,2.093,0.014,0.002,0.118,-15.76,-15.81,-19.9,-19.35,3.254,3.162,0.613,0.54,-16.82,12.5
"2009-05-10 04:00:00",56,1,2009,130,4,0.005,0.012,-0.157,-8.3,-8.66,-9.15,-9.78,-10.48,-11.06,-11.47,-11.52,-11.4,-11.43,-15.92,-15.7,-15.76,-15.44,91.5,95.2,2.032,2.01,163.3,164.9,600,1.104,2.085,0.01,0.002,0.127,-15.28,-15.24,-18.5,-17.73,3.502,3.365,0.581,0.508,-17.37,12.48
"2009-05-10 05:00:00",57,1,2009,130,5,0.014,0.029,-0.303,-8.24,-8.59,-9.07,-9.72,-10.4,-11,-11.39,-11.37,-11.31,-11.38,-18.58,-17.93,-18.26,-17.52,89.1,93.3,1.42,1.63,152.5,153.7,600,0.444,"NAN",0.027,0.006,0.154,-16.62,-16.44,-23.63,-22.21,2.385,2.855,0.379,0.388,-17.24,12.46
"2009-05-10 06:00:00",58,1,2009,130,6,0.062,0.132,-0.297,-8.23,-8.59,-9.06,-9.72,-10.39,-11,-11.38,-11.33,-11.28,-11.37,-21.07,-20.68,-21.03,-20.5,87.6,91.5,2.192,2.544,122.5,125,600,0.765,"NAN",0.129,0.032,0.158,-18.54,-18.77,-22.35,-21.77,2.639,3.025,0.308,0.36,-19.47,12.43
"2009-05-10 07:00:00",59,1,2009,130,7,0.194,0.394,-0.363,-8.28,-8.63,-9.11,-9.76,-10.44,-11.04,-11.43,-11.42,-11.38,-11.44,-21.25,-20.79,-21,-20.39,87,91.1,2.333,2.713,121.7,125.4,600,0.84,2.111,0.367,0.051,0.073,-20.47,-20.21,-22.55,-21.9,2.796,3.143,0.213,0.238,-21.23,12.44
"2009-05-10 08:00:00",60,1,2009,130,8,0.447,0.888,-0.447,-8.28,-8.63,-9.12,-9.76,-10.44,-11.04,-11.43,-11.43,-11.41,-11.46,-22.21,-21.76,-21.86,-21.22,85.8,90,3.065,3.464,118.6,121.6,600,1.403,2.113,1.058,0.261,0.013,-20.72,-20.35,-23.05,-22.45,3.757,4.168,0.277,0.268,-22.13,12.44
"2009-05-10 09:00:00",61,1,2009,130,9,1.215,2.546,-0.434,-8.33,-8.69,-9.17,-9.79,-10.49,-11.07,-11.48,-11.56,-11.57,-11.55,-19.66,-19.32,-18.64,-18.07,85.6,89.9,4.036,4.417,114.6,117.9,600,1.709,2.101,1.622,0.204,0.056,-18.62,-18.41,-20.85,-20.38,5.462,6.122,0.728,0.778,-21.05,12.49
"2009-05-10 10:00:00",62,1,2009,130,10,1.03,2.349,-0.452,-8.28,-8.64,-9.12,-9.76,-10.45,-11.04,-11.45,-11.5,-11.47,-11.49,-18.68,-18.49,-18.07,-17.74,85,90.3,4.956,5.398,99.1,101.8,600,1.313,"NAN",2.149,0.406,0.06,-17.74,-17.68,-19.38,-19.09,6.148,6.586,0.483,0.497,-18.69,12.55
"2009-05-10 11:00:00",63,1,2009,130,11,1.982,4.646,-0.555,-8.27,-8.62,-9.1,-9.74,-10.43,-11.02,-11.43,-11.48,-11.46,-11.48,-17.93,-17.89,-17.3,-17.07,79.41,85.7,6.229,6.705,95.7,97.2,600,1.777,2.086,2.356,0.356,0.105,-17.64,-17.61,-18.22,-18.17,8.45,8.96,0.962,1.021,-17.37,12.68
"2009-05-10 12:00:00",64,1,2009,130,12,2.556,6.117,-0.497,-8.23,-8.6,-9.08,-9.73,-10.41,-11.01,-11.42,-11.44,-11.38,-11.43,-18.21,-18.23,-17.66,-17.42,77.04,79.48,8.02,8.6,93.5,94.4,600,1.817,"NAN",2.75,0.111,0.091,-17.81,-17.81,-18.64,-18.71,10.19,10.92,0.686,0.714,-16.23,13.05
"2009-05-10 13:00:00",65,1,2009,130,13,2.905,7.041,-0.447,-8.24,-8.61,-9.11,-9.75,-10.44,-11.03,-11.44,-11.47,-11.35,-11.4,-18.26,-18.3,-17.74,-17.54,76.91,79.07,8.04,8.56,96.6,97.1,600,1.971,2.067,3.049,0.088,0.078,-17.91,-17.94,-18.53,-18.6,9.47,10.02,0.579,0.613,-16.16,13.59
"2009-05-10 14:00:00",66,1,2009,130,14,3.161,7.72,-0.447,-8.27,-8.64,-9.15,-9.78,-10.47,-11.06,-11.47,-11.54,-11.37,-11.41,-17.43,-17.46,-16.89,-16.71,76.07,78.23,7.459,7.888,100.2,102.5,600,1.978,2.061,3.259,0.06,0.098,-16.72,-16.75,-18.09,-18.14,9.79,10.36,0.679,0.706,-15.4,13.91
"2009-05-10 15:00:00",67,1,2009,130,15,3.304,8.11,-0.445,-8.26,-8.63,-9.15,-9.78,-10.48,-11.07,-11.49,-11.57,-11.36,-11.4,-15.97,-15.99,-15.4,-15.23,74.3,76.4,6.58,6.945,100.8,103,600,1.988,2.055,3.334,0.024,0.124,-15.31,-15.36,-16.74,-16.77,7.925,8.25,0.54,0.57,-14.04,14.03
"2009-05-10 16:00:00",68,1,2009,130,16,3.32,8.18,-0.659,-8.27,-8.65,-9.17,-9.79,-10.49,-11.08,-11.5,-11.61,-11.35,-11.39,-14.67,-14.7,-13.96,-13.77,69.56,71.55,4.855,5.109,109.5,113.5,600,1.987,2.053,3.334,0.014,0.164,-14.09,-14.11,-15.34,-15.37,6.684,7.03,0.849,0.894,-12.26,13.82
"2009-05-10 17:00:00",69,1,2009,130,17,3.207,7.876,-0.767,-8.22,-8.6,-9.11,-9.74,-10.43,-11.01,-11.43,-11.5,-11.27,-11.32,-13.84,-13.82,-13.18,-12.95,69.88,71.81,5.323,5.62,117.9,121.4,600,1.788,2.052,3.289,0.051,0.148,-13.55,-13.51,-14.16,-14.19,6.448,6.769,0.57,0.599,-10.66,14.06
"2009-05-10 18:00:00",70,1,2009,130,18,2.977,7.225,-0.696,-8.21,-8.58,-9.09,-9.72,-10.41,-10.99,-11.41,-11.47,-11.27,-11.33,-13.37,-13.32,-12.75,-12.49,70.73,72.54,5.418,5.717,116.6,120.6,600,1.976,2.052,3.112,0.083,0.116,-13.2,-13.12,-13.56,-13.54,6.461,6.716,0.454,0.48,-10.1,13.92
"2009-05-10 19:00:00",71,1,2009,130,19,2.643,6.328,-0.606,-8.18,-8.54,-9.05,-9.69,-10.37,-10.96,-11.38,-11.43,-11.31,-11.37,-13.19,-13.1,-12.45,-12.18,71.09,73.13,3.841,4.091,112.2,115.2,600,1.969,2.051,2.823,0.109,0.107,-13.09,-13.03,-13.36,-13.25,5.488,5.9,0.786,0.803,-9.76,13.71
"2009-05-10 20:00:00",72,1,2009,130,20,2.232,5.239,-0.426,-8.18,-8.53,-9.03,-9.68,-10.36,-10.94,-11.35,-11.38,-11.33,-11.37,-13.9,-13.74,-13.11,-12.81,71.89,74.14,2.836,3.131,94.1,95.9,600,1.972,2.055,2.446,0.126,0.101,-13.33,-13.21,-14.4,-14.28,3.848,4.175,0.388,0.4,-8.96,13.45
"2009-05-10 21:00:00",73,1,2009,130,21,1.778,4.034,-0.423,-8.14,-8.49,-8.99,-9.64,-10.31,-10.88,-11.28,-11.24,-11.25,-11.34,-15.1,-14.93,-14.58,-14.26,73.03,75.35,3.819,4.179,93.4,95.6,600,1.976,2.061,2.011,0.136,0.054,-14.27,-14.14,-15.87,-15.68,4.717,5.063,0.41,0.436,-9.55,13.18
"2009-05-10 22:00:00",74,1,2009,130,22,1.311,2.83,-0.426,-8.15,-8.5,-8.99,-9.65,-10.32,-10.9,-11.28,-11.22,-11.27,-11.36,-16.95,-16.75,-16.55,-16.22,73.42,75.79,3.86,4.254,88.9,90.4,600,1.982,2.069,1.542,0.131,0.028,-15.83,-15.65,-17.99,-17.77,4.671,5.018,0.336,0.355,-11.68,12.95
"2009-05-10 23:00:00",75,1,2009,130,23,0.884,1.711,-0.405,-8.17,-8.51,-9,-9.66,-10.33,-10.91,-11.29,-11.21,-11.27,-11.38,-19.06,-18.84,-18.82,-18.42,73.43,75.49,4.904,5.351,89.8,91.2,600,1.99,2.078,1.087,0.115,0.027,-17.57,-17.34,-19.96,-19.77,5.88,6.318,0.405,0.417,-14.51,12.81
"2009-05-11 00:00:00",76,1,2009,131,0,0.504,0.807,-0.374,-8.21,-8.55,-9.04,-9.7,-10.36,-10.95,-11.33,-11.26,-11.32,-11.41,-20.53,-20.32,-20.36,-20.01,72.42,74.43,5.807,6.287,86.5,88.1,600,1.995,2.085,0.69,0.109,0.009,-19.6,-19.4,-21.13,-20.94,6.893,7.213,0.377,0.382,-17.55,12.72
"2009-05-11 01:00:00",77,1,2009,131,1,0.192,0.198,-0.41,-8.25,-8.6,-9.08,-9.73,-10.39,-10.99,-11.37,-11.31,-11.33,-11.42,-21.54,-21.36,-21.47,-21.12,73.05,74.43,6.658,7.15,91.2,92.3,600,2.004,"NAN",0.323,0.068,0.054,-20.9,-20.73,-22.31,-22.11,7.363,7.931,0.303,0.3,-20.08,12.64
"2009-05-11 02:00:00",78,1,2009,131,2,0.038,0.067,-0.546,-8.28,-8.64,-9.12,-9.76,-10.42,-11.02,-11.4,-11.36,-11.36,-11.44,-23.06,-22.88,-23.02,-22.71,73.41,74.91,6.277,6.769,90.1,92,600,2.013,2.097,0.085,0.014,0.011,-22.17,-21.99,-23.87,-23.7,7.128,7.624,0.313,0.31,-22.35,12.58
"2009-05-11 03:00:00",79,1,2009,131,3,0.012,0.022,-0.544,-8.31,-8.67,-9.15,-9.79,-10.46,-11.04,-11.43,-11.41,-11.42,-11.48,-24.15,-23.96,-24.1,-23.78,72.92,74.42,6.192,6.687,92.3,94.6,600,2.026,2.102,0.02,0.004,0.012,-23.52,-23.35,-24.82,-24.66,7.526,7.977,0.547,0.549,-24.09,12.53
"2009-05-11 04:00:00",80,1,2009,131,4,0.01,0.017,-0.502,-8.33,-8.69,-9.17,-9.81,-10.48,-11.06,-11.45,-11.43,-11.45,-11.5,-25.26,-25.11,-25.2,-24.91,73.92,75.61,6.725,7.226,91.8,93.8,600,2.033,2.108,0.014,0.003,0.03,-24.69,-24.47,-25.86,-25.74,7.461,7.938,0.284,0.288,-25.28,12.5
"2009-05-11 05:00:00",81,1,2009,131,5,0.024,0.044,-0.481,-8.35,-8.71,-9.19,-9.82,-10.49,-11.08,-11.47,-11.45,-11.48,-11.53,-25.99,-25.84,-25.94,-25.64,73.4,75.09,6.558,7.062,92,93.1,600,2.037,2.113,0.041,0.007,0.01,-25.64,-25.48,-26.41,-26.27,7.396,7.977,0.285,0.284,-26.25,12.47
"2009-05-11 06:00:00",82,1,2009,131,6,0.122,0.182,-0.459,-8.36,-8.72,-9.2,-9.83,-10.5,-11.08,-11.47,-11.47,-11.51,-11.55,-26.59,-26.45,-26.46,-26.18,72.47,74.3,6.751,7.248,94.9,96.7,600,2.037,2.118,0.235,0.061,0.017,-26.27,-26.14,-26.88,-26.7,7.474,8.02,0.303,0.302,-26.98,12.46
"2009-05-11 07:00:00",83,1,2009,131,7,0.401,0.665,-0.325,-8.38,-8.73,-9.22,-9.84,-10.52,-11.09,-11.49,-11.51,-11.57,-11.59,-26.06,-25.94,-25.8,-25.54,71.5,73.45,6.464,6.94,98.3,100.4,600,2.038,2.116,0.752,0.125,0.126,-24.9,-24.84,-26.63,-26.48,7.415,7.866,0.384,0.405,-27.04,12.48
"2009-05-11 08:00:00",84,1,2009,131,8,0.439,0.929,0.03,-8.42,-8.78,-9.28,-9.9,-10.58,-11.14,-11.55,-11.62,-11.63,-11.61,-23.61,-23.59,-23.51,-23.35,80.2,82.9,5.791,6.152,99.7,101.8,600,2.024,2.105,0.922,0.107,0.065,-21.76,-21.77,-25.29,-25.23,7.147,7.5,0.523,0.553,-25.42,12.55
"2009-05-11 09:00:00",85,1,2009,131,9,0.768,1.676,0.009,-8.4,-8.77,-9.27,-9.88,-10.57,-11.13,-11.53,-11.63,-11.63,-11.6,-20.55,-20.55,-20.36,-20.19,86.6,90.2,4.874,5.171,104.4,107.2,600,2.012,"NAN",1.163,0.164,0.068,-19.91,-19.91,-21.82,-21.83,5.985,6.265,0.431,0.447,-22.31,12.66
"2009-05-11 10:00:00",86,1,2009,131,10,1.283,2.833,-0.146,-8.34,-8.71,-9.2,-9.82,-10.51,-11.07,-11.48,-11.54,-11.56,-11.56,-19.14,-19.15,-18.75,-18.57,85.8,89.9,4.607,4.854,117.3,120.5,600,2.006,2.086,1.789,0.174,0.114,-18.27,-18.28,-20.22,-20.21,5.736,6.017,0.411,0.432,-19.61,12.81
"2009-05-11 11:00:00",87,1,2009,131,11,1.848,4.188,-0.421,-8.3,-8.66,-9.16,-9.78,-10.47,-11.04,-11.45,-11.51,-11.54,-11.54,-17.73,-17.72,-17.14,-16.87,83.6,88,4.096,4.324,117.2,120.4,600,2.002,2.081,2.676,0.28,0.18,-17.14,-17.14,-18.32,-18.32,5.011,5.318,0.395,0.411,-17.42,13.06
"2009-05-11 12:00:00",88,1,2009,131,12,2.468,5.787,-0.859,-8.28,-8.65,-9.15,-9.77,-10.46,-11.04,-11.46,-11.55,-11.51,-11.51,-16.36,-16.35,-15.47,-15.16,80.1,83.9,3.516,3.716,131,134.4,600,1.998,2.077,3.035,0.287,0.228,-15.65,-15.64,-17.24,-17.23,4.776,4.939,0.457,0.469,-15.17,13.83
"2009-05-11 13:00:00",89,1,2009,131,13,2.992,7.141,-1.063,-8.25,-8.63,-9.14,-9.76,-10.45,-11.04,-11.45,-11.54,-11.42,-11.45,-15.37,-15.41,-14.34,-14.09,77.85,81.4,3.745,3.94,137.5,140.8,600,1.995,2.074,3.292,0.158,0.169,-15.12,-15.2,-15.66,-15.65,5.73,5.985,0.742,0.778,-12.62,14.37
"2009-05-11 14:00:00",90,1,2009,131,14,3.212,7.751,-1.115,-8.22,-8.59,-9.09,-9.72,-10.4,-10.98,-11.38,-11.43,-11.34,-11.39,-15.21,-15.29,-14.36,-14.2,76.42,80,4.349,4.551,139.9,142.9,600,1.994,2.074,3.295,0.048,0.157,-14.77,-14.88,-15.55,-15.61,5.455,5.704,0.415,0.431,-11.43,14.34
"2009-05-11 15:00:00",91,1,2009,131,15,3.354,8.15,-1.189,-8.21,-8.58,-9.07,-9.71,-10.39,-10.96,-11.37,-11.41,-11.34,-11.39,-14.5,-14.62,-13.47,-13.45,76.91,81.2,3.654,3.701,147.3,149.6,600,1.992,2.072,3.408,0.03,0.199,-13.99,-14.1,-14.87,-14.95,4.665,4.704,0.428,0.503,-10.91,13.2
"2009-05-11 16:00:00",92,1,2009,131,16,3.411,8.31,-1.023,-8.22,-8.59,-9.1,-9.73,-10.41,-10.99,-11.4,-11.49,-11.35,-11.39,-13.84,-13.94,-12.55,-12.46,75.76,79.45,2.663,2.57,161.7,163.5,600,1.991,2.071,3.527,0.057,0.272,-13.35,-13.47,-14.15,-14.24,3.463,3.378,0.326,0.306,-9.97,13.94
"2009-05-11 17:00:00",93,1,2009,131,17,3.318,7.997,-0.683,-8.21,-8.58,-9.09,-9.72,-10.41,-10.99,-11.41,-11.51,-11.33,-11.37,-13.24,-13.36,-11.78,-11.68,71.92,75.46,2.041,2.024,152.7,154.6,600,1.99,2.07,4.722,0.288,0.304,-12.4,-12.48,-13.67,-13.73,3.129,3.273,0.385,0.409,-8.63,13.96
"2009-05-11 18:00:00",94,1,2009,131,18,2.92,6.859,-0.244,-8.19,-8.56,-9.07,-9.7,-10.38,-10.95,-11.36,-11.44,-11.35,-11.38,-12.94,-12.99,-11.39,-11.21,69.15,72.39,1.549,1.551,138.2,141.9,600,1.989,2.07,4.375,0.283,0.302,-11.24,-11.52,-13.64,-13.63,2.757,2.77,0.603,0.621,-7.346,13.23
"2009-05-11 19:00:00",95,1,2009,131,19,2.784,6.433,0.072,-8.18,-8.55,-9.07,-9.7,-10.38,-10.94,-11.36,-11.43,-11.35,-11.39,-12.07,-12.03,-10.12,-9.77,61.02,63.09,0.85,0.851,137.8,140.2,600,1.988,2.071,4.633,0.381,0.239,-9.92,-9.85,-13.05,-13.13,1.803,1.731,0.404,0.407,-5.514,13.24
"2009-05-11 20:00:00",96,1,2009,131,20,2.196,4.97,0.149,-8.11,-8.46,-8.97,-9.62,-10.29,-10.87,-11.27,-11.26,-11.23,-11.32,-12.64,-12.47,-11.29,-11,61.95,63.31,1.065,1.099,69.28,65.35,600,1.987,2.071,4.313,0.395,0.177,-10.45,-9.95,-13.43,-13.44,2.163,2.241,0.507,0.533,-4.748,13.58
"2009-05-11 21:00:00",97,1,2009,131,21,1.351,3,-0.139,-8.09,-8.44,-8.92,-9.57,-10.23,-10.82,-11.2,-11.1,-11.13,-11.26,-13.69,-13.58,-13.16,-12.9,68.41,69.57,1.96,2.194,38.31,38.51,600,1.989,2.073,1.96,0.187,0.297,-11.58,-11.22,-14.43,-14.33,3.371,3.567,0.548,0.582,-7.733,13.39
"2009-05-11 22:00:00",98,1,2009,131,22,0.999,2.178,-0.149,-8.16,-8.51,-8.99,-9.64,-10.29,-10.87,-11.25,-11.18,-11.24,-11.35,-15.2,-14.97,-14.73,-14.35,73.03,74.45,2.029,2.333,69.48,69.2,600,1.993,2.078,1.746,0.209,0.076,-13.94,-13.85,-16.03,-15.85,3.933,4.103,0.342,0.332,-10.94,13.14
"2009-05-11 23:00:00",99,1,2009,131,23,0.778,1.63,-0.091,-8.21,-8.56,-9.05,-9.69,-10.35,-10.93,-11.31,-11.28,-11.31,-11.39,-15.44,-15.19,-15.13,-14.74,75.95,77.62,1.483,1.779,48.96,51.1,600,1.995,2.08,1.315,0.155,0.091,-14.84,-14.58,-16.35,-16.17,3.247,3.691,0.465,0.494,-13.3,12.97
"2009-05-12 00:00:00",100,1,2009,132,0,0.281,0.597,-0.294,-8.22,-8.57,-9.05,-9.69,-10.34,-10.93,-11.31,-11.25,-11.28,-11.37,-16.71,-16.34,-16.55,-16.06,78.11,80,1.921,2.298,49.53,50.32,600,1.999,2.085,0.415,0.075,0.071,-15.17,-14.89,-17.38,-17.13,3.182,3.593,0.41,0.46,-14.84,12.8
"2009-05-12 01:00:00",101,1,2009,132,1,0.096,0.202,-0.506,-8.22,-8.57,-9.04,-9.69,-10.34,-10.93,-11.3,-11.21,-11.23,-11.35,-20.59,-20.26,-20.41,-19.92,79.3,81.6,3.42,3.859,67.98,68.8,600,2.014,"NAN",0.156,0.031,0.048,-17.31,-16.89,-23.19,-22.99,5.272,5.743,1.13,1.134,-17.56,12.7
"2009-05-12 02:00:00",102,1,2009,132,2,0.037,0.071,-0.538,-8.27,-8.63,-9.1,-9.75,-10.39,-10.98,-11.35,-11.27,-11.27,-11.38,-23.49,-23.31,-23.49,-23.13,77.45,79.76,5.191,5.623,77.77,78.72,600,2.026,2.116,0.058,0.011,0.022,-22.61,-22.37,-24.81,-24.71,7.154,7.559,0.718,0.719,-21.63,12.63
"2009-05-12 03:00:00",103,1,2009,132,3,0.017,0.031,-0.508,-8.33,-8.69,-9.16,-9.8,-10.45,-11.03,-11.41,-11.37,-11.38,-11.46,-24.72,-24.61,-24.72,-24.46,75.43,77.53,6.958,7.454,87.4,88.3,600,2.03,2.124,0.027,0.004,0.03,-24.43,-24.32,-25.08,-24.95,8.06,8.7,0.493,0.524,-24.24,12.59
"2009-05-12 04:00:00",104,1,2009,132,4,0.014,0.026,-0.506,-8.36,-8.72,-9.2,-9.83,-10.48,-11.06,-11.44,-11.42,-11.45,-11.5,-25.11,-24.99,-25.07,-24.8,75.29,77.47,7.065,7.594,89.8,90.3,600,2.035,2.125,0.02,0.002,0.03,-24.7,-24.59,-25.57,-25.46,7.971,8.57,0.445,0.45,-25.42,12.56
"2009-05-12 05:00:00",105,1,2009,132,5,0.029,0.052,-0.529,-8.37,-8.73,-9.21,-9.84,-10.49,-11.07,-11.45,-11.44,-11.48,-11.52,-25.69,-25.58,-25.63,-25.35,75.09,77.27,7.16,7.695,87.3,90.2,600,2.043,2.129,0.044,0.008,0.028,-25.34,-25.23,-26.29,-26.15,8.88,9.59,0.553,0.57,-26.08,12.54
"2009-05-12 06:00:00",106,1,2009,132,6,0.143,0.209,-0.49,-8.38,-8.74,-9.23,-9.85,-10.51,-11.08,-11.46,-11.47,-11.53,-11.55,-24.89,-24.73,-24.78,-24.52,73.34,75.52,6.809,7.305,92.9,95.7,600,2.039,2.129,0.269,0.064,0.024,-24.01,-23.83,-26.26,-26.1,8.19,8.57,0.455,0.453,-26.38,12.52
"2009-05-12 07:00:00",107,1,2009,132,7,0.447,0.716,-0.452,-8.38,-8.75,-9.23,-9.85,-10.51,-11.08,-11.47,-11.5,-11.58,-11.59,-23.79,-23.67,-23.5,-23.24,73.39,75.72,7.729,8.28,99.9,101.7,600,2.034,2.126,0.643,0.111,0.013,-22.96,-22.9,-24.28,-24.13,9.88,10.36,0.903,0.948,-25.39,12.56
"2009-05-12 08:00:00",108,1,2009,132,8,0.836,1.568,-0.5,-8.36,-8.73,-9.21,-9.82,-10.49,-11.05,-11.45,-11.47,-11.58,-11.58,-22.85,-22.76,-22.47,-22.2,74.28,76.59,8.73,9.35,101,103.5,600,2.027,2.119,1.044,0.115,0.033,-22.35,-22.27,-23.38,-23.27,10.57,11.1,0.668,0.678,-23.99,12.63
"2009-05-12 09:00:00",109,1,2009,132,9,1.271,2.666,-0.551,-8.35,-8.7,-9.18,-9.8,-10.45,-11.03,-11.42,-11.44,-11.57,-11.56,-22.24,-22.16,-21.82,-21.53,72.65,74.7,9.07,9.71,100.6,102.5,600,2.036,2.129,1.51,0.134,0.033,-21.64,-21.55,-22.74,-22.65,10.43,11.01,0.482,0.488,-22.59,12.73
"2009-05-12 10:00:00",110,1,2009,132,10,1.743,3.861,-0.549,-8.33,-8.68,-9.16,-9.77,-10.43,-11.01,-11.4,-11.4,-11.56,-11.54,-21.4,-21.34,-20.92,-20.65,72.44,74.35,9.04,9.65,100.1,101.4,600,2.036,2.133,1.989,0.139,0.045,-20.67,-20.63,-21.85,-21.8,10.79,11.37,0.511,0.516,-21.23,12.87
"2009-05-12 11:00:00",111,1,2009,132,11,2.214,5.045,-0.493,-8.32,-8.67,-9.15,-9.76,-10.43,-11,-11.39,-11.41,-11.56,-11.55,-20.13,-20.08,-19.61,-19.34,71.25,72.97,8.48,9.05,100,102,600,2.036,2.139,2.441,0.136,0.062,-19.34,-19.29,-20.75,-20.7,10.1,10.82,0.711,0.744,-19.96,13.38
"2009-05-12 12:00:00",112,1,2009,132,12,2.642,6.139,-0.47,-8.3,-8.67,-9.16,-9.78,-10.45,-11.02,-11.42,-11.46,-11.53,-11.53,-18.6,-18.56,-18.06,-17.76,69.68,71.23,7.897,8.42,103.5,106.6,600,2.038,"NAN",2.839,0.11,0.067,-17.67,-17.64,-19.35,-19.32,9.17,9.73,0.496,0.517,-18.2,14.05
"2009-05-12 13:00:00",113,1,2009,132,13,3.003,7.065,-0.464,-8.31,-8.69,-9.19,-9.81,-10.48,-11.04,-11.45,-11.53,-11.49,-11.5,-16.67,-16.65,-16.09,-15.79,67.46,68.66,6.802,7.233,108.9,111.1,600,2.019,2.127,3.151,0.089,0.099,-15.86,-15.85,-17.71,-17.7,8.4,9.13,0.592,0.616,-16.35,14.49
"2009-05-12 14:00:00",114,1,2009,132,14,3.254,7.725,-0.45,-8.29,-8.67,-9.18,-9.79,-10.47,-11.03,-11.43,-11.52,-11.45,-11.47,-15.13,-15.12,-14.59,-14.3,67.71,68.91,6.775,7.199,110,112.9,600,2.013,2.093,3.351,0.057,0.091,-14.53,-14.53,-15.86,-15.82,7.925,8.44,0.437,0.443,-13.99,13.5
"2009-05-12 15:00:00",115,1,2009,132,15,3.391,8.12,-0.55,-8.26,-8.64,-9.14,-9.76,-10.44,-11.01,-11.41,-11.47,-11.41,-11.44,-13.85,-13.83,-13.28,-13.05,68.29,69.72,6.809,7.218,118.1,121.8,600,1.996,2.095,3.428,0.023,0.131,-13.09,-13.07,-14.54,-14.53,8.19,8.68,0.531,0.537,-12.31,13.57
"2009-05-12 16:00:00",116,1,2009,132,16,3.398,8.2,-0.663,-8.27,-8.65,-9.15,-9.77,-10.44,-11,-11.4,-11.49,-11.37,-11.4,-12.67,-12.64,-12.06,-11.84,69.3,70.88,6.205,6.584,122,125.4,600,2,2.097,3.428,0.019,0.142,-12.17,-12.13,-13.09,-13.07,7.363,7.86,0.575,0.614,-10.62,13.99
"2009-05-12 17:00:00",117,1,2009,132,17,3.281,7.887,-0.74,-8.25,-8.63,-9.13,-9.74,-10.41,-10.98,-11.38,-11.47,-11.33,-11.37,-11.67,-11.65,-10.97,-10.79,69.08,71.07,4.983,5.252,128,132.3,600,1.997,2.095,3.36,0.051,0.167,-10.85,-10.91,-12.19,-12.16,6.697,7.187,1.128,1.268,-9.17,13.37
"2009-05-12 18:00:00",118,1,2009,132,18,3.053,7.263,-0.817,-8.21,-8.59,-9.1,-9.73,-10.41,-10.97,-11.38,-11.49,-11.35,-11.38,-10.66,-10.7,-9.48,-9.38,66.19,68.97,2.493,2.522,155.7,156.7,600,1.995,2.092,3.186,0.081,0.243,-10.47,-10.55,-10.93,-10.97,3.6,3.443,0.323,0.332,-7.451,13.28
"2009-05-12 19:00:00",119,1,2009,132,19,2.716,6.385,-0.77,-8.15,-8.52,-9.02,-9.66,-10.33,-10.89,-11.29,-11.32,-11.33,-11.38,-10.64,-10.61,-9.64,-9.46,64.46,66.67,2.731,2.83,147.5,150.1,600,1.995,2.092,2.897,0.111,0.167,-10.37,-10.33,-11.01,-10.91,3.77,3.953,0.405,0.454,-6.474,14.28
"2009-05-12 20:00:00",120,1,2009,132,20,2.3,5.305,-0.532,-8.18,-8.55,-9.06,-9.69,-10.36,-10.9,-11.29,-11.33,-11.35,-11.4,-11.22,-11.08,-10,-9.78,68.31,70.93,1.491,1.678,176.3,175.6,600,1.999,2.096,2.513,0.123,0.146,-10.84,-10.57,-12.08,-11.91,3.417,3.913,0.731,0.807,-6.028,13.85
"2009-05-12 21:00:00",121,1,2009,132,21,1.907,4.268,-0.07,-8.13,-8.49,-9,-9.63,-10.3,-10.84,-11.22,-11.2,-11.3,-11.38,-12.22,-12.26,-11.05,-11.03,71.08,74.97,1.145,1.38,297.1,300.1,600,2.005,2.102,2.092,0.131,0.181,-11.13,-11.03,-13.57,-13.3,1.744,2.182,0.283,0.357,-5.634,13.39
"2009-05-12 22:00:00",122,1,2009,132,22,1.426,3.065,-0.33,-8.12,-8.48,-8.99,-9.63,-10.3,-10.84,-11.22,-11.17,-11.25,-11.34,-12.84,-12.69,-12.25,-12.06,71.94,75.1,0.795,0.915,155.7,137.8,600,2.009,2.106,1.732,0.161,0.16,-11.83,-11.43,-13.87,-13.85,1.516,1.744,0.218,0.268,-7.077,13.06
"2009-05-12 23:00:00",123,1,2009,132,23,0.981,1.927,-0.32,-8.14,-8.5,-8.99,-9.64,-10.29,-10.84,-11.22,-11.14,-11.23,-11.34,-14.3,-13.99,-13.93,-13.54,72.44,74.67,0.671,0.694,231.2,182.4,600,2.014,2.111,1.192,0.111,0.052,-12.95,-12.46,-15.79,-14.86,1.091,1.202,0.22,0.262,-9.41,12.9
"2009-05-13 00:00:00",124,1,2009,133,0,0.623,1.062,-0.226,-8.17,-8.52,-9,-9.65,-10.3,-10.85,-11.22,-11.12,-11.27,-11.38,-17.29,-16.47,-16.44,-15.63,74.34,76.64,0.678,0.606,241.7,223.2,600,2.022,2.12,0.798,0.117,0.038,-14.63,-14.1,-20.29,-19.06,1.352,1.372,0.289,0.328,-12.18,12.79
"2009-05-13 01:00:00",125,1,2009,133,1,0.26,0.311,-0.246,-8.18,-8.53,-9,-9.66,-10.28,-10.87,-11.22,-11.09,-11.2,-11.33,-20.51,-19.72,-20.14,-19.14,80.4,82.2,0.787,0.698,289.3,246.9,600,2.033,2.131,0.411,0.079,0.053,-18.45,-18.03,-21.95,-21.38,1.568,1.849,0.291,0.393,-16.19,12.69
"2009-05-13 02:00:00",126,1,2009,133,2,0.069,0.112,-0.281,-8.27,-8.62,-9.09,-9.73,-10.36,-10.94,-11.3,-11.22,-11.26,-11.38,-22.51,-22.11,-22.43,-21.89,84,87.2,0.759,0.898,140.7,108.8,600,2.04,2.139,0.146,0.035,0.073,-21.2,-20.79,-23.91,-23.61,3.018,3.443,0.877,1.042,-21.08,12.62
"2009-05-13 03:00:00",127,1,2009,133,3,0.017,0.032,-0.262,-8.34,-8.7,-9.17,-9.8,-10.44,-11.01,-11.39,-11.37,-11.42,-11.47,-23.45,-23.1,-23.39,-22.92,86.8,90.8,1.793,2.136,100.9,102.6,600,2.044,2.143,0.027,0.004,0.067,-22.97,-22.66,-24.14,-23.87,2.43,2.901,0.318,0.34,-23.39,12.59
"2009-05-13 04:00:00",128,1,2009,133,4,0.014,0.025,-0.313,-8.35,-8.71,-9.18,-9.81,-10.45,-11.02,-11.39,-11.38,-11.45,-11.5,-23.97,-23.53,-23.84,-23.24,85.3,89.1,0.53,0.641,163.5,169.4,600,2.047,2.145,0.014,0,0.066,-23.55,-22.1,-24.45,-24.01,1.999,2.319,0.61,0.746,-24.33,12.56
"2009-05-13 05:00:00",129,1,2009,133,5,0.023,0.045,-0.33,-8.38,-8.74,-9.22,-9.84,-10.48,-11.04,-11.42,-11.43,-11.49,-11.53,-23.79,-23.56,-23.74,-23.34,85,88.6,2.024,2.269,96.1,91.9,600,2.046,2.144,0.044,0.009,0.067,-23.45,-23.17,-24.35,-24.22,3.43,3.665,0.941,1.044,-25.04,12.54
"2009-05-13 06:00:00",130,1,2009,133,6,0.08,0.163,-0.342,-8.39,-8.75,-9.23,-9.84,-10.49,-11.05,-11.43,-11.46,-11.54,-11.55,-22.53,-22.16,-22.36,-21.9,85.7,89.7,0.892,0.91,190.3,183.8,600,2.041,2.138,0.146,0.031,0.071,-20.94,-20.85,-24.54,-23.88,2.829,2.796,0.432,0.445,-24.43,12.53
"2009-05-13 07:00:00",131,1,2009,133,7,0.241,0.501,-0.174,-8.38,-8.74,-9.22,-9.83,-10.48,-11.04,-11.41,-11.44,-11.51,-11.53,-22.62,-21.97,-22.53,-21.68,85.7,89.7,0.695,0.569,241.3,238.8,600,2.043,2.139,0.401,0.088,0.054,-20.62,-20.49,-24.22,-23.15,1.477,1.627,0.361,0.432,-24.04,12.57
"2009-05-13 08:00:00",132,1,2009,133,8,1.041,2.088,-0.011,-8.42,-8.78,-9.27,-9.87,-10.54,-11.07,-11.47,-11.57,-11.67,-11.61,-19.09,-18.99,-18.17,-17.89,84.7,89,0.392,0.319,236.9,255.6,600,2.034,2.13,1.401,0.363,0.091,-15.27,-15.33,-21.14,-20.51,1.013,0.954,0.269,0.29,-21.9,12.75
"2009-05-13 09:00:00",133,1,2009,133,9,1.602,3.394,-0.036,-8.35,-8.7,-9.19,-9.79,-10.46,-11.01,-11.4,-11.5,-11.6,-11.56,-17.53,-17.67,-16.23,-16.13,75.62,80.4,1.307,1.396,161.4,165.9,600,2.024,2.123,2.09,0.284,0.16,-16.02,-16.25,-19.16,-19.07,2.979,3.195,0.672,0.757,-17.77,12.99
"2009-05-13 10:00:00",134,1,2009,133,10,1.703,3.71,-0.241,-8.27,-8.62,-9.11,-9.72,-10.38,-10.95,-11.34,-11.4,-11.49,-11.49,-16.64,-16.67,-15.71,-15.54,73.11,75.88,1.783,2.038,19.75,21.11,600,2.019,2.118,2.114,0.24,0.167,-16.05,-15.89,-17.42,-17.47,2.646,2.77,0.308,0.33,-15.03,13.08
"2009-05-13 11:00:00",135,1,2009,133,11,2.035,4.561,-0.238,-8.26,-8.62,-9.1,-9.72,-10.38,-10.95,-11.34,-11.38,-11.43,-11.46,-16.18,-16.17,-15.45,-15.25,74.73,77.04,2.252,2.49,28.53,27.98,600,2.016,2.116,2.6,0.252,0.169,-14.44,-14.01,-17.09,-17.15,2.94,3.195,0.218,0.239,-14.44,13.52
"2009-05-13 12:00:00",136,1,2009,133,12,2.549,5.826,-0.052,-8.27,-8.63,-9.13,-9.75,-10.42,-10.99,-11.39,-11.49,-11.45,-11.45,-13.79,-13.67,-12.89,-12.31,76.6,77.07,2.727,3.268,202.9,185.2,600,2.008,2.107,2.783,0.19,0.118,-13.31,-13.45,-14.47,-14.02,3.783,4.305,0.369,0.491,-12.31,13.82
"2009-05-13 13:00:00",137,1,2009,133,13,2.96,6.814,0.222,-8.19,-8.55,-9.04,-9.66,-10.31,-10.87,-11.25,-11.32,-11.38,-11.42,-12.76,-13.07,-11.66,-11.68,70.96,73.63,2.636,3.493,227.1,168.7,600,2.014,2.103,3.126,0.152,0.134,-11.91,-12.14,-13.64,-13.62,4.155,5.423,0.483,0.517,-10.38,14.4
