 137. 1800.     .01     .00    1.52   14.62   15.82   29.08   30.23     .00     .00  265.10     .00     .46     .32   12.87    7.30   12.24   11.92   11.55   11.32   12.15   11.96   11.89   12.07   12.87   14.46   15.36  176.60    9.99
 137. 1900.     .45     .36    1.26    7.60   14.77   35.07   23.59    1.00     .03  217.90     .00     .77     .50    3.11    -.28    1.10    2.48    2.37    2.32    2.50    3.15    3.96    4.40    3.11    8.78   14.85  163.30   11.90
 137. 2000.    1.88    1.52     .49  -10.31   -7.59   74.00   65.87    5.19    5.47    8.07  389.20    1.24    2.59   -9.15   -8.39   -8.36   -9.61   -6.58   -6.83  -10.10   -9.92   -8.23   -6.79   -9.15   -9.95   -6.86   10.36   12.03
 137. 2100.    1.56    1.34     .59  -11.24  -11.27   74.30   77.20    4.05    4.37  219.30  389.30    1.55    2.37   -9.80   -9.84   -9.37  -10.65   -9.06   -9.39  -11.03  -10.84  -10.55   -9.94   -9.80  -10.74  -11.06  230.90   11.96
 137. 2200.    1.11    1.02     .78  -12.52  -12.45   77.20   79.00    4.45    4.99  301.30  389.30    1.85    2.34  -11.04  -11.38  -10.66  -12.08  -11.08  -11.70  -12.83  -12.24  -11.51  -11.84  -11.04  -12.23  -12.24  290.60   11.92
 137. 2300.     .91     .90     .86  -13.49  -13.37   77.20   79.40    4.12    4.61  298.80  389.50    1.85    2.39  -12.05  -12.47  -11.53  -13.12  -11.87  -12.87  -13.99  -13.41  -12.57  -12.44  -12.05  -13.15  -13.13  288.10   11.89
 138.    0.     .58     .58    1.04  -14.50  -14.40   78.40   80.70    4.41    4.90  301.40  389.90    1.86    2.39  -13.94  -14.21  -13.42  -14.63  -13.86  -14.10  -15.20  -15.00  -14.43  -13.85  -13.94  -14.26  -14.21  290.80   11.87
 138.  100.     .50     .53    1.08  -15.22  -15.11   79.30   81.50    4.26    4.75  301.40  389.70    1.86    2.40  -14.71  -14.85  -13.94  -15.33  -14.87  -15.08  -15.82  -15.56  -15.31  -14.72  -14.71  -15.00  -14.95  290.70   11.85
 138.  200.     .37     .37    1.17  -15.44  -15.33   80.10   82.00    4.87    5.39  298.50  389.80    1.86    2.40  -15.42  -15.31  -14.95  -15.68  -15.58  -15.81  -15.87  -15.75  -15.76  -15.52  -15.42  -15.22  -15.14  287.30   11.83
 138.  300.     .31     .28    1.22  -15.78  -15.68   79.90   81.90    4.74    5.25  298.80  389.80    1.86    2.40  -15.98  -15.81  -15.71  -16.09  -16.09  -16.23  -16.25  -16.22  -16.21  -16.05  -15.98  -15.54  -15.49  288.10   11.81
 138.  400.     .40     .35    1.18  -15.61  -15.55   79.30   81.50    4.82    5.32  307.10  389.90    1.86    2.40  -15.68  -15.34  -15.26  -15.71  -15.76  -15.90  -15.85  -15.83  -15.89  -15.80  -15.68  -15.39  -15.40  296.40   11.80
 138.  500.     .46     .41    1.16  -15.85  -15.79   78.30   80.60    4.45    4.95  312.00  389.90    1.86    2.40  -15.93  -15.45  -15.36  -15.90  -16.02  -16.16  -16.07  -16.01  -16.12  -16.04  -15.93  -15.63  -15.63  301.40   11.79
 138.  600.     .63     .56    1.06  -16.03  -15.96   76.90   79.20    4.49    4.99  311.10  389.80    1.86    2.40  -16.26  -14.84  -14.77  -15.73  -16.35  -16.53  -16.12  -15.80  -16.39  -16.33  -16.26  -15.79  -15.78  302.50   11.78
 138.  700.     .91     .78     .94  -15.81  -15.74   76.30   78.30    4.79    5.26  300.80  390.40    1.86    2.40  -15.61  -14.29  -14.12  -15.48  -15.73  -15.94  -15.62  -15.59  -15.96  -15.86  -15.61  -15.59  -15.59  290.30   11.78
 138.  800.    1.21    1.04     .79  -14.89  -14.85   75.50   77.60    4.69    5.15  306.10  391.00    1.86    2.40  -14.29  -12.45  -12.34  -14.10  -14.43  -14.70  -14.21  -14.23  -14.72  -14.70  -14.29  -14.67  -14.68  296.10   11.79
 138.  900.    1.73    1.44     .56  -14.37  -14.31   76.90   78.90    4.51    4.93  304.70  391.10    1.86    2.39  -13.74  -10.19  -10.75  -12.87  -13.79  -14.18  -13.35  -13.26  -14.06  -14.12  -13.74  -14.06  -14.09  294.30   11.79
 138. 1000.    2.00    1.64     .44  -14.27  -14.28   76.40   78.90    4.64    5.09  309.80  391.70    1.85    2.39  -13.45  -10.28  -10.71  -12.63  -13.57  -13.93  -13.02  -12.23  -13.79  -13.86  -13.45  -13.90  -14.00  300.90   11.80
 138. 1100.    2.41    1.97     .25  -13.89  -13.90   75.70   78.20    4.46    4.88  308.00  391.60    1.85    2.38  -12.81   -8.84   -9.70  -12.04  -12.87  -13.34  -12.17  -11.26  -13.19  -13.28  -12.81  -13.50  -13.64  297.80   11.80
 138. 1200.    2.64    2.11     .19  -13.36  -13.30   74.70   76.90    4.22    4.61  301.50  391.10    1.84    2.38  -12.46   -9.30   -8.72  -11.90  -12.36  -12.97  -11.62  -10.92  -12.82  -12.99  -12.46  -12.94  -13.03  291.10   11.81
 138. 1300.    2.87    2.27     .14  -12.84  -12.81   74.40   76.90    3.97    4.35  305.40  391.30    1.84    2.38   -6.43   -9.79   -7.59  -11.66   -8.90  -11.78  -11.66  -10.54  -11.91   -9.80   -6.43  -12.42  -12.56  298.10   11.81
 138. 1400.    2.51    2.07     .28  -12.37  -12.32   75.30   77.50    3.78    4.06  300.20  391.30    1.84    2.38   -4.37  -10.06   -7.10  -10.66   -6.84  -11.51  -11.25   -7.47  -11.34   -8.63   -4.37  -12.00  -12.08  295.70   11.81
 138. 1500.    2.50    2.14     .22  -11.87  -12.11   74.00   77.70    3.14    3.44  316.00  391.30    1.84    2.37   -4.70   -8.90   -4.37   -9.77   -6.91   -9.95  -10.75   -6.76   -9.35   -5.32   -4.70  -11.43  -11.83  308.40   11.81
 138. 1600.    2.86    2.41     .09  -10.77  -11.56   66.49   74.50    2.47    2.78  330.80  391.10    1.82    2.38   -2.20   -5.95    1.45   -9.75   -8.27   -8.88   -9.81   -3.32   -8.22    -.75   -2.20   -9.79  -11.13  327.10   11.81
 138. 1700.    2.57    2.20     .24  -11.78  -11.68   72.50   75.30    2.35    2.55  302.20  391.40    1.83    2.38   -2.96   -7.49   -2.34   -8.76   -5.34   -9.62   -9.87   -2.28   -8.96   -3.70   -2.96  -11.04  -11.34  300.20   11.81
 138. 1800.    1.86    1.60     .61  -11.93  -11.90   75.60   77.80    2.37    2.59  286.70  391.20    1.84    2.38   -6.03   -9.29   -6.98   -8.61   -5.51  -10.49  -10.45   -6.45   -9.76   -6.31   -6.03  -11.47  -11.57  283.00   11.81
 138. 1900.    1.75    1.52     .77  -11.84  -11.74   76.40   78.60    1.80    2.02  303.30  391.20    1.84    2.38   -6.45  -13.73  -14.57  -15.31  -14.45  -15.15  -15.27  -13.68  -14.71  -12.51   -6.45  -11.34  -11.44  301.90   11.81
 138. 2000.    1.96    1.69     .73  -11.23  -11.20   72.40   75.60     .99    1.21  307.60  391.20    1.74    2.38   -6.72  -23.86  -27.52  -27.70  -27.65  -27.90  -27.70  -27.76  -27.22  -24.78   -6.72  -10.64  -10.89  303.90   11.82
 138. 2100.    1.63    1.42     .86  -11.95  -11.80   72.70   76.00     .97    1.19  259.20  390.90    1.84    2.38  -10.79  -24.70  -28.00  -28.48  -28.56  -28.87  -28.77  -28.84  -28.43  -25.80  -10.79  -11.60  -11.31  246.80   11.81
 138. 2200.    1.25    1.09     .88  -15.50  -14.80   75.90   80.70    1.38    1.92  218.50  390.90    1.85    2.39  -12.14  -26.71  -28.31  -28.74  -28.92  -29.19  -29.15  -29.22  -28.76  -25.95  -12.14  -15.08  -14.46  211.30   11.79
 138. 2300.    1.04     .92     .93  -17.56  -16.87   75.30   80.20    1.32    1.77  228.10  390.60    1.86    2.40  -13.56  -27.46  -28.52  -28.93  -29.15  -29.45  -29.46  -29.54  -29.09  -26.16  -13.56  -17.14  -16.49  220.20   11.75
 139.    0.     .88     .77     .98  -18.90  -18.62   79.50   83.10    2.15    2.66  239.60  390.70    1.86    2.40  -15.15  -27.85  -28.66  -29.06  -29.32  -29.63  -29.67  -29.77  -29.32  -26.29  -15.15  -18.53  -18.34  233.30   11.71
 139.  100.     .73     .63    1.05  -20.59  -20.19   78.10   81.40    2.07    2.56  217.80  390.40    1.87    2.41  -16.54  -28.10  -28.76  -29.15  -29.43  -29.76  -29.84  -29.95  -29.50  -26.41  -16.54  -20.22  -19.93  211.20   11.69
 139.  200.     .62     .55    1.10  -22.23  -21.69   78.80   80.80    1.85    2.43  219.10  390.10    1.87    2.41  -17.87  -28.26  -28.83  -29.22  -29.52  -29.86  -29.97  -30.08  -29.61  -26.45  -17.87  -21.92  -21.42  214.40   11.68
 139.  300.     .44     .54    1.10  -22.06  -21.57   78.40   80.10    2.58    3.20  232.00  390.10    1.87    2.41  -19.08  -28.39  -28.90  -29.28  -29.58  -29.94  -30.08  -30.19  -29.73  -26.55  -19.08  -21.80  -21.33  225.60   11.66
 139.  400.     .61     .57    1.08  -21.93  -21.88   74.80   77.30    3.97    4.57  258.00  389.80    1.87    2.41  -19.86  -28.49  -28.94  -29.32  -29.64  -29.99  -30.14  -30.27  -29.77  -26.57  -19.86  -21.60  -21.54  252.10   11.67
 139.  500.     .74     .68    1.01  -21.52  -21.50   73.80   76.20    5.29    5.89  266.10  389.80    1.87    2.41  -20.35  -28.58  -28.99  -29.37  -29.70  -30.06  -30.24  -30.37  -29.87  -26.62  -20.35  -21.20  -21.18  260.40   11.67
 139.  600.     .92     .85     .92  -21.32  -21.33   72.00   74.10    6.19    6.82  263.90  389.90    1.86    2.41  -20.53  -28.62  -29.01  -29.38  -29.71  -30.09  -30.27  -30.40  -29.87  -26.61  -20.53  -20.97  -20.97  258.40   11.67
 139.  700.    1.16    1.05     .80  -20.72  -20.74   70.60   72.50    6.92    7.59  261.90  390.10    1.85    2.38  -20.48  -28.66  -29.02  -29.38  -29.72  -30.10  -30.29  -30.42  -29.87  -26.65  -20.48  -20.41  -20.40  256.10   11.67
 139.  800.    1.48    1.31     .65  -20.02  -20.05   66.93   68.62    5.58    6.10  256.00  390.40    1.86    2.39  -20.26  -28.70  -29.03  -29.39  -29.74  -30.11  -30.30  -30.44  -29.90  -26.69  -20.26  -19.65  -19.64  251.00   11.67
 139.  900.    1.79    1.58     .51  -19.47  -19.53   67.61   69.13    7.43    8.04  254.70  390.20    1.86    2.40  -19.89  -28.71  -29.02  -29.38  -29.72  -30.09  -30.29  -30.42  -29.86  -26.68  -19.89  -19.12  -19.15  249.50   11.67
 139. 1000.    2.12    1.88     .34  -18.40  -18.43   65.79   67.51    5.93    6.37  241.00  389.80    1.85    2.40  -19.52  -28.74  -29.04  -29.40  -29.75  -30.13  -30.33  -30.47  -29.92  -26.72  -19.52  -18.01  -18.07  236.40   11.67
 139. 1100.    2.41    2.12     .25  -17.04  -17.06   63.89   65.89    4.10    4.38  211.20  389.80    1.85    2.40  -19.00  -28.75  -29.04  -29.39  -29.74  -30.11  -30.33  -30.47  -29.93  -26.78  -19.00  -16.61  -16.69  207.60   11.66
 139. 1200.    2.68    2.33     .17  -15.80  -15.77   65.54   67.28    5.73    6.13  231.30  389.30    1.85    2.39  -18.32  -28.75  -29.03  -29.37  -29.73  -30.10  -30.32  -30.46  -29.91  -26.74  -18.32  -15.40  -15.49  226.70   11.67
 139. 1300.    2.80    2.41     .14  -14.48  -14.42   67.39   68.99    6.29    6.73  230.80  388.40    1.84    2.38  -17.56  -28.75  -29.02  -29.36  -29.73  -30.11  -30.34  -30.48  -29.91  -26.73  -17.56  -14.10  -14.21  226.50   11.67
 139. 1400.    2.80    2.41     .17  -13.23  -13.17   68.74   70.20    6.92    7.43  235.70  388.00    1.84    2.38  -16.89  -28.75  -29.02  -29.36  -29.73  -30.12  -30.36  -30.49  -29.92  -26.70  -16.89  -12.88  -12.98  231.30   11.67
 139. 1500.    2.87    2.48     .18  -11.91  -11.84   68.48   69.97    6.89    7.37  235.90  387.50    1.83    2.37  -16.13  -28.76  -29.03  -29.37  -29.74  -30.14  -30.38  -30.52  -29.95  -26.68  -16.13  -11.59  -11.67  231.30   11.68
 139. 1600.    2.66    2.26     .99  -10.41  -10.46   64.13   65.83    7.03    7.66  223.30     .00    1.11    1.43  -14.75  -28.81  -29.05  -29.36  -29.73  -30.13  -30.34  -30.48  -29.88  -26.57  -14.75   -9.19   -9.34  218.10    8.59
 139. 1700.    2.73    2.31     .67   -9.93   -9.96   71.40   73.30    7.28    7.85  248.00  386.50    1.83    2.37  -14.30  -28.75  -29.00  -29.34  -29.72  -30.11  -30.36  -30.48  -29.85  -26.56  -14.30   -9.61   -9.71  241.80   14.08
 139. 1800.    2.68    2.20     .84   -9.10   -9.13   73.40   75.50    7.16    7.74  249.50  386.30    1.09    2.37  -13.71  -28.77  -29.01  -29.35  -29.73  -30.13  -30.39  -30.51  -29.89  -26.55  -13.71   -8.77   -8.86  244.00   14.67
 139. 1900.    2.39    1.99    1.00   -8.61   -8.60   74.20   76.00    7.07    7.65  257.30  386.40    1.83    2.38  -13.26  -28.75  -29.00  -29.34  -29.73  -30.13  -30.40  -30.52  -29.85  -26.45  -13.26   -8.30   -8.29  251.60   14.62
 139. 2000.    2.08    1.74    1.18   -8.60   -8.56   74.30   76.30    6.15    6.66  252.60  386.60    1.83    2.37  -13.04  -28.75  -29.00  -29.34  -29.74  -30.14  -30.41  -30.53  -29.85  -26.39  -13.04   -8.27   -8.25  246.60   14.02
 139. 2100.    1.72    1.46    1.29   -8.68   -8.60   74.20   76.20    5.66    6.14  250.40  386.90    1.83    2.38  -13.03  -28.76  -29.01  -29.35  -29.74  -30.15  -30.42  -30.54  -29.85  -26.37  -13.03   -8.39   -8.32  244.90   13.83
 139. 2200.    1.47    1.24    1.37   -8.89   -8.74   75.00   77.00    4.33    4.76  242.90  387.20    1.83    2.38  -13.12  -28.77  -29.02  -29.36  -29.76  -30.16  -30.44  -30.57  -29.88  -26.35  -13.12   -8.62   -8.54  237.10   13.83
 139. 2300.     .96     .82    1.52  -10.17   -9.99   76.80   78.90    4.69    5.18  231.30  387.30    1.83    2.38  -13.41  -28.77  -29.02  -29.36  -29.76  -30.16  -30.45  -30.56  -29.82  -26.29  -13.41   -9.86   -9.77  226.20   13.78
 140.    0.     .81     .69    2.02  -11.14  -10.92   78.20   80.30    4.10    4.57  226.30  388.00    1.83    2.39  -13.92  -28.81  -29.05  -29.38  -29.79  -30.20  -30.49  -30.61  -29.88  -26.32  -13.92  -10.89  -10.74  222.70   13.75
 140.  100.     .40     .35    1.67  -12.22  -11.99   80.10   82.10    4.41    4.93  224.30  388.50    1.84    2.39  -14.38  -28.82  -29.06  -29.39  -29.79  -30.19  -30.47  -30.58  -29.83  -26.34  -14.38  -11.98  -11.84  219.80   13.66
 140.  200.     .41     .37    1.62  -12.26  -12.11   81.30   83.20    4.82    5.31  224.40  388.90    1.84    2.39  -14.79  -28.86  -29.09  -29.43  -29.83  -30.24  -30.53  -30.65  -29.93  -26.41  -14.79  -12.22  -12.09  219.80   13.62
 140.  300.     .36     .47    1.80  -10.07   -9.82   79.60   81.20    4.17    4.64  230.10  389.10    1.83    2.38  -14.36  -28.89  -29.12  -29.46  -29.86  -30.28  -30.59  -30.74  -30.07  -26.50  -14.36   -9.89   -9.68  224.90   13.60
 140.  400.     .65     .60    1.72  -10.89  -10.70   78.30   80.30    4.99    5.52  237.20  389.60    1.83    2.38  -14.58  -28.86  -29.10  -29.43  -29.85  -30.26  -30.57  -30.69  -29.95  -26.37  -14.58  -10.64  -10.46  232.00   13.63
 140.  500.     .73     .69    1.68  -11.44  -11.36   76.40   78.40    5.56    6.08  250.60  390.00    1.83    2.39  -14.69  -28.87  -29.10  -29.44  -29.86  -30.27  -30.59  -30.71  -29.93  -26.34  -14.69  -11.20  -11.09  244.80   13.67
 140.  600.     .85     .80    1.65  -11.67  -11.60   76.90   78.90    4.90    5.40  254.40  390.70    1.84    2.39  -14.72  -28.87  -29.10  -29.43  -29.86  -30.27  -30.58  -30.70  -29.92  -26.33  -14.72  -11.45  -11.36  249.10   13.76
 140.  700.    1.14    1.06    1.61  -11.33  -11.26   76.30   78.30    4.42    4.83  247.80  390.90    1.83    2.39  -14.60  -28.89  -29.11  -29.44  -29.85  -30.28  -30.59  -30.71  -29.92  -26.35  -14.60  -11.10  -11.02  242.40   13.96
 140.  800.    1.41    1.30    1.70  -10.44  -10.37   76.00   77.80    3.83    4.22  249.50  391.30    1.83    2.38  -14.15  -28.90  -29.11  -29.44  -29.84  -30.26  -30.57  -30.71  -29.94  -26.39  -14.15  -10.16  -10.05  243.60   14.51
 140.  900.    1.75    1.60    1.74   -9.85   -9.73   76.40   78.20    4.04    4.47  236.50  391.00    1.83    2.38  -13.69  -28.88  -29.09  -29.41  -29.81  -30.23  -30.53  -30.66  -29.89  -26.38  -13.69   -9.56   -9.45  231.50   13.96
 140. 1000.    2.06    1.87    1.57   -9.49   -9.35   76.80   78.70    4.16    4.55  226.80  390.50    1.83    2.38  -13.19  -28.86  -29.07  -29.39  -29.80  -30.21  -30.50  -30.63  -29.82  -26.34  -13.19   -9.18   -9.13  221.90   13.71
 140. 1100.    2.38    2.12    1.38   -8.82   -8.72   75.60   77.40    4.81    5.24  233.80  390.00    1.83    2.38  -12.65  -28.85  -29.06  -29.37  -29.78  -30.20  -30.50  -30.62  -29.80  -26.31  -12.65   -8.53   -8.52  228.10   13.84
 140. 1200.    2.60    2.30    1.35   -7.33   -7.33   72.90   74.60    6.05    6.56  248.70  389.50    1.82    2.37  -11.91  -28.84  -29.05  -29.37  -29.77  -30.21  -30.49  -30.61  -29.77  -26.28  -11.91   -7.01   -6.98  243.50   14.00
 140. 1300.    2.68    2.43    1.10   -7.23   -7.28   70.70   72.50    6.31    6.80  252.10  389.10    1.82    2.37  -11.24  -28.84  -29.04  -29.37  -29.77  -30.19  -30.49  -30.59  -29.74  -26.21  -11.24   -6.91   -6.92  246.40   13.87
 140. 1400.    2.97    2.57     .82   -6.81   -6.89   70.40   72.10    7.72    8.34  262.10  389.10    1.82    2.37  -11.17  -28.84  -29.04  -29.37  -29.78  -30.20  -30.49  -30.60  -29.73  -26.17  -11.17   -6.54   -6.55  256.60   13.97
 140. 1500.    3.00    2.61     .72   -6.60   -6.67   70.60   72.20    8.69    9.36  264.80  389.10    1.82    2.37  -10.81  -28.84  -29.05  -29.37  -29.78  -30.20  -30.51  -30.60  -29.73  -26.14  -10.81   -6.31   -6.33  259.40   13.68
 140. 1600.    2.95    2.56     .61   -6.69   -6.75   70.90   72.60    8.05    8.67  266.80  389.00    1.82    2.37  -10.26  -28.84  -29.05  -29.37  -29.77  -30.21  -30.50  -30.59  -29.68  -26.11  -10.26   -6.39   -6.43  260.80   14.20
 140. 1700.    2.82    2.43     .63   -6.68   -6.70   71.30   73.40    6.93    7.49  272.20  389.20    1.82    2.37   -9.97  -28.83  -29.04  -29.36  -29.77  -30.18  -30.49  -30.58  -29.66  -26.11   -9.97   -6.32   -6.44  266.30   14.06
 140. 1800.    2.62    2.25     .68   -6.84   -6.85   71.10   73.20    6.11    6.60  270.20  389.60    1.82    2.37   -9.88  -28.83  -29.04  -29.36  -29.77  -30.19  -30.49  -30.59  -29.66  -26.10   -9.88   -6.46   -6.54  264.70   14.02
 140. 1900.    2.36    2.03     .78   -7.28   -7.21   71.60   73.50    5.02    5.47  274.90  389.70    1.82    2.37   -9.98  -28.83  -29.04  -29.37  -29.78  -30.20  -30.52  -30.62  -29.71  -26.07   -9.98   -6.90   -6.89  268.40   14.22
 140. 2000.    2.05    1.78     .87   -8.14   -8.06   73.10   75.20    3.55    3.94  255.70  390.10    1.82    2.37  -10.30  -28.83  -29.05  -29.38  -29.80  -30.22  -30.53  -30.62  -29.70  -25.99  -10.30   -7.76   -7.79  249.90   14.58
 140. 2100.    1.71    1.51     .91   -9.40   -9.26   75.00   77.10    3.61    4.03  241.30  390.40    1.83    2.38  -10.84  -28.83  -29.05  -29.38  -29.80  -30.21  -30.52  -30.61  -29.69  -25.96  -10.84   -9.05   -9.02  236.50   14.43
 140. 2200.    1.41    1.24     .96  -10.79  -10.64   75.80   78.10    3.39    3.80  237.50  390.70    1.83    2.38  -11.55  -28.86  -29.08  -29.41  -29.83  -30.24  -30.56  -30.66  -29.74  -25.99  -11.55  -10.47  -10.44  231.70   14.18
 140. 2300.    1.14    1.00    1.05  -11.66  -11.54   75.10   77.20    4.18    4.65  248.90  390.80    1.84    2.39  -12.33  -28.88  -29.10  -29.44  -29.86  -30.27  -30.60  -30.70  -29.78  -25.99  -12.33  -11.37  -11.30  243.80   14.02
 141.    0.     .91     .80    1.12  -12.77  -12.62   74.60   76.70    3.86    4.32  248.70  391.10    1.84    2.39  -13.09  -28.90  -29.12  -29.45  -29.88  -30.29  -30.62  -30.73  -29.81  -25.99  -13.09  -12.45  -12.35  243.20   13.96
 141.  100.     .76     .66    1.14  -14.66  -14.44   76.00   78.00    3.37    3.80  221.30  391.50    1.85    2.40  -13.97  -28.91  -29.13  -29.46  -29.89  -30.31  -30.64  -30.74  -29.81  -26.00  -13.97  -14.33  -14.19  216.50   13.91
 141.  200.     .67     .58    1.16  -16.21  -15.88   76.70   77.60    2.91    3.29  220.60  391.90    1.85    2.41  -14.87  -28.93  -29.15  -29.48  -29.91  -30.33  -30.65  -30.76  -29.84  -26.01  -14.87  -15.92  -15.60  215.30   13.87
 141.  300.     .48     .57    1.15  -16.50  -16.32   75.10   76.20    4.35    4.80  244.90  392.20    1.85    2.41  -15.71  -28.96  -29.18  -29.50  -29.93  -30.34  -30.68  -30.79  -29.88  -26.07  -15.71  -16.34  -16.06  239.50   13.85
 141.  400.     .70     .62    1.10  -16.97  -16.94   73.40   75.50    5.24    5.73  253.60  391.70    1.85    2.41  -16.26  -28.97  -29.19  -29.52  -29.94  -30.37  -30.68  -30.79  -29.87  -26.10  -16.26  -16.72  -16.64  248.00   13.85
 141.  500.     .73     .66    1.09  -17.36  -17.33   73.80   75.80    5.03    5.52  254.20  391.80    1.86    2.41  -16.67  -28.99  -29.21  -29.53  -29.96  -30.39  -30.71  -30.82  -29.90  -26.12  -16.67  -17.11  -17.06  248.60   13.87
 141.  600.     .99     .90     .94  -17.61  -17.60   73.60   75.60    4.10    4.55  258.80  391.80    1.86    2.41  -17.03  -29.01  -29.22  -29.55  -29.98  -30.40  -30.74  -30.84  -29.92  -26.14  -17.03  -17.33  -17.27  252.70   13.93
 141.  700.    1.26    1.14     .84  -17.52  -17.51   73.10   75.20    3.49    3.87  273.30  391.90    1.86    2.41  -17.17  -29.01  -29.21  -29.54  -29.96  -30.39  -30.72  -30.83  -29.89  -26.13  -17.17  -17.20  -17.16  267.90   14.11
 141.  800.    1.52    1.36     .73  -17.14  -17.12   73.20   75.10    3.55    3.92  277.60  391.60    1.86    2.41  -17.15  -29.00  -29.20  -29.52  -29.93  -30.35  -30.67  -30.78  -29.85  -26.12  -17.15  -16.82  -16.79  271.40   14.55
 141.  900.    1.89    1.67     .63  -16.15  -16.16   73.10   75.10    2.52    2.79  258.60  391.00    1.85    2.41  -16.83  -29.01  -29.20  -29.53  -29.93  -30.35  -30.67  -30.79  -29.87  -26.14  -16.83  -15.81  -15.78  252.90   14.05
 141. 1000.    1.69    1.49     .79  -14.81  -14.82   74.60   76.60    1.90    2.07  261.00  390.10    1.85    2.40  -16.21  -28.97  -29.17  -29.48  -29.90  -30.32  -30.63  -30.74  -29.80  -26.03  -16.21  -14.53  -14.55  255.30   14.07
 141. 1100.    1.80    1.60     .81  -12.66  -12.66   74.70   76.40    1.48    1.57  240.10  389.60    1.84    2.39  -15.06  -28.98  -29.18  -29.50  -29.92  -30.35  -30.67  -30.79  -29.88  -26.05  -15.06  -12.44  -12.44  234.70   14.06
 141. 1200.    2.10    1.86     .77  -11.26  -11.29   73.70   75.50    1.50    1.58  216.60  389.20    1.84    2.39  -13.97  -28.96  -29.17  -29.48  -29.91  -30.33  -30.66  -30.78  -29.85  -26.03  -13.97  -10.96  -10.98  211.80   13.69
 141. 1300.    2.65    2.34     .93   -9.00   -9.11   67.06   68.11     .89     .94  216.70  388.80    1.83    2.38  -12.90  -28.96  -29.16  -29.46  -29.88  -30.32  -30.65  -30.79  -29.90  -26.14  -12.90   -8.74   -8.58  215.20   13.57
 141. 1400.    2.86    2.53    1.21   -6.69   -6.92   58.86   60.26     .58     .63  205.60  388.00    1.83    2.38  -11.84  -28.92  -29.11  -29.42  -29.83  -30.26  -30.59  -30.72  -29.81  -26.06  -11.84   -6.16   -6.05  200.90   13.49
 141. 1500.    2.68    2.36    1.00   -7.44   -7.59   63.99   65.89    1.15    1.19   43.18  387.30    1.83    2.37  -11.13  -28.85  -29.04  -29.34  -29.76  -30.16  -30.47  -30.57  -29.58  -25.88  -11.13   -6.74   -6.81   41.27   13.41
 141. 1600.    2.63    2.34     .60   -8.11   -8.37   71.50   74.00    2.37    2.45   68.89  386.70    1.82    2.37  -10.50  -28.83  -29.03  -29.34  -29.76  -30.15  -30.46  -30.54  -29.50  -25.76  -10.50   -7.67   -7.86   65.02   13.83
 141. 1700.    2.67    2.36     .50   -8.09   -8.33   72.20   75.00    2.51    2.62   81.80  386.60    1.82    2.37  -10.01  -28.85  -29.04  -29.35  -29.76  -30.17  -30.48  -30.57  -29.55  -25.83  -10.01   -7.59   -7.84   77.60   13.77
 141. 1800.    2.19    1.93     .62   -8.37   -8.51   74.30   76.90    2.46    2.62   79.10  386.10    1.83    2.37   -9.91  -28.85  -29.05  -29.37  -29.79  -30.19  -30.51  -30.60  -29.58  -25.77   -9.91   -7.95   -8.12   74.30   14.07
 141. 1900.    2.23    1.96     .58   -8.68   -8.79   75.60   78.00    2.52    2.72   46.55  386.10    1.83    2.38  -10.12  -28.86  -29.06  -29.38  -29.80  -30.21  -30.53  -30.62  -29.62  -25.78  -10.12   -8.19   -8.26   43.72   13.89
 141. 2000.    2.08    1.84     .60   -9.69   -9.77   77.20   79.90    2.38    2.65   49.63  385.80    1.83    2.38  -10.62  -28.86  -29.07  -29.40  -29.81  -30.23  -30.54  -30.62  -29.60  -25.67  -10.62   -9.21   -9.25   46.98   14.74
 141. 2100.    1.79    1.61     .67  -10.83  -10.83   77.90   81.10    1.90    2.20   36.04  385.60    1.83    2.39  -11.28  -28.87  -29.08  -29.41  -29.82  -30.23  -30.55  -30.63  -29.61  -25.61  -11.28  -10.33  -10.38   33.08   14.93
 141. 2200.    1.44    1.29     .78  -11.97  -11.89   79.90   83.30    2.17    2.52   26.35  385.40    1.84    2.39  -12.02  -28.89  -29.10  -29.43  -29.86  -30.26  -30.59  -30.65  -29.59  -25.56  -12.02  -11.50  -11.53   22.87   14.79
 141. 2300.    1.22    1.09     .86  -12.84  -12.84   77.70   82.70    1.54    1.90   15.48  385.30    1.84    2.40  -12.97  -28.92  -29.13  -29.45  -29.88  -30.30  -30.63  -30.71  -29.67  -25.61  -12.97  -12.28  -12.52   17.60   14.67
 142.    0.     .93     .83     .98  -13.69  -13.99   72.10   80.20    1.42    1.76  267.00  385.30    1.85    2.40  -13.99  -28.92  -29.14  -29.47  -29.90  -30.32  -30.65  -30.72  -29.66  -25.60  -13.99  -12.84  -13.61  280.60   14.52
 142.  100.     .80     .70    1.03  -15.14  -15.19   75.30   82.00    1.50    1.83  338.90  385.10    1.85    2.41  -15.05  -28.95  -29.16  -29.49  -29.92  -30.35  -30.68  -30.75  -29.68  -25.61  -15.05  -14.41  -14.81  334.10   14.41
 142.  200.     .37     .34    1.23  -16.43  -16.31   83.00   87.00    2.42    2.80  342.40  385.10    1.86    2.41  -15.90  -28.96  -29.17  -29.49  -29.91  -30.32  -30.64  -30.70  -29.61  -25.62  -15.90  -16.09  -16.06  330.10   14.27
 142.  300.     .36     .35    1.22  -15.53  -15.45   82.50   85.90    2.50    2.84  342.80  384.70    1.85    2.41  -16.39  -29.02  -29.22  -29.54  -29.97  -30.38  -30.70  -30.78  -29.72  -25.72  -16.39  -15.31  -15.29  335.90   13.90
 142.  400.     .51     .48    1.17  -14.59  -14.75   80.80   85.20    3.58    3.92  331.40  384.70    1.85    2.40  -16.05  -29.03  -29.24  -29.55  -29.97  -30.41  -30.73  -30.81  -29.76  -25.75  -16.05  -14.24  -14.52  341.40   13.95
 142.  500.     .49     .44    1.21  -14.37  -14.54   82.40   86.30    3.61    3.89  345.30  384.60    1.85    2.40  -15.64  -29.02  -29.22  -29.54  -29.96  -30.39  -30.71  -30.77  -29.67  -25.67  -15.64  -14.16  -14.42  344.40   13.99
 142.  600.     .67     .60    1.12  -13.40  -13.66   81.30   85.60    3.51    3.78  313.30  385.10    1.84    2.40  -15.11  -29.02  -29.22  -29.54  -29.96  -30.40  -30.72  -30.77  -29.67  -25.65  -15.11  -13.12  -13.51  321.10   14.28
 142.  700.     .88     .80    1.03  -12.82  -13.22   79.00   84.50    2.85    3.08  322.20  385.80    1.83    2.39  -14.68  -29.01  -29.21  -29.54  -29.95  -30.38  -30.71  -30.76  -29.65  -25.63  -14.68  -12.42  -13.01  327.50   14.66
 142.  800.    1.06     .96     .99  -12.51  -12.97   77.70   83.70    2.88    3.12  339.90  386.80    1.83    2.40  -14.25  -29.00  -29.20  -29.52  -29.94  -30.37  -30.69  -30.74  -29.61  -25.57  -14.25  -12.04  -12.73  339.60   14.43
 142.  900.    1.39    1.25     .87  -12.37  -12.65   77.40   82.60    2.99    3.22  326.90  387.40    1.83    2.39  -13.81  -29.00  -29.19  -29.51  -29.93  -30.36  -30.69  -30.74  -29.61  -25.57  -13.81  -11.87  -12.40  326.50   14.29
 142. 1000.    1.72    1.54     .78  -12.43  -12.49   77.80   81.40    3.11    3.34  319.10  387.60    1.83    2.39  -13.33  -28.99  -29.19  -29.50  -29.92  -30.36  -30.67  -30.73  -29.58  -25.55  -13.33  -11.93  -12.23  317.90   14.18
 142. 1100.    2.12    1.89     .73  -12.11  -12.01   76.70   79.10    3.12    3.38  306.10  387.80    1.83    2.39  -12.72  -28.99  -29.18  -29.49  -29.91  -30.34  -30.66  -30.71  -29.55  -25.55  -12.72  -11.57  -11.67  303.90   13.93
 142. 1200.    2.67    2.38     .72  -11.76  -11.57   74.40   76.40    2.65    2.88  298.60  387.70    1.82    2.39  -12.09  -28.98  -29.17  -29.47  -29.88  -30.31  -30.62  -30.68  -29.52  -25.60  -12.09  -11.14  -11.14  295.90   13.69
 142. 1300.    2.69    2.38     .86  -11.14  -11.07   72.80   74.90    2.57    2.81  284.00  387.40    1.82    2.38  -11.48  -28.94  -29.13  -29.44  -29.85  -30.27  -30.58  -30.62  -29.44  -25.50  -11.48  -10.57  -10.61  279.70   13.62
 142. 1400.    3.02    2.67     .51  -11.95  -11.85   71.50   73.50    3.93    4.30  285.80  387.10    1.82    2.39  -11.48  -28.91  -29.11  -29.41  -29.82  -30.24  -30.54  -30.56  -29.34  -25.37  -11.48  -11.39  -11.47  282.10   14.15
 142. 1500.    3.06    2.71     .31  -12.68  -12.70   70.60   72.80    4.09    4.47  273.00  386.90    1.83    2.39  -11.53  -28.93  -29.13  -29.44  -29.86  -30.26  -30.56  -30.59  -29.38  -25.37  -11.53  -12.21  -12.30  268.00   14.02
 142. 1600.    3.01    2.67     .26  -12.53  -12.57   69.74   72.00    3.91    4.27  263.90  386.60    1.83    2.39  -11.10  -28.96  -29.15  -29.46  -29.87  -30.28  -30.59  -30.63  -29.43  -25.43  -11.10  -12.08  -12.19  258.10   14.09
 142. 1700.    2.88    2.52     .32  -11.96  -12.05   69.70   72.00    5.95    6.47  265.40  386.40    1.83    2.39  -10.86  -28.96  -29.15  -29.46  -29.88  -30.28  -30.59  -30.63  -29.44  -25.46  -10.86  -11.54  -11.72  259.70   14.11
 142. 1800.    2.66    2.29     .43  -11.83  -11.93   70.30   72.40    6.70    7.23  260.20  386.00    1.84    2.38  -11.24  -28.96  -29.15  -29.47  -29.89  -30.29  -30.61  -30.64  -29.46  -25.43  -11.24  -11.45  -11.60  255.10   14.11
 142. 1900.    2.28    1.99     .58  -12.16  -12.20   69.51   71.30    6.89    7.44  255.10  385.90    1.83    2.39  -11.69  -28.96  -29.16  -29.47  -29.90  -30.31  -30.63  -30.67  -29.52  -25.44  -11.69  -11.78  -11.88  249.70   14.29
 142. 2000.    1.92    1.70     .69  -13.04  -13.06   71.10   73.00    5.83    6.32  254.70  385.80    1.84    2.39  -12.16  -28.96  -29.16  -29.48  -29.90  -30.31  -30.64  -30.67  -29.52  -25.43  -12.16  -12.68  -12.75  248.70   14.52
 142. 2100.    1.82    1.64     .70  -13.17  -13.18   71.80   74.00    4.59    5.00  258.40  385.50    1.84    2.40  -12.60  -28.97  -29.18  -29.50  -29.92  -30.33  -30.66  -30.70  -29.53  -25.37  -12.60  -12.81  -12.89  252.30   14.49
 142. 2200.    1.36    1.22     .94  -13.87  -13.82   72.30   74.40    4.25    4.71  270.10  385.50    1.84    2.39  -13.25  -28.97  -29.18  -29.50  -29.92  -30.33  -30.66  -30.70  -29.53  -25.33  -13.25  -13.50  -13.52  264.70   14.52
 142. 2300.    1.09     .99    1.01  -14.47  -14.38   73.50   75.60    4.17    4.62  281.20  385.40    1.85    2.40  -13.98  -28.98  -29.19  -29.51  -29.93  -30.35  -30.67  -30.70  -29.51  -25.30  -13.98  -14.12  -14.10  275.50   14.74
 143.    0.    1.01     .91    1.03  -15.02  -14.92   74.50   76.50    4.00    4.42  289.70  385.60    1.85    2.40  -14.52  -28.99  -29.20  -29.52  -29.94  -30.35  -30.67  -30.71  -29.51  -25.30  -14.52  -14.67  -14.64  285.30   14.69
 143.  100.     .98     .88    1.04  -15.86  -15.73   74.60   76.60    3.38    3.76  298.40  385.50    1.85    2.40  -15.04  -29.00  -29.21  -29.53  -29.96  -30.36  -30.69  -30.74  -29.56  -25.31  -15.04  -15.47  -15.41  294.90   14.65
 143.  200.     .60     .55    1.18  -17.13  -16.98   76.60   78.30    3.40    3.81  289.20  385.20    1.85    2.41  -15.68  -28.99  -29.20  -29.52  -29.94  -30.34  -30.67  -30.69  -29.46  -25.26  -15.68  -16.83  -16.70  284.00   14.49
 143.  300.     .44     .44    1.21  -18.59  -18.45   76.60   78.40    3.51    3.94  289.90  385.20    1.86    2.41  -16.51  -29.01  -29.22  -29.53  -29.96  -30.35  -30.67  -30.69  -29.46  -25.27  -16.51  -18.33  -18.23  285.80   14.40
 143.  400.     .61     .56    1.12  -19.34  -19.22   76.00   78.20    3.80    4.26  291.80  384.90    1.86    2.42  -17.33  -29.05  -29.26  -29.57  -29.99  -30.40  -30.72  -30.74  -29.53  -25.33  -17.33  -19.05  -18.98  287.30   14.34
 143.  500.     .79     .72    1.03  -19.12  -19.00   75.60   77.80    3.57    4.00  293.60  384.80    1.86    2.42  -17.77  -29.08  -29.29  -29.60  -30.02  -30.44  -30.77  -30.81  -29.61  -25.40  -17.77  -18.79  -18.74  290.00   14.43
 143.  600.     .80     .72    1.03  -19.35  -19.25   75.50   77.70    2.98    3.37  287.30  384.80    1.86    2.42  -18.00  -29.08  -29.28  -29.59  -30.02  -30.44  -30.75  -30.78  -29.55  -25.36  -18.00  -19.00  -18.95  282.20   14.62
 143.  700.    1.16    1.04     .86  -19.33  -19.29   74.40   76.50    3.85    4.23  285.00  384.90    1.86    2.42  -18.08  -29.08  -29.29  -29.60  -30.02  -30.44  -30.76  -30.79  -29.58  -25.37  -18.08  -18.99  -19.00  279.90   14.92
 143.  800.    1.32    1.18     .79  -19.19  -19.16   74.80   76.90    4.49    4.88  287.80  384.70    1.86    2.42  -17.96  -29.07  -29.27  -29.58  -30.01  -30.41  -30.72  -30.75  -29.52  -25.32  -17.96  -18.84  -18.88  283.60   14.65
 143.  900.    1.70    1.50     .62  -18.87  -18.83   74.80   76.80    4.69    5.08  290.70  384.50    1.86    2.42  -17.71  -29.08  -29.27  -29.58  -29.99  -30.41  -30.72  -30.75  -29.52  -25.31  -17.71  -18.49  -18.54  287.00   14.26
 143. 1000.    2.38    2.09     .34  -17.99  -17.94   74.80   76.70    5.22    5.63  294.30  384.30    1.86    2.41  -17.41  -29.08  -29.27  -29.58  -29.98  -30.41  -30.72  -30.76  -29.53  -25.33  -17.41  -17.54  -17.63  290.20   14.18
 143. 1100.    2.10    1.84     .52  -17.15  -17.08   75.90   77.90    5.32    5.74  297.70  383.90    1.86    2.41  -16.85  -29.04  -29.24  -29.54  -29.95  -30.37  -30.68  -30.69  -29.42  -25.22  -16.85  -16.72  -16.80  294.70   14.30
 143. 1200.    2.63    2.30     .28  -16.47  -16.38   75.10   77.00    5.55    5.97  297.90  383.80    1.85    2.41  -16.30  -29.04  -29.23  -29.54  -29.94  -30.37  -30.68  -30.68  -29.38  -25.21  -16.30  -16.02  -16.10  293.80   14.11
 143. 1300.    2.48    2.16     .39  -15.72  -15.63   74.90   76.80    5.82    6.28  297.60  383.90    1.85    2.41  -15.81  -29.02  -29.22  -29.53  -29.93  -30.35  -30.65  -30.66  -29.35  -25.15  -15.81  -15.28  -15.38  294.90   14.10
 143. 1400.    2.86    2.49     .25  -15.00  -14.89   73.70   75.60    6.30    6.76  300.00  383.70    1.85    2.40  -15.69  -29.03  -29.22  -29.53  -29.93  -30.35  -30.66  -30.66  -29.35  -25.15  -15.69  -14.53  -14.63  297.20   13.99
 143. 1500.    3.07    2.66     .16  -14.47  -14.35   74.00   76.00    7.04    7.55  301.00  383.40    1.85    2.40  -15.26  -29.01  -29.21  -29.51  -29.93  -30.34  -30.64  -30.64  -29.29  -25.07  -15.26  -13.99  -14.10  298.30   14.03
 143. 1600.    3.06    2.64     .16  -14.06  -13.92   74.40   76.40    6.97    7.47  302.10  383.20    1.85    2.40  -14.81  -29.01  -29.20  -29.51  -29.92  -30.34  -30.64  -30.62  -29.24  -25.03  -14.81  -13.56  -13.68  300.00   13.97
 143. 1700.    2.72    2.35     .32  -13.71  -13.58   75.20   77.60    6.74    7.25  304.90  383.40    1.84    2.40  -14.28  -29.00  -29.19  -29.50  -29.92  -30.33  -30.64  -30.61  -29.22  -25.00  -14.28  -13.22  -13.37  303.40   14.11
 143. 1800.    2.59    2.24     .43  -13.73  -13.62   75.20   77.70    6.97    7.51  307.10  383.50    1.84    2.40  -14.01  -29.00  -29.19  -29.51  -29.92  -30.34  -30.63  -30.59  -29.18  -24.90  -14.01  -13.23  -13.40  305.40   14.14
 143. 1900.    2.55    2.22     .45  -13.85  -13.74   75.50   77.80    7.98    8.57  308.10  383.70    1.84    2.40  -13.74  -28.99  -29.19  -29.51  -29.93  -30.34  -30.65  -30.59  -29.15  -24.81  -13.74  -13.36  -13.53  307.60   14.19
 143. 2000.    1.96    1.72     .67  -14.88  -14.77   75.70   77.80    8.24    8.85  301.20  383.80    1.85    2.40  -14.10  -28.98  -29.18  -29.52  -29.94  -30.36  -30.66  -30.57  -29.10  -24.68  -14.10  -14.47  -14.56  298.40   14.29
 143. 2100.    1.89    1.68     .66  -15.56  -15.46   75.60   77.60    8.14    8.75  299.60  384.10    1.85    2.41  -14.48  -29.00  -29.21  -29.54  -29.95  -30.37  -30.68  -30.60  -29.13  -24.66  -14.48  -15.17  -15.25  296.10   14.38
 143. 2200.    1.45    1.28     .85  -16.19  -16.10   75.50   77.60    7.44    8.00  299.70  384.60    1.85    2.41  -15.03  -29.00  -29.21  -29.54  -29.95  -30.37  -30.68  -30.61  -29.16  -24.68  -15.03  -15.81  -15.87  296.80   14.67
 143. 2300.    1.08     .96    1.00  -16.99  -16.89   75.00   77.10    7.04    7.60  299.20  384.70    1.86    2.41  -15.76  -29.01  -29.22  -29.54  -29.97  -30.38  -30.69  -30.61  -29.15  -24.68  -15.76  -16.64  -16.69  296.70   14.80
 144.    0.     .89     .79    1.07  -17.59  -17.49   75.50   77.60    6.63    7.19  297.00  385.00    1.86    2.42  -16.51  -29.03  -29.24  -29.57  -29.98  -30.41  -30.71  -30.64  -29.18  -24.71  -16.51  -17.26  -17.28  294.40   14.69
 144.  100.     .68     .60    1.16  -17.96  -17.85   76.20   78.20    6.35    6.91  297.80  385.40    1.86    2.42  -17.11  -29.05  -29.26  -29.59  -30.00  -30.42  -30.73  -30.67  -29.22  -24.76  -17.11  -17.68  -17.67  293.60   14.60
 144.  200.     .49     .44    1.24  -18.46  -18.32   77.10   78.90    6.37    6.98  291.60  385.50    1.86    2.42  -17.73  -29.06  -29.27  -29.59  -30.02  -30.42  -30.73  -30.67  -29.22  -24.78  -17.73  -18.22  -18.13  287.80   14.41
 144.  300.     .49     .57    1.16  -18.69  -18.52   76.60   78.00    6.34    6.95  288.40  385.90    1.86    2.42  -18.19  -29.08  -29.29  -29.61  -30.03  -30.46  -30.77  -30.72  -29.30  -24.83  -18.19  -18.41  -18.26  285.30   14.37
 144.  400.     .73     .65    1.11  -19.14  -19.06   75.30   77.30    6.91    7.54  285.00  386.20    1.86    2.42  -18.61  -29.08  -29.29  -29.61  -30.03  -30.45  -30.77  -30.72  -29.29  -24.84  -18.61  -18.83  -18.80  280.40   14.39
 144.  500.     .82     .74    1.05  -19.49  -19.43   74.80   76.80    6.88    7.52  281.70  386.30    1.87    2.42  -18.95  -29.09  -29.30  -29.62  -30.04  -30.47  -30.78  -30.73  -29.31  -24.85  -18.95  -19.20  -19.16  277.10   14.47
 144.  600.    1.00     .91     .96  -19.51  -19.46   74.50   76.50    7.22    7.88  281.10  386.40    1.87    2.43  -19.12  -29.09  -29.30  -29.62  -30.05  -30.47  -30.78  -30.73  -29.29  -24.85  -19.12  -19.20  -19.17  277.00   14.62
 144.  700.    1.22    1.09     .87  -19.41  -19.39   73.90   75.80    7.41    8.05  280.30  386.50    1.86    2.42  -19.08  -29.09  -29.30  -29.62  -30.03  -30.46  -30.77  -30.71  -29.26  -24.85  -19.08  -19.09  -19.11  275.10   14.86
 144.  800.    1.51    1.34     .76  -18.99  -18.99   72.70   74.60    7.41    8.06  277.70  386.70    1.86    2.42  -18.85  -29.10  -29.30  -29.61  -30.02  -30.44  -30.75  -30.70  -29.27  -24.87  -18.85  -18.66  -18.68  272.50   14.75
 144.  900.    1.70    1.50     .69  -18.83  -18.84   72.40   74.20    7.28    7.90  278.20  386.30    1.86    2.42  -18.56  -29.08  -29.28  -29.59  -30.00  -30.42  -30.72  -30.67  -29.24  -24.84  -18.56  -18.52  -18.54  272.90   14.20
 144. 1000.    1.96    1.72     .63  -17.61  -17.61   72.10   73.90    6.87    7.43  278.20  386.00    1.86    2.41  -18.07  -29.08  -29.28  -29.59  -30.01  -30.42  -30.73  -30.68  -29.26  -24.86  -18.07  -17.29  -17.32  272.90   14.22
 144. 1100.    2.26    1.96     .54  -16.87  -16.88   72.20   74.10    6.26    6.79  276.70  385.70    1.86    2.41  -17.57  -29.08  -29.27  -29.58  -29.99  -30.41  -30.71  -30.67  -29.26  -24.88  -17.57  -16.53  -16.56  271.50   14.24
 144. 1200.    2.64    2.31     .44  -16.04  -16.09   72.10   74.00    6.28    6.80  273.20  385.10    1.85    2.41  -16.79  -29.06  -29.25  -29.55  -29.97  -30.37  -30.68  -30.64  -29.21  -24.89  -16.79  -15.68  -15.72  268.30   13.89
 144. 1300.    2.96    2.57     .38  -15.34  -15.37   71.50   73.40    5.61    6.09  278.10  384.60    1.85    2.41  -16.15  -29.05  -29.24  -29.54  -29.96  -30.36  -30.66  -30.62  -29.20  -24.88  -16.15  -14.93  -15.04  272.70   13.95
 144. 1400.    3.07    2.66     .34  -14.89  -14.92   71.70   73.70    5.91    6.39  278.20  384.10    1.85    2.40  -16.14  -29.03  -29.23  -29.53  -29.93  -30.34  -30.64  -30.59  -29.15  -24.81  -16.14  -14.48  -14.59  272.70   13.92
 144. 1500.    3.11    2.70     .28  -14.50  -14.52   72.00   74.00    6.09    6.60  279.80  383.60    1.85    2.40  -15.70  -29.03  -29.22  -29.52  -29.94  -30.33  -30.63  -30.59  -29.14  -24.78  -15.70  -14.09  -14.23  274.30   14.33
 144. 1600.    3.05    2.64     .31  -13.96  -13.97   72.20   74.30    5.94    6.41  279.60  383.10    1.85    2.40  -14.94  -29.02  -29.22  -29.53  -29.93  -30.34  -30.63  -30.58  -29.13  -24.79  -14.94  -13.56  -13.67  274.30   13.97
 144. 1700.    2.91    2.51     .36  -13.56  -13.55   72.40   74.60    6.16    6.67  280.90  382.70    1.84    2.39  -14.44  -29.01  -29.20  -29.50  -29.92  -30.31  -30.60  -30.55  -29.08  -24.78  -14.44  -13.11  -13.30  276.70   13.90
 144. 1800.    2.71    2.33     .47  -13.42  -13.38   72.70   75.00    5.96    6.47  285.80  382.40    1.84    2.39  -14.23  -29.00  -29.19  -29.50  -29.91  -30.30  -30.59  -30.54  -29.06  -24.74  -14.23  -12.97  -13.15  281.70   14.29
 144. 1900.    2.44    2.11     .64  -13.21  -13.13   73.00   75.00    5.47    5.96  283.70  382.10    1.84    2.39  -14.20  -29.00  -29.20  -29.51  -29.93  -30.32  -30.63  -30.57  -29.12  -24.73  -14.20  -12.80  -12.90  278.70   14.20
 144. 2000.    2.13    1.85     .78  -13.37  -13.31   73.50   75.70    5.17    5.63  279.80  382.00    1.84    2.39  -14.31  -28.99  -29.20  -29.51  -29.93  -30.34  -30.64  -30.58  -29.13  -24.67  -14.31  -13.00  -13.05  274.40   14.20
 144. 2100.    1.79    1.59     .88  -13.79  -13.73   73.90   76.20    4.95    5.43  275.40  381.70    1.85    2.40  -14.63  -28.99  -29.20  -29.51  -29.94  -30.33  -30.64  -30.57  -29.12  -24.64  -14.63  -13.43  -13.46  271.00   14.91
 144. 2200.    1.50    1.31     .99  -14.37  -14.31   74.30   76.50    5.35    5.86  277.10  381.50    1.85    2.40  -15.07  -29.00  -29.21  -29.53  -29.94  -30.35  -30.65  -30.58  -29.11  -24.62  -15.07  -14.05  -14.05  272.20   14.95
 144. 2300.    1.21    1.06    1.06  -15.11  -15.03   74.40   76.70    5.18    5.70  278.40  381.30    1.85    2.40  -15.63  -29.00  -29.22  -29.53  -29.95  -30.35  -30.66  -30.59  -29.12  -24.62  -15.63  -14.80  -14.79  273.10   14.86
 145.    0.     .97     .85    1.11  -15.72  -15.63   74.40   76.60    5.34    5.88  275.50  381.20    1.85    2.41  -16.23  -29.01  -29.23  -29.55  -29.96  -30.37  -30.67  -30.61  -29.13  -24.63  -16.23  -15.42  -15.38  270.40   14.75
 145.  100.     .84     .73    1.44  -16.75  -16.63   75.10   77.00    5.85    6.43  274.20  380.80    1.86    2.41  -16.85  -29.03  -29.24  -29.56  -29.97  -30.38  -30.69  -30.62  -29.14  -24.64  -16.85  -16.50  -16.41  269.00   14.66
 145.  200.     .68     .59    1.32  -17.53  -17.35   75.30   76.60    6.26    6.88  277.40  380.70    1.86    2.41  -17.48  -29.04  -29.26  -29.57  -29.99  -30.39  -30.70  -30.63  -29.13  -24.64  -17.48  -17.33  -17.13  272.90   14.58
 145.  300.     .54     .61    1.24  -17.53  -17.34   75.70   77.00    5.93    6.53  280.80  380.50    1.86    2.41  -17.99  -29.07  -29.28  -29.60  -30.02  -30.42  -30.73  -30.66  -29.16  -24.68  -17.99  -17.30  -17.12  274.80   14.53
 145.  400.     .74     .66    1.20  -17.50  -17.41   75.80   77.90    6.61    7.24  278.10  380.30    1.86    2.41  -18.18  -29.08  -29.29  -29.60  -30.02  -30.43  -30.74  -30.67  -29.18  -24.71  -18.18  -17.22  -17.14  274.10   14.57
 145.  500.     .85     .76    1.14  -17.63  -17.57   75.90   78.00    6.66    7.28  278.10  380.30    1.86    2.42  -18.36  -29.09  -29.30  -29.61  -30.03  -30.45  -30.76  -30.68  -29.19  -24.72  -18.36  -17.35  -17.32  273.20   14.64
 145.  600.    1.04     .94    1.06  -17.33  -17.28   76.20   78.20    7.06    7.71  278.40  380.30    1.86    2.41  -18.31  -29.09  -29.30  -29.61  -30.03  -30.46  -30.75  -30.68  -29.17  -24.74  -18.31  -17.06  -17.01  272.60   14.78
 145.  700.    1.38    1.24     .98  -15.99  -15.96   76.50   78.40    7.04    7.68  280.60  380.40    1.85    2.41  -17.76  -29.09  -29.30  -29.61  -30.02  -30.44  -30.74  -30.66  -29.15  -24.72  -17.76  -15.73  -15.71  276.30   14.90
 145.  800.    1.34    1.19    1.05  -15.56  -15.56   76.30   78.30    6.39    6.95  279.30  380.40    1.85    2.40  -16.93  -29.06  -29.26  -29.57  -29.99  -30.39  -30.69  -30.60  -29.07  -24.67  -16.93  -15.31  -15.33  274.00   14.30
 145.  900.    1.88    1.66     .88  -15.36  -15.35   74.40   76.40    5.76    6.30  276.30  380.30    1.85    2.40  -16.58  -29.07  -29.27  -29.58  -29.98  -30.39  -30.68  -30.60  -29.06  -24.69  -16.58  -15.06  -15.02  270.60   14.35
 145. 1000.    2.25    1.96     .79  -14.68  -14.62   73.90   75.80    5.69    6.20  284.70  380.30    1.85    2.40  -16.17  -29.06  -29.26  -29.57  -29.97  -30.37  -30.67  -30.57  -29.02  -24.64  -16.17  -14.35  -14.34  280.20   14.15
 145. 1100.    2.52    2.19     .69  -13.90  -13.88   73.60   75.30    6.26    6.78  283.40  380.10    1.85    2.40  -15.42  -29.04  -29.24  -29.54  -29.95  -30.36  -30.65  -30.55  -28.99  -24.62  -15.42  -13.55  -13.59  278.40   13.98
 145. 1200.    2.75    2.40     .58  -13.54  -13.53   72.90   74.80    5.61    6.09  282.50  379.70    1.84    2.40  -14.80  -29.03  -29.22  -29.53  -29.93  -30.33  -30.62  -30.52  -28.95  -24.63  -14.80  -13.17  -13.23  277.70   14.02
 145. 1300.    2.91    2.53     .56  -12.81  -12.78   73.40   75.20    5.87    6.37  284.40  379.40    1.84    2.39  -14.19  -29.03  -29.22  -29.52  -29.92  -30.33  -30.61  -30.50  -28.92  -24.60  -14.19  -12.43  -12.53  279.90   14.34
 145. 1400.    3.02    2.62     .51  -12.01  -11.99   73.50   75.40    5.59    6.05  281.80  379.40    1.84    2.39  -14.21  -29.02  -29.21  -29.51  -29.93  -30.32  -30.60  -30.50  -28.92  -24.58  -14.21  -11.62  -11.72  276.50   13.74
 145. 1500.    3.06    2.66     .47  -11.57  -11.56   73.30   75.20    6.15    6.66  280.60  379.20    1.84    2.39  -13.73  -29.01  -29.20  -29.50  -29.90  -30.31  -30.59  -30.48  -28.90  -24.55  -13.73  -11.17  -11.29  275.10   14.05
 145. 1600.    3.05    2.65     .46  -10.84  -10.78   73.10   75.00    5.75    6.21  284.60  379.00    1.83    2.38  -12.92  -29.01  -29.20  -29.51  -29.91  -30.30  -30.59  -30.48  -28.88  -24.56  -12.92  -10.40  -10.49  279.60   13.96
 145. 1700.    2.90    2.51     .50  -10.61  -10.60   73.60   75.80    6.01    6.49  279.60  378.80    1.83    2.38  -12.42  -28.99  -29.18  -29.48  -29.88  -30.28  -30.56  -30.45  -28.84  -24.55  -12.42  -10.20  -10.32  274.30   14.00
 145. 1800.    2.69    2.32     .66  -10.36  -10.36   73.10   75.50    5.35    5.80  277.50  378.80    1.83    2.38  -12.18  -28.99  -29.18  -29.49  -29.90  -30.29  -30.57  -30.44  -28.85  -24.55  -12.18   -9.94  -10.07  271.80   14.22
 145. 1900.    2.43    2.11     .83  -10.25  -10.20   73.10   75.20    4.92    5.36  274.80  378.80    1.83    2.38  -12.12  -28.98  -29.18  -29.49  -29.90  -30.29  -30.58  -30.47  -28.90  -24.53  -12.12   -9.84   -9.89  269.80   14.21
 145. 2000.    2.12    1.85     .97  -10.44  -10.38   73.20   75.30    4.28    4.74  271.20  378.60    1.83    2.38  -12.24  -28.98  -29.18  -29.50  -29.92  -30.31  -30.60  -30.48  -28.90  -24.48  -12.24  -10.07  -10.06  265.30   14.19
 145. 2100.    1.79    1.59    1.06  -10.80  -10.73   73.20   75.40    4.69    5.18  270.90  378.80    1.83    2.38  -12.51  -28.98  -29.19  -29.51  -29.91  -30.32  -30.60  -30.47  -28.89  -24.43  -12.51  -10.44  -10.43  265.80   14.95
 145. 2200.    1.50    1.32    1.11  -11.44  -11.39   73.50   75.70    4.98    5.51  266.20  378.60    1.84    2.39  -12.93  -28.98  -29.19  -29.51  -29.93  -30.32  -30.61  -30.48  -28.87  -24.41  -12.93  -11.13  -11.10  261.40   15.00
 145. 2300.    1.14    1.00    1.18  -12.44  -12.38   73.60   75.70    5.67    6.24  266.90  378.80    1.84    2.39  -13.53  -28.98  -29.20  -29.52  -29.94  -30.33  -30.61  -30.47  -28.84  -24.39  -13.53  -12.12  -12.10  260.70   14.91
 146.    0.     .78     .69    1.25  -13.52  -13.43   73.70   75.70    5.84    6.44  267.20  378.80    1.84    2.40  -14.23  -29.00  -29.21  -29.53  -29.94  -30.34  -30.62  -30.47  -28.82  -24.40  -14.23  -13.26  -13.20  261.80   14.77
 146.  100.     .61     .54    1.29  -14.31  -14.19   74.20   76.00    5.53    6.12  264.80  379.20    1.85    2.40  -14.88  -29.02  -29.24  -29.55  -29.95  -30.36  -30.65  -30.50  -28.86  -24.46  -14.88  -14.09  -13.98  260.00   14.66
 146.  200.     .55     .49    1.30  -14.66  -14.51   74.00   75.60    6.23    6.86  271.20  379.20    1.85    2.40  -15.41  -29.04  -29.25  -29.57  -29.98  -30.38  -30.67  -30.52  -28.89  -24.49  -15.41  -14.47  -14.34  265.40   14.58
 146.  300.     .62     .68    1.19  -15.02  -14.88   74.00   75.40    5.95    6.55  273.00  379.10    1.85    2.40  -15.77  -29.06  -29.27  -29.58  -30.00  -30.40  -30.70  -30.56  -28.94  -24.50  -15.77  -14.84  -14.67  267.00   14.63
 146.  400.     .84     .76    1.14  -15.36  -15.31   73.60   75.60    6.07    6.65  272.80  379.20    1.85    2.40  -15.95  -29.06  -29.27  -29.58  -30.00  -30.41  -30.70  -30.55  -28.93  -24.51  -15.95  -15.12  -15.08  267.00   14.75
 146.  500.     .70     .64    1.20  -15.84  -15.77   74.30   76.30    5.79    6.35  276.10  379.50    1.85    2.41  -16.25  -29.06  -29.27  -29.58  -30.00  -30.40  -30.69  -30.53  -28.88  -24.48  -16.25  -15.60  -15.57  269.90   14.78
 146.  600.     .76     .68    1.15  -16.36  -16.27   74.40   76.40    5.37    5.91  276.10  379.50    1.85    2.41  -16.60  -29.06  -29.27  -29.58  -29.99  -30.39  -30.67  -30.51  -28.85  -24.48  -16.60  -16.13  -16.07  271.30   14.87
 146.  700.     .97     .86    1.07  -16.14  -16.06   74.30   76.30    5.33    5.84  279.10  379.60    1.85    2.41  -16.71  -29.08  -29.29  -29.60  -30.02  -30.41  -30.69  -30.53  -28.87  -24.51  -16.71  -15.91  -15.86  274.60   15.06
 146.  800.    1.24    1.10     .99  -15.68  -15.60   73.70   75.60    5.31    5.81  281.00  379.90    1.85    2.41  -16.54  -29.09  -29.29  -29.60  -30.01  -30.41  -30.69  -30.53  -28.88  -24.52  -16.54  -15.42  -15.37  276.90   14.62
 146.  900.    1.56    1.37     .87  -15.50  -15.44   73.10   75.00    4.87    5.35  279.10  379.90    1.85    2.40  -16.32  -29.08  -29.28  -29.59  -29.99  -30.39  -30.67  -30.52  -28.86  -24.51  -16.32  -15.23  -15.18  273.90   14.19
 146. 1000.    1.93    1.69     .76  -15.16  -15.12   72.30   74.20    4.20    4.62  278.20  379.80    1.85    2.40  -15.94  -29.08  -29.28  -29.58  -29.99  -30.39  -30.66  -30.51  -28.84  -24.50  -15.94  -14.85  -14.83  273.50   14.39
 146. 1100.    2.29    2.00     .68  -14.52  -14.47   71.40   73.20    3.51    3.85  282.70  379.80    1.85    2.40  -15.37  -29.06  -29.26  -29.57  -29.97  -30.37  -30.65  -30.49  -28.82  -24.48  -15.37  -14.11  -14.14  278.30   14.01
 146. 1200.    2.66    2.32     .58  -13.76  -13.75   70.60   72.40    3.87    4.22  279.80  379.70    1.85    2.40  -14.76  -29.05  -29.24  -29.54  -29.95  -30.35  -30.62  -30.46  -28.77  -24.50  -14.76  -13.34  -13.39  274.40   13.86
 146. 1300.    2.94    2.56     .52  -13.18  -13.19   69.39   71.30    4.28    4.63  280.90  379.50    1.84    2.39  -14.03  -29.04  -29.23  -29.52  -29.93  -30.33  -30.59  -30.43  -28.75  -24.47  -14.03  -12.71  -12.80  276.00   14.19
 146. 1400.    3.10    2.69     .44  -12.72  -12.65   67.98   69.72    3.86    4.16  288.00  379.30    1.84    2.39  -14.13  -29.03  -29.22  -29.52  -29.92  -30.32  -30.58  -30.42  -28.72  -24.42  -14.13  -12.19  -12.27  284.00   13.93
 146. 1500.    2.95    2.58     .49  -12.36  -12.25   66.70   68.24    3.12    3.36  292.00  379.00    1.84    2.39  -13.72  -29.02  -29.21  -29.51  -29.91  -30.29  -30.56  -30.40  -28.70  -24.40  -13.72  -11.76  -11.89  288.60   14.07
 146. 1600.    3.00    2.64     .42  -11.96  -11.88   66.06   67.67    2.77    2.97  287.80  378.80    1.84    2.39  -12.94  -29.01  -29.21  -29.51  -29.91  -30.30  -30.57  -30.41  -28.73  -24.40  -12.94  -11.38  -11.47  283.90   14.17
 146. 1700.    2.56    2.24     .64  -11.71  -11.72   65.79   67.68    2.44    2.61  275.20  378.60    1.84    2.39  -12.42  -29.00  -29.19  -29.50  -29.89  -30.28  -30.55  -30.40  -28.72  -24.41  -12.42  -11.17  -11.31  270.60   13.98
 146. 1800.    2.27    1.98     .68  -11.80  -11.85   67.58   69.67    2.59    2.81  270.90  378.10    1.84    2.39  -12.41  -28.99  -29.18  -29.49  -29.89  -30.27  -30.53  -30.37  -28.67  -24.36  -12.41  -11.33  -11.46  265.60   14.23
 146. 1900.    2.07    1.81     .76  -11.89  -11.82   67.66   69.58    1.70    1.90  282.80  378.00    1.84    2.39  -12.60  -28.99  -29.19  -29.50  -29.91  -30.29  -30.56  -30.39  -28.71  -24.38  -12.60  -11.29  -11.39  277.00   14.25
 146. 2000.    1.92    1.68     .84  -11.96  -11.93   67.10   69.24    1.14    1.38  278.20  377.90    1.84    2.39  -12.94  -28.99  -29.19  -29.50  -29.92  -30.30  -30.58  -30.41  -28.74  -24.36  -12.94  -11.31  -11.43  274.20   14.14
 146. 2100.    1.83    1.62     .91  -11.40  -11.67   63.12   65.96     .36     .69  277.80  377.70    1.84    2.40  -13.35  -29.00  -29.21  -29.52  -29.93  -30.32  -30.60  -30.44  -28.79  -24.36  -13.35  -10.80  -10.96  279.60   14.72
 146. 2200.    1.46    1.28    1.03  -12.88  -12.59   68.58   69.61     .12     .45  277.60  377.40    1.85    2.40  -13.85  -28.98  -29.20  -29.51  -29.92  -30.31  -30.59  -30.42  -28.75  -24.25  -13.85  -12.45  -12.00  279.20   14.18
 146. 2300.    1.20    1.06     .97  -14.82  -14.47   74.10   75.80     .87     .87  272.60  376.90    1.85    2.41  -14.70  -28.97  -29.19  -29.51  -29.92  -30.30  -30.57  -30.39  -28.66  -24.19  -14.70  -14.49  -14.05  247.20   14.69
 147.    0.    1.14    1.00     .99  -14.92  -14.93   71.60   74.40     .85    1.16  266.50  376.60    1.85    2.41  -15.08  -29.03  -29.25  -29.57  -29.97  -30.39  -30.65  -30.49  -28.80  -24.29  -15.08  -14.60  -14.44  261.00   15.01
 147.  100.     .89     .79    1.07  -16.46  -16.19   74.80   77.20     .93    1.21  262.40  376.50    1.86    2.41  -15.81  -29.03  -29.25  -29.57  -29.98  -30.38  -30.66  -30.49  -28.78  -24.26  -15.81  -16.11  -15.77  248.30   14.91
 147.  200.     .45     .41    1.23  -18.51  -18.24   78.90   81.60    1.44    1.80  271.50  376.40    1.86    2.42  -16.68  -29.02  -29.23  -29.53  -29.94  -30.32  -30.58  -30.38  -28.62  -24.23  -16.68  -18.23  -17.99  266.80   14.65
 147.  300.     .46     .43    1.20  -19.28  -19.12   79.10   81.70    1.51    1.81  293.90  375.90    1.86    2.42  -17.43  -29.07  -29.28  -29.58  -29.99  -30.36  -30.63  -30.44  -28.70  -24.34  -17.43  -18.99  -18.88  291.30   14.60
 147.  400.     .47     .43    1.18  -19.40  -19.27   78.30   81.00    1.14    1.39  296.20  375.80    1.86    2.42  -17.76  -29.11  -29.31  -29.61  -30.02  -30.41  -30.67  -30.49  -28.79  -24.44  -17.76  -19.08  -19.02  291.40   14.66
 147.  500.     .84     .76     .99  -20.33  -20.24   75.50   78.30    1.50    1.79  286.70  375.30    1.87    2.43  -18.29  -29.13  -29.34  -29.64  -30.05  -30.46  -30.73  -30.55  -28.85  -24.44  -18.29  -19.89  -19.83  282.50   14.80
 147.  600.     .88     .79     .97  -20.38  -20.29   75.30   78.10    1.09    1.29  301.90  375.30    1.87    2.43  -18.55  -29.12  -29.32  -29.63  -30.04  -30.43  -30.69  -30.50  -28.78  -24.42  -18.55  -19.94  -19.95  298.00   15.01
 147.  700.    1.36    1.23     .76  -19.34  -19.52   68.10   71.60     .68     .82  306.60  375.10    1.87    2.43  -18.54  -29.16  -29.35  -29.66  -30.07  -30.48  -30.74  -30.58  -28.90  -24.54  -18.54  -18.74  -18.99  301.40   14.58
 147.  800.    1.41    1.27     .76  -20.14  -20.09   68.72   71.60     .80    1.01  303.90  375.10    1.87    2.43  -18.59  -29.09  -29.29  -29.59  -29.99  -30.39  -30.65  -30.44  -28.69  -24.39  -18.59  -19.52  -19.52  295.70   14.23
 147.  900.    1.88    1.68     .55  -18.42  -19.22   61.68   69.43     .73     .88  313.40  375.20    1.87    2.43  -18.68  -29.11  -29.30  -29.60  -29.99  -30.41  -30.65  -30.44  -28.68  -24.41  -18.68  -17.61  -18.66  319.60   14.47
 147. 1000.    1.95    1.73     .52  -17.77  -18.92   60.87   70.00     .59     .69  183.40  375.50    1.87    2.43  -18.48  -29.06  -29.25  -29.56  -29.96  -30.34  -30.59  -30.38  -28.58  -24.33  -18.48  -17.03  -18.36  186.20   13.85
 147. 1100.    2.57    2.27     .29  -17.09  -17.71   64.27   68.46     .98    1.10   60.79  375.50    1.87    2.42  -17.82  -29.08  -29.28  -29.57  -29.97  -30.37  -30.61  -30.41  -28.65  -24.43  -17.82  -16.48  -16.80   63.69   13.68
 147. 1200.    2.76    2.44     .24  -16.42  -16.85   65.02   68.02    1.00    1.07   68.48  375.50    1.87    2.42  -17.11  -29.04  -29.22  -29.51  -29.90  -30.29  -30.53  -30.30  -28.50  -24.43  -17.11  -15.71  -15.88   62.54   13.61
 147. 1300.    2.94    2.60     .05  -17.32  -17.62   73.20   76.70    2.52    2.59   84.00  375.80    1.86    2.42  -16.39  -29.00  -29.20  -29.49  -29.89  -30.26  -30.50  -30.27  -28.42  -24.23  -16.39  -16.74  -17.07   79.90   13.80
 147. 1400.    3.02    2.65    -.04  -17.53  -17.62   74.40   77.40    2.81    2.89   92.00  375.60    1.86    2.42  -16.58  -29.02  -29.22  -29.51  -29.91  -30.29  -30.53  -30.29  -28.47  -24.23  -16.58  -16.97  -17.17   87.80   13.84
 147. 1500.    3.15    2.79    -.11  -16.91  -17.03   72.10   75.10    2.44    2.52   92.30  375.50    1.86    2.41  -16.33  -29.05  -29.25  -29.55  -29.95  -30.34  -30.58  -30.36  -28.58  -24.30  -16.33  -16.33  -16.53   87.40   13.75
 147. 1600.    3.07    2.71    -.07  -16.37  -16.68   69.66   73.10    1.91    1.95   79.10  375.40    1.86    2.41  -15.72  -29.04  -29.23  -29.52  -29.92  -30.31  -30.55  -30.33  -28.54  -24.33  -15.72  -15.73  -16.06   74.00   13.67
 147. 1700.    2.90    2.54     .04  -16.17  -16.55   70.00   73.90    1.69    1.73   70.50  375.50    1.86    2.41  -15.42  -29.02  -29.21  -29.50  -29.91  -30.27  -30.52  -30.29  -28.50  -24.35  -15.42  -15.49  -15.88   66.85   13.91
 147. 1800.    2.65    2.32     .16  -16.29  -16.65   71.00   74.70    1.59    1.65   58.28  375.30    1.86    2.41  -15.31  -29.02  -29.21  -29.51  -29.90  -30.27  -30.52  -30.28  -28.50  -24.30  -15.31  -15.63  -15.95   54.65   14.08
 147. 1900.    2.37    2.08     .30  -16.69  -16.82   72.70   75.50    1.56    1.64   32.10  375.40    1.86    2.41  -15.29  -29.01  -29.21  -29.52  -29.93  -30.30  -30.56  -30.31  -28.52  -24.20  -15.29  -16.00  -16.18   28.89   14.09
 147. 2000.    2.02    1.79     .43  -15.90  -16.04   67.04   71.60     .75     .87   16.13  375.30    1.86    2.42  -15.60  -29.02  -29.23  -29.54  -29.95  -30.33  -30.58  -30.33  -28.54  -24.15  -15.60  -15.14  -15.67   12.53   14.67
 147. 2100.    1.84    1.65     .54  -15.75  -15.73   59.78   64.98     .08     .22   98.50  375.50    1.86    2.43  -16.26  -29.03  -29.24  -29.56  -29.96  -30.33  -30.60  -30.36  -28.62  -24.17  -16.26  -14.52  -15.10   94.20   14.18
 147. 2200.    1.54    1.37     .66  -18.65  -18.16   70.60   74.30    1.21    1.47  279.90  375.50    1.86    2.44  -17.10  -29.01  -29.23  -29.54  -29.95  -30.32  -30.57  -30.33  -28.52  -24.02  -17.10  -18.13  -17.66  263.00   14.83
 147. 2300.    1.27    1.14     .76  -20.66  -20.42   73.50   77.00    1.97    2.38  255.30  375.20    1.87    2.44  -18.02  -29.03  -29.25  -29.56  -29.98  -30.34  -30.60  -30.35  -28.52  -24.01  -18.02  -20.24  -20.10  247.10   14.96
 148.    0.    1.04     .93     .86  -21.55  -21.41   74.50   77.50    2.89    3.32  281.00  375.00    1.87    2.44  -18.93  -29.07  -29.29  -29.60  -30.02  -30.39  -30.65  -30.40  -28.57  -24.07  -18.93  -21.15  -21.07  275.10   14.89
 148.  100.     .74     .67    1.01  -21.76  -21.60   77.00   79.60    3.74    4.20  295.80  374.90    1.87    2.44  -19.67  -29.10  -29.31  -29.63  -30.03  -30.41  -30.66  -30.39  -28.55  -24.11  -19.67  -21.46  -21.40  291.70   14.80
 148.  200.     .64     .60    1.05  -21.00  -20.84   76.90   78.90    3.67    4.05  299.00  374.80    1.87    2.44  -19.83  -29.14  -29.35  -29.65  -30.06  -30.44  -30.69  -30.44  -28.62  -24.21  -19.83  -20.64  -20.57  295.70   14.74
 148.  300.     .57     .68    1.01  -22.31  -22.10   75.60   77.00    3.91    4.35  290.90  374.80    1.87    2.44  -20.19  -29.13  -29.34  -29.65  -30.06  -30.43  -30.70  -30.44  -28.62  -24.17  -20.19  -21.94  -21.77  287.70   14.73
 148.  400.     .81     .74     .96  -23.33  -23.22   73.60   75.90    4.01    4.47  287.50  374.50    1.88    2.44  -20.91  -29.13  -29.35  -29.65  -30.06  -30.44  -30.69  -30.44  -28.61  -24.19  -20.91  -22.93  -22.88  282.80   14.75
 148.  500.     .94     .86     .89  -23.60  -23.51   72.40   74.80    4.63    5.12  287.80  374.20    1.88    2.45  -21.44  -29.16  -29.37  -29.67  -30.09  -30.47  -30.73  -30.48  -28.65  -24.22  -21.44  -23.19  -23.18  283.50   14.82
 148.  600.    1.11    1.01     .81  -23.60  -23.53   71.80   74.00    5.42    5.90  288.50  374.00    1.88    2.44  -21.79  -29.16  -29.37  -29.67  -30.08  -30.47  -30.72  -30.46  -28.62  -24.23  -21.79  -23.19  -23.21  283.50   14.92
 148.  700.    1.35    1.20     .70  -23.33  -23.27   71.20   73.30    6.20    6.72  286.30  373.70    1.88    2.44  -21.85  -29.17  -29.37  -29.67  -30.08  -30.45  -30.70  -30.46  -28.62  -24.23  -21.85  -22.91  -22.95  282.10   15.08
 148.  800.    1.65    1.45     .56  -22.55  -22.51   71.30   73.30    6.57    7.08  284.40  373.20    1.88    2.44  -21.60  -29.17  -29.37  -29.68  -30.06  -30.46  -30.70  -30.44  -28.59  -24.21  -21.60  -22.16  -22.18  280.50   14.76
 148.  900.    1.97    1.72     .41  -21.29  -21.23   71.30   73.20    6.89    7.38  288.60  373.00    1.87    2.43  -21.04  -29.17  -29.37  -29.66  -30.06  -30.45  -30.69  -30.42  -28.55  -24.17  -21.04  -20.88  -20.93  284.10   14.30
 148. 1000.    2.25    1.96     .28  -19.79  -19.69   71.60   73.40    6.69    7.18  293.20  372.80    1.87    2.43  -20.20  -29.16  -29.36  -29.65  -30.05  -30.42  -30.67  -30.41  -28.54  -24.14  -20.20  -19.34  -19.39  290.90   14.31
 148. 1100.    2.53    2.20     .16  -18.55  -18.44   72.50   74.30    6.74    7.25  296.90  372.20    1.86    2.42  -19.44  -29.14  -29.33  -29.62  -30.02  -30.39  -30.63  -30.39  -28.53  -24.15  -19.44  -18.10  -18.13  293.50   14.17
 148. 1200.    2.86    2.48     .01  -17.47  -17.36   71.80   73.60    6.62    7.07  298.30  371.70    1.83    2.42  -18.43  -29.13  -29.31  -29.61  -29.99  -30.37  -30.60  -30.36  -28.53  -24.23  -18.43  -16.98  -17.05  294.80   14.06
 148. 1300.    3.06    2.66    -.07  -16.40  -16.28   72.00   73.80    6.71    7.11  299.00  371.40    1.76    2.35  -17.38  -29.07  -29.27  -29.55  -29.95  -30.32  -30.55  -30.27  -28.34  -24.05  -17.38  -15.89  -15.96  238.40   14.10
 148. 1400.    3.06    2.67    -.07  -15.77  -15.55   73.00   74.60    7.36    7.11  307.20  371.00    1.81    2.38  -17.03  -29.07  -29.26  -29.56  -29.95  -30.33  -30.55  -30.25  -28.30  -23.99  -17.03  -15.23  -15.19  123.50   13.87
 148. 1500.    2.98    2.62    -.03  -15.15  -14.84   73.50   74.40    6.93    6.39  331.10  370.50    1.83    2.39  -16.26  -29.07  -29.27  -29.56  -29.96  -30.34  -30.57  -30.26  -28.30  -23.95  -16.26  -14.63  -14.44  137.50   13.93
 148. 1600.    2.77    2.43     .07  -14.73  -14.16   72.10   71.00    6.57    5.95  341.00  370.20    1.84    2.39  -15.53  -29.06  -29.26  -29.56  -29.95  -30.32  -30.56  -30.26  -28.29  -23.93  -15.53  -14.15  -13.57  149.00   14.17
 148. 1700.    2.86    2.50     .04  -14.16  -14.06   67.72   69.31    6.41    6.20  308.70  369.90    1.84    2.39  -15.02  -29.05  -29.25  -29.55  -29.95  -30.32  -30.54  -30.21  -28.20  -23.89  -15.02  -13.36  -13.36  161.50   14.00
 148. 1800.    2.59    2.26     .18  -14.04  -14.69   65.60   72.00    5.99    5.90  190.10  369.80    1.84    2.39  -14.93  -29.05  -29.25  -29.56  -29.95  -30.32  -30.54  -30.18  -28.16  -23.86  -14.93  -13.10  -14.05  169.20   14.24
 148. 1900.    1.99    1.77     .48  -14.24  -15.15   69.22   77.80    5.85    5.80    5.24  370.10    1.84    2.39  -14.89  -29.05  -29.26  -29.58  -29.97  -30.35  -30.56  -30.20  -28.20  -23.85  -14.89  -13.47  -14.74  179.60   14.22
 148. 2000.    1.63    1.46     .66  -14.61  -15.37   73.10   80.10    5.70    5.67   25.16  370.30    1.83    2.39  -15.02  -29.07  -29.28  -29.60  -29.99  -30.37  -30.58  -30.22  -28.22  -23.87  -15.02  -14.11  -15.04  201.70   14.24
 148. 2100.    1.20    1.08     .87  -15.36  -15.74   77.50   82.30    6.54    6.53   35.17  370.50    1.81    2.38  -15.33  -29.07  -29.28  -29.60  -29.99  -30.36  -30.57  -30.19  -28.19  -23.87  -15.33  -15.00  -15.46  212.40   14.19
 148. 2200.     .88     .79    1.02  -16.42  -16.54   79.40   82.60    6.70    6.73   52.42  371.10    1.82    2.39  -15.65  -29.07  -29.28  -29.60  -30.00  -30.36  -30.56  -30.18  -28.16  -23.86  -15.65  -16.09  -16.26  230.40   14.99
 148. 2300.     .74     .67    1.09  -17.18  -17.37   79.00   82.80    5.78    5.78   40.92  371.80    1.84    2.40  -16.22  -29.08  -29.29  -29.61  -30.01  -30.37  -30.58  -30.18  -28.15  -23.84  -16.22  -16.83  -17.11  218.40   15.02
 149.    0.     .64     .58    1.13  -18.00  -18.22   78.40   82.50    4.68    4.67   39.77  372.60    1.84    2.40  -16.95  -29.09  -29.30  -29.62  -30.02  -30.39  -30.60  -30.22  -28.22  -23.90  -16.95  -17.62  -17.94  216.90   14.94
 149.  100.     .62     .57    1.14  -18.39  -18.68   77.90   82.20    5.40    5.38   27.44  373.10    1.84    2.41  -17.41  -29.11  -29.32  -29.65  -30.05  -30.41  -30.61  -30.22  -28.19  -23.88  -17.41  -18.03  -18.45  204.30   14.90
 149.  200.     .56     .51    1.16  -19.64  -19.89   77.20   81.30    4.52    4.51   29.52  373.80    1.84    2.41  -18.00  -29.11  -29.33  -29.64  -30.04  -30.41  -30.62  -30.24  -28.22  -23.91  -18.00  -19.25  -19.60  206.30   14.82
 149.  300.     .38     .35    1.23  -21.22  -21.50   76.30   80.60    3.24    3.22   21.70  374.50    1.84    2.42  -18.83  -29.11  -29.32  -29.63  -30.02  -30.39  -30.60  -30.23  -28.21  -23.94  -18.83  -20.81  -21.24  198.00   14.62
 149.  400.     .69     .63    1.07  -20.68  -21.14   74.70   80.10    3.17    3.15   20.17  374.70    1.84    2.42  -19.26  -29.15  -29.36  -29.67  -30.06  -30.44  -30.66  -30.31  -28.36  -24.08  -19.26  -20.26  -20.86  196.40   14.90
 149.  500.     .84     .77    1.00  -20.83  -21.47   72.60   78.70    3.46    3.45   23.53  374.90    1.84    2.42  -19.39  -29.15  -29.36  -29.67  -30.08  -30.44  -30.67  -30.32  -28.36  -24.08  -19.39  -20.34  -21.10  200.20   15.01
 149.  600.    1.13    1.03     .84  -20.85  -22.12   65.85   75.50    2.90    2.88   13.80  375.10    1.85    2.42  -19.78  -29.15  -29.36  -29.67  -30.07  -30.46  -30.68  -30.34  -28.39  -24.08  -19.78  -20.18  -21.63  189.50   15.14
 149.  700.    1.34    1.22     .75  -20.68  -22.31   62.68   74.30    2.80    2.76   11.31  375.10    1.85    2.43  -20.12  -29.15  -29.36  -29.67  -30.08  -30.46  -30.68  -30.32  -28.35  -24.08  -20.12  -19.91  -21.74  186.80   14.50
 149.  800.    1.54    1.38     .66  -20.26  -22.34   57.03   70.80    1.86    1.82   11.20  375.30    1.85    2.43  -20.51  -29.16  -29.36  -29.65  -30.06  -30.43  -30.65  -30.31  -28.34  -24.13  -20.51  -19.33  -21.69  184.70   14.18
 149.  900.    1.86    1.66     .52  -20.18  -21.61   56.90   67.43    2.10    2.06   13.14  375.30    1.85    2.43  -20.47  -29.17  -29.36  -29.66  -30.06  -30.44  -30.65  -30.32  -28.36  -24.14  -20.47  -18.98  -20.66  173.40   14.41
 149. 1000.    1.94    1.73     .47  -20.35  -21.99   57.54   69.19    2.13    2.08   14.42  375.10    1.85    2.43  -20.36  -29.14  -29.34  -29.64  -30.04  -30.40  -30.62  -30.28  -28.30  -24.10  -20.36  -19.22  -21.20  175.40   14.27
 149. 1100.    2.47    2.21     .24  -17.36  -20.53   45.33   62.52    1.06    1.03    8.06  375.00    1.85    2.43  -20.00  -29.16  -29.36  -29.65  -30.05  -30.43  -30.65  -30.33  -28.40  -24.29  -20.00  -15.98  -19.63  183.50   14.16
 149. 1200.    2.65    2.38     .36  -15.54  -17.97   37.04   51.16     .34     .34   10.28  374.60    1.85    2.43  -19.50  -29.15  -29.33  -29.61  -30.00  -30.38  -30.60  -30.29  -28.40  -24.42  -19.50  -13.89  -16.94  195.30   13.72
 149. 1300.    2.83    2.53     .31  -19.68  -19.91   53.81   56.87     .82     .69   50.21  373.40    1.85    2.43  -19.02  -29.06  -29.25  -29.55  -29.94  -30.29  -30.50  -30.16  -28.18  -24.13  -19.02  -18.60  -18.79  249.30   13.66
 149. 1400.    2.87    2.55     .13  -21.33  -21.46   64.12   66.84    2.27    2.31  103.70  373.00    1.85    2.43  -18.65  -29.02  -29.22  -29.50  -29.89  -30.22  -30.41  -30.07  -28.06  -24.01  -18.65  -20.67  -20.84  282.70   13.83
 149. 1500.    2.64    2.37     .08  -21.64  -21.64   68.14   70.20    3.28    2.66  118.30  372.00    1.85    2.43  -18.55  -29.09  -29.30  -29.59  -29.98  -30.33  -30.54  -30.23  -28.30  -24.04  -18.55  -21.16  -21.20  295.80   14.25
 149. 1600.    2.76    2.48     .03  -21.38  -21.37   68.70   70.90    4.32    3.07  123.80  371.50    1.85    2.42  -18.33  -29.11  -29.32  -29.61  -29.99  -30.36  -30.57  -30.28  -28.39  -24.13  -18.33  -20.90  -20.98  300.70   14.11
 149. 1700.    2.81    2.49     .02  -21.16  -21.13   69.26   71.70    5.28    4.12  120.80  370.90    1.84    2.41  -18.30  -29.10  -29.31  -29.60  -29.99  -30.34  -30.55  -30.27  -28.40  -24.19  -18.30  -20.61  -20.73  297.90   13.99
 149. 1800.    2.69    2.36     .09  -21.21  -21.18   71.60   74.10    6.78    5.97  115.80  370.00    1.84    2.41  -18.35  -29.11  -29.32  -29.62  -30.00  -30.34  -30.56  -30.29  -28.46  -24.22  -18.35  -20.69  -20.81  293.80   14.26
 149. 1900.    2.39    2.10     .25  -21.19  -21.17   73.00   75.40    8.30    7.45  116.70  369.30    1.84    2.41  -18.40  -29.12  -29.33  -29.63  -30.01  -30.35  -30.57  -30.32  -28.53  -24.26  -18.40  -20.73  -20.85  294.10   14.22
 149. 2000.    1.93    1.70     .46  -21.31  -21.30   73.90   76.30    9.29    7.85  119.60  368.80    1.84    2.42  -18.60  -29.13  -29.34  -29.63  -30.02  -30.35  -30.57  -30.34  -28.59  -24.33  -18.60  -20.91  -21.02  296.00   14.48
 149. 2100.    1.72    1.52     .56  -21.44  -21.44   74.10   76.60    9.70    8.34  118.00  368.10    1.85    2.42  -18.89  -29.13  -29.34  -29.63  -30.02  -30.35  -30.57  -30.36  -28.66  -24.42  -18.89  -21.04  -21.14  294.80   14.41
 149. 2200.    1.44    1.28     .70  -22.03  -22.04   74.70   77.10    9.25    9.76  105.60  367.30    1.86    2.42  -19.39  -29.13  -29.34  -29.64  -30.02  -30.36  -30.58  -30.37  -28.66  -24.40  -19.39  -21.66  -21.78  284.30   14.49
 149. 2300.    1.00     .89     .91  -22.27  -22.28   76.00   78.20   10.56   11.23  101.00  366.30    1.86    2.43  -19.81  -29.14  -29.35  -29.64  -30.02  -30.35  -30.57  -30.37  -28.67  -24.43  -19.81  -21.94  -22.06  279.90   15.12
 150.    0.     .73     .66    1.04  -21.67  -21.67   77.40   79.50   11.36   12.03  102.20  365.20    1.78    2.40  -20.28  -29.16  -29.37  -29.66  -30.03  -30.36  -30.56  -30.42  -28.89  -24.78  -20.28  -21.38  -21.47  280.70   15.05
 150.  100.     .59     .54    1.13  -21.23  -21.23   78.10   80.40   11.44   12.15  104.00  364.50    1.84    2.42  -20.33  -29.17  -29.37  -29.66  -30.04  -30.38  -30.59  -30.37  -28.68  -24.52  -20.33  -20.94  -21.01  282.30   14.95
 150.  200.     .56     .52    1.15  -21.01  -21.00   78.60   80.90   10.20   10.52  109.70  364.20    1.85    2.38  -20.35  -29.17  -29.37  -29.67  -30.06  -30.40  -30.61  -30.36  -28.61  -24.47  -20.35  -20.70  -20.77  287.90   14.86
 150.  300.     .58     .65    1.07  -22.10  -22.08   77.70   79.80    7.26    7.70  107.90  364.20    1.85    2.38  -20.75  -29.15  -29.37  -29.67  -30.06  -30.41  -30.63  -30.34  -28.53  -24.32  -20.75  -21.76  -21.81  286.70   14.83
 150.  400.     .80     .71    1.02  -23.29  -23.21   76.70   78.60    5.14    5.15  111.40  364.10    1.86    2.39  -21.24  -29.16  -29.37  -29.69  -30.08  -30.44  -30.65  -30.33  -28.46  -24.28  -21.24  -22.92  -22.84  289.90   14.82
 150.  500.     .98     .87     .93  -24.26  -24.26   75.70   77.50    3.31    2.97  113.40  364.40    1.86    2.39  -21.74  -29.17  -29.39  -29.69  -30.09  -30.47  -30.69  -30.36  -28.47  -24.28  -21.74  -23.89  -23.83  291.50   14.88
 150.  600.    1.17    1.05     .84  -24.73  -24.90   75.00   76.60    2.32    1.87  124.00  364.40    1.87    2.40  -22.26  -29.18  -29.40  -29.71  -30.11  -30.49  -30.70  -30.34  -28.41  -24.25  -22.26  -24.33  -24.41  302.30   14.98
 150.  700.    1.42    1.27     .71  -24.59  -24.70   74.80   75.70    2.54    2.66  186.40  364.80    1.86    2.39  -22.65  -29.18  -29.39  -29.69  -30.09  -30.46  -30.66  -30.29  -28.33  -24.23  -22.65  -24.05  -24.15  122.10   15.11
 150.  800.    1.71    1.51     .58  -24.44  -24.44   74.00   73.40    4.41    4.36  216.50  365.00    1.86    2.39  -22.81  -29.17  -29.37  -29.68  -30.06  -30.43  -30.61  -30.21  -28.23  -24.26  -22.81  -23.98  -24.02   31.83   14.75
 150.  900.    2.03    1.78     .44  -23.85  -23.84   73.00   69.90    5.34    5.28  225.30  365.20    1.86    2.39  -22.75  -29.17  -29.37  -29.68  -30.06  -30.41  -30.59  -30.18  -28.21  -24.27  -22.75  -23.45  -23.49   41.34   14.33
 150. 1000.    2.36    2.06     .29  -23.30  -23.25   71.90   67.60    4.82    4.75  227.40  365.60    1.86    2.39  -22.55  -29.18  -29.37  -29.67  -30.06  -30.41  -30.59  -30.18  -28.20  -24.26  -22.55  -22.87  -22.91   43.37   14.20
 150. 1100.    2.66    2.33     .14  -22.73  -22.69   70.90   66.46    5.42    5.32  230.10  365.60    1.86    2.38  -22.27  -29.16  -29.35  -29.65  -30.04  -30.38  -30.57  -30.17  -28.19  -24.25  -22.27  -22.28  -22.32   46.25   14.05
 150. 1200.    2.91    2.56     .03  -22.10  -22.10   68.27   64.59    5.43    5.35  240.20  365.30    1.86    2.38  -21.91  -29.16  -29.36  -29.66  -30.04  -30.39  -30.56  -30.15  -28.17  -24.24  -21.91  -21.62  -21.64   56.49   13.97
 150. 1300.    3.09    2.70    -.03  -21.22  -21.20   66.39   64.25    4.84    4.77  238.60  365.30    1.85    2.38  -21.46  -29.15  -29.35  -29.66  -30.03  -30.38  -30.56  -30.14  -28.16  -24.22  -21.46  -20.74  -20.78   55.09   13.70
