
61,137,1800,.012,.002,1.519,14.62,15.82,29.08,30.23,.002,.003,265.1,0,.457,.316,12.87
62,137,1800,7.3,12.24,11.92,11.55,11.32,12.15,11.96,11.89,12.07,12.87,14.46,15.36,176.6,9.99
61,137,1900,.454,.359,1.262,7.6,14.77,35.07,23.59,1.005,.026,217.9,0,.769,.502,3.107
62,137,1900,-.28,1.096,2.479,2.368,2.319,2.503,3.149,3.963,4.402,3.107,8.78,14.85,163.3,11.9
61,137,2000,1.878,1.525,.492,-10.31,-7.59,74,65.87,5.192,5.473,8.07,389.2,1.243,2.594,-9.15
62,137,2000,-8.39,-8.36,-9.61,-6.579,-6.831,-10.1,-9.92,-8.23,-6.786,-9.15,-9.95,-6.863,10.36,12.03
61,137,2100,1.561,1.342,.593,-11.24,-11.27,74.3,77.2,4.045,4.37,219.3,389.3,1.55,2.366,-9.8
62,137,2100,-9.84,-9.37,-10.65,-9.06,-9.39,-11.03,-10.84,-10.55,-9.94,-9.8,-10.74,-11.06,230.9,11.96
61,137,2200,1.112,1.025,.779,-12.52,-12.45,77.2,79,4.452,4.994,301.3,389.3,1.848,2.344,-11.04
62,137,2200,-11.38,-10.66,-12.08,-11.08,-11.7,-12.83,-12.24,-11.51,-11.84,-11.04,-12.23,-12.24,290.6,11.92
61,137,2300,.908,.898,.858,-13.49,-13.37,77.2,79.4,4.118,4.607,298.8,389.5,1.852,2.388,-12.05
62,137,2300,-12.47,-11.53,-13.12,-11.87,-12.87,-13.99,-13.41,-12.57,-12.44,-12.05,-13.15,-13.13,288.1,11.89
61,138,0,.578,.581,1.042,-14.5,-14.4,78.4,80.7,4.407,4.899,301.4,389.9,1.856,2.393,-13.94
62,138,0,-14.21,-13.42,-14.63,-13.86,-14.1,-15.2,-15,-14.43,-13.85,-13.94,-14.26,-14.21,290.8,11.87
61,138,100,.503,.527,1.079,-15.22,-15.11,79.3,81.5,4.259,4.753,301.4,389.7,1.859,2.397,-14.71
62,138,100,-14.85,-13.94,-15.33,-14.87,-15.08,-15.82,-15.56,-15.31,-14.72,-14.71,-15,-14.95,290.7,11.85
61,138,200,.371,.365,1.172,-15.44,-15.33,80.1,82,4.874,5.392,298.5,389.8,1.858,2.397,-15.42
62,138,200,-15.31,-14.95,-15.68,-15.58,-15.81,-15.87,-15.75,-15.76,-15.52,-15.42,-15.22,-15.14,287.3,11.83
61,138,300,.306,.281,1.223,-15.78,-15.68,79.9,81.9,4.74,5.246,298.8,389.8,1.861,2.399,-15.98
62,138,300,-15.81,-15.71,-16.09,-16.09,-16.23,-16.25,-16.22,-16.21,-16.05,-15.98,-15.54,-15.49,288.1,11.81
61,138,400,.398,.351,1.184,-15.61,-15.55,79.3,81.5,4.818,5.322,307.1,389.9,1.86,2.398,-15.68
62,138,400,-15.34,-15.26,-15.71,-15.76,-15.9,-15.85,-15.83,-15.89,-15.8,-15.68,-15.39,-15.4,296.4,11.8
61,138,500,.458,.405,1.157,-15.85,-15.79,78.3,80.6,4.454,4.951,312,389.9,1.861,2.4,-15.93
62,138,500,-15.45,-15.36,-15.9,-16.02,-16.16,-16.07,-16.01,-16.12,-16.04,-15.93,-15.63,-15.63,301.4,11.79
61,138,600,.626,.564,1.061,-16.03,-15.96,76.9,79.2,4.486,4.992,311.1,389.8,1.862,2.402,-16.26
62,138,600,-14.84,-14.77,-15.73,-16.35,-16.53,-16.12,-15.8,-16.39,-16.33,-16.26,-15.79,-15.78,302.5,11.78
61,138,700,.906,.782,.935,-15.81,-15.74,76.3,78.3,4.789,5.262,300.8,390.4,1.862,2.4,-15.61
62,138,700,-14.29,-14.12,-15.48,-15.73,-15.94,-15.62,-15.59,-15.96,-15.86,-15.61,-15.59,-15.59,290.3,11.78
61,138,800,1.214,1.036,.79,-14.89,-14.85,75.5,77.6,4.688,5.147,306.1,391,1.858,2.396,-14.29
62,138,800,-12.45,-12.34,-14.1,-14.43,-14.7,-14.21,-14.23,-14.72,-14.7,-14.29,-14.67,-14.68,296.1,11.79
61,138,900,1.731,1.44,.557,-14.37,-14.31,76.9,78.9,4.507,4.926,304.7,391.1,1.857,2.394,-13.74
62,138,900,-10.19,-10.75,-12.87,-13.79,-14.18,-13.35,-13.26,-14.06,-14.12,-13.74,-14.06,-14.09,294.3,11.79
61,138,1000,2.001,1.644,.436,-14.27,-14.28,76.4,78.9,4.642,5.093,309.8,391.7,1.849,2.389,-13.45
62,138,1000,-10.28,-10.71,-12.63,-13.57,-13.93,-13.02,-12.23,-13.79,-13.86,-13.45,-13.9,-14,300.9,11.8
61,138,1100,2.408,1.972,.255,-13.89,-13.9,75.7,78.2,4.459,4.882,308,391.6,1.846,2.383,-12.81
62,138,1100,-8.84,-9.7,-12.04,-12.87,-13.34,-12.17,-11.26,-13.19,-13.28,-12.81,-13.5,-13.64,297.8,11.8
61,138,1200,2.638,2.107,.188,-13.36,-13.3,74.7,76.9,4.222,4.614,301.5,391.1,1.84,2.382,-12.46
62,138,1200,-9.3,-8.72,-11.9,-12.36,-12.97,-11.62,-10.92,-12.82,-12.99,-12.46,-12.94,-13.03,291.1,11.81
61,138,1300,2.874,2.271,.141,-12.84,-12.81,74.4,76.9,3.972,4.353,305.4,391.3,1.839,2.382,-6.43
62,138,1300,-9.79,-7.59,-11.66,-8.9,-11.78,-11.66,-10.54,-11.91,-9.8,-6.43,-12.42,-12.56,298.1,11.81
61,138,1400,2.509,2.07,.281,-12.37,-12.32,75.3,77.5,3.776,4.06,300.2,391.3,1.838,2.378,-4.366
62,138,1400,-10.06,-7.1,-10.66,-6.838,-11.51,-11.25,-7.47,-11.34,-8.63,-4.366,-12,-12.08,295.7,11.81
61,138,1500,2.5,2.145,.223,-11.87,-12.11,74,77.7,3.136,3.437,316,391.3,1.837,2.374,-4.705
62,138,1500,-8.9,-4.368,-9.77,-6.907,-9.95,-10.75,-6.76,-9.35,-5.324,-4.705,-11.43,-11.83,308.4,11.81
61,138,1600,2.864,2.407,.087,-10.77,-11.56,66.49,74.5,2.474,2.78,330.8,391.1,1.821,2.375,-2.203
62,138,1600,-5.954,1.453,-9.75,-8.27,-8.88,-9.81,-3.319,-8.22,-.752,-2.203,-9.79,-11.13,327.1,11.81
61,138,1700,2.566,2.204,.238,-11.78,-11.68,72.5,75.3,2.353,2.553,302.2,391.4,1.834,2.378,-2.965
62,138,1700,-7.49,-2.34,-8.76,-5.338,-9.62,-9.87,-2.279,-8.96,-3.697,-2.965,-11.04,-11.34,300.2,11.81
61,138,1800,1.858,1.601,.609,-11.93,-11.9,75.6,77.8,2.374,2.589,286.7,391.2,1.839,2.377,-6.025
62,138,1800,-9.29,-6.981,-8.61,-5.515,-10.49,-10.45,-6.455,-9.76,-6.311,-6.025,-11.47,-11.57,283,11.81
61,138,1900,1.749,1.516,.766,-11.84,-11.74,76.4,78.6,1.804,2.018,303.3,391.2,1.837,2.379,-6.453
62,138,1900,-13.73,-14.57,-15.31,-14.45,-15.15,-15.27,-13.68,-14.71,-12.51,-6.453,-11.34,-11.44,301.9,11.81
61,138,2000,1.956,1.692,.725,-11.23,-11.2,72.4,75.6,.992,1.208,307.6,391.2,1.742,2.378,-6.721
62,138,2000,-23.86,-27.52,-27.7,-27.65,-27.9,-27.7,-27.76,-27.22,-24.78,-6.721,-10.64,-10.89,303.9,11.82
61,138,2100,1.63,1.416,.862,-11.95,-11.8,72.7,76,.973,1.194,259.2,390.9,1.84,2.38,-10.79
62,138,2100,-24.7,-28,-28.48,-28.56,-28.87,-28.77,-28.84,-28.43,-25.8,-10.79,-11.6,-11.31,246.8,11.81
61,138,2200,1.254,1.092,.884,-15.5,-14.8,75.9,80.7,1.376,1.923,218.5,390.9,1.849,2.387,-12.14
62,138,2200,-26.71,-28.31,-28.74,-28.92,-29.19,-29.15,-29.22,-28.76,-25.95,-12.14,-15.08,-14.46,211.3,11.79
61,138,2300,1.045,.915,.931,-17.56,-16.87,75.3,80.2,1.318,1.77,228.1,390.6,1.857,2.396,-13.56
62,138,2300,-27.46,-28.52,-28.93,-29.15,-29.45,-29.46,-29.54,-29.09,-26.16,-13.56,-17.14,-16.49,220.2,11.75
61,139,0,.883,.768,.98,-18.9,-18.62,79.5,83.1,2.155,2.664,239.6,390.7,1.861,2.401,-15.15
62,139,0,-27.85,-28.66,-29.06,-29.32,-29.63,-29.67,-29.77,-29.32,-26.29,-15.15,-18.53,-18.34,233.3,11.71
61,139,100,.73,.629,1.05,-20.59,-20.19,78.1,81.4,2.071,2.559,217.8,390.4,1.865,2.407,-16.54
62,139,100,-28.1,-28.76,-29.15,-29.43,-29.76,-29.84,-29.95,-29.5,-26.41,-16.54,-20.22,-19.93,211.2,11.69
61,139,200,.616,.547,1.099,-22.23,-21.69,78.8,80.8,1.852,2.426,219.1,390.1,1.871,2.415,-17.87
62,139,200,-28.26,-28.83,-29.22,-29.52,-29.86,-29.97,-30.08,-29.61,-26.45,-17.87,-21.92,-21.42,214.4,11.68
61,139,300,.436,.542,1.096,-22.06,-21.57,78.4,80.1,2.583,3.204,232,390.1,1.871,2.415,-19.08
62,139,300,-28.39,-28.9,-29.28,-29.58,-29.94,-30.08,-30.19,-29.73,-26.55,-19.08,-21.8,-21.33,225.6,11.66
61,139,400,.614,.568,1.082,-21.93,-21.88,74.8,77.3,3.973,4.566,258,389.8,1.87,2.414,-19.86
62,139,400,-28.49,-28.94,-29.32,-29.64,-29.99,-30.14,-30.27,-29.77,-26.57,-19.86,-21.6,-21.54,252.1,11.67
61,139,500,.743,.683,1.01,-21.52,-21.5,73.8,76.2,5.288,5.889,266.1,389.8,1.867,2.413,-20.35
62,139,500,-28.58,-28.99,-29.37,-29.7,-30.06,-30.24,-30.37,-29.87,-26.62,-20.35,-21.2,-21.18,260.4,11.67
61,139,600,.917,.85,.917,-21.32,-21.33,72,74.1,6.194,6.817,263.9,389.9,1.86,2.414,-20.53
62,139,600,-28.62,-29.01,-29.38,-29.71,-30.09,-30.27,-30.4,-29.87,-26.61,-20.53,-20.97,-20.97,258.4,11.67
61,139,700,1.162,1.05,.801,-20.72,-20.74,70.6,72.5,6.922,7.59,261.9,390.1,1.847,2.382,-20.48
62,139,700,-28.66,-29.02,-29.38,-29.72,-30.1,-30.29,-30.42,-29.87,-26.65,-20.48,-20.41,-20.4,256.1,11.67
61,139,800,1.475,1.314,.655,-20.02,-20.05,66.93,68.62,5.576,6.096,256,390.4,1.859,2.391,-20.26
62,139,800,-28.7,-29.03,-29.39,-29.74,-30.11,-30.3,-30.44,-29.9,-26.69,-20.26,-19.65,-19.64,251,11.67
61,139,900,1.795,1.578,.515,-19.47,-19.53,67.61,69.13,7.43,8.04,254.7,390.2,1.858,2.402,-19.89
62,139,900,-28.71,-29.02,-29.38,-29.72,-30.09,-30.29,-30.42,-29.86,-26.68,-19.89,-19.12,-19.15,249.5,11.67
61,139,1000,2.117,1.877,.345,-18.4,-18.43,65.79,67.51,5.933,6.366,241,389.8,1.853,2.401,-19.52
62,139,1000,-28.74,-29.04,-29.4,-29.75,-30.13,-30.33,-30.47,-29.92,-26.72,-19.52,-18.01,-18.07,236.4,11.67
61,139,1100,2.411,2.118,.248,-17.04,-17.06,63.89,65.89,4.097,4.383,211.2,389.8,1.85,2.399,-19
62,139,1100,-28.75,-29.04,-29.39,-29.74,-30.11,-30.33,-30.47,-29.93,-26.78,-19,-16.61,-16.69,207.6,11.66
61,139,1200,2.677,2.329,.166,-15.8,-15.77,65.54,67.28,5.727,6.128,231.3,389.3,1.845,2.391,-18.32
62,139,1200,-28.75,-29.03,-29.37,-29.73,-30.1,-30.32,-30.46,-29.91,-26.74,-18.32,-15.4,-15.49,226.7,11.67
61,139,1300,2.8,2.415,.138,-14.48,-14.42,67.39,68.99,6.288,6.727,230.8,388.4,1.839,2.384,-17.56
62,139,1300,-28.75,-29.02,-29.36,-29.73,-30.11,-30.34,-30.48,-29.91,-26.73,-17.56,-14.1,-14.21,226.5,11.67
61,139,1400,2.802,2.41,.167,-13.23,-13.17,68.74,70.2,6.924,7.43,235.7,388,1.837,2.38,-16.89
62,139,1400,-28.75,-29.02,-29.36,-29.73,-30.12,-30.36,-30.49,-29.92,-26.7,-16.89,-12.88,-12.98,231.3,11.67
61,139,1500,2.871,2.477,.18,-11.91,-11.84,68.48,69.97,6.888,7.37,235.9,387.5,1.831,2.373,-16.13
62,139,1500,-28.76,-29.03,-29.37,-29.74,-30.14,-30.38,-30.52,-29.95,-26.68,-16.13,-11.59,-11.67,231.3,11.68
61,139,1600,2.661,2.261,.993,-10.41,-10.46,64.13,65.83,7.03,7.66,223.3,0,1.107,1.433,-14.75
62,139,1600,-28.81,-29.05,-29.36,-29.73,-30.13,-30.34,-30.48,-29.88,-26.57,-14.75,-9.19,-9.34,218.1,8.59
61,139,1700,2.729,2.309,.669,-9.93,-9.96,71.4,73.3,7.28,7.85,248,386.5,1.825,2.368,-14.3
62,139,1700,-28.75,-29,-29.34,-29.72,-30.11,-30.36,-30.48,-29.85,-26.56,-14.3,-9.61,-9.71,241.8,14.08
61,139,1800,2.684,2.201,.841,-9.1,-9.13,73.4,75.5,7.16,7.74,249.5,386.3,1.086,2.366,-13.71
62,139,1800,-28.77,-29.01,-29.35,-29.73,-30.13,-30.39,-30.51,-29.89,-26.55,-13.71,-8.77,-8.86,244,14.67
61,139,1900,2.39,1.994,.998,-8.61,-8.6,74.2,76,7.07,7.65,257.3,386.4,1.826,2.375,-13.26
62,139,1900,-28.75,-29,-29.34,-29.73,-30.13,-30.4,-30.52,-29.85,-26.45,-13.26,-8.3,-8.29,251.6,14.62
61,139,2000,2.08,1.739,1.184,-8.6,-8.56,74.3,76.3,6.152,6.657,252.6,386.6,1.825,2.373,-13.04
62,139,2000,-28.75,-29,-29.34,-29.74,-30.14,-30.41,-30.53,-29.85,-26.39,-13.04,-8.27,-8.25,246.6,14.02
61,139,2100,1.724,1.46,1.286,-8.68,-8.6,74.2,76.2,5.656,6.143,250.4,386.9,1.825,2.375,-13.03
62,139,2100,-28.76,-29.01,-29.35,-29.74,-30.15,-30.42,-30.54,-29.85,-26.37,-13.03,-8.39,-8.32,244.9,13.83
61,139,2200,1.467,1.236,1.369,-8.89,-8.74,75,77,4.328,4.763,242.9,387.2,1.826,2.377,-13.12
62,139,2200,-28.77,-29.02,-29.36,-29.76,-30.16,-30.44,-30.57,-29.88,-26.35,-13.12,-8.62,-8.54,237.1,13.83
61,139,2300,.965,.818,1.52,-10.17,-9.99,76.8,78.9,4.688,5.183,231.3,387.3,1.829,2.382,-13.41
62,139,2300,-28.77,-29.02,-29.36,-29.76,-30.16,-30.45,-30.56,-29.82,-26.29,-13.41,-9.86,-9.77,226.2,13.78
61,140,0,.806,.691,2.021,-11.14,-10.92,78.2,80.3,4.096,4.575,226.3,388,1.833,2.388,-13.92
62,140,0,-28.81,-29.05,-29.38,-29.79,-30.2,-30.49,-30.61,-29.88,-26.32,-13.92,-10.89,-10.74,222.7,13.75
61,140,100,.399,.354,1.67,-12.22,-11.99,80.1,82.1,4.41,4.933,224.3,388.5,1.835,2.39,-14.38
62,140,100,-28.82,-29.06,-29.39,-29.79,-30.19,-30.47,-30.58,-29.83,-26.34,-14.38,-11.98,-11.84,219.8,13.66
61,140,200,.412,.366,1.624,-12.26,-12.11,81.3,83.2,4.82,5.308,224.4,388.9,1.837,2.393,-14.79
62,140,200,-28.86,-29.09,-29.43,-29.83,-30.24,-30.53,-30.65,-29.93,-26.41,-14.79,-12.22,-12.09,219.8,13.62
61,140,300,.364,.466,1.805,-10.07,-9.82,79.6,81.2,4.17,4.639,230.1,389.1,1.828,2.381,-14.36
62,140,300,-28.89,-29.12,-29.46,-29.86,-30.28,-30.59,-30.74,-30.07,-26.5,-14.36,-9.89,-9.68,224.9,13.6
61,140,400,.646,.596,1.72,-10.89,-10.7,78.3,80.3,4.995,5.52,237.2,389.6,1.832,2.385,-14.58
62,140,400,-28.86,-29.1,-29.43,-29.85,-30.26,-30.57,-30.69,-29.95,-26.37,-14.58,-10.64,-10.46,232,13.63
61,140,500,.734,.688,1.685,-11.44,-11.36,76.4,78.4,5.56,6.081,250.6,390,1.834,2.387,-14.69
62,140,500,-28.87,-29.1,-29.44,-29.86,-30.27,-30.59,-30.71,-29.93,-26.34,-14.69,-11.2,-11.09,244.8,13.67
61,140,600,.849,.804,1.654,-11.67,-11.6,76.9,78.9,4.898,5.396,254.4,390.7,1.835,2.388,-14.72
62,140,600,-28.87,-29.1,-29.43,-29.86,-30.27,-30.58,-30.7,-29.92,-26.33,-14.72,-11.45,-11.36,249.1,13.76
61,140,700,1.137,1.059,1.609,-11.33,-11.26,76.3,78.3,4.419,4.833,247.8,390.9,1.834,2.387,-14.6
62,140,700,-28.89,-29.11,-29.44,-29.85,-30.28,-30.59,-30.71,-29.92,-26.35,-14.6,-11.1,-11.02,242.4,13.96
61,140,800,1.411,1.302,1.7,-10.44,-10.37,76,77.8,3.83,4.221,249.5,391.3,1.831,2.384,-14.15
62,140,800,-28.9,-29.11,-29.44,-29.84,-30.26,-30.57,-30.71,-29.94,-26.39,-14.15,-10.16,-10.05,243.6,14.51
61,140,900,1.75,1.604,1.739,-9.85,-9.73,76.4,78.2,4.04,4.475,236.5,391,1.829,2.381,-13.69
62,140,900,-28.88,-29.09,-29.41,-29.81,-30.23,-30.53,-30.66,-29.89,-26.38,-13.69,-9.56,-9.45,231.5,13.96
61,140,1000,2.063,1.867,1.573,-9.49,-9.35,76.8,78.7,4.16,4.548,226.8,390.5,1.827,2.38,-13.19
62,140,1000,-28.86,-29.07,-29.39,-29.8,-30.21,-30.5,-30.63,-29.82,-26.34,-13.19,-9.18,-9.13,221.9,13.71
61,140,1100,2.379,2.117,1.378,-8.82,-8.72,75.6,77.4,4.808,5.238,233.8,390,1.825,2.378,-12.65
62,140,1100,-28.85,-29.06,-29.37,-29.78,-30.2,-30.5,-30.62,-29.8,-26.31,-12.65,-8.53,-8.52,228.1,13.84
61,140,1200,2.603,2.297,1.348,-7.33,-7.33,72.9,74.6,6.045,6.561,248.7,389.5,1.82,2.368,-11.91
62,140,1200,-28.84,-29.05,-29.37,-29.77,-30.21,-30.49,-30.61,-29.77,-26.28,-11.91,-7.01,-6.977,243.5,14
61,140,1300,2.679,2.428,1.097,-7.23,-7.28,70.7,72.5,6.308,6.797,252.1,389.1,1.82,2.367,-11.24
62,140,1300,-28.84,-29.04,-29.37,-29.77,-30.19,-30.49,-30.59,-29.74,-26.21,-11.24,-6.915,-6.921,246.4,13.87
61,140,1400,2.967,2.571,.824,-6.81,-6.889,70.4,72.1,7.72,8.34,262.1,389.1,1.819,2.367,-11.17
62,140,1400,-28.84,-29.04,-29.37,-29.78,-30.2,-30.49,-30.6,-29.73,-26.17,-11.17,-6.536,-6.551,256.6,13.97
61,140,1500,3,2.608,.717,-6.6,-6.673,70.6,72.2,8.69,9.36,264.8,389.1,1.819,2.365,-10.81
62,140,1500,-28.84,-29.05,-29.37,-29.78,-30.2,-30.51,-30.6,-29.73,-26.14,-10.81,-6.314,-6.333,259.4,13.68
61,140,1600,2.949,2.558,.606,-6.693,-6.75,70.9,72.6,8.05,8.67,266.8,389,1.819,2.366,-10.26
62,140,1600,-28.84,-29.05,-29.37,-29.77,-30.21,-30.5,-30.59,-29.68,-26.11,-10.26,-6.389,-6.43,260.8,14.2
61,140,1700,2.821,2.426,.626,-6.683,-6.703,71.3,73.4,6.931,7.49,272.2,389.2,1.819,2.365,-9.97
62,140,1700,-28.83,-29.04,-29.36,-29.77,-30.18,-30.49,-30.58,-29.66,-26.11,-9.97,-6.323,-6.437,266.3,14.06
61,140,1800,2.623,2.25,.676,-6.839,-6.851,71.1,73.2,6.106,6.604,270.2,389.6,1.819,2.366,-9.88
62,140,1800,-28.83,-29.04,-29.36,-29.77,-30.19,-30.49,-30.59,-29.66,-26.1,-9.88,-6.463,-6.537,264.7,14.02
61,140,1900,2.355,2.033,.78,-7.28,-7.21,71.6,73.5,5.022,5.468,274.9,389.7,1.821,2.368,-9.98
62,140,1900,-28.83,-29.04,-29.37,-29.78,-30.2,-30.52,-30.62,-29.71,-26.07,-9.98,-6.897,-6.89,268.4,14.22
61,140,2000,2.046,1.78,.866,-8.14,-8.06,73.1,75.2,3.55,3.945,255.7,390.1,1.824,2.372,-10.3
62,140,2000,-28.83,-29.05,-29.38,-29.8,-30.22,-30.53,-30.62,-29.7,-25.99,-10.3,-7.76,-7.79,249.9,14.58
61,140,2100,1.708,1.509,.908,-9.4,-9.26,75,77.1,3.611,4.027,241.3,390.4,1.828,2.377,-10.84
62,140,2100,-28.83,-29.05,-29.38,-29.8,-30.21,-30.52,-30.61,-29.69,-25.96,-10.84,-9.05,-9.02,236.5,14.43
61,140,2200,1.415,1.242,.963,-10.79,-10.64,75.8,78.1,3.392,3.798,237.5,390.7,1.832,2.383,-11.55
62,140,2200,-28.86,-29.08,-29.41,-29.83,-30.24,-30.56,-30.66,-29.74,-25.99,-11.55,-10.47,-10.44,231.7,14.18
61,140,2300,1.14,1.004,1.047,-11.66,-11.54,75.1,77.2,4.177,4.647,248.9,390.8,1.836,2.386,-12.33
62,140,2300,-28.88,-29.1,-29.44,-29.86,-30.27,-30.6,-30.7,-29.78,-25.99,-12.33,-11.37,-11.3,243.8,14.02
61,141,0,.914,.804,1.117,-12.77,-12.62,74.6,76.7,3.859,4.324,248.7,391.1,1.839,2.391,-13.09
62,141,0,-28.9,-29.12,-29.45,-29.88,-30.29,-30.62,-30.73,-29.81,-25.99,-13.09,-12.45,-12.35,243.2,13.96
61,141,100,.763,.659,1.144,-14.66,-14.44,76,78,3.374,3.795,221.3,391.5,1.845,2.399,-13.97
62,141,100,-28.91,-29.13,-29.46,-29.89,-30.31,-30.64,-30.74,-29.81,-26,-13.97,-14.33,-14.19,216.5,13.91
61,141,200,.672,.582,1.163,-16.21,-15.88,76.7,77.6,2.912,3.291,220.6,391.9,1.85,2.406,-14.87
62,141,200,-28.93,-29.15,-29.48,-29.91,-30.33,-30.65,-30.76,-29.84,-26.01,-14.87,-15.92,-15.6,215.3,13.87
61,141,300,.477,.57,1.146,-16.5,-16.32,75.1,76.2,4.351,4.8,244.9,392.2,1.853,2.408,-15.71
62,141,300,-28.96,-29.18,-29.5,-29.93,-30.34,-30.68,-30.79,-29.88,-26.07,-15.71,-16.34,-16.06,239.5,13.85
61,141,400,.698,.619,1.103,-16.97,-16.94,73.4,75.5,5.235,5.734,253.6,391.7,1.854,2.409,-16.26
62,141,400,-28.97,-29.19,-29.52,-29.94,-30.37,-30.68,-30.79,-29.87,-26.1,-16.26,-16.72,-16.64,248,13.85
61,141,500,.73,.659,1.088,-17.36,-17.33,73.8,75.8,5.031,5.519,254.2,391.8,1.855,2.412,-16.67
62,141,500,-28.99,-29.21,-29.53,-29.96,-30.39,-30.71,-30.82,-29.9,-26.12,-16.67,-17.11,-17.06,248.6,13.87
61,141,600,.993,.902,.945,-17.61,-17.6,73.6,75.6,4.103,4.546,258.8,391.8,1.856,2.415,-17.03
62,141,600,-29.01,-29.22,-29.55,-29.98,-30.4,-30.74,-30.84,-29.92,-26.14,-17.03,-17.33,-17.27,252.7,13.93
61,141,700,1.263,1.14,.836,-17.52,-17.51,73.1,75.2,3.492,3.87,273.3,391.9,1.856,2.415,-17.17
62,141,700,-29.01,-29.21,-29.54,-29.96,-30.39,-30.72,-30.83,-29.89,-26.13,-17.17,-17.2,-17.16,267.9,14.11
61,141,800,1.524,1.36,.73,-17.14,-17.12,73.2,75.1,3.551,3.923,277.6,391.6,1.855,2.414,-17.15
62,141,800,-29,-29.2,-29.52,-29.93,-30.35,-30.67,-30.78,-29.85,-26.12,-17.15,-16.82,-16.79,271.4,14.55
61,141,900,1.887,1.668,.63,-16.15,-16.16,73.1,75.1,2.523,2.786,258.6,391,1.852,2.41,-16.83
62,141,900,-29.01,-29.2,-29.53,-29.93,-30.35,-30.67,-30.79,-29.87,-26.14,-16.83,-15.81,-15.78,252.9,14.05
61,141,1000,1.688,1.49,.791,-14.81,-14.82,74.6,76.6,1.904,2.071,261,390.1,1.847,2.402,-16.21
62,141,1000,-28.97,-29.17,-29.48,-29.9,-30.32,-30.63,-30.74,-29.8,-26.03,-16.21,-14.53,-14.55,255.3,14.07
61,141,1100,1.804,1.601,.811,-12.66,-12.66,74.7,76.4,1.483,1.568,240.1,389.6,1.84,2.391,-15.06
62,141,1100,-28.98,-29.18,-29.5,-29.92,-30.35,-30.67,-30.79,-29.88,-26.05,-15.06,-12.44,-12.44,234.7,14.06
61,141,1200,2.097,1.864,.766,-11.26,-11.29,73.7,75.5,1.503,1.581,216.6,389.2,1.835,2.386,-13.97
62,141,1200,-28.96,-29.17,-29.48,-29.91,-30.33,-30.66,-30.78,-29.85,-26.03,-13.97,-10.96,-10.98,211.8,13.69
61,141,1300,2.654,2.335,.927,-9,-9.11,67.06,68.11,.886,.935,216.7,388.8,1.831,2.38,-12.9
62,141,1300,-28.96,-29.16,-29.46,-29.88,-30.32,-30.65,-30.79,-29.9,-26.14,-12.9,-8.74,-8.58,215.2,13.57
61,141,1400,2.862,2.526,1.205,-6.691,-6.916,58.86,60.26,.582,.625,205.6,388,1.827,2.375,-11.84
62,141,1400,-28.92,-29.11,-29.42,-29.83,-30.26,-30.59,-30.72,-29.81,-26.06,-11.84,-6.165,-6.049,200.9,13.49
61,141,1500,2.676,2.363,.995,-7.44,-7.59,63.99,65.89,1.149,1.187,43.18,387.3,1.826,2.373,-11.13
62,141,1500,-28.85,-29.04,-29.34,-29.76,-30.16,-30.47,-30.57,-29.58,-25.88,-11.13,-6.739,-6.806,41.27,13.41
61,141,1600,2.63,2.336,.599,-8.11,-8.37,71.5,74,2.371,2.45,68.89,386.7,1.824,2.372,-10.5
62,141,1600,-28.83,-29.03,-29.34,-29.76,-30.15,-30.46,-30.54,-29.5,-25.76,-10.5,-7.67,-7.86,65.02,13.83
61,141,1700,2.668,2.359,.495,-8.09,-8.33,72.2,75,2.507,2.616,81.8,386.6,1.824,2.372,-10.01
62,141,1700,-28.85,-29.04,-29.35,-29.76,-30.17,-30.48,-30.57,-29.55,-25.83,-10.01,-7.59,-7.84,77.6,13.77
61,141,1800,2.186,1.928,.622,-8.37,-8.51,74.3,76.9,2.464,2.622,79.1,386.1,1.825,2.373,-9.91
62,141,1800,-28.85,-29.05,-29.37,-29.79,-30.19,-30.51,-30.6,-29.58,-25.77,-9.91,-7.95,-8.12,74.3,14.07
61,141,1900,2.234,1.964,.584,-8.68,-8.79,75.6,78,2.522,2.725,46.55,386.1,1.826,2.376,-10.12
62,141,1900,-28.86,-29.06,-29.38,-29.8,-30.21,-30.53,-30.62,-29.62,-25.78,-10.12,-8.19,-8.26,43.72,13.89
61,141,2000,2.082,1.844,.603,-9.69,-9.77,77.2,79.9,2.378,2.649,49.63,385.8,1.83,2.382,-10.62
62,141,2000,-28.86,-29.07,-29.4,-29.81,-30.23,-30.54,-30.62,-29.6,-25.67,-10.62,-9.21,-9.25,46.98,14.74
61,141,2100,1.795,1.612,.671,-10.83,-10.83,77.9,81.1,1.897,2.205,36.04,385.6,1.834,2.388,-11.28
62,141,2100,-28.87,-29.08,-29.41,-29.82,-30.23,-30.55,-30.63,-29.61,-25.61,-11.28,-10.33,-10.38,33.08,14.93
61,141,2200,1.444,1.288,.779,-11.97,-11.89,79.9,83.3,2.169,2.515,26.35,385.4,1.838,2.393,-12.02
62,141,2200,-28.89,-29.1,-29.43,-29.86,-30.26,-30.59,-30.65,-29.59,-25.56,-12.02,-11.5,-11.53,22.87,14.79
61,141,2300,1.221,1.09,.863,-12.84,-12.84,77.7,82.7,1.543,1.903,15.48,385.3,1.843,2.4,-12.97
62,141,2300,-28.92,-29.13,-29.45,-29.88,-30.3,-30.63,-30.71,-29.67,-25.61,-12.97,-12.28,-12.52,17.6,14.67
61,142,0,.929,.831,.983,-13.69,-13.99,72.1,80.2,1.422,1.763,267,385.3,1.849,2.405,-13.99
62,142,0,-28.92,-29.14,-29.47,-29.9,-30.32,-30.65,-30.72,-29.66,-25.6,-13.99,-12.84,-13.61,280.6,14.52
61,142,100,.798,.705,1.03,-15.14,-15.19,75.3,82,1.497,1.83,338.9,385.1,1.853,2.409,-15.05
62,142,100,-28.95,-29.16,-29.49,-29.92,-30.35,-30.68,-30.75,-29.68,-25.61,-15.05,-14.41,-14.81,334.1,14.41
61,142,200,.368,.339,1.232,-16.43,-16.31,83,87,2.416,2.798,342.4,385.1,1.855,2.412,-15.9
62,142,200,-28.96,-29.17,-29.49,-29.91,-30.32,-30.64,-30.7,-29.61,-25.62,-15.9,-16.09,-16.06,330.1,14.27
61,142,300,.362,.353,1.222,-15.53,-15.45,82.5,85.9,2.497,2.835,342.8,384.7,1.851,2.406,-16.39
62,142,300,-29.02,-29.22,-29.54,-29.97,-30.38,-30.7,-30.78,-29.72,-25.72,-16.39,-15.31,-15.29,335.9,13.9
61,142,400,.514,.476,1.171,-14.59,-14.75,80.8,85.2,3.575,3.922,331.4,384.7,1.849,2.401,-16.05
62,142,400,-29.03,-29.24,-29.55,-29.97,-30.41,-30.73,-30.81,-29.76,-25.75,-16.05,-14.24,-14.52,341.4,13.95
61,142,500,.486,.439,1.205,-14.37,-14.54,82.4,86.3,3.607,3.893,345.3,384.6,1.849,2.398,-15.64
62,142,500,-29.02,-29.22,-29.54,-29.96,-30.39,-30.71,-30.77,-29.67,-25.67,-15.64,-14.16,-14.42,344.4,13.99
61,142,600,.665,.603,1.115,-13.4,-13.66,81.3,85.6,3.507,3.78,313.3,385.1,1.839,2.398,-15.11
62,142,600,-29.02,-29.22,-29.54,-29.96,-30.4,-30.72,-30.77,-29.67,-25.65,-15.11,-13.12,-13.51,321.1,14.28
61,142,700,.884,.803,1.032,-12.82,-13.22,79,84.5,2.851,3.084,322.2,385.8,1.834,2.394,-14.68
62,142,700,-29.01,-29.21,-29.54,-29.95,-30.38,-30.71,-30.76,-29.65,-25.63,-14.68,-12.42,-13.01,327.5,14.66
61,142,800,1.062,.959,.986,-12.51,-12.97,77.7,83.7,2.876,3.116,339.9,386.8,1.829,2.397,-14.25
62,142,800,-29,-29.2,-29.52,-29.94,-30.37,-30.69,-30.74,-29.61,-25.57,-14.25,-12.04,-12.73,339.6,14.43
61,142,900,1.389,1.25,.865,-12.37,-12.65,77.4,82.6,2.991,3.221,326.9,387.4,1.827,2.39,-13.81
62,142,900,-29,-29.19,-29.51,-29.93,-30.36,-30.69,-30.74,-29.61,-25.57,-13.81,-11.87,-12.4,326.5,14.29
61,142,1000,1.721,1.542,.784,-12.43,-12.49,77.8,81.4,3.107,3.342,319.1,387.6,1.826,2.392,-13.33
62,142,1000,-28.99,-29.19,-29.5,-29.92,-30.36,-30.67,-30.73,-29.58,-25.55,-13.33,-11.93,-12.23,317.9,14.18
61,142,1100,2.119,1.892,.732,-12.11,-12.01,76.7,79.1,3.123,3.375,306.1,387.8,1.825,2.39,-12.72
62,142,1100,-28.99,-29.18,-29.49,-29.91,-30.34,-30.66,-30.71,-29.55,-25.55,-12.72,-11.57,-11.67,303.9,13.93
61,142,1200,2.669,2.376,.723,-11.76,-11.57,74.4,76.4,2.655,2.884,298.6,387.7,1.824,2.387,-12.09
62,142,1200,-28.98,-29.17,-29.47,-29.88,-30.31,-30.62,-30.68,-29.52,-25.6,-12.09,-11.14,-11.14,295.9,13.69
61,142,1300,2.689,2.383,.864,-11.14,-11.07,72.8,74.9,2.566,2.813,284,387.4,1.822,2.385,-11.48
62,142,1300,-28.94,-29.13,-29.44,-29.85,-30.27,-30.58,-30.62,-29.44,-25.5,-11.48,-10.57,-10.61,279.7,13.62
61,142,1400,3.018,2.667,.51,-11.95,-11.85,71.5,73.5,3.93,4.295,285.8,387.1,1.824,2.389,-11.48
62,142,1400,-28.91,-29.11,-29.41,-29.82,-30.24,-30.54,-30.56,-29.34,-25.37,-11.48,-11.39,-11.47,282.1,14.15
61,142,1500,3.059,2.713,.314,-12.68,-12.7,70.6,72.8,4.092,4.468,273,386.9,1.827,2.393,-11.53
62,142,1500,-28.93,-29.13,-29.44,-29.86,-30.26,-30.56,-30.59,-29.38,-25.37,-11.53,-12.21,-12.3,268,14.02
61,142,1600,3.013,2.669,.259,-12.53,-12.57,69.74,72,3.907,4.273,263.9,386.6,1.827,2.392,-11.1
62,142,1600,-28.96,-29.15,-29.46,-29.87,-30.28,-30.59,-30.63,-29.43,-25.43,-11.1,-12.08,-12.19,258.1,14.09
61,142,1700,2.881,2.52,.316,-11.96,-12.05,69.7,72,5.945,6.47,265.4,386.4,1.832,2.387,-10.86
62,142,1700,-28.96,-29.15,-29.46,-29.88,-30.28,-30.59,-30.63,-29.44,-25.46,-10.86,-11.54,-11.72,259.7,14.11
61,142,1800,2.656,2.289,.426,-11.83,-11.93,70.3,72.4,6.695,7.23,260.2,386,1.835,2.384,-11.24
62,142,1800,-28.96,-29.15,-29.47,-29.89,-30.29,-30.61,-30.64,-29.46,-25.43,-11.24,-11.45,-11.6,255.1,14.11
61,142,1900,2.283,1.988,.581,-12.16,-12.2,69.51,71.3,6.889,7.44,255.1,385.9,1.829,2.388,-11.69
62,142,1900,-28.96,-29.16,-29.47,-29.9,-30.31,-30.63,-30.67,-29.52,-25.44,-11.69,-11.78,-11.88,249.7,14.29
61,142,2000,1.921,1.701,.687,-13.04,-13.06,71.1,73,5.83,6.315,254.7,385.8,1.841,2.395,-12.16
62,142,2000,-28.96,-29.16,-29.48,-29.9,-30.31,-30.64,-30.67,-29.52,-25.43,-12.16,-12.68,-12.75,248.7,14.52
61,142,2100,1.818,1.643,.704,-13.17,-13.18,71.8,74,4.587,4.996,258.4,385.5,1.842,2.397,-12.6
62,142,2100,-28.97,-29.18,-29.5,-29.92,-30.33,-30.66,-30.7,-29.53,-25.37,-12.6,-12.81,-12.89,252.3,14.49
61,142,2200,1.362,1.221,.938,-13.87,-13.82,72.3,74.4,4.251,4.706,270.1,385.5,1.844,2.394,-13.25
62,142,2200,-28.97,-29.18,-29.5,-29.92,-30.33,-30.66,-30.7,-29.53,-25.33,-13.25,-13.5,-13.52,264.7,14.52
61,142,2300,1.094,.985,1.012,-14.47,-14.38,73.5,75.6,4.166,4.621,281.2,385.4,1.847,2.398,-13.98
62,142,2300,-28.98,-29.19,-29.51,-29.93,-30.35,-30.67,-30.7,-29.51,-25.3,-13.98,-14.12,-14.1,275.5,14.74
61,143,0,1.006,.906,1.032,-15.02,-14.92,74.5,76.5,4.004,4.422,289.7,385.6,1.848,2.398,-14.52
62,143,0,-28.99,-29.2,-29.52,-29.94,-30.35,-30.67,-30.71,-29.51,-25.3,-14.52,-14.67,-14.64,285.3,14.69
61,143,100,.982,.877,1.041,-15.86,-15.73,74.6,76.6,3.383,3.761,298.4,385.5,1.851,2.401,-15.04
62,143,100,-29,-29.21,-29.53,-29.96,-30.36,-30.69,-30.74,-29.56,-25.31,-15.04,-15.47,-15.41,294.9,14.65
61,143,200,.6,.547,1.185,-17.13,-16.98,76.6,78.3,3.404,3.811,289.2,385.2,1.854,2.407,-15.68
62,143,200,-28.99,-29.2,-29.52,-29.94,-30.34,-30.67,-30.69,-29.46,-25.26,-15.68,-16.83,-16.7,284,14.49
61,143,300,.441,.437,1.212,-18.59,-18.45,76.6,78.4,3.505,3.937,289.9,385.2,1.86,2.414,-16.51
62,143,300,-29.01,-29.22,-29.53,-29.96,-30.35,-30.67,-30.69,-29.46,-25.27,-16.51,-18.33,-18.23,285.8,14.4
61,143,400,.612,.559,1.12,-19.34,-19.22,76,78.2,3.801,4.263,291.8,384.9,1.863,2.419,-17.33
62,143,400,-29.05,-29.26,-29.57,-29.99,-30.4,-30.72,-30.74,-29.53,-25.33,-17.33,-19.05,-18.98,287.3,14.34
61,143,500,.788,.717,1.033,-19.12,-19,75.6,77.8,3.565,3.997,293.6,384.8,1.862,2.417,-17.77
62,143,500,-29.08,-29.29,-29.6,-30.02,-30.44,-30.77,-30.81,-29.61,-25.4,-17.77,-18.79,-18.74,290,14.43
61,143,600,.796,.723,1.035,-19.35,-19.25,75.5,77.7,2.978,3.37,287.3,384.8,1.863,2.418,-18
62,143,600,-29.08,-29.28,-29.59,-30.02,-30.44,-30.75,-30.78,-29.55,-25.36,-18,-19,-18.95,282.2,14.62
61,143,700,1.158,1.044,.858,-19.33,-19.29,74.4,76.5,3.849,4.233,285,384.9,1.863,2.418,-18.08
62,143,700,-29.08,-29.29,-29.6,-30.02,-30.44,-30.76,-30.79,-29.58,-25.37,-18.08,-18.99,-19,279.9,14.92
61,143,800,1.32,1.177,.789,-19.19,-19.16,74.8,76.9,4.49,4.884,287.8,384.7,1.862,2.419,-17.96
62,143,800,-29.07,-29.27,-29.58,-30.01,-30.41,-30.72,-30.75,-29.52,-25.32,-17.96,-18.84,-18.88,283.6,14.65
61,143,900,1.698,1.503,.624,-18.87,-18.83,74.8,76.8,4.689,5.08,290.7,384.5,1.861,2.416,-17.71
62,143,900,-29.08,-29.27,-29.58,-29.99,-30.41,-30.72,-30.75,-29.52,-25.31,-17.71,-18.49,-18.54,287,14.26
61,143,1000,2.384,2.088,.344,-17.99,-17.94,74.8,76.7,5.221,5.634,294.3,384.3,1.859,2.414,-17.41
62,143,1000,-29.08,-29.27,-29.58,-29.98,-30.41,-30.72,-30.76,-29.53,-25.33,-17.41,-17.54,-17.63,290.2,14.18
61,143,1100,2.101,1.843,.517,-17.15,-17.08,75.9,77.9,5.32,5.74,297.7,383.9,1.857,2.408,-16.85
62,143,1100,-29.04,-29.24,-29.54,-29.95,-30.37,-30.68,-30.69,-29.42,-25.22,-16.85,-16.72,-16.8,294.7,14.3
61,143,1200,2.634,2.299,.275,-16.47,-16.38,75.1,77,5.548,5.968,297.9,383.8,1.853,2.406,-16.3
62,143,1200,-29.04,-29.23,-29.54,-29.94,-30.37,-30.68,-30.68,-29.38,-25.21,-16.3,-16.02,-16.1,293.8,14.11
61,143,1300,2.479,2.161,.388,-15.72,-15.63,74.9,76.8,5.815,6.276,297.6,383.9,1.85,2.406,-15.81
62,143,1300,-29.02,-29.22,-29.53,-29.93,-30.35,-30.65,-30.66,-29.35,-25.15,-15.81,-15.28,-15.38,294.9,14.1
61,143,1400,2.864,2.487,.247,-15,-14.89,73.7,75.6,6.301,6.76,300,383.7,1.848,2.404,-15.69
62,143,1400,-29.03,-29.22,-29.53,-29.93,-30.35,-30.66,-30.66,-29.35,-25.15,-15.69,-14.53,-14.63,297.2,13.99
61,143,1500,3.071,2.663,.155,-14.47,-14.35,74,76,7.04,7.55,301,383.4,1.846,2.402,-15.26
62,143,1500,-29.01,-29.21,-29.51,-29.93,-30.34,-30.64,-30.64,-29.29,-25.07,-15.26,-13.99,-14.1,298.3,14.03
61,143,1600,3.055,2.643,.156,-14.06,-13.92,74.4,76.4,6.97,7.47,302.1,383.2,1.845,2.398,-14.81
62,143,1600,-29.01,-29.2,-29.51,-29.92,-30.34,-30.64,-30.62,-29.24,-25.03,-14.81,-13.56,-13.68,300,13.97
61,143,1700,2.721,2.353,.316,-13.71,-13.58,75.2,77.6,6.745,7.25,304.9,383.4,1.844,2.396,-14.28
62,143,1700,-29,-29.19,-29.5,-29.92,-30.33,-30.64,-30.61,-29.22,-25,-14.28,-13.22,-13.37,303.4,14.11
61,143,1800,2.592,2.239,.425,-13.73,-13.62,75.2,77.7,6.975,7.51,307.1,383.5,1.844,2.396,-14.01
62,143,1800,-29,-29.19,-29.51,-29.92,-30.34,-30.63,-30.59,-29.18,-24.9,-14.01,-13.23,-13.4,305.4,14.14
61,143,1900,2.553,2.224,.45,-13.85,-13.74,75.5,77.8,7.98,8.57,308.1,383.7,1.844,2.396,-13.74
62,143,1900,-28.99,-29.19,-29.51,-29.93,-30.34,-30.65,-30.59,-29.15,-24.81,-13.74,-13.36,-13.53,307.6,14.19
61,143,2000,1.956,1.716,.672,-14.88,-14.77,75.7,77.8,8.24,8.85,301.2,383.8,1.848,2.402,-14.1
62,143,2000,-28.98,-29.18,-29.52,-29.94,-30.36,-30.66,-30.57,-29.1,-24.68,-14.1,-14.47,-14.56,298.4,14.29
61,143,2100,1.892,1.68,.659,-15.56,-15.46,75.6,77.6,8.14,8.75,299.6,384.1,1.85,2.407,-14.48
62,143,2100,-29,-29.21,-29.54,-29.95,-30.37,-30.68,-30.6,-29.13,-24.66,-14.48,-15.17,-15.25,296.1,14.38
61,143,2200,1.452,1.283,.852,-16.19,-16.1,75.5,77.6,7.44,8,299.7,384.6,1.853,2.41,-15.03
62,143,2200,-29,-29.21,-29.54,-29.95,-30.37,-30.68,-30.61,-29.16,-24.68,-15.03,-15.81,-15.87,296.8,14.67
61,143,2300,1.084,.956,.997,-16.99,-16.89,75,77.1,7.04,7.6,299.2,384.7,1.856,2.413,-15.76
62,143,2300,-29.01,-29.22,-29.54,-29.97,-30.38,-30.69,-30.61,-29.15,-24.68,-15.76,-16.64,-16.69,296.7,14.8
61,144,0,.891,.788,1.069,-17.59,-17.49,75.5,77.6,6.634,7.19,297,385,1.858,2.416,-16.51
62,144,0,-29.03,-29.24,-29.57,-29.98,-30.41,-30.71,-30.64,-29.18,-24.71,-16.51,-17.26,-17.28,294.4,14.69
61,144,100,.675,.599,1.158,-17.96,-17.85,76.2,78.2,6.348,6.912,297.8,385.4,1.859,2.418,-17.11
62,144,100,-29.05,-29.26,-29.59,-30,-30.42,-30.73,-30.67,-29.22,-24.76,-17.11,-17.68,-17.67,293.6,14.6
61,144,200,.489,.441,1.236,-18.46,-18.32,77.1,78.9,6.371,6.981,291.6,385.5,1.86,2.421,-17.73
62,144,200,-29.06,-29.27,-29.59,-30.02,-30.42,-30.73,-30.67,-29.22,-24.78,-17.73,-18.22,-18.13,287.8,14.41
61,144,300,.486,.569,1.163,-18.69,-18.52,76.6,78,6.343,6.952,288.4,385.9,1.861,2.416,-18.19
62,144,300,-29.08,-29.29,-29.61,-30.03,-30.46,-30.77,-30.72,-29.3,-24.83,-18.19,-18.41,-18.26,285.3,14.37
61,144,400,.729,.652,1.105,-19.14,-19.06,75.3,77.3,6.905,7.54,285,386.2,1.863,2.419,-18.61
62,144,400,-29.08,-29.29,-29.61,-30.03,-30.45,-30.77,-30.72,-29.29,-24.84,-18.61,-18.83,-18.8,280.4,14.39
61,144,500,.822,.743,1.048,-19.49,-19.43,74.8,76.8,6.884,7.52,281.7,386.3,1.865,2.421,-18.95
62,144,500,-29.09,-29.3,-29.62,-30.04,-30.47,-30.78,-30.73,-29.31,-24.85,-18.95,-19.2,-19.16,277.1,14.47
61,144,600,1.002,.911,.957,-19.51,-19.46,74.5,76.5,7.22,7.88,281.1,386.4,1.865,2.427,-19.12
62,144,600,-29.09,-29.3,-29.62,-30.05,-30.47,-30.78,-30.73,-29.29,-24.85,-19.12,-19.2,-19.17,277,14.62
61,144,700,1.217,1.092,.867,-19.41,-19.39,73.9,75.8,7.41,8.05,280.3,386.5,1.864,2.423,-19.08
62,144,700,-29.09,-29.3,-29.62,-30.03,-30.46,-30.77,-30.71,-29.26,-24.85,-19.08,-19.09,-19.11,275.1,14.86
61,144,800,1.512,1.342,.758,-18.99,-18.99,72.7,74.6,7.41,8.06,277.7,386.7,1.863,2.422,-18.85
62,144,800,-29.1,-29.3,-29.61,-30.02,-30.44,-30.75,-30.7,-29.27,-24.87,-18.85,-18.66,-18.68,272.5,14.75
61,144,900,1.7,1.496,.688,-18.83,-18.84,72.4,74.2,7.28,7.9,278.2,386.3,1.862,2.422,-18.56
62,144,900,-29.08,-29.28,-29.59,-30,-30.42,-30.72,-30.67,-29.24,-24.84,-18.56,-18.52,-18.54,272.9,14.2
61,144,1000,1.96,1.716,.625,-17.61,-17.61,72.1,73.9,6.867,7.43,278.2,386,1.858,2.415,-18.07
62,144,1000,-29.08,-29.28,-29.59,-30.01,-30.42,-30.73,-30.68,-29.26,-24.86,-18.07,-17.29,-17.32,272.9,14.22
61,144,1100,2.255,1.964,.543,-16.87,-16.88,72.2,74.1,6.255,6.786,276.7,385.7,1.855,2.414,-17.57
62,144,1100,-29.08,-29.27,-29.58,-29.99,-30.41,-30.71,-30.67,-29.26,-24.88,-17.57,-16.53,-16.56,271.5,14.24
61,144,1200,2.643,2.305,.444,-16.04,-16.09,72.1,74,6.278,6.8,273.2,385.1,1.852,2.41,-16.79
62,144,1200,-29.06,-29.25,-29.55,-29.97,-30.37,-30.68,-30.64,-29.21,-24.89,-16.79,-15.68,-15.72,268.3,13.89
61,144,1300,2.964,2.568,.381,-15.34,-15.37,71.5,73.4,5.615,6.088,278.1,384.6,1.85,2.408,-16.15
62,144,1300,-29.05,-29.24,-29.54,-29.96,-30.36,-30.66,-30.62,-29.2,-24.88,-16.15,-14.93,-15.04,272.7,13.95
61,144,1400,3.072,2.66,.338,-14.89,-14.92,71.7,73.7,5.91,6.395,278.2,384.1,1.848,2.402,-16.14
62,144,1400,-29.03,-29.23,-29.53,-29.93,-30.34,-30.64,-30.59,-29.15,-24.81,-16.14,-14.48,-14.59,272.7,13.92
61,144,1500,3.106,2.7,.284,-14.5,-14.52,72,74,6.095,6.6,279.8,383.6,1.847,2.4,-15.7
62,144,1500,-29.03,-29.22,-29.52,-29.94,-30.33,-30.63,-30.59,-29.14,-24.78,-15.7,-14.09,-14.23,274.3,14.33
61,144,1600,3.046,2.645,.315,-13.96,-13.97,72.2,74.3,5.938,6.415,279.6,383.1,1.845,2.399,-14.94
62,144,1600,-29.02,-29.22,-29.53,-29.93,-30.34,-30.63,-30.58,-29.13,-24.79,-14.94,-13.56,-13.67,274.3,13.97
61,144,1700,2.914,2.512,.362,-13.56,-13.55,72.4,74.6,6.163,6.674,280.9,382.7,1.844,2.395,-14.44
62,144,1700,-29.01,-29.2,-29.5,-29.92,-30.31,-30.6,-30.55,-29.08,-24.78,-14.44,-13.11,-13.3,276.7,13.9
61,144,1800,2.707,2.327,.471,-13.42,-13.38,72.7,75,5.959,6.466,285.8,382.4,1.843,2.395,-14.23
62,144,1800,-29,-29.19,-29.5,-29.91,-30.3,-30.59,-30.54,-29.06,-24.74,-14.23,-12.97,-13.15,281.7,14.29
61,144,1900,2.437,2.108,.638,-13.21,-13.13,73,75,5.473,5.959,283.7,382.1,1.842,2.395,-14.2
62,144,1900,-29,-29.2,-29.51,-29.93,-30.32,-30.63,-30.57,-29.12,-24.73,-14.2,-12.8,-12.9,278.7,14.2
61,144,2000,2.126,1.852,.783,-13.37,-13.31,73.5,75.7,5.166,5.625,279.8,382,1.843,2.394,-14.31
62,144,2000,-28.99,-29.2,-29.51,-29.93,-30.34,-30.64,-30.58,-29.13,-24.67,-14.31,-13,-13.05,274.4,14.2
61,144,2100,1.791,1.586,.875,-13.79,-13.73,73.9,76.2,4.947,5.425,275.4,381.7,1.845,2.398,-14.63
62,144,2100,-28.99,-29.2,-29.51,-29.94,-30.33,-30.64,-30.57,-29.12,-24.64,-14.63,-13.43,-13.46,271,14.91
61,144,2200,1.496,1.31,.992,-14.37,-14.31,74.3,76.5,5.346,5.861,277.1,381.5,1.847,2.4,-15.07
62,144,2200,-29,-29.21,-29.53,-29.94,-30.35,-30.65,-30.58,-29.11,-24.62,-15.07,-14.05,-14.05,272.2,14.95
61,144,2300,1.211,1.06,1.06,-15.11,-15.03,74.4,76.7,5.183,5.703,278.4,381.3,1.849,2.404,-15.63
62,144,2300,-29,-29.22,-29.53,-29.95,-30.35,-30.66,-30.59,-29.12,-24.62,-15.63,-14.8,-14.79,273.1,14.86
61,145,0,.973,.854,1.11,-15.72,-15.63,74.4,76.6,5.337,5.88,275.5,381.2,1.851,2.406,-16.23
62,145,0,-29.01,-29.23,-29.55,-29.96,-30.37,-30.67,-30.61,-29.13,-24.63,-16.23,-15.42,-15.38,270.4,14.75
61,145,100,.836,.726,1.444,-16.75,-16.63,75.1,77,5.853,6.435,274.2,380.8,1.855,2.412,-16.85
62,145,100,-29.03,-29.24,-29.56,-29.97,-30.38,-30.69,-30.62,-29.14,-24.64,-16.85,-16.5,-16.41,269,14.66
61,145,200,.675,.59,1.324,-17.53,-17.35,75.3,76.6,6.264,6.877,277.4,380.7,1.857,2.413,-17.48
62,145,200,-29.04,-29.26,-29.57,-29.99,-30.39,-30.7,-30.63,-29.13,-24.64,-17.48,-17.33,-17.13,272.9,14.58
61,145,300,.535,.61,1.239,-17.53,-17.34,75.7,77,5.933,6.529,280.8,380.5,1.857,2.412,-17.99
62,145,300,-29.07,-29.28,-29.6,-30.02,-30.42,-30.73,-30.66,-29.16,-24.68,-17.99,-17.3,-17.12,274.8,14.53
61,145,400,.735,.658,1.201,-17.5,-17.41,75.8,77.9,6.607,7.24,278.1,380.3,1.858,2.414,-18.18
62,145,400,-29.08,-29.29,-29.6,-30.02,-30.43,-30.74,-30.67,-29.18,-24.71,-18.18,-17.22,-17.14,274.1,14.57
61,145,500,.845,.765,1.143,-17.63,-17.57,75.9,78,6.658,7.28,278.1,380.3,1.858,2.416,-18.36
62,145,500,-29.09,-29.3,-29.61,-30.03,-30.45,-30.76,-30.68,-29.19,-24.72,-18.36,-17.35,-17.32,273.2,14.64
61,145,600,1.038,.945,1.06,-17.33,-17.28,76.2,78.2,7.06,7.71,278.4,380.3,1.858,2.414,-18.31
62,145,600,-29.09,-29.3,-29.61,-30.03,-30.46,-30.75,-30.68,-29.17,-24.74,-18.31,-17.06,-17.01,272.6,14.78
61,145,700,1.383,1.243,.981,-15.99,-15.96,76.5,78.4,7.04,7.68,280.6,380.4,1.852,2.408,-17.76
62,145,700,-29.09,-29.3,-29.61,-30.02,-30.44,-30.74,-30.66,-29.15,-24.72,-17.76,-15.73,-15.71,276.3,14.9
61,145,800,1.335,1.189,1.05,-15.56,-15.56,76.3,78.3,6.388,6.948,279.3,380.4,1.85,2.404,-16.93
62,145,800,-29.06,-29.26,-29.57,-29.99,-30.39,-30.69,-30.6,-29.07,-24.67,-16.93,-15.31,-15.33,274,14.3
61,145,900,1.881,1.656,.88,-15.36,-15.35,74.4,76.4,5.765,6.297,276.3,380.3,1.85,2.405,-16.58
62,145,900,-29.07,-29.27,-29.58,-29.98,-30.39,-30.68,-30.6,-29.06,-24.69,-16.58,-15.06,-15.02,270.6,14.35
61,145,1000,2.249,1.963,.788,-14.68,-14.62,73.9,75.8,5.686,6.197,284.7,380.3,1.848,2.402,-16.17
62,145,1000,-29.06,-29.26,-29.57,-29.97,-30.37,-30.67,-30.57,-29.02,-24.64,-16.17,-14.35,-14.34,280.2,14.15
61,145,1100,2.518,2.194,.688,-13.9,-13.88,73.6,75.3,6.261,6.775,283.4,380.1,1.845,2.396,-15.42
62,145,1100,-29.04,-29.24,-29.54,-29.95,-30.36,-30.65,-30.55,-28.99,-24.62,-15.42,-13.55,-13.59,278.4,13.98
61,145,1200,2.754,2.398,.584,-13.54,-13.53,72.9,74.8,5.611,6.092,282.5,379.7,1.844,2.396,-14.8
62,145,1200,-29.03,-29.22,-29.53,-29.93,-30.33,-30.62,-30.52,-28.95,-24.63,-14.8,-13.17,-13.23,277.7,14.02
61,145,1300,2.912,2.528,.565,-12.81,-12.78,73.4,75.2,5.867,6.372,284.4,379.4,1.841,2.392,-14.19
62,145,1300,-29.03,-29.22,-29.52,-29.92,-30.33,-30.61,-30.5,-28.92,-24.6,-14.19,-12.43,-12.53,279.9,14.34
61,145,1400,3.015,2.618,.513,-12.01,-11.99,73.5,75.4,5.592,6.053,281.8,379.4,1.839,2.389,-14.21
62,145,1400,-29.02,-29.21,-29.51,-29.93,-30.32,-30.6,-30.5,-28.92,-24.58,-14.21,-11.62,-11.72,276.5,13.74
61,145,1500,3.058,2.665,.465,-11.57,-11.56,73.3,75.2,6.153,6.662,280.6,379.2,1.837,2.387,-13.73
62,145,1500,-29.01,-29.2,-29.5,-29.9,-30.31,-30.59,-30.48,-28.9,-24.55,-13.73,-11.17,-11.29,275.1,14.05
61,145,1600,3.048,2.652,.461,-10.84,-10.78,73.1,75,5.749,6.21,284.6,379,1.834,2.383,-12.92
62,145,1600,-29.01,-29.2,-29.51,-29.91,-30.3,-30.59,-30.48,-28.88,-24.56,-12.92,-10.4,-10.49,279.6,13.96
61,145,1700,2.904,2.508,.495,-10.61,-10.6,73.6,75.8,6.008,6.492,279.6,378.8,1.833,2.383,-12.42
62,145,1700,-28.99,-29.18,-29.48,-29.88,-30.28,-30.56,-30.45,-28.84,-24.55,-12.42,-10.2,-10.32,274.3,14
61,145,1800,2.69,2.318,.662,-10.36,-10.36,73.1,75.5,5.352,5.802,277.5,378.8,1.833,2.382,-12.18
62,145,1800,-28.99,-29.18,-29.49,-29.9,-30.29,-30.57,-30.44,-28.85,-24.55,-12.18,-9.94,-10.07,271.8,14.22
61,145,1900,2.43,2.105,.832,-10.25,-10.2,73.1,75.2,4.923,5.362,274.8,378.8,1.832,2.382,-12.12
62,145,1900,-28.98,-29.18,-29.49,-29.9,-30.29,-30.58,-30.47,-28.9,-24.53,-12.12,-9.84,-9.89,269.8,14.21
61,145,2000,2.124,1.853,.972,-10.44,-10.38,73.2,75.3,4.283,4.74,271.2,378.6,1.833,2.385,-12.24
62,145,2000,-28.98,-29.18,-29.5,-29.92,-30.31,-30.6,-30.48,-28.9,-24.48,-12.24,-10.07,-10.06,265.3,14.19
61,145,2100,1.794,1.589,1.06,-10.8,-10.73,73.2,75.4,4.692,5.181,270.9,378.8,1.834,2.384,-12.51
62,145,2100,-28.98,-29.19,-29.51,-29.91,-30.32,-30.6,-30.47,-28.89,-24.43,-12.51,-10.44,-10.43,265.8,14.95
61,145,2200,1.504,1.319,1.106,-11.44,-11.39,73.5,75.7,4.984,5.506,266.2,378.6,1.837,2.388,-12.93
62,145,2200,-28.98,-29.19,-29.51,-29.93,-30.32,-30.61,-30.48,-28.87,-24.41,-12.93,-11.13,-11.1,261.4,15
61,145,2300,1.143,1.004,1.179,-12.44,-12.38,73.6,75.7,5.667,6.244,266.9,378.8,1.84,2.391,-13.53
62,145,2300,-28.98,-29.2,-29.52,-29.94,-30.33,-30.61,-30.47,-28.84,-24.39,-13.53,-12.12,-12.1,260.7,14.91
61,146,0,.777,.688,1.246,-13.52,-13.43,73.7,75.7,5.844,6.442,267.2,378.8,1.843,2.396,-14.23
62,146,0,-29,-29.21,-29.53,-29.94,-30.34,-30.62,-30.47,-28.82,-24.4,-14.23,-13.26,-13.2,261.8,14.77
61,146,100,.608,.542,1.29,-14.31,-14.19,74.2,76,5.53,6.122,264.8,379.2,1.846,2.4,-14.88
62,146,100,-29.02,-29.24,-29.55,-29.95,-30.36,-30.65,-30.5,-28.86,-24.46,-14.88,-14.09,-13.98,260,14.66
61,146,200,.545,.493,1.302,-14.66,-14.51,74,75.6,6.228,6.857,271.2,379.2,1.847,2.4,-15.41
62,146,200,-29.04,-29.25,-29.57,-29.98,-30.38,-30.67,-30.52,-28.89,-24.49,-15.41,-14.47,-14.34,265.4,14.58
61,146,300,.616,.676,1.189,-15.02,-14.88,74,75.4,5.948,6.545,273,379.1,1.848,2.402,-15.77
62,146,300,-29.06,-29.27,-29.58,-30,-30.4,-30.7,-30.56,-28.94,-24.5,-15.77,-14.84,-14.67,267,14.63
61,146,400,.844,.761,1.138,-15.36,-15.31,73.6,75.6,6.068,6.649,272.8,379.2,1.849,2.405,-15.95
62,146,400,-29.06,-29.27,-29.58,-30,-30.41,-30.7,-30.55,-28.93,-24.51,-15.95,-15.12,-15.08,267,14.75
61,146,500,.704,.638,1.199,-15.84,-15.77,74.3,76.3,5.788,6.353,276.1,379.5,1.852,2.407,-16.25
62,146,500,-29.06,-29.27,-29.58,-30,-30.4,-30.69,-30.53,-28.88,-24.48,-16.25,-15.6,-15.57,269.9,14.78
61,146,600,.757,.682,1.153,-16.36,-16.27,74.4,76.4,5.369,5.906,276.1,379.5,1.853,2.408,-16.6
62,146,600,-29.06,-29.27,-29.58,-29.99,-30.39,-30.67,-30.51,-28.85,-24.48,-16.6,-16.13,-16.07,271.3,14.87
61,146,700,.966,.862,1.066,-16.14,-16.06,74.3,76.3,5.326,5.84,279.1,379.6,1.852,2.407,-16.71
62,146,700,-29.08,-29.29,-29.6,-30.02,-30.41,-30.69,-30.53,-28.87,-24.51,-16.71,-15.91,-15.86,274.6,15.06
61,146,800,1.238,1.098,.986,-15.68,-15.6,73.7,75.6,5.306,5.813,281,379.9,1.851,2.406,-16.54
62,146,800,-29.09,-29.29,-29.6,-30.01,-30.41,-30.69,-30.53,-28.88,-24.52,-16.54,-15.42,-15.37,276.9,14.62
61,146,900,1.561,1.373,.871,-15.5,-15.44,73.1,75,4.869,5.348,279.1,379.9,1.851,2.405,-16.32
62,146,900,-29.08,-29.28,-29.59,-29.99,-30.39,-30.67,-30.52,-28.86,-24.51,-16.32,-15.23,-15.18,273.9,14.19
61,146,1000,1.927,1.687,.765,-15.16,-15.12,72.3,74.2,4.195,4.618,278.2,379.8,1.849,2.404,-15.94
62,146,1000,-29.08,-29.28,-29.58,-29.99,-30.39,-30.66,-30.51,-28.84,-24.5,-15.94,-14.85,-14.83,273.5,14.39
61,146,1100,2.293,2.002,.68,-14.52,-14.47,71.4,73.2,3.513,3.852,282.7,379.8,1.847,2.401,-15.37
62,146,1100,-29.06,-29.26,-29.57,-29.97,-30.37,-30.65,-30.49,-28.82,-24.48,-15.37,-14.11,-14.14,278.3,14.01
61,146,1200,2.658,2.318,.585,-13.76,-13.75,70.6,72.4,3.874,4.223,279.8,379.7,1.845,2.399,-14.76
62,146,1200,-29.05,-29.24,-29.54,-29.95,-30.35,-30.62,-30.46,-28.77,-24.5,-14.76,-13.34,-13.39,274.4,13.86
61,146,1300,2.941,2.556,.518,-13.18,-13.19,69.39,71.3,4.284,4.627,280.9,379.5,1.843,2.395,-14.03
62,146,1300,-29.04,-29.23,-29.52,-29.93,-30.33,-30.59,-30.43,-28.75,-24.47,-14.03,-12.71,-12.8,276,14.19
61,146,1400,3.1,2.695,.44,-12.72,-12.65,67.98,69.72,3.856,4.155,288,379.3,1.841,2.393,-14.13
62,146,1400,-29.03,-29.22,-29.52,-29.92,-30.32,-30.58,-30.42,-28.72,-24.42,-14.13,-12.19,-12.27,284,13.93
61,146,1500,2.95,2.578,.486,-12.36,-12.25,66.7,68.24,3.115,3.358,292,379,1.84,2.392,-13.72
62,146,1500,-29.02,-29.21,-29.51,-29.91,-30.29,-30.56,-30.4,-28.7,-24.4,-13.72,-11.76,-11.89,288.6,14.07
61,146,1600,3.001,2.636,.417,-11.96,-11.88,66.06,67.67,2.768,2.966,287.8,378.8,1.839,2.39,-12.94
62,146,1600,-29.01,-29.21,-29.51,-29.91,-30.3,-30.57,-30.41,-28.73,-24.4,-12.94,-11.38,-11.47,283.9,14.17
61,146,1700,2.556,2.24,.643,-11.71,-11.72,65.79,67.68,2.436,2.612,275.2,378.6,1.838,2.389,-12.42
62,146,1700,-29,-29.19,-29.5,-29.89,-30.28,-30.55,-30.4,-28.72,-24.41,-12.42,-11.17,-11.31,270.6,13.98
61,146,1800,2.266,1.979,.681,-11.8,-11.85,67.58,69.67,2.589,2.813,270.9,378.1,1.838,2.391,-12.41
62,146,1800,-28.99,-29.18,-29.49,-29.89,-30.27,-30.53,-30.37,-28.67,-24.36,-12.41,-11.33,-11.46,265.6,14.23
61,146,1900,2.073,1.813,.764,-11.89,-11.82,67.66,69.58,1.701,1.896,282.8,378,1.839,2.391,-12.6
62,146,1900,-28.99,-29.19,-29.5,-29.91,-30.29,-30.56,-30.39,-28.71,-24.38,-12.6,-11.29,-11.39,277,14.25
61,146,2000,1.919,1.678,.843,-11.96,-11.93,67.1,69.24,1.141,1.379,278.2,377.9,1.841,2.394,-12.94
62,146,2000,-28.99,-29.19,-29.5,-29.92,-30.3,-30.58,-30.41,-28.74,-24.36,-12.94,-11.31,-11.43,274.2,14.14
61,146,2100,1.832,1.616,.91,-11.4,-11.67,63.12,65.96,.364,.692,277.8,377.7,1.844,2.397,-13.35
62,146,2100,-29,-29.21,-29.52,-29.93,-30.32,-30.6,-30.44,-28.79,-24.36,-13.35,-10.8,-10.96,279.6,14.72
61,146,2200,1.462,1.283,1.034,-12.88,-12.59,68.58,69.61,.122,.45,277.6,377.4,1.846,2.402,-13.85
62,146,2200,-28.98,-29.2,-29.51,-29.92,-30.31,-30.59,-30.42,-28.75,-24.25,-13.85,-12.45,-12,279.2,14.18
61,146,2300,1.2,1.057,.971,-14.82,-14.47,74.1,75.8,.87,.87,272.6,376.9,1.852,2.408,-14.7
62,146,2300,-28.97,-29.19,-29.51,-29.92,-30.3,-30.57,-30.39,-28.66,-24.19,-14.7,-14.49,-14.05,247.2,14.69
61,147,0,1.136,1.004,.987,-14.92,-14.93,71.6,74.4,.851,1.161,266.5,376.6,1.852,2.408,-15.08
62,147,0,-29.03,-29.25,-29.57,-29.97,-30.39,-30.65,-30.49,-28.8,-24.29,-15.08,-14.6,-14.44,261,15.01
61,147,100,.893,.787,1.068,-16.46,-16.19,74.8,77.2,.931,1.21,262.4,376.5,1.856,2.414,-15.81
62,147,100,-29.03,-29.25,-29.57,-29.98,-30.38,-30.66,-30.49,-28.78,-24.26,-15.81,-16.11,-15.77,248.3,14.91
61,147,200,.449,.41,1.227,-18.51,-18.24,78.9,81.6,1.436,1.804,271.5,376.4,1.861,2.42,-16.68
62,147,200,-29.02,-29.23,-29.53,-29.94,-30.32,-30.58,-30.38,-28.62,-24.23,-16.68,-18.23,-17.99,266.8,14.65
61,147,300,.459,.426,1.199,-19.28,-19.12,79.1,81.7,1.511,1.809,293.9,375.9,1.863,2.423,-17.43
62,147,300,-29.07,-29.28,-29.58,-29.99,-30.36,-30.63,-30.44,-28.7,-24.34,-17.43,-18.99,-18.88,291.3,14.6
61,147,400,.475,.433,1.182,-19.4,-19.27,78.3,81,1.143,1.395,296.2,375.8,1.864,2.424,-17.76
62,147,400,-29.11,-29.31,-29.61,-30.02,-30.41,-30.67,-30.49,-28.79,-24.44,-17.76,-19.08,-19.02,291.4,14.66
61,147,500,.839,.76,.987,-20.33,-20.24,75.5,78.3,1.499,1.792,286.7,375.3,1.868,2.43,-18.29
62,147,500,-29.13,-29.34,-29.64,-30.05,-30.46,-30.73,-30.55,-28.85,-24.44,-18.29,-19.89,-19.83,282.5,14.8
61,147,600,.878,.793,.968,-20.38,-20.29,75.3,78.1,1.092,1.291,301.9,375.3,1.868,2.431,-18.55
62,147,600,-29.12,-29.32,-29.63,-30.04,-30.43,-30.69,-30.5,-28.78,-24.42,-18.55,-19.94,-19.95,298,15.01
61,147,700,1.36,1.228,.761,-19.34,-19.52,68.1,71.6,.681,.823,306.6,375.1,1.868,2.431,-18.54
62,147,700,-29.16,-29.35,-29.66,-30.07,-30.48,-30.74,-30.58,-28.9,-24.54,-18.54,-18.74,-18.99,301.4,14.58
61,147,800,1.413,1.268,.76,-20.14,-20.09,68.72,71.6,.797,1.008,303.9,375.1,1.87,2.431,-18.59
62,147,800,-29.09,-29.29,-29.59,-29.99,-30.39,-30.65,-30.44,-28.69,-24.39,-18.59,-19.52,-19.52,295.7,14.23
61,147,900,1.88,1.677,.549,-18.42,-19.22,61.68,69.43,.732,.875,313.4,375.2,1.87,2.432,-18.68
62,147,900,-29.11,-29.3,-29.6,-29.99,-30.41,-30.65,-30.44,-28.68,-24.41,-18.68,-17.61,-18.66,319.6,14.47
61,147,1000,1.946,1.729,.522,-17.77,-18.92,60.87,70,.59,.694,183.4,375.5,1.869,2.43,-18.48
62,147,1000,-29.06,-29.25,-29.56,-29.96,-30.34,-30.59,-30.38,-28.58,-24.33,-18.48,-17.03,-18.36,186.2,13.85
61,147,1100,2.572,2.272,.292,-17.09,-17.71,64.27,68.46,.978,1.099,60.79,375.5,1.866,2.423,-17.82
62,147,1100,-29.08,-29.28,-29.57,-29.97,-30.37,-30.61,-30.41,-28.65,-24.43,-17.82,-16.48,-16.8,63.69,13.68
61,147,1200,2.76,2.442,.236,-16.42,-16.85,65.02,68.02,1.004,1.073,68.48,375.5,1.865,2.419,-17.11
62,147,1200,-29.04,-29.22,-29.51,-29.9,-30.29,-30.53,-30.3,-28.5,-24.43,-17.11,-15.71,-15.88,62.54,13.61
61,147,1300,2.945,2.599,.049,-17.32,-17.62,73.2,76.7,2.523,2.59,84,375.8,1.864,2.416,-16.39
62,147,1300,-29,-29.2,-29.49,-29.89,-30.26,-30.5,-30.27,-28.42,-24.23,-16.39,-16.74,-17.07,79.9,13.8
61,147,1400,3.015,2.652,-.036,-17.53,-17.62,74.4,77.4,2.807,2.887,92,375.6,1.862,2.416,-16.58
62,147,1400,-29.02,-29.22,-29.51,-29.91,-30.29,-30.53,-30.29,-28.47,-24.23,-16.58,-16.97,-17.17,87.8,13.84
61,147,1500,3.148,2.785,-.113,-16.91,-17.03,72.1,75.1,2.438,2.519,92.3,375.5,1.859,2.414,-16.33
62,147,1500,-29.05,-29.25,-29.55,-29.95,-30.34,-30.58,-30.36,-28.58,-24.3,-16.33,-16.33,-16.53,87.4,13.75
61,147,1600,3.074,2.711,-.067,-16.37,-16.68,69.66,73.1,1.913,1.954,79.1,375.4,1.858,2.415,-15.72
62,147,1600,-29.04,-29.23,-29.52,-29.92,-30.31,-30.55,-30.33,-28.54,-24.33,-15.72,-15.73,-16.06,74,13.67
61,147,1700,2.898,2.543,.039,-16.17,-16.55,70,73.9,1.689,1.733,70.5,375.5,1.857,2.414,-15.42
62,147,1700,-29.02,-29.21,-29.5,-29.91,-30.27,-30.52,-30.29,-28.5,-24.35,-15.42,-15.49,-15.88,66.85,13.91
61,147,1800,2.654,2.323,.164,-16.29,-16.65,71,74.7,1.59,1.649,58.28,375.3,1.857,2.415,-15.31
62,147,1800,-29.02,-29.21,-29.51,-29.9,-30.27,-30.52,-30.28,-28.5,-24.3,-15.31,-15.63,-15.95,54.65,14.08
61,147,1900,2.369,2.084,.301,-16.69,-16.82,72.7,75.5,1.562,1.642,32.1,375.4,1.856,2.415,-15.29
62,147,1900,-29.01,-29.21,-29.52,-29.93,-30.3,-30.56,-30.31,-28.52,-24.2,-15.29,-16,-16.18,28.89,14.09
61,147,2000,2.024,1.793,.434,-15.9,-16.04,67.04,71.6,.754,.874,16.13,375.3,1.857,2.419,-15.6
62,147,2000,-29.02,-29.23,-29.54,-29.95,-30.33,-30.58,-30.33,-28.54,-24.15,-15.6,-15.14,-15.67,12.53,14.67
61,147,2100,1.837,1.653,.543,-15.75,-15.73,59.78,64.98,.078,.223,98.5,375.5,1.86,2.429,-16.26
62,147,2100,-29.03,-29.24,-29.56,-29.96,-30.33,-30.6,-30.36,-28.62,-24.17,-16.26,-14.52,-15.1,94.2,14.18
61,147,2200,1.539,1.374,.66,-18.65,-18.16,70.6,74.3,1.211,1.467,279.9,375.5,1.864,2.437,-17.1
62,147,2200,-29.01,-29.23,-29.54,-29.95,-30.32,-30.57,-30.33,-28.52,-24.02,-17.1,-18.13,-17.66,263,14.83
61,147,2300,1.27,1.137,.758,-20.66,-20.42,73.5,77,1.969,2.378,255.3,375.2,1.869,2.444,-18.02
62,147,2300,-29.03,-29.25,-29.56,-29.98,-30.34,-30.6,-30.35,-28.52,-24.01,-18.02,-20.24,-20.1,247.1,14.96
61,148,0,1.037,.934,.861,-21.55,-21.41,74.5,77.5,2.895,3.316,281,375,1.871,2.445,-18.93
62,148,0,-29.07,-29.29,-29.6,-30.02,-30.39,-30.65,-30.4,-28.57,-24.07,-18.93,-21.15,-21.07,275.1,14.89
61,148,100,.739,.672,1.008,-21.76,-21.6,77,79.6,3.745,4.203,295.8,374.9,1.872,2.444,-19.67
62,148,100,-29.1,-29.31,-29.63,-30.03,-30.41,-30.66,-30.39,-28.55,-24.11,-19.67,-21.46,-21.4,291.7,14.8
61,148,200,.645,.602,1.055,-21,-20.84,76.9,78.9,3.675,4.055,299,374.8,1.867,2.437,-19.83
62,148,200,-29.14,-29.35,-29.65,-30.06,-30.44,-30.69,-30.44,-28.62,-24.21,-19.83,-20.64,-20.57,295.7,14.74
61,148,300,.569,.684,1.006,-22.31,-22.1,75.6,77,3.908,4.349,290.9,374.8,1.873,2.443,-20.19
62,148,300,-29.13,-29.34,-29.65,-30.06,-30.43,-30.7,-30.44,-28.62,-24.17,-20.19,-21.94,-21.77,287.7,14.73
61,148,400,.812,.741,.962,-23.33,-23.22,73.6,75.9,4.01,4.472,287.5,374.5,1.877,2.445,-20.91
62,148,400,-29.13,-29.35,-29.65,-30.06,-30.44,-30.69,-30.44,-28.61,-24.19,-20.91,-22.93,-22.88,282.8,14.75
61,148,500,.944,.864,.892,-23.6,-23.51,72.4,74.8,4.627,5.117,287.8,374.2,1.879,2.447,-21.44
62,148,500,-29.16,-29.37,-29.67,-30.09,-30.47,-30.73,-30.48,-28.65,-24.22,-21.44,-23.19,-23.18,283.5,14.82
61,148,600,1.114,1.01,.809,-23.6,-23.53,71.8,74,5.416,5.904,288.5,374,1.88,2.443,-21.79
62,148,600,-29.16,-29.37,-29.67,-30.08,-30.47,-30.72,-30.46,-28.62,-24.23,-21.79,-23.19,-23.21,283.5,14.92
61,148,700,1.346,1.195,.696,-23.33,-23.27,71.2,73.3,6.195,6.719,286.3,373.7,1.88,2.441,-21.85
62,148,700,-29.17,-29.37,-29.67,-30.08,-30.45,-30.7,-30.46,-28.62,-24.23,-21.85,-22.91,-22.95,282.1,15.08
61,148,800,1.646,1.446,.557,-22.55,-22.51,71.3,73.3,6.575,7.08,284.4,373.2,1.877,2.443,-21.6
62,148,800,-29.17,-29.37,-29.68,-30.06,-30.46,-30.7,-30.44,-28.59,-24.21,-21.6,-22.16,-22.18,280.5,14.76
61,148,900,1.972,1.722,.408,-21.29,-21.23,71.3,73.2,6.887,7.38,288.6,373,1.873,2.435,-21.04
62,148,900,-29.17,-29.37,-29.66,-30.06,-30.45,-30.69,-30.42,-28.55,-24.17,-21.04,-20.88,-20.93,284.1,14.3
61,148,1000,2.252,1.959,.283,-19.79,-19.69,71.6,73.4,6.686,7.18,293.2,372.8,1.867,2.426,-20.2
62,148,1000,-29.16,-29.36,-29.65,-30.05,-30.42,-30.67,-30.41,-28.54,-24.14,-20.2,-19.34,-19.39,290.9,14.31
61,148,1100,2.531,2.198,.158,-18.55,-18.44,72.5,74.3,6.743,7.25,296.9,372.2,1.863,2.419,-19.44
62,148,1100,-29.14,-29.33,-29.62,-30.02,-30.39,-30.63,-30.39,-28.53,-24.15,-19.44,-18.1,-18.13,293.5,14.17
61,148,1200,2.856,2.481,.014,-17.47,-17.36,71.8,73.6,6.62,7.07,298.3,371.7,1.825,2.416,-18.43
62,148,1200,-29.13,-29.31,-29.61,-29.99,-30.37,-30.6,-30.36,-28.53,-24.23,-18.43,-16.98,-17.05,294.8,14.06
61,148,1300,3.064,2.663,-.069,-16.4,-16.28,72,73.8,6.713,7.11,299,371.4,1.758,2.346,-17.38
62,148,1300,-29.07,-29.27,-29.55,-29.95,-30.32,-30.55,-30.27,-28.34,-24.05,-17.38,-15.89,-15.96,238.4,14.1
61,148,1400,3.061,2.673,-.07,-15.77,-15.55,73,74.6,7.36,7.11,307.2,371,1.812,2.382,-17.03
62,148,1400,-29.07,-29.26,-29.56,-29.95,-30.33,-30.55,-30.25,-28.3,-23.99,-17.03,-15.23,-15.19,123.5,13.87
61,148,1500,2.982,2.615,-.033,-15.15,-14.84,73.5,74.4,6.927,6.385,331.1,370.5,1.834,2.391,-16.26
62,148,1500,-29.07,-29.27,-29.56,-29.96,-30.34,-30.57,-30.26,-28.3,-23.95,-16.26,-14.63,-14.44,137.5,13.93
61,148,1600,2.768,2.433,.073,-14.73,-14.16,72.1,71,6.571,5.955,341,370.2,1.836,2.392,-15.53
62,148,1600,-29.06,-29.26,-29.56,-29.95,-30.32,-30.56,-30.26,-28.29,-23.93,-15.53,-14.15,-13.57,149,14.17
61,148,1700,2.862,2.498,.042,-14.16,-14.06,67.72,69.31,6.415,6.195,308.7,369.9,1.835,2.39,-15.02
62,148,1700,-29.05,-29.25,-29.55,-29.95,-30.32,-30.54,-30.21,-28.2,-23.89,-15.02,-13.36,-13.36,161.5,14
61,148,1800,2.589,2.259,.184,-14.04,-14.69,65.6,72,5.992,5.902,190.1,369.8,1.835,2.392,-14.93
62,148,1800,-29.05,-29.25,-29.56,-29.95,-30.32,-30.54,-30.18,-28.16,-23.86,-14.93,-13.1,-14.05,169.2,14.24
61,148,1900,1.992,1.769,.476,-14.24,-15.15,69.22,77.8,5.852,5.795,5.238,370.1,1.837,2.391,-14.89
62,148,1900,-29.05,-29.26,-29.58,-29.97,-30.35,-30.56,-30.2,-28.2,-23.85,-14.89,-13.47,-14.74,179.6,14.22
61,148,2000,1.634,1.459,.659,-14.61,-15.37,73.1,80.1,5.698,5.671,25.16,370.3,1.831,2.391,-15.02
62,148,2000,-29.07,-29.28,-29.6,-29.99,-30.37,-30.58,-30.22,-28.22,-23.87,-15.02,-14.11,-15.04,201.7,14.24
61,148,2100,1.198,1.076,.872,-15.36,-15.74,77.5,82.3,6.536,6.528,35.17,370.5,1.808,2.382,-15.33
62,148,2100,-29.07,-29.28,-29.6,-29.99,-30.36,-30.57,-30.19,-28.19,-23.87,-15.33,-15,-15.46,212.4,14.19
61,148,2200,.883,.793,1.023,-16.42,-16.54,79.4,82.6,6.697,6.729,52.42,371.1,1.82,2.39,-15.65
62,148,2200,-29.07,-29.28,-29.6,-30,-30.36,-30.56,-30.18,-28.16,-23.86,-15.65,-16.09,-16.26,230.4,14.99
61,148,2300,.742,.666,1.087,-17.18,-17.37,79,82.8,5.778,5.775,40.92,371.8,1.839,2.4,-16.22
62,148,2300,-29.08,-29.29,-29.61,-30.01,-30.37,-30.58,-30.18,-28.15,-23.84,-16.22,-16.83,-17.11,218.4,15.02
61,149,0,.643,.58,1.13,-18,-18.22,78.4,82.5,4.677,4.67,39.77,372.6,1.837,2.404,-16.95
62,149,0,-29.09,-29.3,-29.62,-30.02,-30.39,-30.6,-30.22,-28.22,-23.9,-16.95,-17.62,-17.94,216.9,14.94
61,149,100,.624,.566,1.136,-18.39,-18.68,77.9,82.2,5.399,5.375,27.44,373.1,1.839,2.407,-17.41
62,149,100,-29.11,-29.32,-29.65,-30.05,-30.41,-30.61,-30.22,-28.19,-23.88,-17.41,-18.03,-18.45,204.3,14.9
61,149,200,.555,.507,1.163,-19.64,-19.89,77.2,81.3,4.521,4.505,29.52,373.8,1.837,2.412,-18
62,149,200,-29.11,-29.33,-29.64,-30.04,-30.41,-30.62,-30.24,-28.22,-23.91,-18,-19.25,-19.6,206.3,14.82
61,149,300,.375,.351,1.232,-21.22,-21.5,76.3,80.6,3.242,3.217,21.7,374.5,1.844,2.42,-18.83
62,149,300,-29.11,-29.32,-29.63,-30.02,-30.39,-30.6,-30.23,-28.21,-23.94,-18.83,-20.81,-21.24,198,14.62
61,149,400,.687,.625,1.069,-20.68,-21.14,74.7,80.1,3.167,3.148,20.17,374.7,1.843,2.419,-19.26
62,149,400,-29.15,-29.36,-29.67,-30.06,-30.44,-30.66,-30.31,-28.36,-24.08,-19.26,-20.26,-20.86,196.4,14.9
61,149,500,.84,.766,.997,-20.83,-21.47,72.6,78.7,3.461,3.448,23.53,374.9,1.844,2.421,-19.39
62,149,500,-29.15,-29.36,-29.67,-30.08,-30.44,-30.67,-30.32,-28.36,-24.08,-19.39,-20.34,-21.1,200.2,15.01
61,149,600,1.131,1.034,.839,-20.85,-22.12,65.85,75.5,2.905,2.876,13.8,375.1,1.847,2.425,-19.78
62,149,600,-29.15,-29.36,-29.67,-30.07,-30.46,-30.68,-30.34,-28.39,-24.08,-19.78,-20.18,-21.63,189.5,15.14
61,149,700,1.34,1.218,.746,-20.68,-22.31,62.68,74.3,2.795,2.763,11.31,375.1,1.848,2.426,-20.12
62,149,700,-29.15,-29.36,-29.67,-30.08,-30.46,-30.68,-30.32,-28.35,-24.08,-20.12,-19.91,-21.74,186.8,14.5
61,149,800,1.536,1.383,.661,-20.26,-22.34,57.03,70.8,1.86,1.824,11.2,375.3,1.851,2.43,-20.51
62,149,800,-29.16,-29.36,-29.65,-30.06,-30.43,-30.65,-30.31,-28.34,-24.13,-20.51,-19.33,-21.69,184.7,14.18
61,149,900,1.859,1.661,.516,-20.18,-21.61,56.9,67.43,2.103,2.058,13.14,375.3,1.849,2.428,-20.47
62,149,900,-29.17,-29.36,-29.66,-30.06,-30.44,-30.65,-30.32,-28.36,-24.14,-20.47,-18.98,-20.66,173.4,14.41
61,149,1000,1.941,1.729,.472,-20.35,-21.99,57.54,69.19,2.128,2.082,14.42,375.1,1.849,2.428,-20.36
62,149,1000,-29.14,-29.34,-29.64,-30.04,-30.4,-30.62,-30.28,-28.3,-24.1,-20.36,-19.22,-21.2,175.4,14.27
61,149,1100,2.471,2.209,.239,-17.36,-20.53,45.33,62.52,1.062,1.027,8.06,375,1.848,2.427,-20
62,149,1100,-29.16,-29.36,-29.65,-30.05,-30.43,-30.65,-30.33,-28.4,-24.29,-20,-15.98,-19.63,183.5,14.16
61,149,1200,2.654,2.376,.359,-15.54,-17.97,37.04,51.16,.337,.338,10.28,374.6,1.849,2.427,-19.5
62,149,1200,-29.15,-29.33,-29.61,-30,-30.38,-30.6,-30.29,-28.4,-24.42,-19.5,-13.89,-16.94,195.3,13.72
61,149,1300,2.828,2.533,.309,-19.68,-19.91,53.81,56.87,.823,.688,50.21,373.4,1.849,2.427,-19.02
62,149,1300,-29.06,-29.25,-29.55,-29.94,-30.29,-30.5,-30.16,-28.18,-24.13,-19.02,-18.6,-18.79,249.3,13.66
61,149,1400,2.871,2.552,.126,-21.33,-21.46,64.12,66.84,2.269,2.311,103.7,373,1.848,2.431,-18.65
62,149,1400,-29.02,-29.22,-29.5,-29.89,-30.22,-30.41,-30.07,-28.06,-24.01,-18.65,-20.67,-20.84,282.7,13.83
61,149,1500,2.638,2.37,.08,-21.64,-21.64,68.14,70.2,3.282,2.664,118.3,372,1.847,2.432,-18.55
62,149,1500,-29.09,-29.3,-29.59,-29.98,-30.33,-30.54,-30.23,-28.3,-24.04,-18.55,-21.16,-21.2,295.8,14.25
61,149,1600,2.76,2.476,.034,-21.38,-21.37,68.7,70.9,4.32,3.07,123.8,371.5,1.845,2.418,-18.33
62,149,1600,-29.11,-29.32,-29.61,-29.99,-30.36,-30.57,-30.28,-28.39,-24.13,-18.33,-20.9,-20.98,300.7,14.11
61,149,1700,2.809,2.495,.02,-21.16,-21.13,69.26,71.7,5.282,4.124,120.8,370.9,1.844,2.415,-18.3
62,149,1700,-29.1,-29.31,-29.6,-29.99,-30.34,-30.55,-30.27,-28.4,-24.19,-18.3,-20.61,-20.73,297.9,13.99
61,149,1800,2.693,2.362,.089,-21.21,-21.18,71.6,74.1,6.778,5.971,115.8,370,1.843,2.412,-18.35
62,149,1800,-29.11,-29.32,-29.62,-30,-30.34,-30.56,-30.29,-28.46,-24.22,-18.35,-20.69,-20.81,293.8,14.26
61,149,1900,2.386,2.095,.245,-21.19,-21.17,73,75.4,8.3,7.45,116.7,369.3,1.84,2.415,-18.4
62,149,1900,-29.12,-29.33,-29.63,-30.01,-30.35,-30.57,-30.32,-28.53,-24.26,-18.4,-20.73,-20.85,294.1,14.22
61,149,2000,1.928,1.699,.462,-21.31,-21.3,73.9,76.3,9.29,7.85,119.6,368.8,1.842,2.419,-18.6
62,149,2000,-29.13,-29.34,-29.63,-30.02,-30.35,-30.57,-30.34,-28.59,-24.33,-18.6,-20.91,-21.02,296,14.48
61,149,2100,1.716,1.522,.565,-21.44,-21.44,74.1,76.6,9.7,8.34,118,368.1,1.853,2.421,-18.89
62,149,2100,-29.13,-29.34,-29.63,-30.02,-30.35,-30.57,-30.36,-28.66,-24.42,-18.89,-21.04,-21.14,294.8,14.41
61,149,2200,1.442,1.276,.697,-22.03,-22.04,74.7,77.1,9.25,9.76,105.6,367.3,1.859,2.425,-19.39
62,149,2200,-29.13,-29.34,-29.64,-30.02,-30.36,-30.58,-30.37,-28.66,-24.4,-19.39,-21.66,-21.78,284.3,14.49
61,149,2300,.997,.891,.907,-22.27,-22.28,76,78.2,10.56,11.23,101,366.3,1.858,2.426,-19.81
62,149,2300,-29.14,-29.35,-29.64,-30.02,-30.35,-30.57,-30.37,-28.67,-24.43,-19.81,-21.94,-22.06,279.9,15.12
61,150,0,.729,.66,1.044,-21.67,-21.67,77.4,79.5,11.36,12.03,102.2,365.2,1.782,2.396,-20.28
62,150,0,-29.16,-29.37,-29.66,-30.03,-30.36,-30.56,-30.42,-28.89,-24.78,-20.28,-21.38,-21.47,280.7,15.05
61,150,100,.592,.538,1.134,-21.23,-21.23,78.1,80.4,11.44,12.15,104,364.5,1.844,2.416,-20.33
62,150,100,-29.17,-29.37,-29.66,-30.04,-30.38,-30.59,-30.37,-28.68,-24.52,-20.33,-20.94,-21.01,282.3,14.95
61,150,200,.565,.519,1.15,-21.01,-21,78.6,80.9,10.2,10.52,109.7,364.2,1.848,2.381,-20.35
62,150,200,-29.17,-29.37,-29.67,-30.06,-30.4,-30.61,-30.36,-28.61,-24.47,-20.35,-20.7,-20.77,287.9,14.86
61,150,300,.585,.648,1.069,-22.1,-22.08,77.7,79.8,7.26,7.7,107.9,364.2,1.854,2.375,-20.75
62,150,300,-29.15,-29.37,-29.67,-30.06,-30.41,-30.63,-30.34,-28.53,-24.32,-20.75,-21.76,-21.81,286.7,14.83
61,150,400,.8,.711,1.022,-23.29,-23.21,76.7,78.6,5.144,5.15,111.4,364.1,1.858,2.386,-21.24
62,150,400,-29.16,-29.37,-29.69,-30.08,-30.44,-30.65,-30.33,-28.46,-24.28,-21.24,-22.92,-22.84,289.9,14.82
61,150,500,.979,.873,.934,-24.26,-24.26,75.7,77.5,3.312,2.974,113.4,364.4,1.862,2.391,-21.74
62,150,500,-29.17,-29.39,-29.69,-30.09,-30.47,-30.69,-30.36,-28.47,-24.28,-21.74,-23.89,-23.83,291.5,14.88
61,150,600,1.167,1.05,.836,-24.73,-24.9,75,76.6,2.324,1.872,124,364.4,1.865,2.396,-22.26
62,150,600,-29.18,-29.4,-29.71,-30.11,-30.49,-30.7,-30.34,-28.41,-24.25,-22.26,-24.33,-24.41,302.3,14.98
61,150,700,1.423,1.267,.709,-24.59,-24.7,74.8,75.7,2.541,2.663,186.4,364.8,1.864,2.395,-22.65
62,150,700,-29.18,-29.39,-29.69,-30.09,-30.46,-30.66,-30.29,-28.33,-24.23,-22.65,-24.05,-24.15,122.1,15.11
61,150,800,1.709,1.509,.579,-24.44,-24.44,74,73.4,4.412,4.359,216.5,365,1.863,2.393,-22.81
62,150,800,-29.17,-29.37,-29.68,-30.06,-30.43,-30.61,-30.21,-28.23,-24.26,-22.81,-23.98,-24.02,31.83,14.75
61,150,900,2.03,1.782,.438,-23.85,-23.84,73,69.9,5.345,5.281,225.3,365.2,1.861,2.39,-22.75
62,150,900,-29.17,-29.37,-29.68,-30.06,-30.41,-30.59,-30.18,-28.21,-24.27,-22.75,-23.45,-23.49,41.34,14.33
61,150,1000,2.356,2.062,.293,-23.3,-23.25,71.9,67.6,4.815,4.747,227.4,365.6,1.86,2.388,-22.55
62,150,1000,-29.18,-29.37,-29.67,-30.06,-30.41,-30.59,-30.18,-28.2,-24.26,-22.55,-22.87,-22.91,43.37,14.2
61,150,1100,2.657,2.327,.144,-22.73,-22.69,70.9,66.46,5.416,5.324,230.1,365.6,1.857,2.385,-22.27
62,150,1100,-29.16,-29.35,-29.65,-30.04,-30.38,-30.57,-30.17,-28.19,-24.25,-22.27,-22.28,-22.32,46.25,14.05
61,150,1200,2.912,2.555,.027,-22.1,-22.1,68.27,64.59,5.429,5.346,240.2,365.3,1.856,2.382,-21.91
62,150,1200,-29.16,-29.36,-29.66,-30.04,-30.39,-30.56,-30.15,-28.17,-24.24,-21.91,-21.62,-21.64,56.49,13.97
61,150,1300,3.086,2.702,-.031,-21.22,-21.2,66.39,64.25,4.845,4.766,238.6,365.3,1.853,2.378,-21.46
62,150,1300,-29.15,-29.35,-29.66,-30.03,-30.38,-30.56,-30.14,-28.16,-24.22,-21.46,-20.74,-20.78,55.09,13.7